0.285793
0.294543
0.299054
0.302707
0.307580
0.308736
0.309042
0.308968
0.309400
0.309832
0.310120
0.311038
0.310461
0.310828
0.310979
0.310777
0.310488
0.310309
0.310126
0.310411
0.310517
0.310507
0.310724
0.310693
0.310700
0.310765
0.310754
0.310674
0.310710
0.310718
0.310742
0.310758
0.310754
0.310731
0.310998
0.311076
0.310673
0.310677
0.310414
0.310551
0.310529
0.310742
0.310742
0.310613
0.310637
0.310669
0.310666
0.310553
0.310576
0.310437
0.310472
0.310586
0.310586
0.310496
0.310414
0.310386
0.310386
0.310275
0.310267
0.310432
0.310473
0.310583
0.310621
0.310767
0.310737
0.310779
0.310688
0.310707
0.310717
0.310860
0.310882
0.310837
0.310809
0.310792
0.310765
0.311007
0.311007
0.311206
0.311049
0.311049
0.311318
0.311324
0.311452
0.311480
0.311437
0.311462
0.311513
0.311523
0.311571
0.311672
0.311816
0.311947
0.312065
0.312143
0.312247
0.312253
0.312260
0.312357
0.312443
0.312466
0.312497
0.312432
0.312443
0.312488
0.312550
0.312529
0.312556
0.312562
0.312573
0.312652
0.312749
0.312781
0.312858
0.312907
0.312921
0.312976
0.312977
0.313063
0.313138
0.313138
0.313304
0.313332
0.313308
0.313319
0.313324
0.313371
0.313400
0.313400
0.313420
0.313436
0.313402
0.313454
0.313499
0.313502
0.313507
0.313538
0.313538
0.313596
0.313628
0.313628
0.313800
0.313829
0.313844
0.313859
0.313846
0.313727
0.313771
0.313808
0.313808
0.313913
0.313922
0.314086
0.314219
0.314432
0.314432
0.314497
0.314521
0.314548
0.314586
0.314607
0.314664
0.314698
0.314702
0.314700
0.314848
0.314848
0.314848
0.314848
0.314987
0.315021
0.315197
0.315201
0.315274
0.315300
0.315330
0.315447
0.315636
0.315636
0.315680
0.315759
0.315827
0.315838
0.315880
0.315986
0.315990
0.316068
0.316094
0.316089
0.316091
0.316199
0.316200
0.316200
0.316306
0.316363
0.316363
0.316451
0.316455
0.316451
0.316467
0.316534
0.316577
0.316630
0.316640
0.316640
0.316733
0.316777
0.316785
0.316869
0.316882
0.316942
0.317023
0.317020
0.317028
0.317028
0.317114
0.317235
0.317244
0.317335
0.317363
0.317414
0.317436
0.317519
0.317519
0.317529
0.317535
0.317740
0.317740
0.317745
0.317774
0.317829
0.317846
0.317947
0.318054
0.318054
0.318056
0.318108
0.318116
0.318133
0.318170
0.318164
0.318192
0.318262
0.318272
0.318343
0.318369
0.318369
0.318386
0.318403
0.318404
0.318425
0.318425
0.318485
0.318486
0.318486
0.318527
0.318555
0.318664
0.318664
0.318698
0.318727
0.318829
0.318830
0.318851
0.318851
0.318909
0.318910
0.318879
0.318901
0.318921
0.318930
0.319091
0.319113
0.319144
0.319163
0.319216
0.319245
0.319358
0.319350
0.319324
0.319463
0.319387
0.319532
0.319578
0.319595
0.319641
0.319628
0.319658
0.319685
0.319674
0.319703
0.319736
0.319813
0.319881
0.319898
0.319889
0.319905
0.319926
0.319924
0.319932
0.319983
0.320010
0.320010
0.320121
0.320149
0.320153
0.320303
0.320304
0.320330
0.320316
0.320452
0.320472
0.320614
0.320677
0.320670
0.320718
0.320722
0.320786
0.320951
0.321031
0.321089
0.321190
0.321202
0.321235
0.321246
0.321382
0.321382
0.321382
0.321475
0.321558
0.321558
0.321636
0.321678
0.321709
0.321741
0.321761
0.321786
0.321843
0.321936
0.321983
0.322007
0.322007
0.322077
0.322166
0.322201
0.322216
0.322228
0.322303
0.322303
0.322358
0.322368
0.322368
0.322412
0.322579
0.322654
0.322724
0.322756
0.322806
0.322894
0.322902
0.323031
0.323037
0.323165
0.323313
0.323343
0.323407
0.323407
0.323407
0.323421
0.323433
0.323458
0.323526
0.323562
0.323620
0.323704
0.323742
0.323753
0.323767
0.323780
0.323846
0.323866
0.323863
0.323862
0.323901
0.324004
0.324012
0.324051
0.324152
0.324249
0.324328
0.324407
0.324411
0.324433
0.324464
0.324521
0.324543
0.324545
0.324640
0.324643
0.324667
0.324730
0.324762
0.324780
0.324837
0.324901
0.324906
0.324969
0.325012
0.325017
0.325032
0.325033
0.325044
0.325085
0.325122
0.325137
0.325138
0.325142
0.325151
0.325172
0.325202
0.325297
0.325297
0.325335
0.325406
0.325387
0.325485
0.325495
0.325495
0.325568
0.325581
0.325623
0.325656
0.325677
0.325716
0.325716
0.325782
0.325799
0.325799
0.325828
0.325834
0.325834
0.325834
0.325972
0.325972
0.325972
0.325972
0.326010
0.326010
0.326071
0.326079
0.326103
0.326144
0.326155
0.326163
0.326253
0.326340
0.326393
0.326442
0.326467
0.326467
0.326543
0.326602
0.326592
0.326581
0.326581
0.326581
0.326615
0.326753
0.326781
0.326814
0.326872
0.326879
0.326875
0.326891
0.326931
0.326947
0.326977
0.326977
0.327083
0.327106
0.327182
0.327182
0.327181
0.327200
0.327282
0.327282
0.327311
0.327314
0.327351
0.327443
0.327534
0.327606
0.327614
0.327632
0.327641
0.327697
0.327756
0.327756
0.327810
0.327818
0.327892
0.327892
0.327907
0.327923
0.327946
0.327946
0.327953
0.327953
0.327984
0.327982
0.328020
0.328033
0.328058
0.328059
0.328096
0.328129
0.328189
0.328251
0.328238
0.328290
0.328290
0.328379
0.328398
0.328414
0.328414
0.328527
0.328527
0.328561
0.328644
0.328679
0.328708
0.328742
0.328774
0.328820
0.328845
0.328845
0.328883
0.328909
0.328981
0.328981
0.328983
0.329028
0.329039
0.329063
0.329146
0.329232
0.329232
0.329263
0.329270
0.329270
0.329398
0.329401
0.329396
0.329396
0.329401
0.329478
0.329526
0.329550
0.329549
0.329594
0.329626
0.329626
0.329628
0.329652
0.329680
0.329698
0.329698
0.329698
0.329708
0.329722
0.329722
0.329760
0.329760
0.329794
0.329823
0.329853
0.329853
0.329896
0.329918
0.329919
0.329979
0.330027
0.330038
0.330038
0.330118
0.330118
0.330196
0.330193
0.330192
0.330192
0.330193
0.330224
0.330224
0.330224
0.330224
0.330232
0.330232
0.330232
0.330232
0.330243
0.330257
0.330310
0.330398
0.330407
0.330407
0.330484
0.330564
0.330589
0.330640
0.330672
0.330684
0.330730
0.330776
0.330833
0.330890
0.330889
0.330914
0.330914
0.330941
0.331015
0.331078
0.331096
0.331098
0.331150
0.331129
0.331140
0.331163
0.331151
0.331206
0.331254
0.331270
0.331270
0.331310
0.331312
0.331319
0.331370
0.331391
0.331396
0.331458
0.331483
0.331487
0.331487
0.331539
0.331643
0.331694
0.331732
0.331784
0.331806
0.331825
0.331882
0.331912
0.332040
0.332041
0.332041
0.332041
0.332105
0.332105
0.332158
0.332234
0.332266
0.332280
0.332280
0.332331
0.332364
0.332383
0.332430
0.332475
0.332477
0.332482
0.332492
0.332623
0.332623
0.332686
0.332541
0.332541
0.332555
0.332559
0.332552
0.332570
0.332579
0.332614
0.332614
0.332644
0.332646
0.332648
0.332657
0.332663
0.332684
0.332686
0.332798
0.332802
0.332851
0.332851
0.332907
0.332905
0.332940
0.332951
0.332962
0.332984
0.333051
0.333051
0.333060
0.333075
0.333085
0.333139
0.333191
0.333199
0.333285
0.333286
0.333287
0.333322
0.333326
0.333317
0.333332
0.333365
0.333397
0.333375
0.333422
0.333455
0.333459
0.333491
0.333491
0.333531
0.333532
0.333532
0.333562
0.333675
0.333684
0.333726
0.333736
0.333736
0.333784
0.333838
0.333871
0.333871
0.333889
0.333916
0.333938
0.333945
0.333945
0.333948
0.333962
0.333974
0.334011
0.334013
0.334082
0.334098
0.334119
0.334125
0.334169
0.334210
0.334210
0.334240
0.334258
0.334264
0.334264
0.334264
0.334274
0.334276
0.334279
0.334312
0.334302
0.334312
0.334343
0.334368
0.334381
0.334381
0.334392
0.334455
0.334452
0.334452
0.334452
0.334490
0.334499
0.334568
0.334581
0.334588
0.334610
0.334610
0.334628
0.334624
0.334632
0.334646
0.334646
0.334677
0.334677
0.334677
0.334692
0.334745
0.334745
0.334745
0.334776
0.334776
0.334789
0.334800
0.334799
0.334824
0.334866
0.334872
0.334872
0.334941
0.334955
0.334965
0.334997
0.335038
0.335042
0.335069
0.335069
0.335114
0.335125
0.335157
0.335170
0.335170
0.335184
0.335190
0.335232
0.335238
0.335238
0.335263
0.335263
0.335297
0.335297
0.335341
0.335342
0.335348
0.335349
0.335349
0.335367
0.335381
0.335389
0.335423
0.335424
0.335433
0.335447
0.335462
0.335483
0.335506
0.335506
0.335506
0.335506
0.335523
0.335529
0.335589
0.335631
0.335631
0.335649
0.335663
0.335669
0.335717
0.335717
0.335728
0.335752
0.335752
0.335768
0.335779
0.335792
0.335813
0.335813
0.335816
0.335824
0.335824
0.335839
0.335858
0.335858
0.335879
0.335912
0.335914
0.335910
0.335910
0.335915
0.335947
0.335945
0.335948
0.335955
0.335996
0.336024
0.336024
0.336019
0.336023
0.336023
0.336033
0.336057
0.336082
0.336082
0.336136
0.336136
0.336174
0.336179
0.336196
0.336207
0.336212
0.336240
0.336240
0.336273
0.336273
0.336291
0.336304
0.336321
0.336326
0.336326
0.336326
0.336381
0.336381
0.336409
0.336421
0.336452
0.336473
0.336477
0.336496
0.336496
0.336519
0.336536
0.336549
0.336576
0.336584
0.336599
0.336607
0.336614
0.336635
0.336699
0.336740
0.336740
0.336740
0.336740
0.336754
0.336797
0.336797
0.336797
0.336806
0.336830
0.336846
0.336846
0.336871
0.336915
0.336928
0.336928
0.336928
0.336931
0.336931
0.336957
0.337019
0.337060
0.337076
0.337115
0.337130
0.337137
0.337152
0.337152
0.337152
0.337175
0.337175
0.337213
0.337216
0.337217
0.337236
0.337324
0.337348
0.337336
0.337356
0.337358
0.337370
0.337370
0.337370
0.337387
0.337387
0.337387
0.337428
0.337451
0.337470
0.337492
0.337492
0.337505
0.337579
0.337589
0.337592
0.337592
0.337626
0.337679
0.337680
0.337710
0.337756
0.337756
0.337818
0.337836
0.337836
0.337842
0.337846
0.337865
0.337874
0.337874
0.337874
0.337900
0.337900
0.337905
0.337905
0.337909
0.337909
0.337921
0.337938
0.337954
0.337954
0.337954
0.337991
0.337991
0.337993
0.338004
0.338009
0.338021
0.338044
0.338070
0.338084
0.338153
0.338156
0.338156
0.338162
0.338162
0.338162
0.338181
0.338181
0.338174
0.338188
0.338188
0.338185
0.338208
0.338228
0.338234
0.338234
0.338234
0.338238
0.338253
0.338255
0.338255
0.338262
0.338262
0.338381
0.338390
0.338391
0.338386
0.338435
0.338459
0.338480
0.338516
0.338513
0.338519
0.338522
0.338524
0.338524
0.338524
0.338527
0.338527
0.338527
0.338527
0.338531
0.338536
0.338540
0.338540
0.338540
0.338540
0.338603
0.338637
0.338642
0.338652
0.338639
0.338639
0.338686
0.338699
0.338706
0.338732
0.338732
0.338732
0.338742
0.338738
0.338760
0.338760
0.338771
0.338771
0.338828
0.338830
0.338833
0.338832
0.338832
0.338847
0.338847
0.338851
0.338956
0.338956
0.338949
0.338949
0.338954
0.338970
0.339047
0.339047
0.339146
0.339139
0.339139
0.339170
0.339195
0.339229
0.339315
0.339315
0.339347
0.339350
0.339350
0.339368
0.339395
0.339399
0.339419
0.339427
0.339427
0.339429
0.339432
0.339432
0.339437
0.339437
0.339437
0.339445
0.339452
0.339452
0.339493
0.339498
0.339541
0.339543
0.339552
0.339566
0.339566
0.339634
0.339663
0.339676
0.339687
0.339687
0.339688
0.339697
0.339743
0.339762
0.339786
0.339790
0.339813
0.339830
0.339842
0.339891
0.339899
0.339899
0.339914
0.339925
0.339925
0.339946
0.339946
0.339946
0.339988
0.340014
0.340014
0.340050
0.340061
0.340072
0.340084
0.340091
0.340102
0.340104
0.340115
0.340121
0.340134
0.340134
0.340140
0.340140
0.340149
0.340169
0.340179
0.340231
0.340233
0.340246
0.340266
0.340279
0.340279
0.340279
0.340287
0.340324
0.340348
0.340353
0.340364
0.340390
0.340385
0.340385
0.340389
0.340396
0.340400
0.340419
0.340453
0.340467
0.340472
0.340472
0.340506
0.340506
0.340539
0.340543
0.340555
0.340555
0.340556
0.340541
0.340567
0.340589
0.340598
0.340622
0.340642
0.340642
0.340663
0.340663
0.340694
0.340729
0.340792
0.340773
0.340817
0.340828
0.340858
0.340887
0.340971
0.340971
0.341033
0.341043
0.341127
0.341134
0.341142
0.341142
0.341142
0.341164
0.341169
0.341187
0.341205
0.341241
0.341347
0.341348
0.341352
0.341352
0.341352
0.341380
0.341428
0.341428
0.341427
0.341450
0.341460
0.341463
0.341476
0.341476
0.341521
0.341594
0.341594
0.341624
0.341651
0.341667
0.341699
0.341706
0.341735
0.341739
0.341745
0.341762
0.341762
0.341776
0.341776
0.341817
0.341853
0.341901
0.341927
0.341930
0.341924
0.341931
0.341947
0.341999
0.341999
0.342002
0.342033
0.342045
0.342097
0.342127
0.342127
0.342143
0.342163
0.342185
0.342193
0.342193
0.342200
0.342224
0.342229
0.342230
0.342230
0.342230
0.342230
0.342235
0.342237
0.342237
0.342238
0.342250
0.342265
0.342265
0.342272
0.342274
0.342274
0.342293
0.342301
0.342301
0.342318
0.342318
0.342332
0.342335
0.342338
0.342337
0.342360
0.342374
0.342400
0.342421
0.342421
0.342473
0.342501
0.342509
0.342522
0.342522
0.342533
0.342538
0.342538
0.342538
0.342551
0.342560
0.342560
0.342568
0.342627
0.342653
0.342703
0.342706
0.342708
0.342708
0.342708
0.342718
0.342718
0.342718
0.342722
0.342691
0.342672
0.342672
0.342723
0.342748
0.342755
0.342804
0.342824
0.342877
0.342921
0.342924
0.342949
0.342971
0.343019
0.343031
0.343037
0.343040
0.343045
0.343076
0.343076
0.343094
0.343101
0.343101
0.343101
0.343101
0.343123
0.343123
0.343123
0.343123
0.343127
0.343138
0.343146
0.343167
0.343167
0.343175
0.343175
0.343183
0.343183
0.343210
0.343212
0.343237
0.343259
0.343281
0.343305
0.343327
0.343338
0.343345
0.343347
0.343355
0.343355
0.343355
0.343355
0.343394
0.343413
0.343416
0.343429
0.343423
0.343426
0.343429
0.343429
0.343454
0.343456
0.343473
0.343490
0.343504
0.343503
0.343546
0.343568
0.343568
0.343625
0.343634
0.343634
0.343659
0.343667
0.343667
0.343695
0.343749
0.343791
0.343800
0.343810
0.343821
0.343834
0.343834
0.343846
0.343880
0.343880
0.343881
0.343881
0.343881
0.343882
0.343885
0.343894
0.343973
0.343968
0.344012
0.344012
0.344028
0.344015
0.344038
0.344038
0.344038
0.344049
0.344083
0.344105
0.344114
0.344114
0.344114
0.344110
0.344130
0.344141
0.344158
0.344158
0.344158
0.344161
0.344209
0.344209
0.344209
0.344230
0.344230
0.344242
0.344258
0.344258
0.344275
0.344276
0.344288
0.344308
0.344308
0.344318
0.344331
0.344362
0.344371
0.344381
0.344408
0.344408
0.344416
0.344435
0.344448
0.344464
0.344465
0.344465
0.344489
0.344524
0.344524
0.344553
0.344559
0.344570
0.344570
0.344586
0.344608
0.344608
0.344632
0.344635
0.344635
0.344643
0.344644
0.344664
0.344687
0.344741
0.344789
0.344789
0.344789
0.344824
0.344821
0.344830
0.344842
0.344898
0.344905
0.344909
0.344908
0.344908
0.344919
0.344945
0.344951
0.344951
0.344960
0.344975
0.344975
0.344975
0.344988
0.344989
0.344989
0.344989
0.344994
0.344995
0.345008
0.345057
0.345057
0.345096
0.345112
0.345127
0.345127
0.345139
0.345152
0.345167
0.345167
0.345168
0.345179
0.345179
0.345179
0.345179
0.345180
0.345219
0.345221
0.345219
0.345219
0.345232
0.345293
0.345315
0.345320
0.345322
0.345322
0.345355
0.345355
0.345394
0.345394
0.345394
0.345394
0.345427
0.345449
0.345465
0.345481
0.345490
0.345493
0.345493
0.345541
0.345552
0.345552
0.345558
0.345562
0.345568
0.345583
0.345594
0.345601
0.345604
0.345610
0.345619
0.345626
0.345630
0.345633
0.345654
0.345672
0.345678
0.345678
0.345679
0.345688
0.345721
0.345731
0.345731
0.345788
0.345794
0.345810
0.345811
0.345813
0.345824
0.345896
0.345911
0.345905
0.345905
0.345923
0.345944
0.345944
0.345944
0.345944
0.345947
0.345967
0.345967
0.345965
0.345972
0.345980
0.345988
0.346001
0.346012
0.346010
0.346041
0.346042
0.346067
0.346067
0.346082
0.346125
0.346128
0.346128
0.346165
0.346155
0.346156
0.346156
0.346156
0.346183
0.346191
0.346207
0.346173
0.346173
0.346173
0.346177
0.346177
0.346233
0.346250
0.346250
0.346252
0.346260
0.346260
0.346277
0.346280
0.346320
0.346324
0.346331
0.346336
0.346368
0.346404
0.346412
0.346420
0.346431
0.346454
0.346462
0.346471
0.346493
0.346502
0.346540
0.346542
0.346546
0.346546
0.346560
0.346561
0.346601
0.346623
0.346634
0.346639
0.346639
0.346691
0.346691
0.346712
0.346726
0.346736
0.346736
0.346744
0.346765
0.346765
0.346769
0.346775
0.346795
0.346794
0.346795
0.346784
0.346793
0.346816
0.346816
0.346820
0.346838
0.346842
0.346837
0.346839
0.346850
0.346859
0.346859
0.346859
0.346896
0.346896
0.346923
0.346946
0.346953
0.346969
0.346994
0.346994
0.347033
0.347045
0.347045
0.347056
0.347076
0.347078
0.347118
0.347134
0.347134
0.347148
0.347172
0.347179
0.347182
0.347188
0.347192
0.347201
0.347239
0.347239
0.347264
0.347264
0.347272
0.347292
0.347294
0.347313
0.347314
0.347309
0.347341
0.347361
0.347365
0.347381
0.347383
0.347383
0.347423
0.347429
0.347429
0.347429
0.347435
0.347435
0.347469
0.347478
0.347523
0.347523
0.347538
0.347543
0.347543
0.347543
0.347547
0.347562
0.347600
0.347600
0.347616
0.347640
0.347657
0.347674
0.347674
0.347674
0.347677
0.347678
0.347681
0.347691
0.347706
0.347706
0.347711
0.347711
0.347713
0.347722
0.347726
0.347732
0.347737
0.347730
0.347741
0.347741
0.347767
0.347774
0.347776
0.347782
0.347790
0.347790
0.347790
0.347792
0.347798
0.347807
0.347814
0.347820
0.347836
0.347846
0.347846
0.347870
0.347882
0.347890
0.347896
0.347922
0.347922
0.347929
0.347933
0.347937
0.347961
0.347973
0.347973
0.347977
0.347981
0.347981
0.348008
0.348008
0.348013
0.348017
0.348017
0.348018
0.348017
0.348039
0.348039
0.348035
0.348038
0.348051
0.348092
0.348127
0.348127
0.348131
0.348143
0.348152
0.348226
0.348239
0.348242
0.348242
0.348242
0.348282
0.348282
0.348302
0.348330
0.348347
0.348347
0.348357
0.348385
0.348385
0.348392
0.348392
0.348396
0.348397
0.348397
0.348394
0.348397
0.348397
0.348399
0.348399
0.348400
0.348435
0.348435
0.348438
0.348438
0.348444
0.348444
0.348455
0.348470
0.348470
0.348475
0.348477
0.348481
0.348491
0.348492
0.348492
0.348501
0.348517
0.348517
0.348517
0.348530
0.348533
0.348581
0.348582
0.348582
0.348583
0.348622
0.348626
0.348631
0.348648
0.348659
0.348659
0.348659
0.348663
0.348664
0.348669
0.348670
0.348670
0.348685
0.348699
0.348699
0.348702
0.348702
0.348717
0.348737
0.348746
0.348762
0.348790
0.348793
0.348793
0.348793
0.348794
0.348835
0.348832
0.348846
0.348855
0.348859
0.348875
0.348875
0.348924
0.348936
0.348953
0.348955
0.348955
0.348982
0.348982
0.348983
0.348983
0.348983
0.348984
0.348998
0.348988
0.349008
0.349012
0.349012
0.349021
0.349054
0.349058
0.349058
0.349063
0.349104
0.349108
0.349138
0.349151
0.349158
0.349162
0.349199
0.349199
0.349201
0.349201
0.349202
0.349221
0.349227
0.349255
0.349255
0.349265
0.349267
0.349303
0.349322
0.349328
0.349339
0.349339
0.349345
0.349345
0.349361
0.349372
0.349372
0.349372
0.349389
0.349388
0.349420
0.349421
0.349421
0.349421
0.349433
0.349433
0.349434
0.349434
0.349437
0.349439
0.349444
0.349444
0.349445
0.349452
0.349452
0.349453
0.349463
0.349470
0.349474
0.349474
0.349474
0.349475
0.349476
0.349479
0.349481
0.349483
0.349486
0.349509
0.349525
0.349527
0.349527
0.349536
0.349552
0.349555
0.349564
0.349564
0.349543
0.349543
0.349543
0.349572
0.349616
0.349633
0.349675
0.349675
0.349688
0.349692
0.349701
0.349713
0.349718
0.349725
0.349725
0.349726
0.349726
0.349734
0.349734
0.349734
0.349734
0.349734
0.349734
0.349735
0.349735
0.349742
0.349743
0.349806
0.349806
0.349829
0.349829
0.349838
0.349847
0.349855
0.349855
0.349856
0.349856
0.349856
0.349863
0.349867
0.349868
0.349913
0.349913
0.349920
0.349920
0.349931
0.349936
0.349941
0.349941
0.349941
0.349941
0.349941
0.349943
0.349943
0.349943
0.349959
0.349985
0.349985
0.349989
0.349989
0.349992
0.350005
0.350005
0.350006
0.350013
0.350032
0.350035
0.350035
0.350041
0.350048
0.350048
0.350054
0.350067
0.350070
0.350075
0.350076
0.350076
0.350081
0.350107
0.350108
0.350117
0.350117
0.350129
0.350137
0.350140
0.350144
0.350144
0.350144
0.350155
0.350172
0.350172
0.350192
0.350206
0.350216
0.350216
0.350226
0.350242
0.350242
0.350254
0.350307
0.350311
0.350311
0.350338
0.350338
0.350338
0.350357
0.350368
0.350368
0.350384
0.350388
0.350400
0.350402
0.350402
0.350402
0.350403
0.350403
0.350415
0.350421
0.350421
0.350421
0.350421
0.350426
0.350426
0.350439
0.350452
0.350452
0.350452
0.350471
0.350474
0.350483
0.350483
0.350484
0.350491
0.350497
0.350514
0.350530
0.350548
0.350548
0.350548
0.350542
0.350543
0.350546
0.350560
0.350568
0.350568
0.350568
0.350574
0.350574
0.350574
0.350574
0.350574
0.350587
0.350588
0.350607
0.350608
0.350620
0.350625
0.350625
0.350625
0.350632
0.350639
0.350639
0.350660
0.350660
0.350676
0.350690
0.350706
0.350731
0.350740
0.350743
0.350743
0.350760
0.350769
0.350771
0.350795
0.350824
0.350824
0.350840
0.350840
0.350833
0.350833
0.350836
0.350850
0.350852
0.350852
0.350860
0.350894
0.350893
0.350893
0.350898
0.350903
0.350913
0.350913
0.350922
0.350929
0.350930
0.350930
0.350942
0.350942
0.350942
0.350945
0.350960
0.350960
0.350960
0.350968
0.350969
0.350978
0.350991
0.350992
0.351001
0.351002
0.351005
0.351005
0.351012
0.351012
0.351018
0.351028
0.351030
0.351035
0.351047
0.351049
0.351049
0.351084
0.351084
0.351103
0.351123
0.351123
0.351139
0.351139
0.351177
0.351179
0.351190
0.351154
0.351214
0.351218
0.351218
0.351218
0.351221
0.351235
0.351263
0.351269
0.351281
0.351293
0.351293
0.351309
0.351309
0.351309
0.351309
0.351309
0.351334
0.351334
0.351321
0.351328
0.351333
0.351333
0.351350
0.351350
0.351350
0.351364
0.351427
0.351430
0.351433
0.351440
0.351435
0.351442
0.351453
0.351495
0.351500
0.351516
0.351516
0.351530
0.351529
0.351543
0.351547
0.351546
0.351574
0.351575
0.351585
0.351585
0.351589
0.351592
0.351594
0.351594
0.351594
0.351594
0.351613
0.351606
0.351624
0.351638
0.351638
0.351677
0.351678
0.351678
0.351714
0.351717
0.351765
0.351776
0.351776
0.351794
0.351796
0.351812
0.351814
0.351815
0.351816
0.351816
0.351856
0.351856
0.351859
0.351859
0.351859
0.351878
0.351912
0.351935
0.351935
0.351940
0.351963
0.351963
0.351980
0.351988
0.351994
0.351988
0.351988
0.351988
0.351998
0.351998
0.352001
0.352024
0.352036
0.352036
0.352035
0.352035
0.352036
0.352044
0.352045
0.352045
0.352055
0.352057
0.352057
0.352070
0.352090
0.352097
0.352104
0.352126
0.352125
0.352151
0.352173
0.352170
0.352198
0.352202
0.352202
0.352202
0.352202
0.352202
0.352207
0.352207
0.352249
0.352249
0.352257
0.352265
0.352278
0.352278
0.352278
0.352280
0.352281
0.352315
0.352329
0.352335
0.352355
0.352355
0.352355
0.352357
0.352360
0.352377
0.352387
0.352398
0.352404
0.352416
0.352429
0.352434
0.352437
0.352473
0.352477
0.352506
0.352506
0.352506
0.352513
0.352513
0.352513
0.352513
0.352516
0.352516
0.352516
0.352524
0.352524
0.352550
0.352550
0.352547
0.352551
0.352551
0.352558
0.352558
0.352566
0.352566
0.352570
0.352571
0.352574
0.352581
0.352601
0.352601
0.352603
0.352606
0.352606
0.352618
0.352618
0.352616
0.352616
0.352616
0.352624
0.352624
0.352639
0.352648
0.352666
0.352666
0.352666
0.352678
0.352693
0.352709
0.352711
0.352711
0.352714
0.352719
0.352729
0.352729
0.352745
0.352747
0.352754
0.352756
0.352778
0.352801
0.352801
0.352820
0.352833
0.352833
0.352853
0.352877
0.352877
0.352897
0.352911
0.352916
0.352919
0.352919
0.352922
0.352922
0.352912
0.352912
0.352911
0.352934
0.352937
0.352946
0.352966
0.352971
0.352974
0.352988
0.352999
0.353005
0.353018
0.353037
0.353037
0.353044
0.353065
0.353068
0.353071
0.353071
0.353074
0.353078
0.353078
0.353078
0.353094
0.353095
0.353113
0.353113
0.353113
0.353107
0.353107
0.353121
0.353121
0.353122
0.353122
0.353122
0.353126
0.353126
0.353146
0.353146
0.353146
0.353152
0.353178
0.353184
0.353204
0.353243
0.353261
0.353263
0.353274
0.353280
0.353280
0.353280
0.353306
0.353351
0.353351
0.353352
0.353361
0.353416
0.353447
0.353447
0.353449
0.353449
0.353453
0.353487
0.353498
0.353500
0.353522
0.353523
0.353523
0.353524
0.353525
0.353546
0.353548
0.353554
0.353556
0.353565
0.353567
0.353567
0.353567
0.353579
0.353579
0.353579
0.353578
0.353586
0.353597
0.353596
0.353602
0.353602
0.353602
0.353602
0.353602
0.353602
0.353602
0.353623
0.353623
0.353623
0.353627
0.353637
0.353634
0.353640
0.353640
0.353647
0.353668
0.353681
0.353686
0.353672
0.353673
0.353675
0.353675
0.353706
0.353707
0.353707
0.353708
0.353731
0.353744
0.353744
0.353744
0.353744
0.353744
0.353753
0.353758
0.353758
0.353776
0.353805
0.353805
0.353816
0.353818
0.353828
0.353825
0.353825
0.353829
0.353833
0.353843
0.353861
0.353878
0.353880
0.353879
0.353879
0.353884
0.353895
0.353898
0.353903
0.353905
0.353909
0.353920
0.353923
0.353927
0.353927
0.353952
0.353955
0.353955
0.353955
0.353958
0.353970
0.353974
0.353975
0.353987
0.353987
0.354013
0.354017
0.354020
0.354028
0.354028
0.354028
0.354031
0.354032
0.354035
0.354035
0.354042
0.354046
0.354046
0.354046
0.354050
0.354068
0.354075
0.354101
0.354120
0.354124
0.354124
0.354130
0.354130
0.354143
0.354152
0.354157
0.354169
0.354185
0.354207
0.354224
0.354224
0.354245
0.354274
0.354286
0.354286
0.354284
0.354284
0.354284
0.354292
0.354292
0.354306
0.354306
0.354306
0.354326
0.354326
0.354363
0.354363
0.354363
0.354363
0.354368
0.354371
0.354384
0.354384
0.354395
0.354395
0.354395
0.354407
0.354408
0.354408
0.354419
0.354423
0.354448
0.354449
0.354450
0.354450
0.354455
0.354474
0.354488
0.354488
0.354488
0.354488
0.354492
0.354492
0.354494
0.354500
0.354500
0.354508
0.354511
0.354513
0.354514
0.354521
0.354521
0.354523
0.354544
0.354544
0.354544
0.354546
0.354546
0.354546
0.354546
0.354598
0.354598
0.354601
0.354606
0.354623
0.354623
0.354623
0.354623
0.354629
0.354631
0.354635
0.354649
0.354654
0.354663
0.354663
0.354680
0.354687
0.354687
0.354689
0.354691
0.354711
0.354711
0.354713
0.354713
0.354713
0.354725
0.354750
0.354750
0.354750
0.354789
0.354799
0.354799
0.354793
0.354822
0.354830
0.354851
0.354851
0.354851
0.354856
0.354856
0.354857
0.354857
0.354865
0.354865
0.354865
0.354865
0.354870
0.354859
0.354859
0.354870
0.354871
0.354879
0.354879
0.354897
0.354898
0.354902
0.354911
0.354916
0.354930
0.354931
0.354928
0.354928
0.354932
0.354935
0.354936
0.354936
0.354946
0.354943
0.354943
0.354953
0.354953
0.354973
0.354977
0.354977
0.354977
0.354976
0.354992
0.354996
0.354996
0.354996
0.355018
0.355035
0.355037
0.355045
0.355048
0.355048
0.355045
0.355058
0.355061
0.355059
0.355062
0.355079
0.355085
0.355086
0.355090
0.355091
0.355099
0.355099
0.355099
0.355106
0.355106
0.355119
0.355119
0.355119
0.355119
0.355119
0.355130
0.355130
0.355131
0.355146
0.355148
0.355153
0.355151
0.355157
0.355157
0.355161
0.355161
0.355161
0.355189
0.355189
0.355191
0.355191
0.355191
0.355191
0.355191
0.355205
0.355224
0.355237
0.355237
0.355243
0.355266
0.355285
0.355285
0.355285
0.355288
0.355295
0.355302
0.355309
0.355316
0.355316
0.355319
0.355316
0.355317
0.355321
0.355321
0.355321
0.355321
0.355323
0.355323
0.355344
0.355344
0.355343
0.355343
0.355345
0.355345
0.355349
0.355390
0.355421
0.355424
0.355424
0.355429
0.355439
0.355440
0.355444
0.355444
0.355444
0.355446
0.355456
0.355456
0.355470
0.355476
0.355479
0.355479
0.355479
0.355500
0.355524
0.355536
0.355536
0.355537
0.355557
0.355574
0.355574
0.355576
0.355578
0.355578
0.355580
0.355587
0.355587
0.355598
0.355598
0.355598
0.355598
0.355600
0.355604
0.355612
0.355612
0.355617
0.355631
0.355631
0.355631
0.355647
0.355649
0.355654
0.355654
0.355661
0.355670
0.355674
0.355674
0.355706
0.355716
0.355724
0.355727
0.355727
0.355740
0.355732
0.355739
0.355740
0.355752
0.355745
0.355745
0.355756
0.355758
0.355759
0.355767
0.355767
0.355791
0.355799
0.355832
0.355841
0.355841
0.355849
0.355849
0.355857
0.355872
0.355876
0.355891
0.355896
0.355897
0.355902
0.355922
0.355922
0.355922
0.355927
0.355944
0.355954
0.355954
0.355977
0.355982
0.355982
0.355982
0.355984
0.355984
0.355993
0.355999
0.356002
0.356005
0.356005
0.356005
0.356008
0.356014
0.356015
0.356019
0.356019
0.356012
0.356012
0.356015
0.356024
0.356032
0.356032
0.356041
0.356041
0.356041
0.356046
0.356051
0.356051
0.356061
0.356061
0.356108
0.356108
0.356108
0.356109
0.356109
0.356111
0.356112
0.356112
0.356115
0.356115
0.356117
0.356127
0.356127
0.356141
0.356148
0.356151
0.356151
0.356170
0.356187
0.356187
0.356189
0.356190
0.356192
0.356192
0.356202
0.356204
0.356205
0.356205
0.356210
0.356213
0.356221
0.356230
0.356242
0.356242
0.356242
0.356242
0.356260
0.356265
0.356269
0.356278
0.356278
0.356292
0.356321
0.356337
0.356337
0.356350
0.356350
0.356350
0.356350
0.356351
0.356361
0.356361
0.356370
0.356387
0.356396
0.356396
0.356416
0.356426
0.356426
0.356434
0.356438
0.356447
0.356448
0.356448
0.356480
0.356494
0.356494
0.356503
0.356517
0.356530
0.356533
0.356544
0.356548
0.356562
0.356573
0.356568
0.356568
0.356576
0.356579
0.356579
0.356581
0.356581
0.356581
0.356589
0.356589
0.356589
0.356607
0.356624
0.356630
0.356634
0.356652
0.356652
0.356659
0.356681
0.356687
0.356687
0.356700
0.356725
0.356730
0.356736
0.356740
0.356750
0.356751
0.356788
0.356798
0.356811
0.356811
0.356811
0.356812
0.356812
0.356812
0.356812
0.356812
0.356822
0.356827
0.356830
0.356844
0.356844
0.356848
0.356857
0.356857
0.356862
0.356868
0.356870
0.356870
0.356870
0.356871
0.356871
0.356897
0.356900
0.356930
0.356930
0.356930
0.356942
0.356953
0.356953
0.356956
0.356956
0.356968
0.356968
0.356970
0.356972
0.356972
0.356972
0.356973
0.356977
0.356977
0.356979
0.356979
0.356979
0.356979
0.356979
0.356979
0.356979
0.356989
0.356991
0.356992
0.356992
0.356992
0.356992
0.357018
0.357022
0.357023
0.357023
0.357023
0.357024
0.357025
0.357029
0.357035
0.357035
0.357035
0.357035
0.357041
0.357041
0.357047
0.357061
0.357067
0.357074
0.357102
0.357102
0.357105
0.357118
0.357118
0.357118
0.357145
0.357209
0.357216
0.357217
0.357217
0.357223
0.357223
0.357227
0.357238
0.357249
0.357250
0.357250
0.357250
0.357250
0.357250
0.357251
0.357257
0.357257
0.357265
0.357265
0.357265
0.357265
0.357265
0.357271
0.357281
0.357281
0.357285
0.357287
0.357287
0.357287
0.357290
0.357292
0.357304
0.357304
0.357321
0.357323
0.357328
0.357328
0.357328
0.357332
0.357337
0.357338
0.357338
0.357351
0.357351
0.357357
0.357357
0.357357
0.357357
0.357360
0.357374
0.357379
0.357381
0.357386
0.357389
0.357401
0.357404
0.357432
0.357429
0.357429
0.357430
0.357434
0.357435
0.357439
0.357444
0.357444
0.357450
0.357451
0.357451
0.357451
0.357469
0.357477
0.357477
0.357487
0.357537
0.357537
0.357549
0.357565
0.357568
0.357568
0.357591
0.357605
0.357606
0.357606
0.357609
0.357617
0.357617
0.357617
0.357617
0.357617
0.357617
0.357620
0.357620
0.357620
0.357620
0.357621
0.357645
0.357650
0.357662
0.357662
0.357670
0.357672
0.357672
0.357672
0.357672
0.357683
0.357688
0.357716
0.357722
0.357722
0.357760
0.357766
0.357766
0.357766
0.357768
0.357769
0.357769
0.357770
0.357793
0.357797
0.357792
0.357792
0.357785
0.357785
0.357788
0.357799
0.357799
0.357836
0.357842
0.357843
0.357843
0.357858
0.357865
0.357862
0.357860
0.357860
0.357861
0.357861
0.357891
0.357899
0.357904
0.357904
0.357904
0.357917
0.357918
0.357918
0.357918
0.357918
0.357917
0.357917
0.357925
0.357925
0.357926
0.357926
0.357952
0.357956
0.357956
0.357958
0.357978
0.357987
0.357981
0.357985
0.357985
0.357988
0.357988
0.358000
0.358000
0.358003
0.358003
0.358009
0.358010
0.358010
0.358044
0.358044
0.358048
0.358052
0.358052
0.358058
0.358058
0.358069
0.358071
0.358074
0.358082
0.358085
0.358085
0.358090
0.358090
0.358084
0.358097
0.358099
0.358115
0.358148
0.358156
0.358156
0.358157
0.358158
0.358158
0.358161
0.358162
0.358165
0.358179
0.358190
0.358195
0.358208
0.358209
0.358214
0.358219
0.358226
0.358227
0.358228
0.358242
0.358246
0.358246
0.358264
0.358291
0.358291
0.358291
0.358315
0.358318
0.358322
0.358322
0.358326
0.358331
0.358331
0.358334
0.358334
0.358354
0.358360
0.358360
0.358365
0.358365
0.358365
0.358370
0.358371
0.358371
0.358371
0.358388
0.358410
0.358410
0.358410
0.358411
0.358411
0.358411
0.358415
0.358415
0.358425
0.358434
0.358479
0.358505
0.358505
0.358509
0.358516
0.358522
0.358523
0.358523
0.358524
0.358531
0.358531
0.358531
0.358550
0.358551
0.358552
0.358554
0.358549
0.358558
0.358557
0.358563
0.358592
0.358597
0.358598
0.358598
0.358601
0.358603
0.358603
0.358612
0.358612
0.358612
0.358612
0.358630
0.358630
0.358630
0.358631
0.358634
0.358655
0.358656
0.358659
0.358658
0.358665
0.358670
0.358674
0.358674
0.358678
0.358685
0.358686
0.358696
0.358697
0.358706
0.358706
0.358712
0.358712
0.358717
0.358717
0.358723
0.358730
0.358733
0.358731
0.358731
0.358744
0.358744
0.358744
0.358744
0.358787
0.358791
0.358791
0.358791
0.358791
0.358797
0.358799
0.358806
0.358806
0.358811
0.358811
0.358814
0.358814
0.358819
0.358823
0.358823
0.358830
0.358832
0.358832
0.358832
0.358833
0.358835
0.358835
0.358835
0.358834
0.358836
0.358841
0.358855
0.358863
0.358863
0.358863
0.358870
0.358876
0.358876
0.358876
0.358876
0.358883
0.358891
0.358891
0.358891
0.358891
0.358895
0.358899
0.358899
0.358899
0.358903
0.358903
0.358903
0.358903
0.358905
0.358905
0.358905
0.358905
0.358907
0.358907
0.358907
0.358917
0.358913
0.358920
0.358928
0.358928
0.358939
0.358944
0.358946
0.358949
0.358950
0.358952
0.358952
0.358970
0.358970
0.358989
0.358989
0.358989
0.358989
0.358994
0.358998
0.358998
0.359002
0.359002
0.359007
0.359007
0.359007
0.359007
0.359007
0.359007
0.359007
0.359009
0.359009
0.359009
0.359018
0.359018
0.359018
0.359025
0.359025
0.359026
0.359026
0.359048
0.359048
0.359062
0.359062
0.359063
0.359064
0.359064
0.359064
0.359073
0.359077
0.359077
0.359120
0.359141
0.359151
0.359151
0.359162
0.359162
0.359162
0.359162
0.359162
0.359162
0.359201
0.359201
0.359212
0.359213
0.359213
0.359220
0.359220
0.359220
0.359226
0.359226
0.359227
0.359227
0.359227
0.359231
0.359260
0.359260
0.359260
0.359260
0.359258
0.359273
0.359273
0.359274
0.359285
0.359285
0.359287
0.359294
0.359326
0.359326
0.359326
0.359340
0.359344
0.359344
0.359346
0.359346
0.359350
0.359356
0.359356
0.359356
0.359356
0.359357
0.359357
0.359357
0.359361
0.359361
0.359361
0.359361
0.359363
0.359370
0.359370
0.359370
0.359369
0.359369
0.359369
0.359371
0.359374
0.359374
0.359377
0.359381
0.359381
0.359381
0.359381
0.359405
0.359420
0.359420
0.359425
0.359425
0.359426
0.359426
0.359429
0.359429
0.359448
0.359449
0.359491
0.359491
0.359494
0.359500
0.359518
0.359518
0.359526
0.359529
0.359530
0.359530
0.359552
0.359572
0.359578
0.359579
0.359586
0.359585
0.359585
0.359586
0.359590
0.359595
0.359602
0.359602
0.359602
0.359602
0.359611
0.359617
0.359617
0.359622
0.359625
0.359625
0.359626
0.359626
0.359626
0.359641
0.359661
0.359661
0.359661
0.359675
0.359675
0.359683
0.359683
0.359684
0.359684
0.359684
0.359684
0.359689
0.359690
0.359692
0.359692
0.359698
0.359699
0.359705
0.359724
0.359724
0.359733
0.359754
0.359754
0.359754
0.359754
0.359754
0.359754
0.359754
0.359754
0.359754
0.359754
0.359754
0.359754
0.359754
0.359754
0.359754
0.359754
0.359758
0.359758
0.359761
0.359761
0.359762
0.359759
0.359762
0.359762
0.359777
0.359788
0.359791
0.359800
0.359801
0.359804
0.359817
0.359817
0.359819
0.359820
0.359817
0.359820
0.359825
0.359826
0.359826
0.359826
0.359826
0.359834
0.359834
0.359836
0.359860
0.359860
0.359860
0.359905
0.359905
0.359914
0.359914
0.359924
0.359924
0.359929
0.359926
0.359926
0.359926
0.359927
0.359927
0.359927
0.359927
0.359991
0.360001
0.360019
0.360019
0.360021
0.360034
0.360034
0.360034
0.360034
0.360036
0.360038
0.360043
0.360047
0.360050
0.360056
0.360072
0.360076
0.360074
0.360076
0.360077
0.360090
0.360092
0.360098
0.360101
0.360118
0.360120
0.360120
0.360120
0.360121
0.360121
0.360131
0.360132
0.360139
0.360140
0.360145
0.360145
0.360139
0.360139
0.360139
0.360139
0.360180
0.360180
0.360180
0.360200
0.360200
0.360200
0.360200
0.360202
0.360202
0.360210
0.360220
0.360220
0.360223
0.360227
0.360227
0.360236
0.360236
0.360238
0.360239
0.360251
0.360251
0.360250
0.360250
0.360250
0.360259
0.360259
0.360259
0.360259
0.360261
0.360261
0.360272
0.360272
0.360273
0.360289
0.360289
0.360289
0.360300
0.360304
0.360304
0.360315
0.360319
0.360325
0.360329
0.360329
0.360329
0.360359
0.360385
0.360387
0.360402
0.360402
0.360412
0.360418
0.360427
0.360427
0.360427
0.360427
0.360427
0.360429
0.360429
0.360431
0.360431
0.360434
0.360437
0.360437
0.360443
0.360458
0.360453
0.360453
0.360460
0.360460
0.360460
0.360466
0.360483
0.360483
0.360488
0.360513
0.360522
0.360522
0.360522
0.360522
0.360522
0.360524
0.360527
0.360527
0.360545
0.360545
0.360548
0.360557
0.360557
0.360574
0.360574
0.360577
0.360577
0.360577
0.360578
0.360575
0.360575
0.360582
0.360583
0.360584
0.360584
0.360584
0.360582
0.360583
0.360583
0.360589
0.360592
0.360643
0.360645
0.360646
0.360646
0.360646
0.360646
0.360653
0.360679
0.360679
0.360679
0.360681
0.360687
0.360695
0.360700
0.360700
0.360706
0.360706
0.360704
0.360705
0.360735
0.360735
0.360756
0.360758
0.360772
0.360772
0.360788
0.360807
0.360807
0.360807
0.360824
0.360824
0.360828
0.360829
0.360832
0.360832
0.360839
0.360839
0.360861
0.360868
0.360895
0.360898
0.360896
0.360899
0.360903
0.360930
0.360931
0.360933
0.360942
0.360943
0.360944
0.360963
0.360967
0.360967
0.360975
0.360975
0.360982
0.360982
0.360995
0.360997
0.361010
0.361010
0.361010
0.361010
0.361010
0.361013
0.361027
0.361027
0.361027
0.361051
0.361062
0.361064
0.361064
0.361064
0.361083
0.361109
0.361109
0.361109
0.361114
0.361115
0.361148
0.361154
0.361158
0.361158
0.361164
0.361174
0.361179
0.361186
0.361186
0.361188
0.361188
0.361181
0.361202
0.361208
0.361208
0.361208
0.361217
0.361219
0.361220
0.361220
0.361220
0.361220
0.361232
0.361232
0.361239
0.361239
0.361239
0.361239
0.361239
0.361242
0.361242
0.361248
0.361248
0.361261
0.361261
0.361261
0.361267
0.361269
0.361271
0.361269
0.361269
0.361272
0.361272
0.361272
0.361272
0.361272
0.361294
0.361294
0.361294
0.361294
0.361300
0.361303
0.361318
0.361318
0.361318
0.361318
0.361330
0.361337
0.361337
0.361337
0.361337
0.361340
0.361341
0.361341
0.361349
0.361352
0.361352
0.361360
0.361360
0.361366
0.361370
0.361370
0.361370
0.361370
0.361370
0.361370
0.361370
0.361373
0.361377
0.361377
0.361377
0.361378
0.361381
0.361382
0.361388
0.361388
0.361388
0.361388
0.361388
0.361394
0.361394
0.361394
0.361394
0.361400
0.361400
0.361400
0.361401
0.361401
0.361402
0.361402
0.361402
0.361402
0.361411
0.361415
0.361419
0.361419
0.361423
0.361423
0.361435
0.361437
0.361437
0.361438
0.361444
0.361444
0.361448
0.361448
0.361450
0.361450
0.361450
0.361453
0.361454
0.361454
0.361454
0.361452
0.361452
0.361458
0.361458
0.361458
0.361470
0.361470
0.361470
0.361470
0.361470
0.361470
0.361480
0.361480
0.361480
0.361480
0.361480
0.361480
0.361482
0.361483
0.361498
0.361498
0.361504
0.361509
0.361509
0.361509
0.361509
0.361510
0.361510
0.361513
0.361525
0.361525
0.361525
0.361534
0.361536
0.361536
0.361536
0.361541
0.361541
0.361552
0.361553
0.361556
0.361561
0.361563
0.361571
0.361580
0.361580
0.361580
0.361581
0.361588
0.361610
0.361619
0.361619
0.361619
0.361632
0.361634
0.361634
0.361634
0.361636
0.361638
0.361638
0.361638
0.361650
0.361650
0.361650
0.361650
0.361650
0.361651
0.361651
0.361651
0.361654
0.361654
0.361654
0.361654
0.361657
0.361657
0.361665
0.361665
0.361665
0.361665
0.361665
0.361665
0.361665
0.361670
0.361676
0.361676
0.361682
0.361682
0.361683
0.361683
0.361691
0.361691
0.361691
0.361691
0.361691
0.361691
0.361712
0.361714
0.361714
0.361721
0.361722
0.361722
0.361723
0.361727
0.361739
0.361739
0.361739
0.361762
0.361771
0.361771
0.361766
0.361766
0.361766
0.361766
0.361770
0.361773
0.361778
0.361778
0.361778
0.361778
0.361778
0.361781
0.361781
0.361795
0.361802
0.361802
0.361804
0.361806
0.361809
0.361813
0.361813
0.361813
0.361813
0.361813
0.361817
0.361819
0.361819
0.361819
0.361826
0.361826
0.361843
0.361859
0.361859
0.361863
0.361867
0.361867
0.361867
0.361867
0.361867
0.361867
0.361867
0.361872
0.361872
0.361875
0.361880
0.361880
0.361887
0.361903
0.361908
0.361908
0.361908
0.361908
0.361916
0.361920
0.361920
0.361920
0.361921
0.361922
0.361925
0.361937
0.361937
0.361937
0.361939
0.361939
0.361939
0.361939
0.361939
0.361939
0.361942
0.361942
0.361944
0.361949
0.361949
0.361962
0.361975
0.361975
0.361980
0.361988
0.362009
0.362009
0.362018
0.362028
0.362034
0.362034
0.362036
0.362034
0.362034
0.362038
0.362038
0.362042
0.362055
0.362055
0.362055
0.362062
0.362062
0.362063
0.362063
0.362071
0.362087
0.362087
0.362094
0.362101
0.362105
0.362105
0.362118
0.362119
0.362119
0.362119
0.362119
0.362121
0.362121
0.362125
0.362125
0.362127
0.362127
0.362127
0.362134
0.362134
0.362134
0.362134
0.362137
0.362153
0.362153
0.362156
0.362157
0.362171
0.362169
0.362176
0.362175
0.362175
0.362179
0.362179
0.362179
0.362188
0.362209
0.362209
0.362211
0.362211
0.362212
0.362216
0.362216
0.362229
0.362229
0.362236
0.362255
0.362255
0.362255
0.362256
0.362256
0.362257
0.362257
0.362260
0.362260
0.362265
0.362265
0.362265
0.362266
0.362283
0.362287
0.362288
0.362288
0.362288
0.362295
0.362297
0.362297
0.362297
0.362301
0.362308
0.362308
0.362309
0.362313
0.362315
0.362315
0.362315
0.362315
0.362315
0.362330
0.362347
0.362347
0.362347
0.362347
0.362347
0.362347
0.362347
0.362352
0.362356
0.362358
0.362358
0.362361
0.362366
0.362366
0.362378
0.362385
0.362385
0.362385
0.362385
0.362385
0.362398
0.362400
0.362418
0.362421
0.362421
0.362427
0.362446
0.362446
0.362446
0.362447
0.362452
0.362457
0.362459
0.362466
0.362466
0.362481
0.362482
0.362491
0.362496
0.362497
0.362497
0.362507
0.362515
0.362517
0.362518
0.362518
0.362518
0.362518
0.362518
0.362518
0.362519
0.362526
0.362526
0.362526
0.362526
0.362526
0.362528
0.362528
0.362528
0.362528
0.362556
0.362557
0.362557
0.362563
0.362563
0.362563
0.362567
0.362567
0.362567
0.362567
0.362567
0.362567
0.362570
0.362592
0.362592
0.362593
0.362593
0.362600
0.362600
0.362607
0.362609
0.362610
0.362610
0.362628
0.362628
0.362628
0.362635
0.362646
0.362650
0.362650
0.362664
0.362673
0.362673
0.362693
0.362693
0.362693
0.362693
0.362699
0.362699
0.362729
0.362729
0.362729
0.362737
0.362748
0.362749
0.362761
0.362770
0.362770
0.362768
0.362771
0.362772
0.362772
0.362780
0.362780
0.362787
0.362790
0.362792
0.362792
0.362792
0.362794
0.362794
0.362794
0.362820
0.362822
0.362827
0.362827
0.362827
0.362831
0.362831
0.362835
0.362835
0.362835
0.362837
0.362864
0.362862
0.362862
0.362864
0.362866
0.362866
0.362866
0.362867
0.362885
0.362885
0.362885
0.362885
0.362888
0.362888
0.362903
0.362903
0.362903
0.362903
0.362917
0.362917
0.362917
0.362917
0.362917
0.362917
0.362925
0.362925
0.362925
0.362932
0.362932
0.362932
0.362932
0.362932
0.362934
0.362937
0.362937
0.362937
0.362937
0.362940
0.362941
0.362941
0.362945
0.362950
0.362962
0.362962
0.362962
0.362981
0.362985
0.362985
0.362985
0.362986
0.362992
0.362992
0.362992
0.363005
0.363031
0.363031
0.363031
0.363031
0.363039
0.363039
0.363052
0.363052
0.363069
0.363112
0.363113
0.363107
0.363107
0.363109
0.363109
0.363130
0.363142
0.363153
0.363156
0.363162
0.363169
0.363183
0.363178
0.363178
0.363178
0.363186
0.363186
0.363186
0.363187
0.363187
0.363188
0.363190
0.363190
0.363187
0.363187
0.363188
0.363189
0.363189
0.363189
0.363189
0.363192
0.363195
0.363195
0.363197
0.363197
0.363197
0.363206
0.363206
0.363207
0.363211
0.363224
0.363224
0.363224
0.363224
0.363228
0.363230
0.363231
0.363235
0.363235
0.363235
0.363235
0.363238
0.363238
0.363238
0.363238
0.363239
0.363238
0.363238
0.363241
0.363242
0.363242
0.363263
0.363263
0.363263
0.363263
0.363266
0.363266
0.363276
0.363276
0.363276
0.363276
0.363289
0.363302
0.363330
0.363331
0.363346
0.363353
0.363362
0.363362
0.363362
0.363362
0.363362
0.363368
0.363385
0.363389
0.363389
0.363389
0.363389
0.363391
0.363391
0.363391
0.363395
0.363403
0.363405
0.363407
0.363407
0.363414
0.363414
0.363416
0.363420
0.363439
0.363460
0.363460
0.363466
0.363466
0.363466
0.363486
0.363486
0.363488
0.363488
0.363503
0.363503
0.363505
0.363506
0.363506
0.363506
0.363518
0.363537
0.363537
0.363543
0.363543
0.363543
0.363544
0.363552
0.363557
0.363557
0.363565
0.363565
0.363565
0.363569
0.363570
0.363570
0.363584
0.363585
0.363587
0.363587
0.363591
0.363592
0.363613
0.363637
0.363649
0.363654
0.363656
0.363656
0.363656
0.363656
0.363658
0.363658
0.363676
0.363680
0.363681
0.363681
0.363685
0.363691
0.363691
0.363692
0.363697
0.363700
0.363700
0.363705
0.363705
0.363705
0.363706
0.363706
0.363707
0.363710
0.363710
0.363714
0.363715
0.363718
0.363718
0.363718
0.363718
0.363721
0.363726
0.363727
0.363748
0.363748
0.363753
0.363753
0.363753
0.363755
0.363755
0.363767
0.363767
0.363767
0.363767
0.363767
0.363767
0.363768
0.363768
0.363768
0.363769
0.363769
0.363769
0.363769
0.363769
0.363769
0.363769
0.363776
0.363779
0.363782
0.363782
0.363782
0.363790
0.363797
0.363807
0.363808
0.363824
0.363827
0.363828
0.363825
0.363825
0.363825
0.363836
0.363836
0.363836
0.363836
0.363841
0.363841
0.363842
0.363842
0.363849
0.363857
0.363857
0.363857
0.363861
0.363863
0.363863
0.363863
0.363863
0.363865
0.363865
0.363865
0.363865
0.363866
0.363866
0.363873
0.363873
0.363873
0.363874
0.363874
0.363874
0.363874
0.363878
0.363879
0.363879
0.363879
0.363879
0.363879
0.363881
0.363890
0.363903
0.363908
0.363907
0.363910
0.363920
0.363921
0.363921
0.363922
0.363922
0.363925
0.363969
0.363969
0.363979
0.363979
0.363989
0.363989
0.363997
0.364004
0.364009
0.364009
0.364009
0.364019
0.364018
0.364020
0.364020
0.364020
0.364026
0.364027
0.364027
0.364040
0.364057
0.364057
0.364057
0.364057
0.364067
0.364067
0.364069
0.364073
0.364073
0.364074
0.364075
0.364075
0.364075
0.364075
0.364115
0.364115
0.364116
0.364116
0.364116
0.364116
0.364118
0.364119
0.364128
0.364131
0.364134
0.364134
0.364136
0.364136
0.364136
0.364141
0.364147
0.364147
0.364148
0.364148
0.364152
0.364161
0.364161
0.364161
0.364165
0.364173
0.364187
0.364188
0.364188
0.364188
0.364196
0.364202
0.364202
0.364202
0.364202
0.364203
0.364203
0.364207
0.364208
0.364211
0.364211
0.364217
0.364218
0.364218
0.364223
0.364223
0.364226
0.364231
0.364232
0.364232
0.364233
0.364233
0.364239
0.364261
0.364266
0.364274
0.364281
0.364290
0.364290
0.364290
0.364293
0.364293
0.364293
0.364293
0.364311
0.364312
0.364315
0.364315
0.364319
0.364328
0.364328
0.364349
0.364350
0.364350
0.364351
0.364351
0.364357
0.364357
0.364375
0.364376
0.364385
0.364386
0.364407
0.364408
0.364408
0.364416
0.364417
0.364418
0.364422
0.364422
0.364422
0.364423
0.364429
0.364429
0.364429
0.364429
0.364437
0.364437
0.364434
0.364434
0.364438
0.364441
0.364441
0.364450
0.364464
0.364468
0.364474
0.364474
0.364476
0.364500
0.364501
0.364501
0.364501
0.364501
0.364523
0.364522
0.364524
0.364524
0.364524
0.364526
0.364539
0.364539
0.364539
0.364539
0.364539
0.364541
0.364541
0.364541
0.364541
0.364542
0.364542
0.364547
0.364552
0.364552
0.364552
0.364556
0.364556
0.364556
0.364559
0.364563
0.364563
0.364563
0.364563
0.364573
0.364577
0.364577
0.364577
0.364593
0.364595
0.364605
0.364612
0.364612
0.364612
0.364639
0.364661
0.364673
0.364673
0.364673
0.364675
0.364675
0.364687
0.364690
0.364693
0.364694
0.364700
0.364700
0.364718
0.364718
0.364718
0.364725
0.364740
0.364740
0.364743
0.364745
0.364745
0.364748
0.364748
0.364748
0.364748
0.364749
0.364749
0.364749
0.364749
0.364749
0.364751
0.364764
0.364769
0.364774
0.364777
0.364777
0.364780
0.364780
0.364780
0.364780
0.364780
0.364790
0.364790
0.364790
0.364790
0.364795
0.364795
0.364808
0.364818
0.364818
0.364820
0.364820
0.364827
0.364827
0.364833
0.364833
0.364848
0.364848
0.364853
0.364853
0.364860
0.364870
0.364880
0.364881
0.364883
0.364883
0.364883
0.364883
0.364885
0.364892
0.364892
0.364896
0.364896
0.364898
0.364898
0.364904
0.364904
0.364908
0.364908
0.364911
0.364911
0.364911
0.364911
0.364911
0.364914
0.364914
0.364914
0.364914
0.364914
0.364916
0.364916
0.364916
0.364916
0.364918
0.364918
0.364921
0.364923
0.364925
0.364928
0.364963
0.364964
0.364968
0.364969
0.364975
0.364975
0.364975
0.364975
0.364976
0.364976
0.364976
0.364976
0.364979
0.364981
0.364984
0.364984
0.364984
0.364985
0.364987
0.364987
0.364987
0.364989
0.365027
0.365027
0.365033
0.365036
0.365038
0.365038
0.365038
0.365049
0.365052
0.365059
0.365062
0.365062
0.365062
0.365068
0.365082
0.365093
0.365094
0.365097
0.365098
0.365106
0.365109
0.365109
0.365106
0.365118
0.365118
0.365118
0.365134
0.365143
0.365146
0.365150
0.365160
0.365166
0.365166
0.365166
0.365166
0.365168
0.365168
0.365168
0.365174
0.365174
0.365176
0.365176
0.365176
0.365176
0.365179
0.365179
0.365179
0.365179
0.365199
0.365199
0.365199
0.365202
0.365202
0.365200
0.365204
0.365204
0.365209
0.365209
0.365209
0.365213
0.365213
0.365213
0.365218
0.365218
0.365227
0.365233
0.365233
0.365233
0.365235
0.365233
0.365231
0.365231
0.365233
0.365237
0.365238
0.365265
0.365271
0.365272
0.365272
0.365293
0.365294
0.365293
0.365293
0.365294
0.365296
0.365302
0.365302
0.365302
0.365312
0.365313
0.365325
0.365331
0.365331
0.365334
0.365335
0.365335
0.365339
0.365339
0.365342
0.365342
0.365343
0.365343
0.365343
0.365348
0.365348
0.365350
0.365354
0.365362
0.365365
0.365365
0.365366
0.365367
0.365367
0.365368
0.365368
0.365368
0.365368
0.365368
0.365368
0.365368
0.365368
0.365368
0.365368
0.365368
0.365368
0.365386
0.365428
0.365446
0.365448
0.365448
0.365448
0.365449
0.365462
0.365464
0.365470
0.365472
0.365476
0.365476
0.365478
0.365481
0.365481
0.365481
0.365481
0.365487
0.365488
0.365497
0.365497
0.365497
0.365508
0.365508
0.365508
0.365508
0.365508
0.365508
0.365508
0.365517
0.365517
0.365517
0.365517
0.365517
0.365519
0.365522
0.365522
0.365529
0.365541
0.365542
0.365543
0.365543
0.365548
0.365548
0.365548
0.365544
0.365544
0.365544
0.365544
0.365544
0.365549
0.365554
0.365554
0.365554
0.365560
0.365562
0.365565
0.365563
0.365563
0.365569
0.365569
0.365585
0.365589
0.365625
0.365625
0.365625
0.365629
0.365629
0.365629
0.365634
0.365642
0.365658
0.365658
0.365666
0.365666
0.365667
0.365667
0.365674
0.365674
0.365674
0.365699
0.365700
0.365700
0.365716
0.365716
0.365716
0.365716
0.365730
0.365733
0.365736
0.365744
0.365750
0.365750
0.365755
0.365755
0.365755
0.365758
0.365765
0.365777
0.365777
0.365777
0.365777
0.365778
0.365778
0.365779
0.365779
0.365780
0.365780
0.365781
0.365781
0.365781
0.365781
0.365776
0.365776
0.365776
0.365776
0.365776
0.365776
0.365783
0.365790
0.365790
0.365790
0.365792
0.365793
0.365793
0.365793
0.365793
0.365793
0.365795
0.365795
0.365795
0.365795
0.365795
0.365795
0.365795
0.365795
0.365795
0.365795
0.365829
0.365848
0.365848
0.365848
0.365855
0.365855
0.365856
0.365856
0.365859
0.365862
0.365862
0.365862
0.365862
0.365870
0.365871
0.365871
0.365873
0.365872
0.365904
0.365904
0.365904
0.365906
0.365906
0.365909
0.365915
0.365918
0.365918
0.365918
0.365918
0.365918
0.365929
0.365940
0.365946
0.365947
0.365950
0.365957
0.365958
0.365958
0.365959
0.365966
0.365966
0.365966
0.365969
0.365969
0.365967
0.365967
0.365967
0.365970
0.365971
0.365971
0.365971
0.365971
0.365971
0.365976
0.365979
0.366008
0.366008
0.366010
0.366012
0.366029
0.366029
0.366030
0.366031
0.366031
0.366033
0.366033
0.366033
0.366033
0.366036
0.366040
0.366051
0.366051
0.366054
0.366054
0.366054
0.366056
0.366056
0.366056
0.366062
0.366066
0.366066
0.366066
0.366066
0.366066
0.366068
0.366068
0.366068
0.366068
0.366068
0.366068
0.366068
0.366068
0.366068
0.366068
0.366068
0.366068
0.366077
0.366100
0.366100
0.366100
0.366100
0.366108
0.366109
0.366116
0.366116
0.366116
0.366134
0.366148
0.366149
0.366152
0.366152
0.366152
0.366153
0.366159
0.366158
0.366158
0.366158
0.366169
0.366169
0.366175
0.366175
0.366175
0.366180
0.366180
0.366186
0.366186
0.366186
0.366190
0.366190
0.366190
0.366196
0.366197
0.366212
0.366214
0.366214
0.366214
0.366214
0.366229
0.366232
0.366232
0.366232
0.366232
0.366249
0.366260
0.366260
0.366260
0.366260
0.366263
0.366263
0.366263
0.366263
0.366263
0.366264
0.366264
0.366264
0.366264
0.366264
0.366264
0.366264
0.366266
0.366266
0.366266
0.366266
0.366266
0.366266
0.366266
0.366269
0.366269
0.366269
0.366270
0.366271
0.366271
0.366271
0.366271
0.366274
0.366278
0.366278
0.366278
0.366278
0.366279
0.366279
0.366284
0.366285
0.366294
0.366294
0.366294
0.366294
0.366295
0.366296
0.366297
0.366298
0.366298
0.366299
0.366306
0.366310
0.366311
0.366311
0.366311
0.366311
0.366316
0.366317
0.366322
0.366322
0.366322
0.366326
0.366327
0.366329
0.366337
0.366338
0.366338
0.366338
0.366338
0.366338
0.366338
0.366339
0.366339
0.366339
0.366341
0.366341
0.366341
0.366342
0.366348
0.366348
0.366349
0.366349
0.366356
0.366356
0.366361
0.366363
0.366363
0.366364
0.366365
0.366366
0.366366
0.366368
0.366368
0.366368
0.366368
0.366369
0.366369
0.366370
0.366373
0.366373
0.366373
0.366373
0.366378
0.366378
0.366388
0.366388
0.366388
0.366396
0.366398
0.366398
0.366400
0.366447
0.366447
0.366456
0.366456
0.366456
0.366456
0.366457
0.366457
0.366462
0.366464
0.366471
0.366481
0.366497
0.366494
0.366514
0.366521
0.366521
0.366521
0.366521
0.366521
0.366524
0.366524
0.366524
0.366524
0.366524
0.366524
0.366528
0.366528
0.366529
0.366531
0.366531
0.366531
0.366546
0.366548
0.366551
0.366551
0.366552
0.366552
0.366553
0.366553
0.366553
0.366553
0.366553
0.366553
0.366553
0.366553
0.366560
0.366560
0.366565
0.366570
0.366570
0.366570
0.366570
0.366570
0.366570
0.366570
0.366571
0.366578
0.366578
0.366578
0.366582
0.366582
0.366582
0.366582
0.366582
0.366590
0.366595
0.366595
0.366601
0.366601
0.366601
0.366602
0.366602
0.366602
0.366602
0.366655
0.366655
0.366655
0.366644
0.366650
0.366660
0.366660
0.366668
0.366668
0.366668
0.366680
0.366696
0.366696
0.366696
0.366696
0.366706
0.366703
0.366708
0.366708
0.366712
0.366715
0.366721
0.366725
0.366725
0.366725
0.366727
0.366730
0.366730
0.366730
0.366730
0.366730
0.366733
0.366746
0.366746
0.366764
0.366764
0.366764
0.366764
0.366766
0.366779
0.366779
0.366779
0.366779
0.366784
0.366786
0.366786
0.366781
0.366781
0.366782
0.366782
0.366788
0.366793
0.366793
0.366794
0.366795
0.366795
0.366809
0.366810
0.366810
0.366817
0.366818
0.366819
0.366851
0.366843
0.366844
0.366844
0.366851
0.366862
0.366862
0.366866
0.366873
0.366879
0.366883
0.366899
0.366901
0.366905
0.366905
0.366913
0.366913
0.366913
0.366914
0.366914
0.366914
0.366914
0.366916
0.366917
0.366918
0.366919
0.366919
0.366919
0.366919
0.366919
0.366923
0.366928
0.366928
0.366928
0.366931
0.366940
0.366940
0.366956
0.366973
0.366983
0.366998
0.366998
0.366998
0.367000
0.367000
0.367000
0.367002
0.367016
0.367020
0.367024
0.367025
0.367025
0.367029
0.367029
0.367029
0.367029
0.367030
0.367028
0.367037
0.367037
0.367037
0.367037
0.367037
0.367037
0.367041
0.367041
0.367072
0.367078
0.367081
0.367081
0.367086
0.367086
0.367111
0.367125
0.367125
0.367125
0.367125
0.367125
0.367128
0.367128
0.367128
0.367129
0.367129
0.367129
0.367129
0.367130
0.367131
0.367139
0.367139
0.367140
0.367140
0.367152
0.367153
0.367153
0.367155
0.367155
0.367155
0.367165
0.367169
0.367171
0.367173
0.367175
0.367178
0.367179
0.367190
0.367191
0.367191
0.367192
0.367192
0.367194
0.367194
0.367203
0.367213
0.367214
0.367216
0.367216
0.367216
0.367216
0.367221
0.367222
0.367222
0.367222
0.367222
0.367222
0.367222
0.367224
0.367238
0.367239
0.367239
0.367251
0.367252
0.367249
0.367249
0.367249
0.367249
0.367251
0.367251
0.367251
0.367251
0.367257
0.367257
0.367257
0.367257
0.367257
0.367256
0.367256
0.367256
0.367259
0.367260
0.367265
0.367265
0.367265
0.367265
0.367265
0.367265
0.367264
0.367264
0.367264
0.367264
0.367269
0.367270
0.367270
0.367270
0.367286
0.367286
0.367286
0.367289
0.367298
0.367298
0.367298
0.367299
0.367299
0.367303
0.367303
0.367303
0.367303
0.367303
0.367303
0.367303
0.367305
0.367305
0.367305
0.367310
0.367314
0.367314
0.367333
0.367333
0.367333
0.367333
0.367354
0.367358
0.367358
0.367356
0.367356
0.367363
0.367363
0.367363
0.367363
0.367366
0.367366
0.367366
0.367367
0.367367
0.367367
0.367367
0.367367
0.367368
0.367368
0.367373
0.367383
0.367384
0.367384
0.367384
0.367400
0.367400
0.367401
0.367403
0.367406
0.367406
0.367408
0.367408
0.367410
0.367420
0.367422
0.367422
0.367428
0.367428
0.367428
0.367438
0.367438
0.367438
0.367438
0.367438
0.367443
0.367445
0.367445
0.367445
0.367448
0.367448
0.367448
0.367448
0.367454
0.367463
0.367467
0.367467
0.367470
0.367471
0.367471
0.367478
0.367482
0.367497
0.367497
0.367497
0.367502
0.367505
0.367508
0.367521
0.367521
0.367524
0.367532
0.367532
0.367533
0.367533
0.367527
0.367527
0.367527
0.367527
0.367538
0.367538
0.367539
0.367539
0.367539
0.367539
0.367552
0.367555
0.367555
0.367555
0.367555
0.367555
0.367555
0.367555
0.367553
0.367563
0.367563
0.367565
0.367565
0.367565
0.367565
0.367565
0.367565
0.367566
0.367572
0.367572
0.367575
0.367577
0.367577
0.367577
0.367578
0.367583
0.367583
0.367584
0.367584
0.367594
0.367603
0.367609
0.367620
0.367621
0.367632
0.367632
0.367636
0.367636
0.367636
0.367637
0.367637
0.367637
0.367648
0.367648
0.367646
0.367646
0.367646
0.367651
0.367652
0.367653
0.367653
0.367653
0.367656
0.367660
0.367667
0.367668
0.367668
0.367668
0.367669
0.367670
0.367670
0.367670
0.367674
0.367674
0.367676
0.367676
0.367680
0.367680
0.367680
0.367693
0.367694
0.367694
0.367698
0.367703
0.367701
0.367705
0.367705
0.367713
0.367713
0.367714
0.367721
0.367725
0.367726
0.367747
0.367748
0.367749
0.367755
0.367755
0.367759
0.367759
0.367789
0.367795
0.367795
0.367795
0.367795
0.367796
0.367798
0.367798
0.367800
0.367802
0.367799
0.367802
0.367802
0.367802
0.367815
0.367817
0.367817
0.367827
0.367827
0.367827
0.367829
0.367829
0.367829
0.367831
0.367831
0.367831
0.367831
0.367834
0.367834
0.367834
0.367878
0.367878
0.367878
0.367878
0.367882
0.367882
0.367882
0.367887
0.367905
0.367905
0.367905
0.367913
0.367922
0.367922
0.367934
0.367935
0.367935
0.367935
0.367936
0.367938
0.367938
0.367938
0.367939
0.367939
0.367939
0.367939
0.367939
0.367941
0.367942
0.367942
0.367942
0.367942
0.367942
0.367942
0.367945
0.367945
0.367945
0.367945
0.367945
0.367945
0.367945
0.367946
0.367946
0.367953
0.367959
0.367972
0.367972
0.367971
0.367973
0.367973
0.367973
0.367979
0.367979
0.367981
0.367981
0.367991
0.367998
0.367998
0.367999
0.367999
0.367999
0.368000
0.367994
0.367994
0.368001
0.368001
0.368011
0.368013
0.368013
0.368017
0.368017
0.368017
0.368025
0.368025
0.368025
0.368026
0.368052
0.368054
0.368055
0.368055
0.368055
0.368052
0.368052
0.368062
0.368062
0.368072
0.368072
0.368072
0.368074
0.368075
0.368078
0.368076
0.368079
0.368085
0.368085
0.368091
0.368091
0.368093
0.368093
0.368094
0.368094
0.368094
0.368090
0.368093
0.368093
0.368093
0.368109
0.368109
0.368119
0.368119
0.368121
0.368114
0.368114
0.368114
0.368115
0.368116
0.368116
0.368121
0.368122
0.368122
0.368122
0.368122
0.368122
0.368126
0.368126
0.368126
0.368126
0.368126
0.368126
0.368121
0.368125
0.368126
0.368130
0.368135
0.368145
0.368145
0.368145
0.368145
0.368151
0.368169
0.368167
0.368174
0.368175
0.368176
0.368190
0.368193
0.368193
0.368193
0.368205
0.368207
0.368207
0.368208
0.368215
0.368215
0.368221
0.368230
0.368230
0.368230
0.368236
0.368236
0.368236
0.368236
0.368236
0.368236
0.368236
0.368237
0.368237
0.368237
0.368252
0.368256
0.368257
0.368257
0.368257
0.368257
0.368257
0.368260
0.368260
0.368260
0.368262
0.368262
0.368262
0.368262
0.368262
0.368262
0.368262
0.368262
0.368301
0.368301
0.368301
0.368301
0.368301
0.368302
0.368302
0.368304
0.368311
0.368311
0.368316
0.368323
0.368357
0.368357
0.368357
0.368374
0.368379
0.368384
0.368385
0.368386
0.368386
0.368391
0.368394
0.368394
0.368396
0.368413
0.368429
0.368432
0.368429
0.368429
0.368431
0.368442
0.368442
0.368454
0.368454
0.368454
0.368455
0.368455
0.368455
0.368458
0.368466
0.368465
0.368494
0.368494
0.368504
0.368508
0.368508
0.368508
0.368530
0.368536
0.368536
0.368540
0.368543
0.368548
0.368549
0.368554
0.368554
0.368553
0.368556
0.368556
0.368556
0.368557
0.368557
0.368565
0.368581
0.368581
0.368583
0.368583
0.368583
0.368583
0.368584
0.368589
0.368606
0.368606
0.368606
0.368607
0.368611
0.368619
0.368619
0.368619
0.368630
0.368630
0.368630
0.368633
0.368644
0.368644
0.368648
0.368653
0.368654
0.368654
0.368654
0.368660
0.368662
0.368663
0.368663
0.368663
0.368665
0.368664
0.368664
0.368665
0.368665
0.368691
0.368691
0.368691
0.368691
0.368697
0.368697
0.368697
0.368698
0.368700
0.368702
0.368702
0.368702
0.368711
0.368711
0.368711
0.368714
0.368715
0.368715
0.368715
0.368715
0.368716
0.368716
0.368716
0.368727
0.368727
0.368727
0.368727
0.368726
0.368727
0.368730
0.368731
0.368731
0.368738
0.368738
0.368739
0.368742
0.368744
0.368744
0.368745
0.368746
0.368746
0.368748
0.368752
0.368752
0.368758
0.368756
0.368756
0.368756
0.368759
0.368759
0.368759
0.368762
0.368762
0.368762
0.368762
0.368762
0.368762
0.368787
0.368786
0.368788
0.368788
0.368788
0.368790
0.368802
0.368803
0.368803
0.368803
0.368803
0.368803
0.368800
0.368800
0.368800
0.368801
0.368803
0.368803
0.368806
0.368806
0.368806
0.368806
0.368806
0.368806
0.368806
0.368810
0.368814
0.368823
0.368823
0.368825
0.368826
0.368828
0.368845
0.368845
0.368845
0.368846
0.368846
0.368860
0.368860
0.368860
0.368861
0.368862
0.368863
0.368864
0.368864
0.368864
0.368864
0.368867
0.368867
0.368871
0.368872
0.368877
0.368877
0.368876
0.368877
0.368877
0.368877
0.368878
0.368893
0.368893
0.368893
0.368893
0.368894
0.368907
0.368910
0.368911
0.368911
0.368909
0.368911
0.368912
0.368915
0.368915
0.368915
0.368915
0.368915
0.368923
0.368923
0.368934
0.368934
0.368934
0.368934
0.368934
0.368934
0.368934
0.368936
0.368936
0.368936
0.368936
0.368936
0.368937
0.368937
0.368937
0.368945
0.368945
0.368945
0.368945
0.368945
0.368945
0.368951
0.368960
0.368964
0.368973
0.368973
0.368974
0.368975
0.368975
0.368981
0.368983
0.368988
0.368988
0.368988
0.368988
0.368992
0.369001
0.369001
0.369001
0.369003
0.369003
0.369004
0.369019
0.369020
0.369024
0.369024
0.369031
0.369031
0.369031
0.369032
0.369032
0.369032
0.369042
0.369042
0.369042
0.369042
0.369043
0.369043
0.369043
0.369043
0.369044
0.369044
0.369044
0.369044
0.369044
0.369044
0.369045
0.369047
0.369052
0.369057
0.369057
0.369057
0.369058
0.369058
0.369058
0.369058
0.369058
0.369056
0.369056
0.369073
0.369073
0.369094
0.369097
0.369097
0.369097
0.369099
0.369106
0.369106
0.369113
0.369113
0.369113
0.369114
0.369114
0.369116
0.369116
0.369118
0.369121
0.369123
0.369125
0.369128
0.369128
0.369137
0.369143
0.369146
0.369142
0.369143
0.369143
0.369148
0.369157
0.369157
0.369157
0.369165
0.369165
0.369168
0.369175
0.369180
0.369197
0.369197
0.369197
0.369197
0.369200
0.369200
0.369200
0.369200
0.369200
0.369200
0.369202
0.369202
0.369202
0.369202
0.369202
0.369202
0.369202
0.369205
0.369213
0.369220
0.369231
0.369238
0.369238
0.369238
0.369248
0.369249
0.369250
0.369250
0.369253
0.369287
0.369287
0.369287
0.369287
0.369287
0.369287
0.369287
0.369301
0.369301
0.369301
0.369302
0.369312
0.369312
0.369312
0.369312
0.369312
0.369312
0.369330
0.369330
0.369330
0.369333
0.369333
0.369330
0.369335
0.369335
0.369335
0.369335
0.369335
0.369335
0.369344
0.369344
0.369349
0.369349
0.369351
0.369351
0.369351
0.369352
0.369354
0.369355
0.369355
0.369355
0.369356
0.369356
0.369356
0.369360
0.369360
0.369360
0.369360
0.369361
0.369367
0.369372
0.369372
0.369372
0.369382
0.369380
0.369382
0.369382
0.369384
0.369396
0.369397
0.369404
0.369405
0.369409
0.369409
0.369414
0.369421
0.369425
0.369425
0.369425
0.369428
0.369428
0.369428
0.369428
0.369428
0.369434
0.369434
0.369434
0.369434
0.369434
0.369436
0.369437
0.369437
0.369437
0.369446
0.369449
0.369450
0.369460
0.369460
0.369475
0.369475
0.369477
0.369477
0.369477
0.369477
0.369477
0.369477
0.369477
0.369496
0.369496
0.369496
0.369496
0.369496
0.369496
0.369490
0.369490
0.369490
0.369494
0.369494
0.369495
0.369495
0.369513
0.369518
0.369518
0.369519
0.369521
0.369521
0.369521
0.369525
0.369525
0.369525
0.369525
0.369530
0.369531
0.369532
0.369536
0.369538
0.369538
0.369552
0.369557
0.369557
0.369557
0.369557
0.369559
0.369562
0.369562
0.369562
0.369562
0.369563
0.369567
0.369567
0.369567
0.369567
0.369567
0.369567
0.369576
0.369577
0.369584
0.369584
0.369584
0.369588
0.369589
0.369597
0.369597
0.369617
0.369617
0.369617
0.369617
0.369637
0.369648
0.369648
0.369648
0.369654
0.369652
0.369652
0.369655
0.369660
0.369661
0.369661
0.369671
0.369678
0.369678
0.369679
0.369679
0.369682
0.369684
0.369694
0.369694
0.369694
0.369701
0.369701
0.369708
0.369711
0.369712
0.369712
0.369712
0.369712
0.369714
0.369714
0.369717
0.369717
0.369717
0.369726
0.369726
0.369726
0.369753
0.369773
0.369773
0.369767
0.369767
0.369767
0.369769
0.369769
0.369781
0.369789
0.369789
0.369796
0.369796
0.369797
0.369797
0.369797
0.369797
0.369798
0.369798
0.369798
0.369798
0.369804
0.369806
0.369806
0.369806
0.369806
0.369800
0.369800
0.369800
0.369805
0.369805
0.369816
0.369816
0.369816
0.369819
0.369835
0.369841
0.369841
0.369847
0.369850
0.369859
0.369874
0.369874
0.369876
0.369881
0.369891
0.369893
0.369893
0.369894
0.369894
0.369916
0.369916
0.369921
0.369921
0.369922
0.369918
0.369918
0.369922
0.369924
0.369924
0.369926
0.369926
0.369928
0.369926
0.369928
0.369928
0.369928
0.369928
0.369929
0.369929
0.369930
0.369930
0.369930
0.369930
0.369930
0.369930
0.369930
0.369930
0.369938
0.369938
0.369938
0.369938
0.369938
0.369938
0.369939
0.369939
0.369939
0.369940
0.369937
0.369937
0.369937
0.369938
0.369938
0.369938
0.369946
0.369946
0.369946
0.369953
0.369953
0.369955
0.369965
0.369970
0.369970
0.369979
0.369999
0.369999
0.370009
0.370009
0.370020
0.370020
0.370023
0.370023
0.370031
0.370031
0.370047
0.370049
0.370051
0.370051
0.370067
0.370069
0.370069
0.370069
0.370069
0.370071
0.370071
0.370071
0.370076
0.370076
0.370076
0.370077
0.370077
0.370077
0.370077
0.370077
0.370077
0.370072
0.370087
0.370089
0.370089
0.370089
0.370089
0.370093
0.370093
0.370096
0.370096
0.370096
0.370096
0.370101
0.370103
0.370103
0.370103
0.370103
0.370103
0.370106
0.370106
0.370106
0.370106
0.370106
0.370109
0.370109
0.370109
0.370109
0.370132
0.370132
0.370132
0.370132
0.370132
0.370132
0.370132
0.370134
0.370134
0.370134
0.370134
0.370134
0.370135
0.370135
0.370135
0.370135
0.370135
0.370138
0.370138
0.370138
0.370139
0.370139
0.370139
0.370139
0.370139
0.370139
0.370139
0.370139
0.370145
0.370145
0.370145
0.370156
0.370156
0.370161
0.370161
0.370161
0.370161
0.370162
0.370162
0.370162
0.370162
0.370162
0.370168
0.370178
0.370178
0.370189
0.370189
0.370191
0.370195
0.370195
0.370209
0.370209
0.370214
0.370214
0.370225
0.370226
0.370226
0.370226
0.370229
0.370230
0.370231
0.370232
0.370232
0.370252
0.370252
0.370252
0.370262
0.370261
0.370261
0.370270
0.370273
0.370273
0.370273
0.370281
0.370281
0.370281
0.370281
0.370282
0.370295
0.370295
0.370295
0.370299
0.370301
0.370308
0.370313
0.370313
0.370317
0.370319
0.370319
0.370319
0.370319
0.370319
0.370319
0.370319
0.370319
0.370319
0.370319
0.370319
0.370319
0.370319
0.370326
0.370326
0.370326
0.370326
0.370326
0.370326
0.370326
0.370326
0.370326
0.370327
0.370329
0.370337
0.370337
0.370337
0.370337
0.370343
0.370346
0.370346
0.370346
0.370346
0.370346
0.370346
0.370359
0.370359
0.370359
0.370359
0.370355
0.370355
0.370360
0.370360
0.370360
0.370360
0.370373
0.370373
0.370375
0.370375
0.370375
0.370375
0.370384
0.370384
0.370385
0.370385
0.370385
0.370385
0.370393
0.370399
0.370399
0.370399
0.370399
0.370403
0.370407
0.370407
0.370419
0.370425
0.370430
0.370430
0.370432
0.370432
0.370432
0.370436
0.370438
0.370440
0.370440
0.370440
0.370440
0.370448
0.370450
0.370450
0.370450
0.370450
0.370449
0.370449
0.370449
0.370449
0.370456
0.370456
0.370466
0.370470
0.370476
0.370479
0.370479
0.370480
0.370486
0.370499
0.370499
0.370499
0.370499
0.370499
0.370499
0.370502
0.370503
0.370506
0.370506
0.370506
0.370511
0.370514
0.370514
0.370521
0.370536
0.370536
0.370538
0.370535
0.370536
0.370537
0.370537
0.370562
0.370562
0.370557
0.370560
0.370560
0.370560
0.370561
0.370562
0.370574
0.370574
0.370574
0.370574
0.370576
0.370576
0.370573
0.370574
0.370574
0.370574
0.370574
0.370577
0.370577
0.370579
0.370579
0.370579
0.370583
0.370585
0.370598
0.370598
0.370598
0.370598
0.370598
0.370597
0.370597
0.370597
0.370597
0.370599
0.370599
0.370607
0.370610
0.370612
0.370612
0.370614
0.370614
0.370615
0.370615
0.370615
0.370615
0.370616
0.370616
0.370616
0.370616
0.370624
0.370624
0.370624
0.370624
0.370640
0.370640
0.370640
0.370644
0.370646
0.370648
0.370680
0.370681
0.370687
0.370696
0.370698
0.370725
0.370725
0.370722
0.370722
0.370722
0.370723
0.370723
0.370738
0.370744
0.370747
0.370747
0.370747
0.370760
0.370760
0.370763
0.370763
0.370773
0.370773
0.370773
0.370773
0.370773
0.370775
0.370775
0.370775
0.370775
0.370781
0.370781
0.370781
0.370782
0.370783
0.370789
0.370789
0.370789
0.370789
0.370790
0.370788
0.370788
0.370796
0.370796
0.370796
0.370797
0.370799
0.370798
0.370807
0.370819
0.370823
0.370822
0.370822
0.370831
0.370831
0.370830
0.370830
0.370839
0.370839
0.370839
0.370836
0.370836
0.370835
0.370835
0.370835
0.370840
0.370845
0.370845
0.370845
0.370847
0.370847
0.370847
0.370847
0.370846
0.370846
0.370846
0.370847
0.370847
0.370847
0.370847
0.370850
0.370850
0.370850
0.370862
0.370862
0.370862
0.370864
0.370868
0.370868
0.370868
0.370868
0.370868
0.370868
0.370867
0.370867
0.370867
0.370867
0.370867
0.370867
0.370867
0.370867
0.370867
0.370870
0.370870
0.370875
0.370875
0.370875
0.370875
0.370876
0.370876
0.370876
0.370876
0.370880
0.370880
0.370885
0.370885
0.370885
0.370886
0.370887
0.370888
0.370890
0.370890
0.370890
0.370890
0.370891
0.370902
0.370902
0.370902
0.370902
0.370902
0.370902
0.370905
0.370910
0.370912
0.370913
0.370913
0.370913
0.370914
0.370914
0.370914
0.370914
0.370914
0.370914
0.370914
0.370914
0.370914
0.370914
0.370914
0.370914
0.370915
0.370918
0.370918
0.370919
0.370920
0.370921
0.370921
0.370921
0.370921
0.370923
0.370928
0.370929
0.370929
0.370933
0.370937
0.370937
0.370942
0.370944
0.370944
0.370956
0.370963
0.370964
0.370966
0.370966
0.370991
0.370992
0.370992
0.370992
0.370995
0.370996
0.370996
0.370997
0.370997
0.370997
0.370997
0.370997
0.370997
0.370997
0.370997
0.370995
0.370995
0.370995
0.371003
0.371003
0.371015
0.371015
0.371015
0.371015
0.371015
0.371015
0.371015
0.371022
0.371022
0.371022
0.371022
0.371027
0.371029
0.371029
0.371030
0.371030
0.371030
0.371044
0.371044
0.371044
0.371044
0.371047
0.371047
0.371047
0.371062
0.371062
0.371063
0.371064
0.371070
0.371070
0.371069
0.371069
0.371069
0.371071
0.371077
0.371080
0.371080
0.371082
0.371082
0.371082
0.371082
0.371082
0.371082
0.371085
0.371092
0.371093
0.371093
0.371093
0.371094
0.371104
0.371111
0.371111
0.371115
0.371118
0.371124
0.371124
0.371126
0.371127
0.371131
0.371133
0.371133
0.371138
0.371148
0.371148
0.371153
0.371154
0.371156
0.371160
0.371175
0.371178
0.371179
0.371179
0.371183
0.371183
0.371183
0.371183
0.371183
0.371186
0.371186
0.371186
0.371186
0.371186
0.371186
0.371187
0.371187
0.371187
0.371187
0.371187
0.371188
0.371188
0.371188
0.371190
0.371190
0.371197
0.371240
0.371240
0.371247
0.371247
0.371247
0.371247
0.371252
0.371252
0.371252
0.371257
0.371257
0.371264
0.371264
0.371264
0.371264
0.371274
0.371274
0.371274
0.371274
0.371274
0.371275
0.371275
0.371275
0.371274
0.371274
0.371279
0.371282
0.371282
0.371282
0.371283
0.371283
0.371283
0.371283
0.371285
0.371291
0.371291
0.371294
0.371294
0.371294
0.371294
0.371294
0.371295
0.371294
0.371294
0.371294
0.371294
0.371295
0.371296
0.371296
0.371296
0.371296
0.371297
0.371297
0.371297
0.371297
0.371301
0.371294
0.371294
0.371294
0.371294
0.371298
0.371296
0.371296
0.371296
0.371296
0.371295
0.371295
0.371296
0.371299
0.371306
0.371309
0.371309
0.371310
0.371311
0.371321
0.371322
0.371322
0.371322
0.371322
0.371340
0.371345
0.371345
0.371345
0.371345
0.371345
0.371343
0.371343
0.371343
0.371353
0.371353
0.371353
0.371355
0.371357
0.371357
0.371373
0.371372
0.371373
0.371373
0.371373
0.371381
0.371381
0.371381
0.371383
0.371383
0.371386
0.371386
0.371386
0.371386
0.371386
0.371388
0.371388
0.371388
0.371388
0.371388
0.371398
0.371401
0.371401
0.371403
0.371401
0.371403
0.371403
0.371400
0.371403
0.371403
0.371403
0.371403
0.371405
0.371405
0.371408
0.371408
0.371408
0.371408
0.371408
0.371408
0.371408
0.371408
0.371408
0.371409
0.371412
0.371412
0.371412
0.371412
0.371413
0.371414
0.371414
0.371414
0.371420
0.371420
0.371430
0.371430
0.371430
0.371430
0.371430
0.371434
0.371434
0.371434
0.371434
0.371435
0.371435
0.371436
0.371453
0.371456
0.371456
0.371458
0.371458
0.371458
0.371458
0.371459
0.371461
0.371463
0.371463
0.371468
0.371468
0.371476
0.371482
0.371482
0.371482
0.371484
0.371484
0.371484
0.371495
0.371495
0.371497
0.371497
0.371497
0.371497
0.371497
0.371498
0.371498
0.371503
0.371503
0.371503
0.371503
0.371503
0.371506
0.371506
0.371506
0.371506
0.371506
0.371506
0.371507
0.371507
0.371510
0.371510
0.371510
0.371510
0.371510
0.371510
0.371510
0.371510
0.371515
0.371522
0.371522
0.371522
0.371522
0.371542
0.371547
0.371547
0.371547
0.371546
0.371551
0.371551
0.371553
0.371553
0.371553
0.371553
0.371553
0.371553
0.371553
0.371553
0.371553
0.371553
0.371555
0.371555
0.371557
0.371557
0.371557
0.371559
0.371559
0.371559
0.371559
0.371560
0.371560
0.371560
0.371568
0.371568
0.371568
0.371568
0.371570
0.371578
0.371579
0.371579
0.371580
0.371584
0.371584
0.371584
0.371584
0.371588
0.371603
0.371605
0.371605
0.371609
0.371609
0.371609
0.371611
0.371612
0.371612
0.371621
0.371622
0.371625
0.371625
0.371625
0.371625
0.371632
0.371632
0.371632
0.371632
0.371632
0.371632
0.371649
0.371658
0.371658
0.371659
0.371660
0.371661
0.371661
0.371661
0.371661
0.371662
0.371662
0.371671
0.371671
0.371671
0.371674
0.371674
0.371674
0.371671
0.371672
0.371672
0.371672
0.371672
0.371675
0.371675
0.371676
0.371676
0.371677
0.371676
0.371676
0.371676
0.371679
0.371680
0.371680
0.371682
0.371694
0.371708
0.371708
0.371709
0.371709
0.371709
0.371715
0.371715
0.371718
0.371718
0.371724
0.371728
0.371728
0.371728
0.371728
0.371728
0.371728
0.371728
0.371728
0.371728
0.371728
0.371729
0.371729
0.371739
0.371739
0.371741
0.371741
0.371743
0.371743
0.371743
0.371744
0.371744
0.371744
0.371744
0.371744
0.371744
0.371747
0.371752
0.371752
0.371752
0.371754
0.371771
0.371771
0.371771
0.371771
0.371771
0.371771
0.371771
0.371771
0.371771
0.371774
0.371774
0.371774
0.371774
0.371782
0.371782
0.371783
0.371784
0.371784
0.371789
0.371789
0.371789
0.371794
0.371794
0.371794
0.371794
0.371795
0.371804
0.371804
0.371817
0.371817
0.371817
0.371818
0.371818
0.371820
0.371820
0.371820
0.371821
0.371821
0.371821
0.371820
0.371820
0.371828
0.371828
0.371828
0.371831
0.371831
0.371831
0.371831
0.371831
0.371831
0.371831
0.371831
0.371831
0.371831
0.371831
0.371831
0.371831
0.371831
0.371831
0.371834
0.371834
0.371834
0.371834
0.371837
0.371837
0.371837
0.371837
0.371837
0.371837
0.371839
0.371839
0.371839
0.371839
0.371839
0.371839
0.371842
0.371842
0.371842
0.371842
0.371842
0.371842
0.371842
0.371842
0.371842
0.371842
0.371842
0.371842
0.371842
0.371842
0.371842
0.371842
0.371867
0.371870
0.371870
0.371874
0.371874
0.371876
0.371876
0.371876
0.371878
0.371878
0.371878
0.371880
0.371881
0.371881
0.371881
0.371890
0.371890
0.371890
0.371890
0.371890
0.371890
0.371890
0.371890
0.371890
0.371890
0.371890
0.371890
0.371890
0.371903
0.371903
0.371904
0.371904
0.371908
0.371908
0.371912
0.371912
0.371911
0.371911
0.371911
0.371911
0.371911
0.371912
0.371912
0.371912
0.371912
0.371912
0.371914
0.371918
0.371918
0.371918
0.371918
0.371950
0.371950
0.371952
0.371952
0.371952
0.371952
0.371952
0.371952
0.371953
0.371953
0.371953
0.371953
0.371953
0.371953
0.371954
0.371954
0.371954
0.371954
0.371954
0.371954
0.371954
0.371954
0.371954
0.371954
0.371954
0.371954
0.371959
0.371959
0.371959
0.371959
0.371976
0.371976
0.371976
0.371988
0.371990
0.371990
0.371990
0.371990
0.371990
0.371992
0.371992
0.371992
0.371992
0.371992
0.371992
0.371992
0.371999
0.371998
0.371998
0.371998
0.371999
0.372003
0.372003
0.372004
0.372004
0.372004
0.372004
0.372004
0.372004
0.372004
0.372004
0.372005
0.372005
0.372005
0.372005
0.372008
0.372008
0.372008
0.372008
0.372009
0.372009
0.372009
0.372013
0.372017
0.372017
0.372017
0.372018
0.372022
0.372022
0.372022
0.372026
0.372026
0.372031
0.372031
0.372031
0.372031
0.372031
0.372048
0.372048
0.372048
0.372048
0.372048
0.372048
0.372048
0.372048
0.372049
0.372049
0.372049
0.372049
0.372049
0.372049
0.372050
0.372050
0.372050
0.372050
0.372050
0.372054
0.372054
0.372056
0.372056
0.372056
0.372064
0.372065
0.372070
0.372072
0.372072
0.372072
0.372072
0.372072
0.372072
0.372072
0.372072
0.372072
0.372072
0.372072
0.372073
0.372073
0.372079
0.372079
0.372079
0.372079
0.372079
0.372079
0.372084
0.372086
0.372088
0.372107
0.372108
0.372108
0.372128
0.372128
0.372128
0.372128
0.372128
0.372128
0.372129
0.372129
0.372129
0.372129
0.372129
0.372154
0.372154
0.372160
0.372162
0.372162
0.372157
0.372157
0.372157
0.372157
0.372161
0.372161
0.372161
0.372166
0.372166
0.372166
0.372182
0.372188
0.372188
0.372188
0.372197
0.372197
0.372202
0.372202
0.372202
0.372202
0.372202
0.372204
0.372204
0.372204
0.372204
0.372204
0.372204
0.372204
0.372206
0.372206
0.372206
0.372206
0.372207
0.372207
0.372208
0.372208
0.372208
0.372211
0.372211
0.372211
0.372211
0.372212
0.372212
0.372217
0.372218
0.372228
0.372228
0.372228
0.372228
0.372235
0.372235
0.372235
0.372236
0.372245
0.372245
0.372245
0.372244
0.372264
0.372264
0.372264
0.372264
0.372266
0.372266
0.372302
0.372302
0.372302
0.372303
0.372311
0.372312
0.372312
0.372312
0.372312
0.372312
0.372328
0.372328
0.372328
0.372328
0.372328
0.372328
0.372335
0.372341
0.372341
0.372340
0.372349
0.372349
0.372346
0.372348
0.372354
0.372354
0.372354
0.372358
0.372358
0.372360
0.372360
0.372371
0.372371
0.372371
0.372371
0.372371
0.372371
0.372373
0.372373
0.372373
0.372373
0.372373
0.372374
0.372374
0.372374
0.372374
0.372377
0.372377
0.372379
0.372379
0.372379
0.372379
0.372380
0.372396
0.372399
0.372399
0.372399
0.372401
0.372401
0.372401
0.372403
0.372403
0.372403
0.372405
0.372407
0.372407
0.372407
0.372407
0.372408
0.372408
0.372408
0.372408
0.372408
0.372408
0.372414
0.372418
0.372431
0.372431
0.372431
0.372433
0.372444
0.372445
0.372446
0.372459
0.372459
0.372459
0.372459
0.372462
0.372463
0.372463
0.372463
0.372463
0.372470
0.372481
0.372482
0.372482
0.372482
0.372482
0.372482
0.372490
0.372490
0.372491
0.372491
0.372494
0.372497
0.372497
0.372497
0.372497
0.372497
0.372497
0.372497
0.372497
0.372497
0.372497
0.372508
0.372508
0.372509
0.372509
0.372511
0.372510
0.372510
0.372510
0.372510
0.372510
0.372511
0.372511
0.372511
0.372511
0.372511
0.372528
0.372528
0.372528
0.372528
0.372533
0.372539
0.372543
0.372543
0.372543
0.372543
0.372543
0.372545
0.372549
0.372549
0.372549
0.372549
0.372549
0.372550
0.372555
0.372569
0.372569
0.372569
0.372569
0.372576
0.372577
0.372577
0.372577
0.372577
0.372577
0.372583
0.372583
0.372583
0.372583
0.372587
0.372589
0.372589
0.372589
0.372589
0.372594
0.372594
0.372604
0.372604
0.372612
0.372612
0.372612
0.372614
0.372615
0.372615
0.372615
0.372616
0.372626
0.372626
0.372632
0.372632
0.372632
0.372632
0.372632
0.372636
0.372622
0.372622
0.372623
0.372623
0.372623
0.372623
0.372625
0.372625
0.372625
0.372625
0.372627
0.372627
0.372636
0.372636
0.372636
0.372640
0.372640
0.372640
0.372640
0.372640
0.372640
0.372641
0.372641
0.372641
0.372638
0.372638
0.372638
0.372638
0.372638
0.372638
0.372648
0.372648
0.372648
0.372648
0.372663
0.372663
0.372667
0.372667
0.372668
0.372668
0.372669
0.372673
0.372676
0.372676
0.372676
0.372676
0.372682
0.372692
0.372695
0.372695
0.372704
0.372704
0.372705
0.372705
0.372705
0.372715
0.372717
0.372719
0.372734
0.372734
0.372734
0.372738
0.372738
0.372735
0.372735
0.372735
0.372738
0.372739
0.372739
0.372739
0.372739
0.372739
0.372739
0.372739
0.372736
0.372743
0.372743
0.372747
0.372747
0.372747
0.372748
0.372748
0.372748
0.372748
0.372765
0.372765
0.372765
0.372765
0.372765
0.372765
0.372765
0.372765
0.372765
0.372765
0.372765
0.372766
0.372769
0.372763
0.372763
0.372763
0.372763
0.372765
0.372765
0.372765
0.372765
0.372768
0.372768
0.372768
0.372768
0.372768
0.372768
0.372768
0.372768
0.372768
0.372768
0.372768
0.372768
0.372768
0.372768
0.372773
0.372777
0.372783
0.372783
0.372783
0.372783
0.372783
0.372782
0.372782
0.372782
0.372783
0.372783
0.372783
0.372783
0.372784
0.372784
0.372784
0.372784
0.372784
0.372797
0.372800
0.372800
0.372800
0.372800
0.372800
0.372807
0.372807
0.372809
0.372809
0.372809
0.372809
0.372809
0.372812
0.372812
0.372813
0.372822
0.372825
0.372835
0.372850
0.372850
0.372850
0.372863
0.372865
0.372865
0.372865
0.372867
0.372867
0.372867
0.372867
0.372867
0.372867
0.372867
0.372868
0.372868
0.372868
0.372868
0.372871
0.372872
0.372872
0.372872
0.372887
0.372897
0.372897
0.372899
0.372899
0.372899
0.372901
0.372901
0.372901
0.372902
0.372902
0.372902
0.372902
0.372902
0.372924
0.372924
0.372918
0.372918
0.372917
0.372917
0.372917
0.372927
0.372927
0.372927
0.372927
0.372927
0.372924
0.372924
0.372924
0.372924
0.372924
0.372924
0.372924
0.372924
0.372925
0.372925
0.372928
0.372930
0.372932
0.372934
0.372942
0.372949
0.372949
0.372956
0.372959
0.372965
0.372965
0.372965
0.372971
0.372971
0.372971
0.372971
0.372971
0.372971
0.372971
0.372971
0.372971
0.372975
0.372975
0.372975
0.372975
0.372975
0.372975
0.372975
0.372976
0.372976
0.372976
0.372976
0.372976
0.372989
0.372989
0.372989
0.372989
0.372989
0.372989
0.372989
0.372989
0.372989
0.372989
0.372989
0.372989
0.372987
0.372987
0.372987
0.372987
0.372987
0.372987
0.372987
0.372987
0.372987
0.372987
0.372987
0.372987
0.372987
0.372988
0.372988
0.372988
0.372992
0.372992
0.372992
0.372992
0.372992
0.372992
0.372994
0.372994
0.372994
0.372999
0.373000
0.373000
0.373001
0.373006
0.373019
0.373025
0.373025
0.373026
0.373026
0.373029
0.373021
0.373033
0.373033
0.373040
0.373049
0.373052
0.373053
0.373062
0.373062
0.373062
0.373062
0.373070
0.373070
0.373070
0.373075
0.373075
0.373075
0.373076
0.373076
0.373076
0.373076
0.373076
0.373079
0.373095
0.373095
0.373096
0.373100
0.373100
0.373100
0.373100
0.373100
0.373100
0.373100
0.373106
0.373109
0.373109
0.373109
0.373118
0.373120
0.373122
0.373122
0.373122
0.373133
0.373133
0.373133
0.373133
0.373140
0.373140
0.373142
0.373142
0.373142
0.373142
0.373142
0.373142
0.373142
0.373142
0.373142
0.373142
0.373142
0.373142
0.373142
0.373142
0.373143
0.373143
0.373143
0.373143
0.373142
0.373146
0.373149
0.373149
0.373149
0.373149
0.373149
0.373149
0.373149
0.373171
0.373171
0.373171
0.373172
0.373172
0.373168
0.373168
0.373168
0.373171
0.373174
0.373174
0.373174
0.373174
0.373174
0.373174
0.373174
0.373173
0.373173
0.373173
0.373175
0.373182
0.373182
0.373182
0.373182
0.373223
0.373223
0.373227
0.373231
0.373231
0.373237
0.373237
0.373237
0.373237
0.373239
0.373242
0.373242
0.373252
0.373252
0.373252
0.373253
0.373253
0.373253
0.373255
0.373255
0.373256
0.373256
0.373256
0.373256
0.373255
0.373255
0.373255
0.373257
0.373257
0.373259
0.373259
0.373265
0.373265
0.373265
0.373265
0.373265
0.373266
0.373266
0.373266
0.373266
0.373266
0.373266
0.373266
0.373266
0.373266
0.373266
0.373266
0.373266
0.373267
0.373267
0.373275
0.373275
0.373275
0.373275
0.373275
0.373275
0.373275
0.373275
0.373275
0.373275
0.373275
0.373275
0.373277
0.373279
0.373279
0.373279
0.373279
0.373285
0.373285
0.373286
0.373292
0.373292
0.373294
0.373294
0.373291
0.373291
0.373297
0.373297
0.373297
0.373300
0.373307
0.373307
0.373307
0.373305
0.373325
0.373325
0.373325
0.373326
0.373326
0.373328
0.373355
0.373356
0.373356
0.373356
0.373356
0.373356
0.373355
0.373355
0.373356
0.373356
0.373356
0.373356
0.373361
0.373361
0.373361
0.373361
0.373361
0.373361
0.373363
0.373360
0.373360
0.373360
0.373360
0.373368
0.373369
0.373369
0.373369
0.373371
0.373372
0.373379
0.373379
0.373379
0.373388
0.373399
0.373399
0.373399
0.373400
0.373408
0.373406
0.373406
0.373406
0.373406
0.373414
0.373416
0.373416
0.373416
0.373416
0.373430
0.373430
0.373430
0.373430
0.373433
0.373433
0.373433
0.373433
0.373439
0.373439
0.373439
0.373443
0.373443
0.373443
0.373443
0.373443
0.373443
0.373448
0.373448
0.373448
0.373448
0.373452
0.373473
0.373473
0.373471
0.373471
0.373471
0.373471
0.373473
0.373473
0.373483
0.373483
0.373483
0.373488
0.373487
0.373487
0.373487
0.373487
0.373487
0.373487
0.373487
0.373487
0.373487
0.373509
0.373509
0.373517
0.373517
0.373517
0.373517
0.373517
0.373517
0.373518
0.373518
0.373518
0.373555
0.373555
0.373563
0.373569
0.373568
0.373581
0.373581
0.373583
0.373583
0.373583
0.373581
0.373581
0.373586
0.373592
0.373595
0.373603
0.373606
0.373606
0.373606
0.373606
0.373606
0.373606
0.373607
0.373607
0.373607
0.373611
0.373611
0.373611
0.373611
0.373625
0.373625
0.373625
0.373625
0.373625
0.373626
0.373631
0.373631
0.373636
0.373636
0.373639
0.373640
0.373645
0.373645
0.373645
0.373645
0.373645
0.373645
0.373658
0.373661
0.373661
0.373678
0.373684
0.373684
0.373691
0.373689
0.373693
0.373693
0.373693
0.373694
0.373694
0.373694
0.373696
0.373696
0.373697
0.373702
0.373702
0.373702
0.373715
0.373713
0.373716
0.373716
0.373720
0.373720
0.373720
0.373720
0.373720
0.373722
0.373732
0.373733
0.373733
0.373733
0.373736
0.373736
0.373736
0.373736
0.373736
0.373737
0.373737
0.373737
0.373739
0.373739
0.373739
0.373739
0.373739
0.373739
0.373739
0.373739
0.373739
0.373739
0.373739
0.373739
0.373743
0.373743
0.373743
0.373760
0.373761
0.373761
0.373761
0.373761
0.373761
0.373767
0.373767
0.373767
0.373787
0.373790
0.373794
0.373794
0.373794
0.373795
0.373796
0.373796
0.373797
0.373797
0.373797
0.373797
0.373798
0.373798
0.373804
0.373804
0.373804
0.373803
0.373803
0.373803
0.373806
0.373811
0.373811
0.373811
0.373811
0.373811
0.373814
0.373816
0.373816
0.373816
0.373819
0.373823
0.373823
0.373823
0.373827
0.373827
0.373827
0.373827
0.373827
0.373827
0.373827
0.373828
0.373828
0.373831
0.373831
0.373832
0.373832
0.373832
0.373832
0.373833
0.373833
0.373833
0.373833
0.373833
0.373833
0.373833
0.373833
0.373833
0.373833
0.373833
0.373833
0.373833
0.373833
0.373835
0.373835
0.373835
0.373838
0.373838
0.373838
0.373838
0.373838
0.373840
0.373834
0.373845
0.373845
0.373845
0.373854
0.373854
0.373870
0.373870
0.373869
0.373870
0.373870
0.373870
0.373870
0.373871
0.373871
0.373874
0.373874
0.373874
0.373874
0.373873
0.373874
0.373876
0.373876
0.373885
0.373885
0.373885
0.373885
0.373886
0.373886
0.373888
0.373888
0.373888
0.373888
0.373888
0.373895
0.373895
0.373895
0.373895
0.373895
0.373895
0.373895
0.373895
0.373898
0.373898
0.373898
0.373898
0.373914
0.373915
0.373915
0.373917
0.373918
0.373919
0.373926
0.373926
0.373927
0.373927
0.373928
0.373928
0.373928
0.373928
0.373931
0.373931
0.373931
0.373931
0.373933
0.373935
0.373935
0.373938
0.373941
0.373941
0.373952
0.373954
0.373954
0.373954
0.373954
0.373954
0.373954
0.373954
0.373955
0.373955
0.373955
0.373959
0.373962
0.373962
0.373962
0.373976
0.373985
0.373985
0.373981
0.373987
0.373987
0.373989
0.373989
0.373989
0.373992
0.373992
0.373992
0.373992
0.373995
0.373997
0.373997
0.373997
0.373997
0.374012
0.374013
0.374013
0.374013
0.374014
0.374014
0.374014
0.374016
0.374016
0.374016
0.374016
0.374017
0.374019
0.374022
0.374024
0.374024
0.374024
0.374031
0.374032
0.374032
0.374034
0.374034
0.374035
0.374035
0.374036
0.374036
0.374036
0.374036
0.374036
0.374039
0.374039
0.374039
0.374040
0.374040
0.374040
0.374040
0.374042
0.374042
0.374042
0.374042
0.374042
0.374045
0.374044
0.374045
0.374045
0.374047
0.374048
0.374048
0.374048
0.374050
0.374061
0.374061
0.374067
0.374067
0.374066
0.374066
0.374066
0.374068
0.374075
0.374079
0.374079
0.374083
0.374083
0.374097
0.374097
0.374097
0.374099
0.374099
0.374101
0.374101
0.374101
0.374105
0.374105
0.374109
0.374109
0.374111
0.374112
0.374112
0.374112
0.374113
0.374113
0.374113
0.374113
0.374113
0.374113
0.374113
0.374113
0.374113
0.374113
0.374113
0.374113
0.374113
0.374115
0.374118
0.374118
0.374118
0.374118
0.374124
0.374125
0.374125
0.374125
0.374125
0.374125
0.374136
0.374136
0.374136
0.374136
0.374136
0.374136
0.374136
0.374142
0.374142
0.374142
0.374143
0.374142
0.374142
0.374148
0.374148
0.374148
0.374152
0.374152
0.374152
0.374152
0.374155
0.374155
0.374155
0.374155
0.374155
0.374155
0.374155
0.374156
0.374156
0.374159
0.374159
0.374159
0.374159
0.374159
0.374159
0.374159
0.374162
0.374162
0.374162
0.374164
0.374165
0.374166
0.374166
0.374171
0.374171
0.374173
0.374173
0.374174
0.374174
0.374174
0.374180
0.374180
0.374180
0.374180
0.374181
0.374181
0.374181
0.374181
0.374184
0.374189
0.374189
0.374189
0.374189
0.374190
0.374190
0.374191
0.374194
0.374194
0.374194
0.374194
0.374195
0.374196
0.374196
0.374196
0.374197
0.374197
0.374197
0.374197
0.374197
0.374197
0.374197
0.374197
0.374197
0.374197
0.374197
0.374197
0.374197
0.374197
0.374197
0.374197
0.374197
0.374197
0.374199
0.374199
0.374199
0.374199
0.374199
0.374212
0.374214
0.374214
0.374215
0.374215
0.374215
0.374215
0.374215
0.374224
0.374224
0.374234
0.374244
0.374246
0.374246
0.374248
0.374248
0.374253
0.374253
0.374253
0.374253
0.374256
0.374256
0.374259
0.374259
0.374259
0.374263
0.374267
0.374267
0.374267
0.374267
0.374267
0.374267
0.374267
0.374267
0.374267
0.374267
0.374267
0.374267
0.374267
0.374267
0.374267
0.374267
0.374267
0.374271
0.374279
0.374279
0.374279
0.374282
0.374282
0.374281
0.374281
0.374282
0.374291
0.374291
0.374292
0.374292
0.374292
0.374292
0.374289
0.374291
0.374291
0.374297
0.374308
0.374308
0.374311
0.374311
0.374311
0.374314
0.374314
0.374314
0.374314
0.374316
0.374317
0.374318
0.374318
0.374320
0.374320
0.374320
0.374320
0.374321
0.374330
0.374335
0.374335
0.374335
0.374334
0.374334
0.374334
0.374329
0.374348
0.374349
0.374349
0.374342
0.374342
0.374349
0.374349
0.374349
0.374349
0.374349
0.374349
0.374349
0.374399
0.374420
0.374420
0.374420
0.374420
0.374423
0.374423
0.374390
0.374390
0.374391
0.374391
0.374391
0.374391
0.374404
0.374405
0.374419
0.374422
0.374422
0.374422
0.374422
0.374424
0.374424
0.374424
0.374428
0.374428
0.374428
0.374428
0.374428
0.374428
0.374428
0.374428
0.374428
0.374428
0.374428
0.374428
0.374428
0.374429
0.374425
0.374425
0.374425
0.374425
0.374425
0.374425
0.374425
0.374428
0.374428
0.374428
0.374428
0.374428
0.374428
0.374428
0.374430
0.374431
0.374431
0.374431
0.374431
0.374431
0.374437
0.374439
0.374439
0.374439
0.374440
0.374440
0.374440
0.374441
0.374441
0.374449
0.374449
0.374450
0.374450
0.374450
0.374450
0.374450
0.374450
0.374450
0.374450
0.374452
0.374452
0.374452
0.374452
0.374455
0.374455
0.374455
0.374455
0.374455
0.374455
0.374455
0.374449
0.374450
0.374460
0.374488
0.374488
0.374488
0.374488
0.374488
0.374494
0.374494
0.374494
0.374494
0.374494
0.374504
0.374504
0.374504
0.374504
0.374505
0.374505
0.374505
0.374507
0.374508
0.374508
0.374511
0.374511
0.374512
0.374512
0.374512
0.374515
0.374515
0.374515
0.374515
0.374518
0.374519
0.374519
0.374519
0.374519
0.374520
0.374520
0.374520
0.374520
0.374520
0.374520
0.374520
0.374520
0.374520
0.374520
0.374520
0.374520
0.374520
0.374520
0.374521
0.374523
0.374523
0.374523
0.374524
0.374527
0.374527
0.374527
0.374527
0.374536
0.374538
0.374538
0.374554
0.374554
0.374554
0.374554
0.374554
0.374554
0.374554
0.374552
0.374552
0.374552
0.374555
0.374555
0.374555
0.374555
0.374558
0.374558
0.374558
0.374559
0.374559
0.374568
0.374568
0.374568
0.374568
0.374568
0.374565
0.374574
0.374580
0.374580
0.374580
0.374580
0.374580
0.374580
0.374580
0.374580
0.374580
0.374580
0.374580
0.374581
0.374581
0.374582
0.374600
0.374600
0.374600
0.374600
0.374600
0.374600
0.374600
0.374605
0.374605
0.374605
0.374605
0.374605
0.374605
0.374605
0.374614
0.374614
0.374614
0.374614
0.374614
0.374614
0.374614
0.374616
0.374618
0.374618
0.374618
0.374618
0.374619
0.374619
0.374619
0.374619
0.374619
0.374619
0.374619
0.374619
0.374619
0.374619
0.374619
0.374621
0.374621
0.374621
0.374621
0.374622
0.374622
0.374622
0.374622
0.374624
0.374624
