0.285529
0.292151
0.296964
0.299449
0.302513
0.304011
0.304026
0.304238
0.304394
0.304486
0.304925
0.305819
0.305679
0.306236
0.306116
0.305846
0.304950
0.304647
0.304295
0.304511
0.304497
0.304296
0.304043
0.304321
0.304347
0.303984
0.304030
0.304044
0.304050
0.303865
0.303958
0.303600
0.303449
0.303460
0.303822
0.303800
0.303278
0.303289
0.303291
0.303405
0.303395
0.303566
0.303550
0.303380
0.303398
0.303258
0.303293
0.303107
0.303085
0.302905
0.302870
0.302746
0.302730
0.302815
0.302691
0.302616
0.302616
0.302437
0.302341
0.302408
0.302635
0.302911
0.302858
0.302903
0.302816
0.302695
0.302678
0.302574
0.302605
0.302614
0.302645
0.302645
0.302478
0.302381
0.302284
0.302333
0.302333
0.302293
0.302211
0.302221
0.302319
0.302351
0.302496
0.302416
0.302416
0.302394
0.302072
0.302072
0.302115
0.302215
0.302294
0.302255
0.302293
0.302346
0.302317
0.302305
0.302283
0.302200
0.302410
0.302410
0.302490
0.302207
0.302188
0.302235
0.302232
0.302145
0.302146
0.302097
0.302079
0.302000
0.302061
0.302086
0.302157
0.302153
0.302171
0.302159
0.302219
0.302217
0.302106
0.302106
0.301989
0.302048
0.302090
0.302103
0.302061
0.302214
0.301908
0.301908
0.301909
0.301930
0.302067
0.302088
0.302031
0.301973
0.301944
0.301958
0.301958
0.301999
0.301944
0.301915
0.301782
0.301914
0.301807
0.301704
0.301640
0.301636
0.301687
0.301648
0.301648
0.301717
0.301779
0.301945
0.301860
0.301842
0.301842
0.301812
0.301814
0.301761
0.301699
0.301741
0.301811
0.301906
0.301847
0.301807
0.301716
0.301716
0.301716
0.301716
0.301638
0.301545
0.301665
0.301689
0.301577
0.301594
0.301611
0.301620
0.301571
0.301571
0.301329
0.301478
0.301521
0.301504
0.301537
0.301605
0.301558
0.301486
0.301449
0.301459
0.301455
0.301469
0.301478
0.301478
0.301529
0.301557
0.301557
0.301533
0.301530
0.301530
0.301575
0.301469
0.301467
0.301348
0.301365
0.301365
0.301311
0.301247
0.301362
0.301504
0.301504
0.301532
0.301471
0.301361
0.301279
0.301279
0.301246
0.301452
0.301459
0.301305
0.301279
0.301207
0.301217
0.301304
0.301304
0.301350
0.301348
0.301367
0.301367
0.301320
0.301277
0.301272
0.301276
0.301235
0.301269
0.301269
0.301269
0.301332
0.301342
0.301373
0.301395
0.301389
0.301397
0.301454
0.301448
0.301528
0.301579
0.301579
0.301604
0.301672
0.301753
0.301757
0.301757
0.301584
0.301554
0.301554
0.301521
0.301482
0.301579
0.301579
0.301558
0.301598
0.301666
0.301666
0.301638
0.301644
0.301594
0.301563
0.301589
0.301575
0.301577
0.301609
0.301736
0.301747
0.301685
0.301632
0.301561
0.301550
0.301581
0.301586
0.301598
0.301768
0.301701
0.301685
0.301712
0.301689
0.301655
0.301613
0.301616
0.301572
0.301611
0.301655
0.301626
0.301601
0.301556
0.301562
0.301562
0.301601
0.301673
0.301710
0.301713
0.301664
0.301616
0.301616
0.301690
0.301652
0.301650
0.301739
0.301709
0.301710
0.301687
0.301645
0.301667
0.301774
0.301776
0.301803
0.301735
0.301689
0.301653
0.301692
0.301721
0.301810
0.301896
0.301883
0.301890
0.301904
0.301931
0.301931
0.301931
0.302025
0.302044
0.302044
0.302099
0.301923
0.301919
0.301840
0.301869
0.301849
0.301922
0.301936
0.301919
0.301924
0.301924
0.301990
0.302026
0.302051
0.302049
0.302062
0.302088
0.302088
0.302121
0.302121
0.302121
0.302120
0.302172
0.302137
0.302184
0.302178
0.302189
0.302192
0.302198
0.302214
0.302215
0.302220
0.302315
0.302367
0.302381
0.302381
0.302381
0.302391
0.302391
0.302325
0.302391
0.302384
0.302338
0.302411
0.302419
0.302421
0.302442
0.302482
0.302470
0.302498
0.302501
0.302482
0.302483
0.302430
0.302436
0.302467
0.302492
0.302506
0.302520
0.302656
0.302643
0.302667
0.302607
0.302531
0.302526
0.302533
0.302595
0.302595
0.302609
0.302692
0.302688
0.302728
0.302723
0.302705
0.302680
0.302720
0.302708
0.302700
0.302725
0.302731
0.302746
0.302774
0.302671
0.302630
0.302628
0.302631
0.302640
0.302691
0.302652
0.302706
0.302706
0.302725
0.302743
0.302736
0.302732
0.302727
0.302727
0.302692
0.302695
0.302695
0.302716
0.302710
0.302735
0.302735
0.302738
0.302719
0.302719
0.302709
0.302707
0.302707
0.302707
0.302855
0.302855
0.302858
0.302858
0.302837
0.302826
0.302765
0.302778
0.302787
0.302769
0.302774
0.302792
0.302804
0.302881
0.302754
0.302750
0.302750
0.302750
0.302831
0.302853
0.302848
0.302830
0.302830
0.302830
0.302781
0.302807
0.302721
0.302785
0.302768
0.302803
0.302793
0.302781
0.302795
0.302793
0.302749
0.302749
0.302805
0.302801
0.302794
0.302794
0.302761
0.302791
0.302801
0.302801
0.302834
0.302816
0.302826
0.302767
0.302724
0.302770
0.302762
0.302768
0.302712
0.302733
0.302807
0.302807
0.302823
0.302795
0.302798
0.302798
0.302803
0.302847
0.302850
0.302850
0.302865
0.302865
0.302904
0.302908
0.302912
0.302913
0.302907
0.302905
0.302922
0.302945
0.302944
0.302927
0.302919
0.302889
0.302889
0.302801
0.302808
0.302802
0.302802
0.302928
0.302928
0.302939
0.302929
0.302932
0.302934
0.302935
0.302884
0.302864
0.302890
0.302901
0.302983
0.303024
0.303002
0.303002
0.302999
0.302965
0.303026
0.303041
0.302996
0.303034
0.303034
0.303019
0.303031
0.303031
0.303043
0.303045
0.302996
0.302996
0.302991
0.302999
0.303057
0.303055
0.303053
0.303055
0.303085
0.303085
0.303084
0.303086
0.303050
0.303000
0.303001
0.303001
0.303018
0.303001
0.303001
0.302986
0.302986
0.302882
0.302922
0.302924
0.302924
0.302908
0.302941
0.302959
0.302970
0.302993
0.302905
0.302905
0.302905
0.302905
0.302887
0.302871
0.302951
0.302954
0.302958
0.302964
0.302964
0.302964
0.302964
0.302917
0.302917
0.302917
0.302918
0.302925
0.302911
0.302823
0.302835
0.302795
0.302795
0.302859
0.302872
0.302881
0.302940
0.302926
0.302953
0.302955
0.302937
0.302866
0.302874
0.302870
0.302924
0.302924
0.302963
0.302993
0.303002
0.302997
0.302989
0.302953
0.302940
0.302985
0.303015
0.303032
0.303078
0.303106
0.303114
0.303116
0.303090
0.303098
0.303110
0.303105
0.303129
0.303137
0.303144
0.303131
0.303167
0.303163
0.303178
0.303216
0.303221
0.303246
0.303241
0.303282
0.303270
0.303275
0.303255
0.303360
0.303357
0.303357
0.303357
0.303410
0.303383
0.303372
0.303348
0.303366
0.303384
0.303367
0.303380
0.303371
0.303371
0.303363
0.303394
0.303403
0.303397
0.303439
0.303458
0.303458
0.303489
0.303511
0.303511
0.303517
0.303512
0.303457
0.303461
0.303483
0.303480
0.303480
0.303451
0.303453
0.303480
0.303480
0.303489
0.303503
0.303463
0.303486
0.303464
0.303453
0.303428
0.303513
0.303514
0.303546
0.303544
0.303566
0.303578
0.303611
0.303625
0.303629
0.303641
0.303607
0.303626
0.303650
0.303648
0.303676
0.303691
0.303692
0.303666
0.303664
0.303653
0.303660
0.303673
0.303665
0.303668
0.303622
0.303576
0.303577
0.303585
0.303579
0.303665
0.303637
0.303637
0.303653
0.303673
0.303696
0.303713
0.303733
0.303695
0.303727
0.303798
0.303822
0.303822
0.303813
0.303837
0.303834
0.303815
0.303815
0.303782
0.303801
0.303771
0.303791
0.303791
0.303802
0.303806
0.303843
0.303847
0.303914
0.303925
0.303925
0.303925
0.303939
0.303955
0.303955
0.303955
0.303960
0.303960
0.303947
0.303918
0.303932
0.303935
0.303938
0.303966
0.303972
0.303972
0.303984
0.304003
0.304003
0.304003
0.304003
0.303935
0.303935
0.303937
0.303945
0.303952
0.303947
0.303947
0.303952
0.303941
0.303910
0.303930
0.303930
0.303921
0.303921
0.303921
0.303947
0.304001
0.303999
0.303999
0.304000
0.304000
0.303988
0.303933
0.303925
0.303942
0.303898
0.303882
0.303882
0.303932
0.303943
0.303943
0.303959
0.303967
0.303974
0.303969
0.303982
0.303992
0.303998
0.304000
0.303952
0.303952
0.303966
0.303974
0.303975
0.303978
0.303978
0.303985
0.303985
0.303993
0.303993
0.303983
0.303990
0.303990
0.303993
0.303993
0.304004
0.303989
0.303955
0.304007
0.304019
0.304033
0.304033
0.304051
0.304070
0.304050
0.304050
0.304055
0.304055
0.304081
0.304076
0.304068
0.304082
0.304082
0.304053
0.304052
0.304049
0.304069
0.304069
0.304070
0.304068
0.304068
0.304087
0.304088
0.304076
0.304048
0.304058
0.304058
0.304034
0.304034
0.304031
0.304054
0.304056
0.304053
0.304049
0.304049
0.304066
0.304066
0.304062
0.304091
0.304066
0.304067
0.304047
0.304080
0.304082
0.304082
0.304077
0.304088
0.304088
0.304095
0.304050
0.304050
0.304050
0.304061
0.304061
0.304099
0.304089
0.304101
0.304124
0.304124
0.304136
0.304136
0.304139
0.304059
0.304033
0.304040
0.304060
0.304064
0.304064
0.304064
0.304071
0.304071
0.304049
0.304071
0.304041
0.304043
0.304043
0.304045
0.304056
0.304056
0.304049
0.304037
0.304021
0.304029
0.304018
0.304030
0.304054
0.304037
0.304072
0.304058
0.304058
0.304058
0.304058
0.304061
0.304086
0.304086
0.304086
0.304098
0.304110
0.304114
0.304114
0.304102
0.304102
0.304108
0.304115
0.304115
0.304117
0.304117
0.304111
0.304079
0.304072
0.304100
0.304121
0.304120
0.304136
0.304147
0.304148
0.304148
0.304134
0.304134
0.304178
0.304156
0.304164
0.304179
0.304201
0.304169
0.304177
0.304186
0.304180
0.304180
0.304180
0.304182
0.304189
0.304189
0.304189
0.304193
0.304201
0.304211
0.304208
0.304208
0.304170
0.304204
0.304204
0.304184
0.304184
0.304185
0.304198
0.304222
0.304228
0.304235
0.304235
0.304203
0.304216
0.304216
0.304218
0.304227
0.304223
0.304251
0.304251
0.304251
0.304245
0.304245
0.304233
0.304233
0.304238
0.304208
0.304197
0.304191
0.304209
0.304209
0.304209
0.304242
0.304242
0.304237
0.304223
0.304227
0.304228
0.304219
0.304244
0.304193
0.304205
0.304191
0.304191
0.304214
0.304214
0.304214
0.304223
0.304223
0.304193
0.304179
0.304176
0.304188
0.304208
0.304183
0.304190
0.304190
0.304190
0.304177
0.304201
0.304208
0.304208
0.304210
0.304210
0.304230
0.304242
0.304238
0.304242
0.304238
0.304238
0.304239
0.304246
0.304276
0.304275
0.304275
0.304282
0.304282
0.304282
0.304275
0.304270
0.304268
0.304228
0.304238
0.304245
0.304249
0.304249
0.304249
0.304249
0.304226
0.304238
0.304243
0.304243
0.304224
0.304224
0.304219
0.304221
0.304227
0.304278
0.304278
0.304278
0.304264
0.304240
0.304226
0.304226
0.304252
0.304252
0.304252
0.304266
0.304267
0.304019
0.304019
0.304019
0.304019
0.304022
0.304010
0.304010
0.304040
0.304040
0.304042
0.304044
0.304032
0.304032
0.304075
0.304071
0.304071
0.304066
0.304084
0.304066
0.304129
0.304129
0.304145
0.304172
0.304172
0.304178
0.304179
0.304200
0.304191
0.304188
0.304188
0.304197
0.304203
0.304200
0.304218
0.304218
0.304218
0.304199
0.304200
0.304200
0.304220
0.304240
0.304240
0.304247
0.304248
0.304259
0.304253
0.304264
0.304256
0.304269
0.304287
0.304287
0.304292
0.304288
0.304290
0.304290
0.304299
0.304303
0.304272
0.304277
0.304288
0.304314
0.304302
0.304302
0.304339
0.304368
0.304371
0.304341
0.304341
0.304342
0.304329
0.304334
0.304334
0.304351
0.304361
0.304380
0.304365
0.304365
0.304402
0.304411
0.304433
0.304406
0.304401
0.304413
0.304410
0.304410
0.304413
0.304421
0.304410
0.304382
0.304388
0.304400
0.304414
0.304423
0.304423
0.304425
0.304441
0.304425
0.304426
0.304426
0.304426
0.304447
0.304441
0.304441
0.304441
0.304453
0.304456
0.304467
0.304430
0.304401
0.304400
0.304400
0.304413
0.304413
0.304458
0.304458
0.304427
0.304427
0.304429
0.304397
0.304418
0.304423
0.304400
0.304400
0.304405
0.304405
0.304423
0.304423
0.304456
0.304466
0.304475
0.304496
0.304504
0.304504
0.304506
0.304511
0.304508
0.304508
0.304511
0.304509
0.304538
0.304534
0.304482
0.304482
0.304485
0.304508
0.304518
0.304491
0.304490
0.304522
0.304541
0.304542
0.304543
0.304543
0.304543
0.304552
0.304568
0.304568
0.304578
0.304572
0.304589
0.304592
0.304589
0.304589
0.304602
0.304626
0.304626
0.304643
0.304635
0.304640
0.304581
0.304569
0.304578
0.304578
0.304600
0.304598
0.304598
0.304602
0.304602
0.304595
0.304549
0.304563
0.304608
0.304624
0.304624
0.304617
0.304655
0.304641
0.304641
0.304635
0.304633
0.304638
0.304642
0.304671
0.304671
0.304671
0.304643
0.304684
0.304642
0.304642
0.304627
0.304641
0.304644
0.304646
0.304648
0.304648
0.304648
0.304666
0.304669
0.304669
0.304669
0.304669
0.304672
0.304672
0.304636
0.304636
0.304636
0.304629
0.304646
0.304646
0.304663
0.304663
0.304664
0.304659
0.304666
0.304666
0.304668
0.304639
0.304644
0.304632
0.304632
0.304631
0.304630
0.304660
0.304663
0.304663
0.304666
0.304664
0.304664
0.304664
0.304672
0.304675
0.304675
0.304665
0.304657
0.304659
0.304669
0.304670
0.304668
0.304668
0.304668
0.304672
0.304672
0.304672
0.304666
0.304601
0.304583
0.304583
0.304618
0.304604
0.304606
0.304640
0.304636
0.304661
0.304673
0.304690
0.304687
0.304694
0.304722
0.304710
0.304692
0.304692
0.304709
0.304722
0.304722
0.304728
0.304727
0.304727
0.304740
0.304740
0.304739
0.304739
0.304739
0.304730
0.304731
0.304733
0.304724
0.304737
0.304738
0.304736
0.304733
0.304733
0.304733
0.304738
0.304754
0.304759
0.304759
0.304759
0.304755
0.304758
0.304754
0.304713
0.304706
0.304714
0.304717
0.304717
0.304717
0.304755
0.304763
0.304783
0.304807
0.304797
0.304779
0.304784
0.304784
0.304797
0.304812
0.304816
0.304823
0.304818
0.304823
0.304825
0.304829
0.304829
0.304856
0.304842
0.304842
0.304845
0.304846
0.304846
0.304869
0.304860
0.304858
0.304857
0.304868
0.304863
0.304860
0.304860
0.304872
0.304891
0.304891
0.304899
0.304899
0.304900
0.304900
0.304892
0.304892
0.304885
0.304877
0.304884
0.304884
0.304902
0.304886
0.304889
0.304889
0.304889
0.304901
0.304909
0.304883
0.304894
0.304893
0.304893
0.304892
0.304908
0.304912
0.304932
0.304932
0.304932
0.304929
0.304920
0.304920
0.304920
0.304918
0.304918
0.304918
0.304938
0.304944
0.304959
0.304945
0.304959
0.304976
0.304976
0.305016
0.305052
0.305089
0.305077
0.305077
0.305090
0.305087
0.305101
0.305112
0.305112
0.305117
0.305120
0.305120
0.305155
0.305157
0.305156
0.305185
0.305183
0.305163
0.305163
0.305163
0.305131
0.305131
0.305133
0.305135
0.305135
0.305139
0.305131
0.305156
0.305156
0.305163
0.305179
0.305179
0.305179
0.305193
0.305200
0.305203
0.305207
0.305207
0.305207
0.305203
0.305202
0.305193
0.305201
0.305210
0.305226
0.305226
0.305223
0.305224
0.305224
0.305224
0.305215
0.305228
0.305200
0.305197
0.305197
0.305197
0.305175
0.305174
0.305172
0.305161
0.305196
0.305236
0.305233
0.305229
0.305241
0.305246
0.305246
0.305252
0.305240
0.305240
0.305246
0.305246
0.305250
0.305250
0.305251
0.305251
0.305251
0.305246
0.305270
0.305270
0.305274
0.305279
0.305279
0.305279
0.305282
0.305283
0.305281
0.305281
0.305281
0.305270
0.305274
0.305292
0.305293
0.305297
0.305296
0.305296
0.305307
0.305311
0.305311
0.305298
0.305309
0.305325
0.305325
0.305321
0.305321
0.305321
0.305310
0.305314
0.305304
0.305322
0.305345
0.305370
0.305384
0.305381
0.305381
0.305356
0.305337
0.305337
0.305347
0.305347
0.305362
0.305355
0.305361
0.305377
0.305366
0.305384
0.305414
0.305415
0.305410
0.305410
0.305410
0.305419
0.305419
0.305420
0.305420
0.305428
0.305438
0.305438
0.305423
0.305385
0.305375
0.305371
0.305387
0.305429
0.305419
0.305422
0.305419
0.305410
0.305410
0.305411
0.305411
0.305408
0.305405
0.305410
0.305430
0.305429
0.305429
0.305408
0.305409
0.305395
0.305408
0.305416
0.305416
0.305416
0.305413
0.305413
0.305429
0.305440
0.305434
0.305434
0.305420
0.305418
0.305424
0.305415
0.305417
0.305422
0.305426
0.305423
0.305434
0.305465
0.305457
0.305463
0.305453
0.305485
0.305484
0.305492
0.305485
0.305477
0.305489
0.305499
0.305504
0.305504
0.305504
0.305504
0.305517
0.305518
0.305524
0.305524
0.305524
0.305524
0.305524
0.305532
0.305537
0.305539
0.305539
0.305543
0.305543
0.305543
0.305543
0.305541
0.305530
0.305533
0.305533
0.305520
0.305514
0.305549
0.305544
0.305519
0.305530
0.305553
0.305565
0.305568
0.305568
0.305584
0.305584
0.305575
0.305582
0.305568
0.305554
0.305554
0.305563
0.305596
0.305598
0.305598
0.305617
0.305615
0.305615
0.305621
0.305616
0.305616
0.305626
0.305608
0.305608
0.305608
0.305627
0.305611
0.305615
0.305612
0.305614
0.305608
0.305601
0.305617
0.305624
0.305624
0.305628
0.305637
0.305640
0.305657
0.305627
0.305629
0.305632
0.305630
0.305648
0.305651
0.305646
0.305646
0.305669
0.305664
0.305664
0.305664
0.305680
0.305680
0.305679
0.305679
0.305661
0.305659
0.305660
0.305674
0.305674
0.305674
0.305682
0.305692
0.305710
0.305710
0.305711
0.305708
0.305755
0.305745
0.305749
0.305749
0.305760
0.305763
0.305757
0.305757
0.305768
0.305768
0.305774
0.305774
0.305773
0.305785
0.305791
0.305789
0.305794
0.305751
0.305751
0.305751
0.305786
0.305790
0.305790
0.305758
0.305759
0.305759
0.305703
0.305733
0.305733
0.305737
0.305740
0.305736
0.305760
0.305736
0.305736
0.305771
0.305771
0.305772
0.305775
0.305775
0.305775
0.305763
0.305777
0.305778
0.305785
0.305802
0.305802
0.305827
0.305827
0.305837
0.305801
0.305804
0.305814
0.305837
0.305837
0.305847
0.305843
0.305847
0.305847
0.305843
0.305858
0.305846
0.305878
0.305868
0.305868
0.305867
0.305885
0.305869
0.305906
0.305885
0.305898
0.305898
0.305898
0.305889
0.305889
0.305868
0.305864
0.305894
0.305894
0.305894
0.305900
0.305900
0.305894
0.305892
0.305887
0.305900
0.305900
0.305887
0.305877
0.305877
0.305890
0.305890
0.305892
0.305899
0.305900
0.305903
0.305903
0.305893
0.305893
0.305882
0.305892
0.305892
0.305904
0.305915
0.305939
0.305935
0.305944
0.305944
0.305947
0.305947
0.305948
0.305948
0.305950
0.305937
0.305917
0.305924
0.305924
0.305946
0.305949
0.305977
0.305973
0.305976
0.306000
0.306004
0.306006
0.306007
0.306000
0.305991
0.305990
0.305990
0.306001
0.306008
0.306008
0.306012
0.306029
0.306020
0.306026
0.306033
0.306030
0.306030
0.306034
0.306034
0.306034
0.306039
0.306038
0.306038
0.306032
0.306018
0.306045
0.306045
0.306045
0.306063
0.306076
0.306072
0.306069
0.306069
0.306067
0.306067
0.306064
0.306041
0.306041
0.306071
0.306073
0.306074
0.306066
0.306025
0.306025
0.306023
0.306044
0.306061
0.306061
0.306054
0.306083
0.306083
0.306091
0.306091
0.306097
0.306094
0.306127
0.306127
0.306127
0.306132
0.306134
0.306137
0.306137
0.306138
0.306148
0.306145
0.306134
0.306134
0.306143
0.306141
0.306155
0.306155
0.306148
0.306148
0.306160
0.306166
0.306172
0.306172
0.306170
0.306170
0.306189
0.306188
0.306190
0.306191
0.306187
0.306187
0.306200
0.306201
0.306202
0.306204
0.306202
0.306202
0.306202
0.306215
0.306214
0.306214
0.306225
0.306206
0.306205
0.306205
0.306205
0.306208
0.306208
0.306208
0.306208
0.306220
0.306205
0.306215
0.306215
0.306213
0.306213
0.306219
0.306214
0.306221
0.306232
0.306232
0.306232
0.306234
0.306234
0.306229
0.306246
0.306244
0.306272
0.306272
0.306266
0.306275
0.306282
0.306282
0.306287
0.306287
0.306287
0.306285
0.306285
0.306285
0.306285
0.306285
0.306285
0.306285
0.306280
0.306284
0.306284
0.306273
0.306289
0.306295
0.306295
0.306302
0.306301
0.306300
0.306310
0.306310
0.306308
0.306311
0.306311
0.306311
0.306314
0.306314
0.306314
0.306308
0.306308
0.306308
0.306308
0.306313
0.306313
0.306300
0.306300
0.306300
0.306301
0.306301
0.306304
0.306304
0.306304
0.306303
0.306298
0.306299
0.306299
0.306299
0.306318
0.306321
0.306321
0.306311
0.306311
0.306306
0.306302
0.306302
0.306307
0.306322
0.306305
0.306298
0.306297
0.306314
0.306318
0.306313
0.306318
0.306344
0.306334
0.306335
0.306333
0.306333
0.306342
0.306342
0.306342
0.306346
0.306346
0.306345
0.306346
0.306342
0.306342
0.306344
0.306342
0.306342
0.306342
0.306346
0.306355
0.306355
0.306348
0.306366
0.306363
0.306360
0.306372
0.306372
0.306372
0.306385
0.306389
0.306389
0.306388
0.306394
0.306394
0.306392
0.306392
0.306392
0.306394
0.306393
0.306392
0.306393
0.306393
0.306393
0.306393
0.306407
0.306407
0.306403
0.306405
0.306403
0.306403
0.306394
0.306410
0.306412
0.306412
0.306426
0.306423
0.306408
0.306421
0.306431
0.306431
0.306404
0.306407
0.306419
0.306420
0.306436
0.306441
0.306444
0.306450
0.306441
0.306441
0.306441
0.306441
0.306445
0.306445
0.306445
0.306449
0.306449
0.306439
0.306447
0.306447
0.306447
0.306447
0.306461
0.306461
0.306461
0.306472
0.306472
0.306475
0.306464
0.306468
0.306495
0.306498
0.306497
0.306497
0.306501
0.306501
0.306491
0.306491
0.306501
0.306501
0.306505
0.306505
0.306496
0.306496
0.306496
0.306503
0.306507
0.306507
0.306508
0.306481
0.306476
0.306476
0.306466
0.306469
0.306507
0.306508
0.306514
0.306517
0.306525
0.306525
0.306526
0.306526
0.306524
0.306520
0.306552
0.306552
0.306551
0.306574
0.306565
0.306572
0.306566
0.306554
0.306555
0.306562
0.306569
0.306550
0.306548
0.306550
0.306559
0.306565
0.306580
0.306577
0.306577
0.306589
0.306589
0.306593
0.306593
0.306611
0.306607
0.306607
0.306616
0.306616
0.306618
0.306615
0.306606
0.306598
0.306611
0.306611
0.306611
0.306611
0.306622
0.306622
0.306623
0.306625
0.306612
0.306614
0.306614
0.306616
0.306618
0.306618
0.306618
0.306618
0.306637
0.306637
0.306639
0.306638
0.306622
0.306623
0.306634
0.306638
0.306638
0.306617
0.306611
0.306613
0.306608
0.306639
0.306639
0.306639
0.306638
0.306642
0.306650
0.306635
0.306637
0.306644
0.306641
0.306641
0.306653
0.306664
0.306666
0.306660
0.306653
0.306653
0.306658
0.306667
0.306675
0.306675
0.306675
0.306675
0.306675
0.306674
0.306680
0.306691
0.306691
0.306687
0.306686
0.306686
0.306699
0.306699
0.306693
0.306706
0.306706
0.306716
0.306715
0.306708
0.306708
0.306708
0.306713
0.306742
0.306745
0.306745
0.306745
0.306747
0.306744
0.306722
0.306733
0.306752
0.306752
0.306757
0.306774
0.306775
0.306777
0.306790
0.306789
0.306793
0.306793
0.306795
0.306806
0.306806
0.306806
0.306806
0.306794
0.306794
0.306799
0.306799
0.306798
0.306801
0.306802
0.306802
0.306799
0.306799
0.306799
0.306799
0.306799
0.306807
0.306807
0.306807
0.306811
0.306811
0.306811
0.306811
0.306816
0.306818
0.306822
0.306822
0.306822
0.306822
0.306822
0.306822
0.306817
0.306817
0.306817
0.306823
0.306823
0.306823
0.306823
0.306815
0.306811
0.306778
0.306780
0.306791
0.306782
0.306782
0.306782
0.306807
0.306807
0.306810
0.306808
0.306809
0.306809
0.306808
0.306809
0.306815
0.306815
0.306822
0.306822
0.306822
0.306823
0.306823
0.306820
0.306820
0.306820
0.306823
0.306817
0.306817
0.306799
0.306798
0.306798
0.306809
0.306809
0.306812
0.306820
0.306820
0.306797
0.306797
0.306789
0.306789
0.306787
0.306789
0.306759
0.306723
0.306727
0.306738
0.306749
0.306768
0.306768
0.306766
0.306765
0.306764
0.306764
0.306776
0.306776
0.306776
0.306774
0.306765
0.306768
0.306768
0.306780
0.306784
0.306785
0.306788
0.306788
0.306788
0.306790
0.306793
0.306795
0.306795
0.306795
0.306796
0.306801
0.306808
0.306812
0.306823
0.306823
0.306825
0.306815
0.306814
0.306838
0.306848
0.306848
0.306831
0.306850
0.306836
0.306845
0.306845
0.306844
0.306844
0.306846
0.306846
0.306845
0.306851
0.306852
0.306853
0.306857
0.306858
0.306848
0.306865
0.306868
0.306874
0.306847
0.306867
0.306867
0.306864
0.306890
0.306885
0.306885
0.306885
0.306888
0.306901
0.306901
0.306901
0.306909
0.306902
0.306898
0.306898
0.306898
0.306899
0.306899
0.306875
0.306876
0.306880
0.306875
0.306875
0.306890
0.306890
0.306903
0.306903
0.306903
0.306906
0.306907
0.306912
0.306912
0.306908
0.306921
0.306922
0.306917
0.306910
0.306910
0.306910
0.306910
0.306912
0.306912
0.306912
0.306924
0.306930
0.306931
0.306931
0.306935
0.306936
0.306929
0.306926
0.306927
0.306930
0.306933
0.306940
0.306940
0.306944
0.306949
0.306947
0.306946
0.306942
0.306942
0.306935
0.306961
0.306962
0.306962
0.306945
0.306945
0.306945
0.306943
0.306937
0.306937
0.306943
0.306961
0.306966
0.306966
0.306966
0.306966
0.306966
0.306966
0.306981
0.306981
0.306963
0.306963
0.306961
0.306962
0.306957
0.306966
0.306991
0.306991
0.306993
0.306990
0.306974
0.306973
0.306973
0.306973
0.306987
0.306986
0.306988
0.306987
0.306998
0.306980
0.306981
0.306984
0.306991
0.306991
0.306990
0.306994
0.306997
0.306996
0.306993
0.306993
0.306989
0.306990
0.306990
0.306998
0.306998
0.306998
0.307005
0.307001
0.307001
0.307012
0.307001
0.307002
0.307002
0.307009
0.307013
0.307013
0.307014
0.307014
0.307005
0.307002
0.307009
0.307008
0.307008
0.307020
0.307016
0.307024
0.307024
0.307031
0.307027
0.307027
0.307021
0.307027
0.307027
0.307047
0.307038
0.307042
0.307074
0.307073
0.307073
0.307071
0.307078
0.307078
0.307078
0.307072
0.307073
0.307073
0.307073
0.307073
0.307072
0.307072
0.307073
0.307073
0.307071
0.307071
0.307080
0.307080
0.307070
0.307072
0.307074
0.307082
0.307083
0.307064
0.307082
0.307082
0.307082
0.307098
0.307098
0.307093
0.307096
0.307092
0.307092
0.307093
0.307093
0.307097
0.307097
0.307097
0.307111
0.307111
0.307106
0.307106
0.307106
0.307112
0.307114
0.307114
0.307121
0.307121
0.307116
0.307116
0.307116
0.307126
0.307124
0.307124
0.307124
0.307124
0.307101
0.307115
0.307129
0.307120
0.307122
0.307138
0.307136
0.307136
0.307136
0.307136
0.307139
0.307139
0.307140
0.307139
0.307139
0.307138
0.307138
0.307141
0.307142
0.307147
0.307147
0.307147
0.307147
0.307147
0.307147
0.307153
0.307153
0.307153
0.307152
0.307127
0.307127
0.307131
0.307138
0.307123
0.307123
0.307123
0.307123
0.307134
0.307137
0.307133
0.307132
0.307141
0.307139
0.307144
0.307148
0.307152
0.307152
0.307154
0.307155
0.307157
0.307157
0.307153
0.307153
0.307153
0.307154
0.307117
0.307117
0.307117
0.307107
0.307095
0.307095
0.307108
0.307129
0.307151
0.307171
0.307167
0.307167
0.307169
0.307169
0.307166
0.307166
0.307168
0.307174
0.307169
0.307172
0.307171
0.307173
0.307173
0.307171
0.307171
0.307180
0.307180
0.307175
0.307175
0.307188
0.307188
0.307188
0.307191
0.307185
0.307189
0.307189
0.307176
0.307175
0.307175
0.307175
0.307182
0.307189
0.307189
0.307195
0.307202
0.307207
0.307209
0.307209
0.307209
0.307212
0.307211
0.307208
0.307208
0.307208
0.307219
0.307212
0.307217
0.307202
0.307203
0.307203
0.307224
0.307228
0.307235
0.307237
0.307239
0.307223
0.307216
0.307216
0.307227
0.307227
0.307227
0.307227
0.307227
0.307195
0.307188
0.307198
0.307198
0.307196
0.307196
0.307196
0.307191
0.307191
0.307191
0.307232
0.307236
0.307231
0.307233
0.307234
0.307234
0.307233
0.307233
0.307233
0.307248
0.307248
0.307248
0.307248
0.307248
0.307248
0.307248
0.307248
0.307248
0.307240
0.307267
0.307238
0.307238
0.307238
0.307238
0.307228
0.307229
0.307223
0.307243
0.307243
0.307242
0.307242
0.307243
0.307242
0.307258
0.307266
0.307246
0.307250
0.307250
0.307249
0.307265
0.307268
0.307268
0.307263
0.307262
0.307263
0.307263
0.307259
0.307268
0.307285
0.307289
0.307293
0.307293
0.307292
0.307292
0.307295
0.307295
0.307295
0.307296
0.307296
0.307306
0.307302
0.307308
0.307287
0.307287
0.307287
0.307286
0.307285
0.307285
0.307285
0.307306
0.307315
0.307304
0.307304
0.307307
0.307306
0.307305
0.307304
0.307308
0.307308
0.307313
0.307313
0.307313
0.307314
0.307312
0.307311
0.307311
0.307311
0.307311
0.307315
0.307315
0.307325
0.307326
0.307330
0.307330
0.307330
0.307330
0.307330
0.307336
0.307336
0.307341
0.307345
0.307344
0.307351
0.307351
0.307362
0.307357
0.307359
0.307361
0.307356
0.307346
0.307346
0.307356
0.307356
0.307356
0.307356
0.307367
0.307377
0.307372
0.307371
0.307367
0.307367
0.307374
0.307374
0.307374
0.307371
0.307374
0.307387
0.307384
0.307383
0.307382
0.307385
0.307385
0.307385
0.307384
0.307386
0.307386
0.307386
0.307381
0.307381
0.307381
0.307381
0.307389
0.307389
0.307386
0.307381
0.307394
0.307397
0.307397
0.307397
0.307404
0.307395
0.307393
0.307393
0.307393
0.307413
0.307415
0.307406
0.307425
0.307416
0.307420
0.307424
0.307422
0.307422
0.307424
0.307424
0.307426
0.307426
0.307426
0.307427
0.307430
0.307430
0.307430
0.307430
0.307438
0.307438
0.307438
0.307441
0.307441
0.307456
0.307445
0.307445
0.307433
0.307429
0.307429
0.307429
0.307447
0.307463
0.307463
0.307465
0.307465
0.307464
0.307452
0.307452
0.307452
0.307452
0.307452
0.307456
0.307456
0.307445
0.307449
0.307453
0.307453
0.307454
0.307454
0.307450
0.307446
0.307451
0.307448
0.307448
0.307451
0.307452
0.307452
0.307452
0.307465
0.307465
0.307466
0.307466
0.307466
0.307509
0.307509
0.307504
0.307492
0.307492
0.307492
0.307487
0.307487
0.307487
0.307503
0.307501
0.307516
0.307517
0.307517
0.307500
0.307510
0.307510
0.307507
0.307498
0.307506
0.307513
0.307538
0.307529
0.307543
0.307544
0.307535
0.307532
0.307548
0.307565
0.307565
0.307560
0.307560
0.307560
0.307563
0.307563
0.307563
0.307575
0.307574
0.307573
0.307571
0.307569
0.307569
0.307575
0.307575
0.307579
0.307579
0.307579
0.307578
0.307580
0.307580
0.307580
0.307580
0.307580
0.307580
0.307580
0.307581
0.307581
0.307581
0.307583
0.307594
0.307594
0.307594
0.307594
0.307589
0.307591
0.307605
0.307621
0.307622
0.307627
0.307627
0.307627
0.307629
0.307634
0.307634
0.307637
0.307621
0.307624
0.307624
0.307630
0.307630
0.307629
0.307629
0.307629
0.307627
0.307639
0.307631
0.307636
0.307631
0.307640
0.307640
0.307653
0.307655
0.307655
0.307655
0.307655
0.307661
0.307661
0.307658
0.307658
0.307679
0.307679
0.307677
0.307672
0.307674
0.307674
0.307638
0.307638
0.307638
0.307638
0.307638
0.307619
0.307634
0.307634
0.307634
0.307634
0.307639
0.307647
0.307646
0.307644
0.307644
0.307644
0.307648
0.307657
0.307657
0.307654
0.307659
0.307658
0.307654
0.307659
0.307659
0.307659
0.307658
0.307658
0.307658
0.307664
0.307658
0.307671
0.307669
0.307675
0.307675
0.307675
0.307673
0.307673
0.307675
0.307675
0.307675
0.307675
0.307675
0.307675
0.307676
0.307676
0.307675
0.307675
0.307675
0.307675
0.307675
0.307676
0.307668
0.307678
0.307678
0.307679
0.307675
0.307679
0.307679
0.307679
0.307681
0.307688
0.307688
0.307690
0.307695
0.307695
0.307695
0.307695
0.307684
0.307684
0.307694
0.307694
0.307714
0.307714
0.307714
0.307710
0.307703
0.307698
0.307691
0.307691
0.307688
0.307691
0.307691
0.307698
0.307700
0.307700
0.307700
0.307696
0.307696
0.307696
0.307707
0.307716
0.307716
0.307720
0.307712
0.307693
0.307699
0.307703
0.307709
0.307713
0.307710
0.307710
0.307708
0.307699
0.307698
0.307698
0.307714
0.307707
0.307707
0.307735
0.307727
0.307727
0.307727
0.307723
0.307739
0.307739
0.307743
0.307743
0.307743
0.307743
0.307743
0.307743
0.307743
0.307743
0.307743
0.307765
0.307765
0.307780
0.307780
0.307786
0.307779
0.307779
0.307779
0.307779
0.307779
0.307778
0.307782
0.307791
0.307789
0.307794
0.307798
0.307798
0.307798
0.307795
0.307794
0.307794
0.307799
0.307800
0.307799
0.307802
0.307802
0.307798
0.307798
0.307797
0.307801
0.307801
0.307808
0.307808
0.307808
0.307808
0.307785
0.307785
0.307798
0.307807
0.307807
0.307807
0.307807
0.307816
0.307813
0.307816
0.307812
0.307812
0.307804
0.307804
0.307804
0.307804
0.307804
0.307810
0.307810
0.307817
0.307817
0.307826
0.307826
0.307832
0.307831
0.307830
0.307832
0.307832
0.307833
0.307834
0.307836
0.307836
0.307835
0.307835
0.307831
0.307831
0.307835
0.307832
0.307825
0.307827
0.307827
0.307825
0.307825
0.307841
0.307840
0.307840
0.307840
0.307838
0.307794
0.307793
0.307795
0.307799
0.307818
0.307818
0.307829
0.307829
0.307846
0.307836
0.307836
0.307842
0.307859
0.307859
0.307863
0.307863
0.307843
0.307843
0.307844
0.307859
0.307862
0.307862
0.307841
0.307849
0.307846
0.307851
0.307851
0.307842
0.307857
0.307856
0.307856
0.307868
0.307870
0.307870
0.307871
0.307868
0.307868
0.307868
0.307880
0.307879
0.307873
0.307873
0.307874
0.307880
0.307880
0.307886
0.307887
0.307890
0.307895
0.307895
0.307898
0.307902
0.307902
0.307902
0.307902
0.307902
0.307902
0.307903
0.307908
0.307909
0.307910
0.307910
0.307910
0.307910
0.307888
0.307888
0.307888
0.307900
0.307925
0.307927
0.307927
0.307927
0.307925
0.307923
0.307923
0.307923
0.307919
0.307929
0.307931
0.307931
0.307933
0.307935
0.307938
0.307933
0.307933
0.307942
0.307941
0.307944
0.307947
0.307960
0.307964
0.307964
0.307963
0.307981
0.307981
0.307962
0.307962
0.307962
0.307962
0.307978
0.307977
0.307977
0.307984
0.307984
0.307992
0.307989
0.307979
0.307979
0.307979
0.307989
0.307992
0.307992
0.307990
0.307978
0.307988
0.307994
0.307989
0.307981
0.307979
0.307978
0.307978
0.307994
0.307994
0.307991
0.308006
0.308006
0.308006
0.308006
0.308008
0.308008
0.307999
0.307999
0.308003
0.308003
0.308003
0.308009
0.308009
0.308012
0.308013
0.308013
0.308013
0.308013
0.308013
0.308016
0.308014
0.308015
0.308014
0.308012
0.308026
0.308016
0.308016
0.308016
0.308024
0.308032
0.308033
0.308030
0.308029
0.308031
0.308038
0.308045
0.308044
0.308047
0.308064
0.308063
0.308063
0.308059
0.308059
0.308059
0.308052
0.308067
0.308075
0.308073
0.308080
0.308079
0.308096
0.308098
0.308103
0.308108
0.308110
0.308108
0.308108
0.308109
0.308109
0.308109
0.308109
0.308109
0.308109
0.308109
0.308109
0.308106
0.308099
0.308093
0.308103
0.308105
0.308105
0.308094
0.308097
0.308085
0.308088
0.308084
0.308088
0.308089
0.308089
0.308089
0.308089
0.308089
0.308092
0.308093
0.308096
0.308104
0.308104
0.308105
0.308107
0.308107
0.308108
0.308108
0.308108
0.308108
0.308109
0.308109
0.308108
0.308108
0.308108
0.308108
0.308113
0.308113
0.308125
0.308125
0.308131
0.308129
0.308129
0.308129
0.308118
0.308118
0.308121
0.308121
0.308121
0.308130
0.308130
0.308105
0.308135
0.308133
0.308134
0.308136
0.308136
0.308136
0.308140
0.308140
0.308140
0.308141
0.308141
0.308141
0.308140
0.308140
0.308141
0.308141
0.308143
0.308143
0.308143
0.308143
0.308144
0.308144
0.308144
0.308144
0.308144
0.308144
0.308144
0.308176
0.308176
0.308176
0.308163
0.308159
0.308160
0.308165
0.308166
0.308174
0.308174
0.308174
0.308176
0.308173
0.308173
0.308173
0.308173
0.308175
0.308171
0.308171
0.308171
0.308171
0.308171
0.308176
0.308176
0.308176
0.308176
0.308176
0.308177
0.308178
0.308178
0.308178
0.308178
0.308186
0.308186
0.308186
0.308195
0.308195
0.308188
0.308179
0.308176
0.308176
0.308177
0.308181
0.308195
0.308200
0.308200
0.308201
0.308201
0.308183
0.308183
0.308187
0.308181
0.308184
0.308186
0.308190
0.308190
0.308202
0.308202
0.308217
0.308215
0.308215
0.308217
0.308216
0.308216
0.308234
0.308230
0.308242
0.308241
0.308236
0.308242
0.308246
0.308245
0.308247
0.308250
0.308248
0.308246
0.308246
0.308251
0.308248
0.308247
0.308247
0.308246
0.308230
0.308230
0.308236
0.308236
0.308236
0.308245
0.308245
0.308245
0.308245
0.308253
0.308253
0.308253
0.308251
0.308251
0.308251
0.308251
0.308251
0.308245
0.308245
0.308245
0.308245
0.308244
0.308244
0.308243
0.308243
0.308243
0.308244
0.308249
0.308249
0.308249
0.308249
0.308249
0.308249
0.308249
0.308261
0.308261
0.308259
0.308259
0.308259
0.308259
0.308259
0.308259
0.308259
0.308267
0.308267
0.308267
0.308266
0.308266
0.308263
0.308269
0.308269
0.308267
0.308269
0.308269
0.308260
0.308264
0.308263
0.308268
0.308268
0.308266
0.308264
0.308274
0.308266
0.308262
0.308262
0.308262
0.308262
0.308262
0.308264
0.308264
0.308266
0.308269
0.308269
0.308269
0.308251
0.308251
0.308251
0.308251
0.308251
0.308251
0.308266
0.308277
0.308277
0.308277
0.308272
0.308272
0.308272
0.308272
0.308277
0.308286
0.308285
0.308285
0.308285
0.308289
0.308289
0.308289
0.308289
0.308289
0.308289
0.308284
0.308288
0.308291
0.308293
0.308296
0.308303
0.308303
0.308300
0.308298
0.308298
0.308298
0.308298
0.308311
0.308311
0.308313
0.308313
0.308313
0.308308
0.308308
0.308307
0.308308
0.308317
0.308316
0.308316
0.308316
0.308310
0.308310
0.308310
0.308310
0.308300
0.308300
0.308300
0.308300
0.308303
0.308303
0.308303
0.308303
0.308303
0.308305
0.308306
0.308309
0.308291
0.308291
0.308295
0.308299
0.308309
0.308309
0.308314
0.308320
0.308320
0.308316
0.308316
0.308315
0.308315
0.308310
0.308310
0.308303
0.308307
0.308307
0.308309
0.308314
0.308314
0.308305
0.308311
0.308310
0.308310
0.308311
0.308311
0.308325
0.308326
0.308323
0.308323
0.308323
0.308323
0.308341
0.308350
0.308351
0.308353
0.308353
0.308353
0.308352
0.308353
0.308353
0.308353
0.308353
0.308350
0.308357
0.308357
0.308357
0.308357
0.308357
0.308353
0.308353
0.308352
0.308348
0.308359
0.308359
0.308355
0.308355
0.308355
0.308355
0.308354
0.308354
0.308354
0.308366
0.308360
0.308357
0.308357
0.308349
0.308349
0.308355
0.308360
0.308360
0.308359
0.308359
0.308359
0.308370
0.308370
0.308385
0.308385
0.308386
0.308400
0.308400
0.308379
0.308387
0.308384
0.308392
0.308393
0.308397
0.308397
0.308397
0.308398
0.308397
0.308397
0.308397
0.308397
0.308409
0.308409
0.308409
0.308401
0.308401
0.308401
0.308399
0.308408
0.308408
0.308408
0.308407
0.308408
0.308408
0.308418
0.308418
0.308421
0.308421
0.308421
0.308421
0.308417
0.308416
0.308409
0.308406
0.308400
0.308400
0.308406
0.308418
0.308418
0.308418
0.308427
0.308416
0.308417
0.308416
0.308415
0.308415
0.308424
0.308424
0.308428
0.308428
0.308417
0.308413
0.308413
0.308416
0.308419
0.308429
0.308455
0.308456
0.308459
0.308456
0.308460
0.308455
0.308455
0.308460
0.308461
0.308461
0.308459
0.308456
0.308457
0.308457
0.308464
0.308464
0.308464
0.308464
0.308464
0.308473
0.308476
0.308475
0.308475
0.308474
0.308474
0.308468
0.308468
0.308468
0.308494
0.308516
0.308516
0.308516
0.308514
0.308508
0.308508
0.308517
0.308508
0.308508
0.308520
0.308531
0.308538
0.308531
0.308532
0.308527
0.308526
0.308520
0.308502
0.308520
0.308520
0.308520
0.308534
0.308538
0.308538
0.308536
0.308536
0.308536
0.308537
0.308537
0.308536
0.308536
0.308536
0.308536
0.308536
0.308536
0.308539
0.308535
0.308535
0.308534
0.308534
0.308534
0.308537
0.308529
0.308531
0.308529
0.308529
0.308539
0.308539
0.308539
0.308539
0.308540
0.308538
0.308538
0.308534
0.308534
0.308534
0.308534
0.308546
0.308546
0.308546
0.308548
0.308544
0.308556
0.308557
0.308557
0.308557
0.308559
0.308558
0.308558
0.308550
0.308550
0.308553
0.308554
0.308554
0.308555
0.308556
0.308556
0.308556
0.308556
0.308556
0.308556
0.308556
0.308558
0.308546
0.308546
0.308546
0.308550
0.308550
0.308554
0.308554
0.308554
0.308554
0.308554
0.308554
0.308560
0.308559
0.308559
0.308568
0.308568
0.308566
0.308566
0.308578
0.308576
0.308575
0.308578
0.308578
0.308576
0.308585
0.308585
0.308588
0.308588
0.308588
0.308587
0.308603
0.308603
0.308603
0.308603
0.308605
0.308605
0.308611
0.308611
0.308604
0.308604
0.308607
0.308607
0.308604
0.308605
0.308605
0.308584
0.308574
0.308580
0.308580
0.308580
0.308604
0.308604
0.308604
0.308604
0.308601
0.308597
0.308597
0.308602
0.308602
0.308602
0.308602
0.308602
0.308607
0.308607
0.308607
0.308607
0.308607
0.308611
0.308611
0.308611
0.308611
0.308611
0.308611
0.308610
0.308609
0.308609
0.308609
0.308609
0.308609
0.308609
0.308609
0.308608
0.308608
0.308605
0.308604
0.308608
0.308608
0.308614
0.308617
0.308617
0.308631
0.308631
0.308631
0.308631
0.308631
0.308638
0.308638
0.308638
0.308649
0.308654
0.308654
0.308654
0.308654
0.308644
0.308644
0.308644
0.308644
0.308645
0.308645
0.308645
0.308645
0.308644
0.308633
0.308636
0.308636
0.308636
0.308636
0.308642
0.308644
0.308644
0.308645
0.308645
0.308645
0.308645
0.308645
0.308643
0.308647
0.308645
0.308645
0.308645
0.308656
0.308655
0.308649
0.308649
0.308645
0.308642
0.308645
0.308645
0.308649
0.308649
0.308650
0.308650
0.308650
0.308647
0.308647
0.308647
0.308648
0.308652
0.308652
0.308652
0.308652
0.308652
0.308651
0.308651
0.308646
0.308644
0.308644
0.308644
0.308650
0.308669
0.308675
0.308676
0.308676
0.308676
0.308679
0.308680
0.308680
0.308676
0.308682
0.308682
0.308676
0.308685
0.308664
0.308679
0.308679
0.308679
0.308679
0.308679
0.308694
0.308698
0.308696
0.308696
0.308709
0.308701
0.308701
0.308701
0.308701
0.308711
0.308713
0.308725
0.308725
0.308716
0.308716
0.308716
0.308716
0.308711
0.308718
0.308719
0.308726
0.308732
0.308726
0.308731
0.308737
0.308737
0.308735
0.308735
0.308737
0.308742
0.308742
0.308742
0.308743
0.308743
0.308745
0.308745
0.308745
0.308745
0.308742
0.308742
0.308743
0.308743
0.308743
0.308740
0.308742
0.308742
0.308739
0.308758
0.308758
0.308778
0.308759
0.308768
0.308778
0.308773
0.308778
0.308779
0.308773
0.308774
0.308782
0.308782
0.308788
0.308778
0.308778
0.308781
0.308781
0.308781
0.308776
0.308776
0.308794
0.308794
0.308794
0.308794
0.308794
0.308787
0.308784
0.308787
0.308777
0.308777
0.308770
0.308770
0.308772
0.308785
0.308785
0.308785
0.308745
0.308738
0.308738
0.308738
0.308738
0.308767
0.308767
0.308767
0.308767
0.308767
0.308767
0.308774
0.308768
0.308762
0.308762
0.308762
0.308764
0.308767
0.308767
0.308768
0.308767
0.308767
0.308767
0.308767
0.308769
0.308769
0.308762
0.308762
0.308765
0.308765
0.308770
0.308771
0.308772
0.308772
0.308772
0.308774
0.308778
0.308778
0.308778
0.308772
0.308772
0.308770
0.308770
0.308779
0.308779
0.308793
0.308790
0.308790
0.308790
0.308794
0.308804
0.308806
0.308808
0.308808
0.308804
0.308799
0.308778
0.308773
0.308767
0.308788
0.308788
0.308793
0.308793
0.308791
0.308785
0.308785
0.308783
0.308783
0.308787
0.308799
0.308799
0.308799
0.308799
0.308798
0.308798
0.308798
0.308798
0.308798
0.308798
0.308798
0.308799
0.308801
0.308801
0.308800
0.308809
0.308809
0.308809
0.308809
0.308809
0.308809
0.308809
0.308818
0.308818
0.308818
0.308818
0.308824
0.308824
0.308824
0.308828
0.308825
0.308826
0.308826
0.308832
0.308832
0.308843
0.308841
0.308842
0.308839
0.308839
0.308840
0.308840
0.308845
0.308847
0.308849
0.308849
0.308849
0.308849
0.308849
0.308849
0.308848
0.308851
0.308851
0.308851
0.308851
0.308850
0.308850
0.308850
0.308852
0.308852
0.308856
0.308856
0.308856
0.308856
0.308856
0.308856
0.308861
0.308861
0.308861
0.308861
0.308860
0.308860
0.308866
0.308875
0.308875
0.308876
0.308878
0.308879
0.308879
0.308879
0.308870
0.308879
0.308879
0.308881
0.308888
0.308888
0.308893
0.308893
0.308905
0.308905
0.308905
0.308907
0.308910
0.308911
0.308911
0.308911
0.308911
0.308906
0.308907
0.308910
0.308910
0.308910
0.308910
0.308914
0.308914
0.308918
0.308918
0.308918
0.308905
0.308905
0.308899
0.308912
0.308907
0.308907
0.308907
0.308914
0.308922
0.308922
0.308922
0.308914
0.308914
0.308914
0.308912
0.308915
0.308918
0.308918
0.308918
0.308918
0.308911
0.308922
0.308922
0.308922
0.308920
0.308931
0.308943
0.308942
0.308942
0.308935
0.308935
0.308935
0.308934
0.308936
0.308936
0.308936
0.308936
0.308937
0.308937
0.308935
0.308940
0.308940
0.308941
0.308936
0.308936
0.308936
0.308936
0.308936
0.308936
0.308940
0.308940
0.308930
0.308929
0.308929
0.308930
0.308942
0.308944
0.308947
0.308949
0.308948
0.308948
0.308948
0.308953
0.308954
0.308954
0.308955
0.308958
0.308957
0.308957
0.308957
0.308958
0.308960
0.308960
0.308960
0.308960
0.308981
0.308981
0.308981
0.308978
0.308983
0.308983
0.308983
0.308983
0.308991
0.308991
0.308995
0.308996
0.308995
0.308993
0.308994
0.308995
0.308995
0.308996
0.308996
0.308997
0.309003
0.309013
0.309012
0.309006
0.308990
0.308990
0.308991
0.308991
0.308991
0.308995
0.308995
0.308995
0.309005
0.309005
0.309005
0.309010
0.309010
0.309007
0.309004
0.309003
0.309006
0.309006
0.309002
0.309002
0.309007
0.309007
0.309007
0.309007
0.309007
0.309008
0.309012
0.309012
0.309011
0.309005
0.309007
0.309008
0.309008
0.309008
0.309013
0.309012
0.309011
0.309016
0.309016
0.309016
0.309016
0.309016
0.309016
0.309016
0.309016
0.309016
0.309013
0.309013
0.309022
0.309024
0.309024
0.309030
0.309028
0.309023
0.309023
0.309019
0.309019
0.309026
0.309026
0.309027
0.309027
0.309026
0.309027
0.309023
0.309030
0.309025
0.309039
0.309051
0.309051
0.309051
0.309050
0.309050
0.309048
0.309047
0.309048
0.309050
0.309050
0.309051
0.309051
0.309051
0.309051
0.309051
0.309051
0.309051
0.309040
0.309034
0.309038
0.309038
0.309044
0.309044
0.309044
0.309041
0.309052
0.309042
0.309039
0.309039
0.309046
0.309046
0.309046
0.309046
0.309051
0.309051
0.309051
0.309051
0.309051
0.309051
0.309046
0.309033
0.309036
0.309036
0.309036
0.309036
0.309036
0.309028
0.309027
0.309027
0.309031
0.309031
0.309030
0.309030
0.309028
0.309028
0.309032
0.309041
0.309041
0.309047
0.309047
0.309047
0.309049
0.309049
0.309049
0.309052
0.309051
0.309051
0.309051
0.309051
0.309052
0.309052
0.309059
0.309065
0.309065
0.309065
0.309067
0.309065
0.309066
0.309065
0.309069
0.309069
0.309069
0.309069
0.309069
0.309069
0.309069
0.309066
0.309065
0.309066
0.309066
0.309072
0.309076
0.309078
0.309078
0.309077
0.309077
0.309076
0.309076
0.309076
0.309076
0.309076
0.309076
0.309076
0.309076
0.309071
0.309071
0.309071
0.309077
0.309077
0.309075
0.309071
0.309071
0.309071
0.309073
0.309073
0.309075
0.309075
0.309075
0.309075
0.309075
0.309075
0.309075
0.309075
0.309075
0.309068
0.309068
0.309068
0.309078
0.309071
0.309066
0.309059
0.309056
0.309063
0.309071
0.309066
0.309066
0.309066
0.309069
0.309069
0.309074
0.309074
0.309055
0.309054
0.309065
0.309065
0.309062
0.309062
0.309062
0.309062
0.309066
0.309071
0.309076
0.309073
0.309082
0.309080
0.309080
0.309080
0.309091
0.309089
0.309092
0.309087
0.309087
0.309087
0.309092
0.309092
0.309094
0.309094
0.309094
0.309094
0.309094
0.309094
0.309094
0.309094
0.309093
0.309094
0.309095
0.309096
0.309098
0.309099
0.309090
0.309097
0.309097
0.309097
0.309097
0.309097
0.309097
0.309100
0.309100
0.309100
0.309096
0.309096
0.309113
0.309128
0.309127
0.309122
0.309122
0.309120
0.309118
0.309118
0.309118
0.309118
0.309118
0.309117
0.309128
0.309128
0.309136
0.309136
0.309136
0.309134
0.309145
0.309145
0.309145
0.309153
0.309153
0.309154
0.309144
0.309144
0.309144
0.309144
0.309153
0.309157
0.309157
0.309157
0.309157
0.309157
0.309155
0.309146
0.309146
0.309150
0.309146
0.309150
0.309150
0.309150
0.309150
0.309141
0.309156
0.309156
0.309149
0.309149
0.309175
0.309179
0.309179
0.309177
0.309176
0.309169
0.309169
0.309172
0.309169
0.309169
0.309169
0.309194
0.309194
0.309194
0.309195
0.309195
0.309195
0.309197
0.309198
0.309199
0.309199
0.309199
0.309198
0.309198
0.309197
0.309197
0.309191
0.309196
0.309203
0.309203
0.309197
0.309203
0.309198
0.309198
0.309198
0.309205
0.309187
0.309187
0.309200
0.309200
0.309214
0.309211
0.309209
0.309209
0.309197
0.309198
0.309198
0.309198
0.309205
0.309207
0.309211
0.309216
0.309215
0.309215
0.309209
0.309209
0.309209
0.309209
0.309209
0.309218
0.309226
0.309226
0.309226
0.309226
0.309233
0.309230
0.309225
0.309225
0.309225
0.309225
0.309225
0.309231
0.309238
0.309238
0.309237
0.309237
0.309238
0.309238
0.309240
0.309240
0.309249
0.309249
0.309249
0.309248
0.309246
0.309247
0.309247
0.309253
0.309257
0.309260
0.309259
0.309259
0.309259
0.309259
0.309263
0.309267
0.309275
0.309275
0.309273
0.309271
0.309275
0.309275
0.309275
0.309276
0.309279
0.309281
0.309281
0.309281
0.309281
0.309282
0.309287
0.309290
0.309290
0.309290
0.309298
0.309301
0.309306
0.309306
0.309304
0.309304
0.309304
0.309304
0.309309
0.309310
0.309310
0.309312
0.309312
0.309314
0.309313
0.309313
0.309313
0.309313
0.309313
0.309331
0.309323
0.309321
0.309321
0.309321
0.309323
0.309323
0.309333
0.309332
0.309323
0.309321
0.309333
0.309333
0.309335
0.309336
0.309337
0.309353
0.309334
0.309334
0.309334
0.309348
0.309348
0.309350
0.309352
0.309352
0.309352
0.309348
0.309349
0.309349
0.309349
0.309351
0.309351
0.309351
0.309353
0.309353
0.309348
0.309348
0.309348
0.309350
0.309350
0.309350
0.309350
0.309350
0.309350
0.309350
0.309350
0.309348
0.309351
0.309354
0.309354
0.309354
0.309355
0.309355
0.309355
0.309355
0.309354
0.309354
0.309354
0.309354
0.309354
0.309351
0.309351
0.309351
0.309351
0.309348
0.309346
0.309348
0.309348
0.309348
0.309355
0.309363
0.309363
0.309361
0.309356
0.309352
0.309352
0.309357
0.309361
0.309361
0.309361
0.309361
0.309361
0.309361
0.309361
0.309361
0.309361
0.309361
0.309361
0.309362
0.309365
0.309365
0.309365
0.309366
0.309366
0.309366
0.309366
0.309366
0.309365
0.309379
0.309377
0.309376
0.309384
0.309379
0.309379
0.309382
0.309382
0.309384
0.309384
0.309383
0.309383
0.309383
0.309383
0.309383
0.309383
0.309383
0.309386
0.309393
0.309392
0.309391
0.309393
0.309389
0.309390
0.309390
0.309390
0.309407
0.309411
0.309411
0.309411
0.309411
0.309412
0.309412
0.309406
0.309392
0.309392
0.309392
0.309393
0.309393
0.309397
0.309405
0.309413
0.309416
0.309409
0.309404
0.309404
0.309405
0.309405
0.309405
0.309405
0.309430
0.309434
0.309433
0.309434
0.309434
0.309432
0.309434
0.309434
0.309435
0.309431
0.309431
0.309428
0.309427
0.309427
0.309428
0.309428
0.309437
0.309437
0.309433
0.309432
0.309432
0.309432
0.309423
0.309423
0.309423
0.309423
0.309425
0.309425
0.309422
0.309424
0.309423
0.309416
0.309412
0.309407
0.309421
0.309421
0.309433
0.309433
0.309433
0.309438
0.309436
0.309436
0.309439
0.309441
0.309438
0.309438
0.309439
0.309438
0.309438
0.309415
0.309412
0.309429
0.309430
0.309430
0.309430
0.309432
0.309432
0.309433
0.309433
0.309433
0.309432
0.309432
0.309432
0.309432
0.309427
0.309431
0.309431
0.309431
0.309431
0.309431
0.309428
0.309425
0.309425
0.309425
0.309425
0.309425
0.309425
0.309428
0.309428
0.309427
0.309433
0.309438
0.309435
0.309435
0.309436
0.309434
0.309434
0.309435
0.309436
0.309421
0.309421
0.309421
0.309421
0.309432
0.309432
0.309432
0.309432
0.309432
0.309432
0.309432
0.309434
0.309430
0.309434
0.309434
0.309447
0.309449
0.309448
0.309449
0.309451
0.309448
0.309451
0.309452
0.309454
0.309461
0.309460
0.309460
0.309460
0.309469
0.309469
0.309468
0.309468
0.309468
0.309459
0.309459
0.309459
0.309459
0.309470
0.309470
0.309470
0.309476
0.309469
0.309469
0.309469
0.309472
0.309467
0.309470
0.309470
0.309470
0.309465
0.309465
0.309467
0.309466
0.309468
0.309468
0.309468
0.309466
0.309466
0.309466
0.309466
0.309466
0.309471
0.309465
0.309467
0.309467
0.309462
0.309462
0.309460
0.309457
0.309455
0.309465
0.309465
0.309476
0.309476
0.309495
0.309498
0.309498
0.309508
0.309508
0.309508
0.309506
0.309505
0.309504
0.309504
0.309505
0.309505
0.309505
0.309505
0.309509
0.309509
0.309509
0.309511
0.309510
0.309513
0.309522
0.309522
0.309522
0.309523
0.309523
0.309524
0.309524
0.309524
0.309531
0.309532
0.309536
0.309536
0.309536
0.309536
0.309537
0.309537
0.309537
0.309539
0.309539
0.309539
0.309539
0.309540
0.309540
0.309532
0.309532
0.309534
0.309534
0.309534
0.309534
0.309534
0.309534
0.309536
0.309536
0.309536
0.309536
0.309536
0.309535
0.309535
0.309534
0.309524
0.309529
0.309531
0.309528
0.309528
0.309528
0.309526
0.309526
0.309528
0.309528
0.309528
0.309530
0.309530
0.309530
0.309530
0.309530
0.309530
0.309530
0.309530
0.309530
0.309527
0.309527
0.309532
0.309532
0.309532
0.309544
0.309539
0.309537
0.309537
0.309542
0.309543
0.309548
0.309548
0.309548
0.309550
0.309550
0.309550
0.309550
0.309550
0.309550
0.309561
0.309561
0.309561
0.309556
0.309556
0.309556
0.309556
0.309569
0.309563
0.309560
0.309556
0.309556
0.309559
0.309558
0.309561
0.309560
0.309559
0.309559
0.309561
0.309564
0.309566
0.309568
0.309568
0.309568
0.309567
0.309564
0.309564
0.309564
0.309568
0.309571
0.309573
0.309573
0.309573
0.309567
0.309575
0.309583
0.309583
0.309583
0.309584
0.309584
0.309584
0.309584
0.309584
0.309586
0.309586
0.309586
0.309581
0.309581
0.309591
0.309591
0.309591
0.309594
0.309593
0.309595
0.309594
0.309596
0.309596
0.309596
0.309596
0.309596
0.309594
0.309615
0.309615
0.309615
0.309615
0.309615
0.309615
0.309613
0.309613
0.309613
0.309611
0.309614
0.309613
0.309611
0.309611
0.309614
0.309614
0.309615
0.309615
0.309616
0.309616
0.309616
0.309626
0.309623
0.309625
0.309614
0.309617
0.309617
0.309617
0.309631
0.309629
0.309629
0.309629
0.309629
0.309629
0.309629
0.309629
0.309629
0.309629
0.309629
0.309629
0.309629
0.309629
0.309629
0.309629
0.309629
0.309630
0.309632
0.309632
0.309632
0.309632
0.309632
0.309632
0.309645
0.309645
0.309651
0.309651
0.309651
0.309650
0.309650
0.309650
0.309650
0.309650
0.309650
0.309650
0.309652
0.309652
0.309652
0.309655
0.309655
0.309655
0.309655
0.309655
0.309655
0.309655
0.309650
0.309650
0.309650
0.309650
0.309650
0.309654
0.309654
0.309657
0.309657
0.309661
0.309661
0.309660
0.309658
0.309658
0.309658
0.309658
0.309662
0.309663
0.309656
0.309656
0.309656
0.309668
0.309669
0.309669
0.309669
0.309668
0.309668
0.309669
0.309667
0.309665
0.309675
0.309675
0.309675
0.309678
0.309678
0.309678
0.309675
0.309675
0.309675
0.309675
0.309673
0.309673
0.309675
0.309675
0.309675
0.309675
0.309677
0.309677
0.309676
0.309675
0.309671
0.309670
0.309670
0.309670
0.309670
0.309670
0.309670
0.309670
0.309670
0.309670
0.309670
0.309670
0.309675
0.309675
0.309674
0.309674
0.309682
0.309682
0.309684
0.309683
0.309700
0.309698
0.309699
0.309697
0.309697
0.309697
0.309697
0.309695
0.309695
0.309693
0.309694
0.309689
0.309709
0.309709
0.309709
0.309709
0.309709
0.309716
0.309709
0.309709
0.309710
0.309710
0.309711
0.309711
0.309709
0.309709
0.309709
0.309709
0.309712
0.309715
0.309718
0.309718
0.309718
0.309718
0.309719
0.309713
0.309724
0.309729
0.309734
0.309734
0.309739
0.309739
0.309738
0.309738
0.309738
0.309738
0.309738
0.309738
0.309738
0.309738
0.309738
0.309730
0.309730
0.309729
0.309729
0.309739
0.309739
0.309754
0.309752
0.309753
0.309753
0.309752
0.309752
0.309755
0.309755
0.309755
0.309755
0.309755
0.309760
0.309760
0.309760
0.309759
0.309759
0.309757
0.309757
0.309757
0.309757
0.309762
0.309762
0.309762
0.309762
0.309762
0.309762
0.309762
0.309762
0.309762
0.309762
0.309763
0.309763
0.309763
0.309762
0.309762
0.309762
0.309766
0.309766
0.309766
0.309766
0.309766
0.309766
0.309758
0.309766
0.309766
0.309766
0.309764
0.309759
0.309766
0.309764
0.309765
0.309765
0.309765
0.309771
0.309775
0.309775
0.309776
0.309776
0.309779
0.309774
0.309774
0.309776
0.309772
0.309775
0.309777
0.309783
0.309783
0.309783
0.309780
0.309785
0.309785
0.309786
0.309787
0.309787
0.309795
0.309799
0.309799
0.309807
0.309807
0.309807
0.309809
0.309811
0.309791
0.309791
0.309789
0.309802
0.309814
0.309812
0.309812
0.309814
0.309814
0.309814
0.309814
0.309813
0.309814
0.309814
0.309814
0.309814
0.309814
0.309805
0.309805
0.309801
0.309789
0.309789
0.309795
0.309812
0.309812
0.309815
0.309815
0.309813
0.309807
0.309807
0.309806
0.309806
0.309808
0.309808
0.309809
0.309809
0.309813
0.309813
0.309813
0.309809
0.309809
0.309810
0.309810
0.309810
0.309810
0.309810
0.309814
0.309821
0.309815
0.309815
0.309815
0.309821
0.309821
0.309828
0.309821
0.309821
0.309821
0.309819
0.309819
0.309819
0.309818
0.309826
0.309826
0.309831
0.309831
0.309833
0.309833
0.309833
0.309833
0.309831
0.309835
0.309837
0.309837
0.309843
0.309843
0.309854
0.309854
0.309854
0.309855
0.309855
0.309858
0.309858
0.309858
0.309857
0.309857
0.309857
0.309857
0.309863
0.309863
0.309855
0.309873
0.309873
0.309873
0.309871
0.309871
0.309873
0.309874
0.309874
0.309875
0.309892
0.309892
0.309892
0.309892
0.309882
0.309883
0.309883
0.309887
0.309887
0.309895
0.309897
0.309897
0.309897
0.309897
0.309884
0.309884
0.309885
0.309891
0.309894
0.309893
0.309893
0.309895
0.309895
0.309888
0.309880
0.309878
0.309882
0.309882
0.309886
0.309888
0.309888
0.309886
0.309887
0.309889
0.309889
0.309888
0.309888
0.309888
0.309890
0.309890
0.309891
0.309891
0.309894
0.309894
0.309894
0.309894
0.309894
0.309894
0.309894
0.309897
0.309899
0.309899
0.309901
0.309906
0.309906
0.309906
0.309908
0.309907
0.309894
0.309894
0.309895
0.309895
0.309895
0.309895
0.309895
0.309897
0.309906
0.309909
0.309909
0.309909
0.309903
0.309904
0.309908
0.309923
0.309935
0.309935
0.309935
0.309935
0.309937
0.309928
0.309928
0.309928
0.309928
0.309928
0.309924
0.309924
0.309924
0.309930
0.309930
0.309928
0.309928
0.309933
0.309931
0.309931
0.309933
0.309933
0.309934
0.309934
0.309934
0.309934
0.309934
0.309936
0.309930
0.309928
0.309928
0.309928
0.309929
0.309929
0.309929
0.309934
0.309934
0.309934
0.309934
0.309945
0.309952
0.309952
0.309959
0.309959
0.309959
0.309959
0.309959
0.309959
0.309959
0.309959
0.309959
0.309964
0.309964
0.309961
0.309961
0.309961
0.309959
0.309960
0.309975
0.309975
0.309977
0.309977
0.309977
0.309980
0.309982
0.309985
0.309985
0.309986
0.309986
0.309989
0.309991
0.309989
0.309989
0.309988
0.309988
0.309988
0.309989
0.309990
0.309990
0.309990
0.309993
0.309993
0.309992
0.309992
0.309984
0.309984
0.309984
0.309986
0.309985
0.309985
0.309985
0.309992
0.309992
0.309992
0.309989
0.309989
0.309989
0.309989
0.309989
0.309989
0.309991
0.309991
0.309991
0.309991
0.309991
0.309987
0.309987
0.309987
0.309999
0.309999
0.309999
0.309993
0.309993
0.309993
0.309993
0.309993
0.309993
0.309994
0.309994
0.309995
0.309995
0.309994
0.309994
0.309995
0.309995
0.309994
0.309994
0.309994
0.309987
0.309987
0.309987
0.309987
0.309984
0.309983
0.309987
0.309987
0.309987
0.309987
0.309987
0.309987
0.309988
0.309984
0.309984
0.309982
0.309982
0.309982
0.309984
0.309982
0.309983
0.309984
0.309988
0.309988
0.309988
0.309988
0.309988
0.309990
0.309990
0.309983
0.309983
0.309983
0.309984
0.309984
0.309990
0.309989
0.309989
0.309988
0.309988
0.309992
0.309992
0.309992
0.309993
0.309993
0.309993
0.309993
0.309992
0.309987
0.309987
0.309988
0.309989
0.309989
0.309989
0.309985
0.309985
0.309985
0.309985
0.309986
0.309986
0.309986
0.309986
0.309986
0.309986
0.309986
0.309990
0.309990
0.309990
0.309982
0.309983
0.309986
0.309986
0.309986
0.309991
0.309990
0.309989
0.309986
0.309999
0.310001
0.310008
0.310008
0.310006
0.310005
0.310005
0.310005
0.310005
0.310009
0.310009
0.310009
0.310009
0.310009
0.310010
0.309997
0.309997
0.309995
0.309995
0.309995
0.309995
0.309995
0.309995
0.310000
0.310000
0.309999
0.310000
0.310000
0.309999
0.310002
0.310002
0.310005
0.310006
0.310006
0.310006
0.310006
0.310006
0.310006
0.310006
0.310003
0.310003
0.310002
0.310002
0.310002
0.310002
0.310002
0.310010
0.310009
0.310009
0.310009
0.310016
0.310020
0.310020
0.310019
0.310020
0.310020
0.310020
0.310020
0.310019
0.310019
0.310019
0.310021
0.310021
0.310021
0.310021
0.310021
0.310021
0.310023
0.310023
0.310021
0.310021
0.310021
0.310025
0.310023
0.310023
0.310023
0.310024
0.310027
0.310027
0.310030
0.310023
0.310023
0.310023
0.310025
0.310024
0.310028
0.310035
0.310043
0.310042
0.310042
0.310042
0.310040
0.310029
0.310029
0.310041
0.310045
0.310045
0.310045
0.310045
0.310045
0.310045
0.310045
0.310045
0.310045
0.310045
0.310045
0.310045
0.310045
0.310045
0.310045
0.310045
0.310045
0.310046
0.310046
0.310046
0.310047
0.310047
0.310047
0.310047
0.310047
0.310042
0.310042
0.310049
0.310049
0.310052
0.310052
0.310052
0.310052
0.310052
0.310052
0.310052
0.310052
0.310048
0.310048
0.310045
0.310045
0.310045
0.310045
0.310048
0.310048
0.310048
0.310048
0.310048
0.310048
0.310048
0.310047
0.310047
0.310051
0.310051
0.310029
0.310012
0.310012
0.310012
0.310041
0.310049
0.310053
0.310053
0.310047
0.310045
0.310047
0.310052
0.310053
0.310053
0.310060
0.310060
0.310060
0.310060
0.310059
0.310058
0.310058
0.310058
0.310058
0.310058
0.310060
0.310060
0.310060
0.310060
0.310062
0.310062
0.310062
0.310069
0.310069
0.310069
0.310073
0.310073
0.310073
0.310073
0.310073
0.310079
0.310079
0.310078
0.310078
0.310078
0.310079
0.310081
0.310076
0.310076
0.310076
0.310076
0.310076
0.310079
0.310079
0.310079
0.310079
0.310079
0.310079
0.310079
0.310081
0.310081
0.310082
0.310082
0.310082
0.310082
0.310082
0.310082
0.310082
0.310082
0.310084
0.310084
0.310084
0.310083
0.310083
0.310063
0.310063
0.310063
0.310080
0.310079
0.310079
0.310080
0.310080
0.310080
0.310080
0.310080
0.310083
0.310090
0.310091
0.310086
0.310088
0.310088
0.310088
0.310090
0.310092
0.310089
0.310087
0.310088
0.310088
0.310088
0.310086
0.310086
0.310086
0.310091
0.310091
0.310091
0.310091
0.310091
0.310091
0.310084
0.310085
0.310092
0.310092
0.310091
0.310081
0.310081
0.310081
0.310085
0.310082
0.310086
0.310091
0.310087
0.310080
0.310084
0.310078
0.310078
0.310078
0.310087
0.310089
0.310095
0.310095
0.310096
0.310088
0.310082
0.310082
0.310087
0.310094
0.310096
0.310092
0.310097
0.310095
0.310080
0.310082
0.310082
0.310106
0.310106
0.310104
0.310104
0.310105
0.310095
0.310096
0.310096
0.310096
0.310096
0.310103
0.310105
0.310105
0.310105
0.310113
0.310113
0.310113
0.310108
0.310108
0.310108
0.310108
0.310115
0.310115
0.310115
0.310114
0.310115
0.310116
0.310116
0.310116
0.310112
0.310112
0.310112
0.310112
0.310116
0.310116
0.310118
0.310118
0.310118
0.310118
0.310118
0.310118
0.310120
0.310120
0.310120
0.310123
0.310123
0.310123
0.310120
0.310120
0.310122
0.310129
0.310132
0.310134
0.310134
0.310134
0.310133
0.310133
0.310133
0.310129
0.310129
0.310129
0.310129
0.310138
0.310138
0.310138
0.310139
0.310139
0.310139
0.310139
0.310143
0.310145
0.310145
0.310150
0.310150
0.310150
0.310153
0.310154
0.310156
0.310156
0.310145
0.310147
0.310152
0.310152
0.310152
0.310152
0.310152
0.310154
0.310154
0.310155
0.310155
0.310155
0.310155
0.310152
0.310148
0.310148
0.310148
0.310148
0.310154
0.310155
0.310155
0.310151
0.310151
0.310156
0.310154
0.310155
0.310155
0.310153
0.310156
0.310158
0.310158
0.310159
0.310160
0.310159
0.310159
0.310155
0.310155
0.310155
0.310155
0.310156
0.310155
0.310155
0.310157
0.310157
0.310156
0.310156
0.310156
0.310156
0.310156
0.310157
0.310157
0.310157
0.310160
0.310160
0.310157
0.310159
0.310159
0.310162
0.310162
0.310163
0.310164
0.310164
0.310164
0.310164
0.310161
0.310161
0.310162
0.310162
0.310162
0.310166
0.310166
0.310166
0.310166
0.310166
0.310166
0.310166
0.310169
0.310170
0.310170
0.310170
0.310171
0.310171
0.310178
0.310178
0.310178
0.310179
0.310175
0.310177
0.310179
0.310179
0.310171
0.310171
0.310168
0.310170
0.310170
0.310170
0.310170
0.310179
0.310179
0.310172
0.310169
0.310169
0.310166
0.310165
0.310160
0.310176
0.310177
0.310170
0.310170
0.310170
0.310170
0.310175
0.310186
0.310186
0.310195
0.310190
0.310194
0.310215
0.310215
0.310212
0.310212
0.310212
0.310212
0.310214
0.310214
0.310214
0.310217
0.310217
0.310217
0.310218
0.310218
0.310218
0.310223
0.310223
0.310224
0.310224
0.310224
0.310224
0.310228
0.310231
0.310218
0.310218
0.310218
0.310218
0.310230
0.310230
0.310231
0.310231
0.310231
0.310222
0.310222
0.310222
0.310222
0.310226
0.310233
0.310233
0.310222
0.310222
0.310224
0.310224
0.310235
0.310235
0.310231
0.310231
0.310231
0.310231
0.310234
0.310234
0.310237
0.310234
0.310240
0.310240
0.310246
0.310243
0.310243
0.310241
0.310244
0.310244
0.310246
0.310249
0.310250
0.310249
0.310249
0.310248
0.310248
0.310251
0.310251
0.310251
0.310251
0.310253
0.310253
0.310257
0.310258
0.310264
0.310255
0.310254
0.310250
0.310246
0.310282
0.310282
0.310283
0.310283
0.310283
0.310283
0.310281
0.310291
0.310290
0.310290
0.310290
0.310290
0.310288
0.310288
0.310289
0.310289
0.310289
0.310289
0.310290
0.310290
0.310290
0.310290
0.310290
0.310290
0.310285
0.310292
0.310283
0.310291
0.310291
0.310288
0.310288
0.310288
0.310289
0.310288
0.310285
0.310285
0.310277
0.310279
0.310279
0.310279
0.310286
0.310286
0.310286
0.310286
0.310288
0.310288
0.310288
0.310288
0.310288
0.310288
0.310288
0.310288
0.310288
0.310288
0.310288
0.310286
0.310286
0.310281
0.310285
0.310285
0.310286
0.310286
0.310286
0.310285
0.310285
0.310285
0.310290
0.310290
0.310291
0.310291
0.310291
0.310291
0.310291
0.310291
0.310291
0.310291
0.310291
0.310291
0.310291
0.310291
0.310291
0.310291
0.310291
0.310291
0.310291
0.310291
0.310292
0.310292
0.310292
0.310294
0.310285
0.310285
0.310288
0.310288
0.310301
0.310308
0.310314
0.310311
0.310311
0.310323
0.310323
0.310323
0.310323
0.310326
0.310326
0.310326
0.310323
0.310323
0.310323
0.310323
0.310324
0.310324
0.310324
0.310325
0.310326
0.310327
0.310328
0.310327
0.310327
0.310327
0.310327
0.310327
0.310329
0.310329
0.310335
0.310335
0.310335
0.310335
0.310335
0.310336
0.310337
0.310338
0.310324
0.310324
0.310319
0.310321
0.310321
0.310321
0.310332
0.310332
0.310332
0.310333
0.310333
0.310331
0.310331
0.310331
0.310331
0.310332
0.310337
0.310337
0.310337
0.310341
0.310341
0.310339
0.310337
0.310337
0.310337
0.310320
0.310326
0.310325
0.310325
0.310326
0.310330
0.310330
0.310330
0.310334
0.310334
0.310334
0.310334
0.310332
0.310333
0.310336
0.310336
0.310336
0.310337
0.310338
0.310338
0.310335
0.310335
0.310335
0.310336
0.310342
0.310345
0.310342
0.310341
0.310341
0.310341
0.310335
0.310339
0.310339
0.310343
0.310343
0.310342
0.310342
0.310337
0.310337
0.310337
0.310337
0.310337
0.310338
0.310339
0.310339
0.310339
0.310341
0.310341
0.310341
0.310338
0.310345
0.310359
0.310359
0.310353
0.310353
0.310352
0.310352
0.310352
0.310352
0.310356
0.310359
0.310359
0.310359
0.310359
0.310359
0.310358
0.310356
0.310356
0.310352
0.310348
0.310349
0.310350
0.310350
0.310350
0.310363
0.310364
0.310363
0.310359
0.310359
0.310354
0.310355
0.310355
0.310360
0.310355
0.310355
0.310358
0.310356
0.310368
0.310368
0.310365
0.310365
0.310365
0.310365
0.310365
0.310365
0.310369
0.310369
0.310369
0.310377
0.310377
0.310375
0.310375
0.310375
0.310375
0.310375
0.310383
0.310383
0.310383
0.310383
0.310383
0.310380
0.310380
0.310381
0.310379
0.310375
0.310374
0.310374
0.310372
0.310380
0.310381
0.310385
0.310387
0.310387
0.310386
0.310393
0.310393
0.310392
0.310392
0.310395
0.310396
0.310396
0.310397
0.310410
0.310410
0.310411
0.310411
0.310412
0.310408
0.310408
0.310408
0.310408
0.310411
0.310410
0.310410
0.310410
0.310410
0.310410
0.310410
0.310413
0.310413
0.310413
0.310413
0.310413
0.310413
0.310414
0.310411
0.310411
0.310411
0.310411
0.310417
0.310417
0.310414
0.310415
0.310415
0.310415
0.310414
0.310415
0.310415
0.310411
0.310411
0.310412
0.310412
0.310412
0.310411
0.310413
0.310416
0.310416
0.310416
0.310414
0.310414
0.310413
0.310413
0.310419
0.310419
0.310419
0.310419
0.310419
0.310419
0.310422
0.310426
0.310420
0.310426
0.310426
0.310428
0.310428
0.310428
0.310428
0.310437
0.310441
0.310441
0.310440
0.310440
0.310440
0.310441
0.310441
0.310439
0.310439
0.310439
0.310439
0.310436
0.310445
0.310449
0.310449
0.310449
0.310449
0.310451
0.310451
0.310452
0.310458
0.310458
0.310458
0.310458
0.310458
0.310458
0.310458
0.310447
0.310447
0.310456
0.310456
0.310456
0.310456
0.310456
0.310456
0.310460
0.310460
0.310463
0.310466
0.310466
0.310466
0.310470
0.310470
0.310470
0.310470
0.310473
0.310473
0.310472
0.310468
0.310458
0.310458
0.310460
0.310460
0.310465
0.310467
0.310467
0.310467
0.310467
0.310467
0.310467
0.310467
0.310467
0.310467
0.310467
0.310478
0.310478
0.310492
0.310494
0.310493
0.310493
0.310493
0.310504
0.310504
0.310505
0.310506
0.310507
0.310507
0.310501
0.310501
0.310501
0.310502
0.310509
0.310509
0.310509
0.310509
0.310509
0.310509
0.310509
0.310512
0.310515
0.310515
0.310515
0.310494
0.310494
0.310501
0.310516
0.310517
0.310519
0.310517
0.310517
0.310515
0.310530
0.310530
0.310534
0.310541
0.310542
0.310542
0.310529
0.310532
0.310532
0.310532
0.310531
0.310531
0.310531
0.310531
0.310542
0.310542
0.310542
0.310542
0.310544
0.310525
0.310527
0.310526
0.310543
0.310543
0.310548
0.310548
0.310548
0.310548
0.310548
0.310548
0.310549
0.310549
0.310548
0.310548
0.310548
0.310547
0.310548
0.310547
0.310547
0.310547
0.310547
0.310547
0.310551
0.310551
0.310551
0.310557
0.310556
0.310554
0.310555
0.310551
0.310551
0.310551
0.310552
0.310550
0.310550
0.310550
0.310550
0.310551
0.310551
0.310557
0.310557
0.310557
0.310557
0.310557
0.310557
0.310554
0.310554
0.310555
0.310555
0.310555
0.310555
0.310559
0.310559
0.310560
0.310560
0.310560
0.310560
0.310566
0.310567
0.310567
0.310567
0.310567
0.310560
0.310560
0.310560
0.310563
0.310563
0.310571
0.310571
0.310576
0.310576
0.310576
0.310579
0.310583
0.310587
0.310581
0.310582
0.310582
0.310575
0.310577
0.310577
0.310577
0.310578
0.310578
0.310578
0.310570
0.310570
0.310577
0.310574
0.310574
0.310574
0.310574
0.310574
0.310579
0.310574
0.310573
0.310578
0.310578
0.310578
0.310582
0.310582
0.310584
0.310584
0.310584
0.310584
0.310584
0.310584
0.310582
0.310579
0.310580
0.310580
0.310580
0.310583
0.310583
0.310577
0.310583
0.310583
0.310583
0.310582
0.310587
0.310587
0.310587
0.310587
0.310587
0.310588
0.310587
0.310587
0.310587
0.310590
0.310590
0.310594
0.310595
0.310595
0.310595
0.310596
0.310596
0.310596
0.310596
0.310597
0.310597
0.310597
0.310597
0.310597
0.310597
0.310597
0.310597
0.310597
0.310598
0.310602
0.310602
0.310614
0.310614
0.310615
0.310613
0.310613
0.310612
0.310612
0.310612
0.310612
0.310605
0.310605
0.310615
0.310615
0.310617
0.310617
0.310613
0.310613
0.310613
0.310613
0.310613
0.310613
0.310612
0.310612
0.310612
0.310613
0.310613
0.310613
0.310612
0.310612
0.310608
0.310607
0.310607
0.310609
0.310618
0.310607
0.310607
0.310608
0.310614
0.310626
0.310626
0.310626
0.310626
0.310626
0.310626
0.310626
0.310617
0.310620
0.310609
0.310609
0.310610
0.310613
0.310620
0.310619
0.310619
0.310620
0.310622
0.310622
0.310622
0.310622
0.310623
0.310624
0.310624
0.310624
0.310624
0.310624
0.310624
0.310610
0.310610
0.310608
0.310618
0.310618
0.310618
0.310618
0.310622
0.310621
0.310621
0.310621
0.310620
0.310620
0.310618
0.310618
0.310619
0.310619
0.310621
0.310626
0.310626
0.310626
0.310626
0.310626
0.310634
0.310634
0.310634
0.310634
0.310631
0.310631
0.310624
0.310622
0.310622
0.310623
0.310632
0.310632
0.310632
0.310633
0.310633
0.310633
0.310633
0.310635
0.310635
0.310635
0.310626
0.310627
0.310627
0.310627
0.310627
0.310627
0.310627
0.310628
0.310625
0.310625
0.310625
0.310626
0.310638
0.310638
0.310638
0.310638
0.310641
0.310639
0.310637
0.310639
0.310639
0.310639
0.310634
0.310633
0.310633
0.310633
0.310633
0.310635
0.310636
0.310636
0.310636
0.310636
0.310636
0.310636
0.310636
0.310636
0.310636
0.310636
0.310650
0.310650
0.310650
0.310650
0.310650
0.310650
0.310652
0.310652
0.310652
0.310648
0.310648
0.310649
0.310649
0.310652
0.310652
0.310651
0.310651
0.310651
0.310645
0.310645
0.310649
0.310649
0.310649
0.310653
0.310653
0.310653
0.310653
0.310653
0.310653
0.310653
0.310653
0.310647
0.310647
0.310647
0.310647
0.310651
0.310651
0.310651
0.310651
0.310651
0.310651
0.310651
0.310651
0.310651
0.310651
0.310651
0.310651
0.310651
0.310651
0.310651
0.310651
0.310652
0.310652
0.310652
0.310663
0.310657
0.310666
0.310666
0.310666
0.310666
0.310669
0.310669
0.310669
0.310674
0.310674
0.310674
0.310674
0.310675
0.310676
0.310676
0.310676
0.310676
0.310676
0.310676
0.310668
0.310666
0.310666
0.310667
0.310674
0.310677
0.310677
0.310677
0.310677
0.310676
0.310676
0.310677
0.310684
0.310685
0.310685
0.310685
0.310690
0.310689
0.310689
0.310689
0.310689
0.310688
0.310691
0.310692
0.310692
0.310692
0.310693
0.310693
0.310693
0.310698
0.310698
0.310691
0.310691
0.310690
0.310690
0.310686
0.310686
0.310685
0.310686
0.310691
0.310691
0.310691
0.310693
0.310693
0.310693
0.310694
0.310693
0.310693
0.310693
0.310693
0.310693
0.310693
0.310688
0.310685
0.310676
0.310681
0.310681
0.310675
0.310676
0.310685
0.310685
0.310690
0.310690
0.310689
0.310684
0.310684
0.310682
0.310686
0.310690
0.310691
0.310695
0.310706
0.310699
0.310698
0.310700
0.310700
0.310699
0.310700
0.310700
0.310700
0.310688
0.310689
0.310691
0.310691
0.310691
0.310691
0.310695
0.310682
0.310694
0.310693
0.310693
0.310688
0.310688
0.310688
0.310688
0.310688
0.310688
0.310688
0.310688
0.310682
0.310685
0.310685
0.310685
0.310685
0.310685
0.310687
0.310687
0.310687
0.310686
0.310686
0.310679
0.310681
0.310681
0.310681
0.310681
0.310685
0.310685
0.310685
0.310685
0.310685
0.310685
0.310685
0.310685
0.310685
0.310688
0.310684
0.310684
0.310684
0.310688
0.310688
0.310688
0.310688
0.310686
0.310686
0.310685
0.310689
0.310690
0.310686
0.310682
0.310682
0.310683
0.310686
0.310686
0.310686
0.310686
0.310688
0.310686
0.310686
0.310686
0.310686
0.310688
0.310688
0.310688
0.310688
0.310689
0.310691
0.310691
0.310691
0.310691
0.310698
0.310694
0.310694
0.310694
0.310695
0.310692
0.310680
0.310685
0.310683
0.310693
0.310685
0.310685
0.310688
0.310689
0.310687
0.310687
0.310687
0.310687
0.310687
0.310690
0.310690
0.310690
0.310690
0.310690
0.310690
0.310690
0.310690
0.310690
0.310690
0.310690
0.310690
0.310691
0.310694
0.310693
0.310695
0.310693
0.310703
0.310703
0.310703
0.310708
0.310708
0.310704
0.310704
0.310704
0.310700
0.310700
0.310702
0.310702
0.310702
0.310702
0.310701
0.310701
0.310701
0.310701
0.310701
0.310701
0.310698
0.310697
0.310697
0.310703
0.310700
0.310704
0.310705
0.310705
0.310705
0.310705
0.310705
0.310704
0.310705
0.310705
0.310705
0.310705
0.310705
0.310705
0.310705
0.310705
0.310705
0.310706
0.310706
0.310706
0.310706
0.310706
0.310706
0.310706
0.310706
0.310706
0.310706
0.310706
0.310712
0.310712
0.310712
0.310712
0.310712
0.310712
0.310712
0.310710
0.310711
0.310711
0.310712
0.310712
0.310708
0.310697
0.310697
0.310697
0.310705
0.310705
0.310707
0.310709
0.310712
0.310717
0.310717
0.310717
0.310717
0.310718
0.310714
0.310714
0.310708
0.310708
0.310708
0.310709
0.310709
0.310709
0.310709
0.310712
0.310714
0.310714
0.310714
0.310713
0.310713
0.310713
0.310713
0.310712
0.310712
0.310714
0.310714
0.310714
0.310714
0.310709
0.310709
0.310709
0.310706
0.310709
0.310709
0.310714
0.310714
0.310720
0.310720
0.310716
0.310715
0.310699
0.310701
0.310703
0.310703
0.310703
0.310703
0.310706
0.310706
0.310719
0.310719
0.310719
0.310723
0.310723
0.310723
0.310723
0.310723
0.310723
0.310723
0.310723
0.310723
0.310723
0.310723
0.310723
0.310726
0.310726
0.310726
0.310730
0.310736
0.310735
0.310735
0.310735
0.310735
0.310737
0.310737
0.310738
0.310738
0.310738
0.310738
0.310738
0.310738
0.310738
0.310738
0.310738
0.310742
0.310742
0.310742
0.310742
0.310742
0.310742
0.310743
0.310744
0.310744
0.310744
0.310744
0.310744
0.310744
0.310746
0.310746
0.310746
0.310746
0.310738
0.310738
0.310738
0.310738
0.310738
0.310738
0.310738
0.310738
0.310741
0.310741
0.310744
0.310744
0.310744
0.310744
0.310737
0.310734
0.310732
0.310732
0.310733
0.310736
0.310736
0.310736
0.310736
0.310733
0.310735
0.310735
0.310736
0.310735
0.310735
0.310735
0.310738
0.310738
0.310740
0.310740
0.310738
0.310738
0.310731
0.310731
0.310731
0.310731
0.310728
0.310728
0.310728
0.310734
0.310735
0.310734
0.310734
0.310734
0.310734
0.310736
0.310736
0.310740
0.310746
0.310746
0.310746
0.310745
0.310745
0.310745
0.310745
0.310745
0.310745
0.310745
0.310745
0.310745
0.310749
0.310749
0.310749
0.310750
0.310749
0.310748
0.310748
0.310751
0.310751
0.310751
0.310750
0.310750
0.310750
0.310750
0.310750
0.310750
0.310747
0.310746
0.310746
0.310748
0.310747
0.310752
0.310756
0.310755
0.310755
0.310754
0.310755
0.310755
0.310755
0.310755
0.310743
0.310743
0.310743
0.310743
0.310744
0.310744
0.310740
0.310740
0.310740
0.310751
0.310751
0.310752
0.310755
0.310756
0.310756
0.310753
0.310751
0.310752
0.310752
0.310754
0.310754
0.310754
0.310754
0.310754
0.310764
0.310764
0.310764
0.310765
0.310765
0.310765
0.310767
0.310767
0.310767
0.310767
0.310767
0.310768
0.310768
0.310768
0.310768
0.310768
0.310768
0.310773
0.310773
0.310773
0.310776
0.310776
0.310776
0.310776
0.310776
0.310776
0.310777
0.310777
0.310777
0.310777
0.310783
0.310783
0.310783
0.310783
0.310783
0.310781
0.310781
0.310781
0.310781
0.310781
0.310781
0.310781
0.310782
0.310782
0.310782
0.310782
0.310782
0.310782
0.310782
0.310782
0.310782
0.310782
0.310782
0.310782
0.310784
0.310784
0.310784
0.310784
0.310777
0.310777
0.310777
0.310776
0.310776
0.310779
0.310779
0.310779
0.310779
0.310779
0.310779
0.310779
0.310779
0.310779
0.310779
0.310779
0.310779
0.310786
0.310786
0.310785
0.310785
0.310785
0.310785
0.310785
0.310785
0.310785
0.310785
0.310785
0.310786
0.310786
0.310784
0.310784
0.310787
0.310787
0.310787
0.310787
0.310787
0.310787
0.310789
0.310789
0.310789
0.310789
0.310791
0.310790
0.310790
0.310796
0.310802
0.310808
0.310808
0.310808
0.310807
0.310807
0.310811
0.310809
0.310809
0.310809
0.310809
0.310810
0.310810
0.310809
0.310808
0.310808
0.310808
0.310810
0.310810
0.310802
0.310802
0.310803
0.310813
0.310813
0.310813
0.310813
0.310813
0.310809
0.310809
0.310809
0.310809
0.310810
0.310810
0.310810
0.310812
0.310812
0.310812
0.310812
0.310814
0.310814
0.310814
0.310814
0.310814
0.310814
0.310815
0.310815
0.310815
0.310815
0.310815
0.310815
0.310815
0.310822
0.310822
0.310822
0.310822
0.310822
0.310822
0.310824
0.310821
0.310821
0.310842
0.310842
0.310842
0.310842
0.310841
0.310841
0.310833
0.310832
0.310849
0.310849
0.310851
0.310851
0.310850
0.310846
0.310845
0.310845
0.310845
0.310845
0.310845
0.310846
0.310846
0.310846
0.310845
0.310845
0.310845
0.310845
0.310845
0.310844
0.310844
0.310851
0.310852
0.310852
0.310852
0.310860
0.310860
0.310857
0.310857
0.310857
0.310857
0.310857
0.310859
0.310860
0.310860
0.310860
0.310859
0.310859
0.310858
0.310858
0.310858
0.310858
0.310858
0.310857
0.310858
0.310858
0.310858
0.310857
0.310862
0.310862
0.310862
0.310864
0.310864
0.310864
0.310864
0.310864
0.310864
0.310862
0.310862
0.310862
0.310862
0.310862
0.310862
0.310862
0.310862
0.310862
0.310862
0.310862
0.310862
0.310863
0.310862
0.310867
0.310865
0.310872
0.310870
0.310870
0.310872
0.310872
0.310872
0.310872
0.310869
0.310865
0.310865
0.310865
0.310877
0.310877
0.310880
0.310880
0.310880
0.310881
0.310875
0.310875
0.310875
0.310875
0.310875
0.310875
0.310876
0.310876
0.310876
0.310876
0.310876
0.310876
0.310876
0.310878
0.310878
0.310878
0.310871
0.310875
0.310881
0.310881
0.310881
0.310881
0.310878
0.310884
0.310884
0.310884
0.310882
0.310882
0.310882
0.310882
0.310882
0.310870
0.310870
0.310872
0.310876
0.310876
0.310876
0.310878
0.310878
0.310878
0.310878
0.310878
0.310878
0.310878
0.310878
0.310878
0.310878
0.310883
0.310883
0.310881
0.310881
0.310881
0.310881
0.310881
0.310881
0.310881
0.310880
0.310880
0.310884
0.310886
0.310886
0.310886
0.310886
0.310886
0.310886
0.310883
0.310883
0.310883
0.310883
0.310884
0.310885
0.310885
0.310884
0.310884
0.310884
0.310879
0.310874
0.310875
0.310875
0.310880
0.310880
0.310880
0.310892
0.310892
0.310895
0.310891
0.310891
0.310896
0.310894
0.310892
0.310892
0.310892
0.310895
0.310895
0.310897
0.310897
0.310898
0.310897
0.310897
0.310897
0.310898
0.310897
0.310896
0.310896
0.310896
0.310896
0.310898
0.310895
0.310894
0.310894
0.310894
0.310901
0.310900
0.310900
0.310900
0.310900
0.310897
0.310892
0.310896
0.310904
0.310903
0.310911
0.310905
0.310905
0.310910
0.310914
0.310914
0.310914
0.310911
0.310918
0.310925
0.310925
0.310925
0.310928
0.310928
0.310931
0.310930
0.310930
0.310929
0.310927
0.310927
0.310943
0.310944
0.310943
0.310944
0.310949
0.310949
0.310945
0.310946
0.310946
0.310946
0.310946
0.310946
0.310947
0.310947
0.310947
0.310947
0.310949
0.310949
0.310953
0.310952
0.310953
0.310953
0.310953
0.310954
0.310953
0.310953
0.310953
0.310954
0.310953
0.310953
0.310952
0.310952
0.310955
0.310957
0.310957
0.310957
0.310957
0.310957
0.310963
0.310963
0.310963
0.310963
0.310967
0.310967
0.310967
0.310966
0.310967
0.310969
0.310970
0.310968
0.310959
0.310959
0.310959
0.310959
0.310959
0.310959
0.310962
0.310965
0.310965
0.310965
0.310963
0.310963
0.310963
0.310964
0.310964
0.310960
0.310959
0.310959
0.310961
0.310961
0.310961
0.310965
0.310963
0.310963
0.310963
0.310963
0.310969
0.310969
0.310969
0.310969
0.310969
0.310969
0.310969
0.310969
0.310969
0.310969
0.310969
0.310970
0.310970
0.310970
0.310963
0.310963
0.310963
0.310958
0.310958
0.310963
0.310964
0.310964
0.310971
0.310973
0.310979
0.310979
0.310979
0.310965
0.310965
0.310973
0.310974
0.310974
0.310974
0.310971
0.310968
0.310968
0.310968
0.310973
0.310973
0.310973
0.310973
0.310973
0.310973
0.310973
0.310973
0.310968
0.310966
0.310966
0.310966
0.310966
0.310970
0.310970
0.310970
0.310970
0.310966
0.310966
0.310966
0.310966
0.310967
0.310968
0.310971
0.310971
0.310971
0.310971
0.310971
0.310945
0.310958
0.310958
0.310958
0.310958
0.310958
0.310958
0.310958
0.310950
0.310950
0.310951
0.310951
0.310951
0.310951
0.310951
0.310956
0.310959
0.310970
0.310973
0.310973
0.310974
0.310974
0.310971
0.310973
0.310973
0.310974
0.310979
0.310980
0.310980
0.310976
0.310976
0.310980
0.310980
0.310985
0.310985
0.310985
0.310983
0.310983
0.310983
0.310983
0.310985
0.310985
0.310985
0.310985
0.310975
0.310974
0.310979
0.310979
0.310982
0.310982
0.310982
0.310987
0.310987
0.310986
0.310986
0.310986
0.310986
0.310986
0.310984
0.310981
0.310970
0.310970
0.310972
0.310972
0.310967
0.310966
0.310968
0.310956
0.310956
0.310956
0.310958
0.310953
0.310954
0.310954
0.310955
0.310961
0.310961
0.310961
0.310961
0.310959
0.310959
0.310959
0.310959
0.310959
0.310959
0.310959
0.310959
0.310959
0.310958
0.310963
0.310965
0.310962
0.310965
0.310965
0.310960
0.310960
0.310962
0.310965
0.310965
0.310964
0.310968
0.310968
0.310968
0.310968
0.310967
0.310967
0.310968
0.310968
0.310969
0.310971
0.310971
0.310971
0.310971
0.310971
0.310971
0.310971
0.310971
0.310971
0.310971
0.310971
0.310971
0.310969
0.310969
0.310969
0.310970
0.310971
0.310980
0.310980
0.310980
0.310980
0.310979
0.310984
0.310984
0.310984
0.310984
0.310984
0.310980
0.310980
0.310980
0.310980
0.310980
0.310982
0.310978
0.310978
0.310981
0.310981
0.310985
0.310985
0.310985
0.310994
0.310989
0.310989
0.310988
0.310988
0.310988
0.310988
0.310994
0.310994
0.310994
0.310994
0.310994
0.310994
0.310994
0.310988
0.310988
0.310992
0.310992
0.310992
0.310992
0.310991
0.310993
0.310993
0.310996
0.310996
0.310996
0.310996
0.310996
0.310997
0.310997
0.310999
0.311003
0.311004
0.311004
0.311003
0.311003
0.311003
0.311000
0.311000
0.311002
0.311004
0.311003
0.311003
0.311005
0.311005
0.311010
0.311010
0.311010
0.311010
0.311006
0.311006
0.311006
0.311006
0.311012
0.311012
0.311009
0.311009
0.311009
0.311009
0.311012
0.311012
0.311012
0.311013
0.311013
0.311013
0.311013
0.311013
0.311013
0.311013
0.311017
0.311017
0.311017
0.311016
0.311016
0.311016
0.311017
0.311017
0.311017
0.311017
0.311017
0.311017
0.311017
0.311017
0.311017
0.311017
0.311018
0.311018
0.311018
0.311018
0.311018
0.311018
0.311018
0.311018
0.311018
0.311018
0.311018
0.311021
0.311022
0.311022
0.311022
0.311022
0.311022
0.311022
0.311022
0.311022
0.311022
0.311027
0.311027
0.311027
0.311027
0.311026
0.311019
0.311040
0.311045
0.311045
0.311050
0.311050
0.311050
0.311051
0.311051
0.311053
0.311055
0.311064
0.311064
0.311071
0.311071
0.311071
0.311071
0.311069
0.311069
0.311070
0.311071
0.311071
0.311071
0.311070
0.311070
0.311070
0.311070
0.311070
0.311065
0.311069
0.311069
0.311067
0.311077
0.311077
0.311075
0.311074
0.311074
0.311074
0.311074
0.311078
0.311078
0.311078
0.311078
0.311078
0.311078
0.311082
0.311082
0.311082
0.311082
0.311083
0.311079
0.311078
0.311078
0.311078
0.311076
0.311076
0.311076
0.311078
0.311078
0.311075
0.311075
0.311075
0.311074
0.311074
0.311075
0.311075
0.311075
0.311075
0.311075
0.311075
0.311076
0.311076
0.311068
0.311068
0.311068
0.311068
0.311068
0.311067
0.311067
0.311067
0.311072
0.311073
0.311073
0.311073
0.311073
0.311073
0.311076
0.311076
0.311075
0.311075
0.311075
0.311075
0.311075
0.311075
0.311075
0.311075
0.311075
0.311073
0.311073
0.311073
0.311073
0.311073
0.311079
0.311080
0.311080
0.311092
0.311092
0.311096
0.311096
0.311096
0.311090
0.311088
0.311088
0.311088
0.311089
0.311089
0.311089
0.311089
0.311089
0.311084
0.311084
0.311084
0.311084
0.311095
0.311095
0.311095
0.311097
0.311095
0.311095
0.311095
0.311095
0.311095
0.311095
0.311094
0.311094
0.311094
0.311093
0.311093
0.311096
0.311097
0.311097
0.311097
0.311097
0.311097
0.311097
0.311097
0.311097
0.311097
0.311097
0.311097
0.311100
0.311100
0.311100
0.311097
0.311097
0.311095
0.311095
0.311096
0.311097
0.311097
0.311097
0.311096
0.311096
0.311096
0.311096
0.311096
0.311096
0.311096
0.311096
0.311099
0.311098
0.311098
0.311098
0.311098
0.311097
0.311100
0.311100
0.311102
0.311102
0.311110
0.311110
0.311110
0.311110
0.311110
0.311112
0.311112
0.311112
0.311112
0.311113
0.311108
0.311108
0.311108
0.311110
0.311110
0.311106
0.311106
0.311111
0.311115
0.311115
0.311115
0.311115
0.311114
0.311115
0.311115
0.311115
0.311115
0.311115
0.311114
0.311112
0.311112
0.311112
0.311112
0.311112
0.311112
0.311113
0.311113
0.311113
0.311117
0.311117
0.311117
0.311116
0.311115
0.311118
0.311118
0.311118
0.311118
0.311121
0.311121
0.311133
0.311133
0.311133
0.311132
0.311131
0.311126
0.311126
0.311127
0.311126
0.311135
0.311135
0.311135
0.311135
0.311134
0.311134
0.311132
0.311133
0.311133
0.311133
0.311133
0.311129
0.311129
0.311129
0.311129
0.311129
0.311134
0.311134
0.311125
0.311125
0.311125
0.311125
0.311129
0.311129
0.311125
0.311126
0.311127
0.311123
0.311123
0.311127
0.311134
0.311130
0.311130
0.311130
0.311130
0.311130
0.311130
0.311133
0.311132
0.311129
0.311131
0.311131
0.311131
0.311132
0.311135
0.311135
0.311135
0.311134
0.311136
0.311136
0.311140
0.311140
0.311140
0.311140
0.311140
0.311138
0.311138
0.311138
0.311138
0.311136
0.311136
0.311137
0.311137
0.311141
0.311141
0.311142
0.311142
0.311138
0.311134
0.311135
0.311135
0.311140
0.311139
0.311144
0.311145
0.311145
0.311146
0.311146
0.311146
0.311145
0.311146
0.311146
0.311147
0.311147
0.311146
0.311146
0.311145
0.311145
0.311151
0.311149
0.311149
0.311150
0.311150
0.311150
0.311149
0.311149
0.311149
0.311149
0.311150
0.311150
0.311150
0.311150
0.311150
0.311150
0.311150
0.311150
0.311150
0.311150
0.311150
0.311153
0.311153
0.311156
0.311159
0.311159
0.311153
0.311153
0.311153
0.311153
0.311153
0.311153
0.311155
0.311155
0.311157
0.311181
0.311177
0.311177
0.311177
0.311176
0.311180
0.311180
0.311180
0.311180
0.311180
0.311180
0.311180
0.311180
0.311180
0.311178
0.311178
0.311178
0.311177
0.311177
0.311177
0.311175
0.311175
0.311178
0.311178
0.311178
0.311177
0.311177
0.311177
0.311177
0.311177
0.311177
0.311177
0.311177
0.311177
0.311177
0.311177
0.311177
0.311177
0.311177
0.311177
0.311180
0.311182
0.311182
0.311182
0.311182
0.311182
0.311176
0.311176
0.311176
0.311185
0.311186
0.311186
0.311191
0.311191
0.311192
0.311191
0.311191
0.311194
0.311194
0.311194
0.311194
0.311192
0.311192
0.311193
0.311193
0.311193
0.311193
0.311193
0.311193
0.311193
0.311193
0.311193
0.311193
0.311193
0.311193
0.311193
0.311193
0.311193
0.311193
0.311194
0.311196
0.311196
0.311196
0.311201
0.311201
0.311201
0.311201
0.311201
0.311201
0.311201
0.311200
0.311200
0.311200
0.311201
0.311200
0.311200
0.311200
0.311200
0.311203
0.311203
0.311203
0.311203
0.311202
0.311202
0.311202
0.311202
0.311202
0.311202
0.311202
0.311202
0.311201
0.311201
0.311201
0.311201
0.311201
0.311199
0.311199
0.311199
0.311199
0.311199
0.311203
0.311203
0.311203
0.311203
0.311209
0.311203
0.311205
0.311204
0.311204
0.311206
0.311205
0.311204
0.311204
0.311204
0.311206
0.311206
0.311206
0.311211
0.311211
0.311213
0.311213
0.311209
0.311209
0.311209
0.311210
0.311212
0.311200
0.311200
0.311202
0.311202
0.311203
0.311203
0.311203
0.311202
0.311202
0.311203
0.311203
0.311203
0.311205
0.311205
0.311205
0.311205
0.311205
0.311205
0.311205
0.311205
0.311205
0.311217
0.311216
0.311216
0.311215
0.311215
0.311217
0.311206
0.311206
0.311208
0.311208
0.311224
0.311224
0.311224
0.311224
0.311223
0.311223
0.311223
0.311222
0.311222
0.311222
0.311222
0.311222
0.311225
0.311225
0.311229
0.311233
0.311233
0.311232
0.311232
0.311232
0.311232
0.311232
0.311233
0.311233
0.311233
0.311233
0.311233
0.311233
0.311234
0.311234
0.311234
0.311234
0.311232
0.311234
0.311234
0.311235
0.311237
0.311237
0.311237
0.311237
0.311235
0.311235
0.311235
0.311237
0.311237
0.311237
0.311237
0.311237
0.311237
0.311237
0.311237
0.311237
0.311237
0.311237
0.311242
0.311245
0.311245
0.311245
0.311245
0.311245
0.311251
0.311256
0.311256
0.311256
0.311255
0.311253
0.311254
0.311251
0.311251
0.311247
0.311247
0.311252
0.311255
0.311255
0.311255
0.311255
0.311255
0.311255
0.311255
0.311255
0.311255
0.311255
0.311255
0.311256
0.311256
0.311256
0.311250
0.311250
0.311250
0.311250
0.311250
0.311249
0.311249
0.311249
0.311249
0.311249
0.311249
0.311256
0.311256
0.311262
0.311261
0.311262
0.311262
0.311262
0.311260
0.311264
0.311267
0.311267
0.311253
0.311253
0.311253
0.311253
0.311253
0.311253
0.311253
0.311254
0.311254
0.311254
0.311258
0.311257
0.311257
0.311257
0.311259
0.311259
0.311260
0.311260
0.311259
0.311271
0.311271
0.311271
0.311271
0.311269
0.311269
0.311272
0.311272
0.311272
0.311273
0.311278
0.311278
0.311275
0.311275
0.311275
0.311277
0.311279
0.311279
0.311281
0.311281
0.311281
0.311281
0.311281
0.311280
0.311280
0.311280
0.311280
0.311280
0.311281
0.311281
0.311283
0.311280
0.311280
0.311277
0.311283
0.311283
0.311283
0.311273
0.311273
0.311273
0.311273
0.311273
0.311273
0.311279
0.311278
0.311278
0.311278
0.311278
0.311270
0.311270
0.311270
0.311273
0.311272
0.311274
0.311274
0.311274
0.311273
0.311273
0.311273
0.311267
0.311268
0.311268
0.311268
0.311268
0.311268
0.311268
0.311279
0.311279
0.311269
0.311269
0.311269
0.311269
0.311269
0.311269
0.311269
0.311269
0.311255
0.311255
0.311255
0.311255
0.311255
0.311256
0.311256
0.311267
0.311278
0.311274
0.311274
0.311274
0.311276
0.311271
0.311271
0.311268
0.311268
0.311268
0.311268
0.311268
0.311268
0.311265
0.311265
0.311266
0.311266
0.311266
0.311268
0.311268
0.311270
0.311270
0.311270
0.311269
0.311268
0.311266
0.311266
0.311266
0.311267
0.311268
0.311267
0.311265
0.311265
0.311265
0.311265
0.311265
0.311266
0.311266
0.311266
0.311266
0.311266
0.311266
0.311266
0.311266
0.311266
0.311266
0.311262
0.311273
0.311279
0.311279
0.311279
0.311279
0.311289
0.311289
0.311289
0.311289
0.311289
0.311289
0.311291
0.311291
0.311291
0.311291
0.311291
0.311291
0.311291
0.311291
0.311288
0.311288
0.311288
0.311288
0.311288
0.311289
0.311289
0.311289
0.311289
0.311289
0.311289
0.311285
0.311289
0.311289
0.311289
0.311290
0.311290
0.311290
0.311290
0.311290
0.311292
0.311292
0.311297
0.311297
0.311297
0.311298
0.311298
0.311298
0.311301
0.311301
0.311297
0.311297
0.311297
0.311297
0.311298
0.311299
0.311303
0.311303
0.311303
0.311302
0.311301
0.311300
0.311298
0.311298
0.311298
0.311303
0.311303
0.311308
0.311308
0.311306
0.311310
0.311309
0.311312
0.311313
0.311312
0.311312
0.311312
0.311307
0.311308
0.311309
0.311309
0.311309
0.311299
0.311299
0.311307
0.311307
0.311307
0.311307
0.311307
0.311307
0.311307
0.311307
0.311307
0.311307
0.311307
0.311307
0.311307
0.311305
0.311305
0.311305
0.311305
0.311305
0.311305
0.311302
0.311299
0.311299
0.311299
0.311299
0.311299
0.311299
0.311299
0.311299
0.311299
0.311297
0.311297
0.311297
0.311298
0.311298
0.311298
0.311298
0.311300
0.311300
0.311300
0.311300
0.311300
0.311300
0.311297
0.311300
0.311300
0.311300
0.311300
0.311299
0.311299
0.311299
0.311299
0.311299
0.311299
0.311299
0.311299
0.311299
0.311299
0.311299
0.311299
0.311294
0.311294
0.311294
0.311294
0.311297
0.311291
0.311291
0.311291
0.311296
0.311295
0.311295
0.311295
0.311295
0.311299
0.311299
0.311300
0.311300
0.311300
0.311300
0.311300
0.311300
0.311300
0.311300
0.311299
0.311299
0.311299
0.311302
0.311306
0.311306
0.311305
0.311305
0.311305
0.311305
0.311305
0.311304
0.311304
0.311310
0.311309
0.311305
0.311306
0.311306
0.311306
0.311310
0.311310
0.311310
0.311311
0.311311
0.311311
0.311311
0.311316
0.311316
0.311316
0.311315
0.311315
0.311315
0.311309
0.311309
0.311334
0.311323
0.311332
0.311332
0.311332
0.311326
0.311333
0.311333
0.311333
0.311333
0.311333
0.311333
0.311333
0.311336
0.311336
0.311336
0.311336
0.311336
0.311339
0.311339
0.311339
0.311339
0.311339
0.311339
0.311339
0.311339
0.311339
0.311339
0.311339
0.311342
0.311345
0.311347
0.311347
0.311347
0.311347
0.311347
0.311346
0.311341
0.311344
0.311345
0.311345
0.311345
0.311344
0.311349
0.311349
0.311349
0.311349
0.311349
0.311349
0.311349
0.311350
0.311350
0.311351
0.311351
0.311351
0.311351
0.311351
0.311351
0.311351
0.311345
0.311345
0.311345
0.311345
0.311345
0.311354
0.311354
0.311355
0.311353
0.311350
0.311350
0.311350
0.311350
0.311351
0.311351
0.311351
0.311351
0.311351
0.311350
0.311350
0.311350
0.311350
0.311350
0.311350
0.311350
0.311350
0.311350
0.311350
0.311352
0.311351
0.311351
0.311351
0.311351
0.311351
0.311356
0.311357
0.311357
0.311358
0.311358
0.311358
0.311358
0.311358
0.311365
0.311359
0.311359
0.311359
0.311360
0.311365
0.311365
0.311365
0.311365
0.311363
0.311365
0.311365
0.311365
0.311365
0.311365
0.311365
0.311364
0.311364
0.311360
0.311360
0.311360
0.311360
0.311360
0.311363
0.311363
0.311363
