-0.131960
-0.127746
-0.123130
-0.120511
-0.114776
-0.110140
-0.103876
-0.101421
-0.100644
-0.099040
-0.097759
-0.093457
-0.089477
-0.088695
-0.086790
-0.084893
-0.077513
-0.076151
-0.075161
-0.072764
-0.071076
-0.069529
-0.066490
-0.062517
-0.062319
-0.057830
-0.057702
-0.057464
-0.055859
-0.054681
-0.054254
-0.047417
-0.047191
-0.047081
-0.045387
-0.045104
-0.041634
-0.041375
-0.039718
-0.039270
-0.038219
-0.036818
-0.036658
-0.035624
-0.035503
-0.034465
-0.034216
-0.030906
-0.030684
-0.028827
-0.028519
-0.026125
-0.025967
-0.024875
-0.024071
-0.021781
-0.021781
-0.020547
-0.020287
-0.017522
-0.017296
-0.016497
-0.016193
-0.015202
-0.014890
-0.013507
-0.013036
-0.011920
-0.011830
-0.007843
-0.007414
-0.005306
-0.003872
-0.003323
-0.001789
-0.001456
-0.001275
0.000136
0.002275
0.002328
0.002332
0.002567
0.002877
0.004783
0.004783
0.007473
0.009655
0.009655
0.009729
0.011086
0.012428
0.014401
0.015725
0.016220
0.017722
0.017737
0.018791
0.019202
0.019421
0.019421
0.019626
0.021657
0.021680
0.021819
0.022224
0.023100
0.023894
0.025067
0.025556
0.025919
0.026341
0.027800
0.028109
0.028299
0.028400
0.028593
0.028923
0.030163
0.031112
0.031112
0.032161
0.032175
0.032485
0.032476
0.032546
0.032573
0.034745
0.034745
0.035239
0.035270
0.036508
0.037300
0.037854
0.039138
0.039456
0.039485
0.039485
0.039541
0.041138
0.041320
0.041879
0.042145
0.042844
0.043527
0.044749
0.046089
0.047115
0.047251
0.047251
0.047368
0.047734
0.048543
0.049172
0.049869
0.049869
0.050582
0.050915
0.051189
0.051619
0.052176
0.052591
0.052680
0.053049
0.053546
0.054427
0.054427
0.054427
0.054427
0.055819
0.056163
0.056404
0.057351
0.057973
0.058943
0.058965
0.059953
0.060477
0.060477
0.061525
0.061800
0.062261
0.062729
0.062872
0.062959
0.063621
0.064339
0.064805
0.064952
0.065278
0.065329
0.065355
0.065355
0.066105
0.066250
0.066250
0.066807
0.066881
0.066881
0.067116
0.068390
0.068393
0.068899
0.068979
0.068979
0.070012
0.070194
0.070771
0.071224
0.071224
0.071352
0.071651
0.072434
0.072881
0.072881
0.073047
0.073962
0.074110
0.074522
0.074865
0.075720
0.076451
0.077219
0.077219
0.077319
0.077333
0.077733
0.077733
0.078360
0.079027
0.079285
0.079399
0.079899
0.080124
0.080124
0.080124
0.080318
0.080733
0.080825
0.080868
0.080881
0.080912
0.081257
0.081505
0.082145
0.082289
0.082289
0.082490
0.082682
0.083016
0.083434
0.083434
0.084380
0.084496
0.084496
0.084988
0.085096
0.085720
0.085720
0.086179
0.086218
0.086404
0.086404
0.086717
0.086768
0.087236
0.087650
0.087935
0.088282
0.088358
0.088501
0.088681
0.088803
0.089344
0.089887
0.090815
0.091070
0.091115
0.091204
0.091242
0.091789
0.092894
0.093218
0.093413
0.093576
0.094348
0.095046
0.095190
0.096392
0.096541
0.096635
0.097018
0.097224
0.098028
0.098053
0.098053
0.098145
0.098283
0.098762
0.098832
0.099317
0.099564
0.099564
0.100135
0.100460
0.100486
0.100771
0.101179
0.101535
0.101655
0.102344
0.102344
0.102468
0.102537
0.102542
0.102938
0.103463
0.103918
0.104428
0.104593
0.104816
0.105220
0.105567
0.105698
0.105715
0.106699
0.106699
0.106699
0.106908
0.106948
0.106948
0.107086
0.108146
0.108162
0.109126
0.109367
0.109484
0.110029
0.110480
0.110620
0.110711
0.110711
0.110772
0.111009
0.111145
0.111196
0.111485
0.111912
0.111912
0.112111
0.112111
0.112111
0.112259
0.112504
0.112779
0.112839
0.112969
0.113099
0.113478
0.113519
0.113932
0.113985
0.114406
0.114838
0.115134
0.115301
0.115301
0.115301
0.115344
0.115344
0.115751
0.116063
0.116341
0.116844
0.117276
0.117313
0.117384
0.117412
0.117408
0.117605
0.117654
0.117656
0.117873
0.118010
0.118455
0.118651
0.118813
0.119124
0.119389
0.119414
0.119662
0.119761
0.119792
0.120087
0.120369
0.120587
0.120600
0.121061
0.121065
0.121190
0.121175
0.121524
0.121618
0.121733
0.122218
0.122334
0.122540
0.122712
0.122885
0.123032
0.123038
0.123034
0.123239
0.123812
0.124058
0.124060
0.124064
0.124132
0.124367
0.124555
0.124735
0.124735
0.124754
0.124930
0.125075
0.125302
0.125389
0.125389
0.125701
0.125705
0.125994
0.126006
0.126110
0.126158
0.126158
0.126264
0.126504
0.126504
0.126612
0.126667
0.126667
0.126667
0.127031
0.127031
0.127045
0.127045
0.127140
0.127238
0.127399
0.127408
0.127548
0.127772
0.127803
0.127802
0.127919
0.128082
0.128375
0.128418
0.128418
0.128418
0.128503
0.128587
0.128763
0.128838
0.128838
0.128838
0.128974
0.129352
0.129926
0.129986
0.130841
0.130950
0.131080
0.131194
0.131411
0.131505
0.131676
0.131676
0.132005
0.132132
0.132411
0.132411
0.132536
0.132605
0.132863
0.132863
0.132911
0.132952
0.133255
0.134098
0.134459
0.134730
0.134750
0.134773
0.135005
0.135218
0.135427
0.135427
0.135646
0.135720
0.136239
0.136239
0.136369
0.136425
0.136572
0.136572
0.136575
0.136575
0.136644
0.137186
0.137283
0.137293
0.137403
0.137442
0.137509
0.137584
0.137621
0.137891
0.137918
0.138423
0.138423
0.138972
0.139041
0.139178
0.139178
0.139267
0.139267
0.139396
0.139547
0.139655
0.139683
0.139973
0.140193
0.140270
0.140656
0.140678
0.140752
0.140841
0.140991
0.140991
0.141139
0.141349
0.141394
0.141456
0.142048
0.142187
0.142187
0.142312
0.142516
0.142516
0.142829
0.142836
0.142998
0.142998
0.143027
0.143165
0.143301
0.143488
0.143549
0.143714
0.143885
0.143885
0.143899
0.143946
0.144129
0.144398
0.144399
0.144399
0.144412
0.144523
0.144524
0.144903
0.144903
0.145959
0.146022
0.146266
0.146266
0.146447
0.146585
0.146677
0.146709
0.146761
0.147141
0.147141
0.147258
0.147258
0.147328
0.147737
0.147750
0.147750
0.147750
0.147842
0.147842
0.147842
0.147842
0.147955
0.147955
0.147955
0.148025
0.148108
0.148236
0.149053
0.149273
0.149402
0.149402
0.149629
0.149651
0.149658
0.149797
0.149967
0.149945
0.150064
0.150245
0.150757
0.150757
0.150796
0.150808
0.150808
0.150852
0.150950
0.151136
0.151250
0.151326
0.151593
0.151761
0.151753
0.151812
0.151816
0.152098
0.152094
0.152190
0.152212
0.152485
0.152480
0.152500
0.152682
0.152687
0.152729
0.152959
0.153084
0.153247
0.153293
0.153418
0.153616
0.153635
0.153760
0.153856
0.154001
0.154051
0.154253
0.154341
0.154594
0.154630
0.154630
0.154630
0.154796
0.154853
0.155030
0.155252
0.155298
0.155289
0.155312
0.155412
0.155576
0.155576
0.155661
0.155831
0.155865
0.155886
0.155991
0.156070
0.156070
0.156090
0.156194
0.156194
0.156229
0.156275
0.156474
0.156526
0.156515
0.156689
0.156689
0.156936
0.156935
0.157049
0.157049
0.157057
0.157060
0.157284
0.157348
0.157500
0.157603
0.157730
0.157805
0.157805
0.157962
0.158083
0.158272
0.158288
0.158424
0.158430
0.158449
0.158505
0.158652
0.158677
0.158670
0.158690
0.158824
0.158821
0.158822
0.158909
0.158914
0.158978
0.159013
0.159052
0.159196
0.159271
0.159405
0.159512
0.159552
0.159593
0.159628
0.159675
0.159807
0.159807
0.159834
0.160128
0.160164
0.160280
0.160316
0.160406
0.160469
0.160554
0.160557
0.160557
0.160603
0.160607
0.160626
0.160724
0.160724
0.160853
0.161046
0.161180
0.161226
0.161226
0.161290
0.161321
0.161394
0.161418
0.161520
0.161737
0.161737
0.161738
0.161756
0.161793
0.161793
0.161793
0.161802
0.161802
0.161855
0.162003
0.162010
0.162057
0.162095
0.162170
0.162224
0.162224
0.162251
0.162338
0.162338
0.162338
0.162338
0.162714
0.162714
0.162739
0.162763
0.162782
0.162810
0.162810
0.162885
0.162953
0.163164
0.163369
0.163369
0.163403
0.163403
0.163403
0.163466
0.163708
0.163727
0.163727
0.163727
0.163727
0.163752
0.163943
0.164035
0.164098
0.164456
0.164628
0.164628
0.164860
0.164883
0.164907
0.164973
0.165010
0.165024
0.165087
0.165084
0.165132
0.165147
0.165246
0.165380
0.165380
0.165467
0.165464
0.165641
0.165645
0.165645
0.165830
0.165830
0.166086
0.166086
0.166176
0.166202
0.166202
0.166202
0.166202
0.166210
0.166349
0.166430
0.166446
0.166516
0.166531
0.166534
0.166592
0.166604
0.166691
0.166691
0.166695
0.166695
0.166692
0.166736
0.166838
0.166857
0.166857
0.167016
0.167157
0.167172
0.167238
0.167238
0.167239
0.167260
0.167260
0.167265
0.167273
0.167326
0.167509
0.167515
0.167515
0.167619
0.167619
0.167628
0.167645
0.167643
0.167792
0.167812
0.167828
0.167835
0.167835
0.167901
0.167902
0.167942
0.167942
0.168073
0.168250
0.168268
0.168268
0.168304
0.168361
0.168361
0.168414
0.168571
0.168571
0.168571
0.168773
0.168773
0.168822
0.168869
0.168980
0.169078
0.169139
0.169223
0.169223
0.169303
0.169406
0.169544
0.169564
0.169684
0.169748
0.169748
0.169748
0.169791
0.169791
0.169896
0.169895
0.170135
0.170136
0.170179
0.170192
0.170229
0.170270
0.170398
0.170510
0.170555
0.170578
0.170603
0.170611
0.170622
0.170691
0.170785
0.171030
0.171030
0.171030
0.171030
0.171071
0.171120
0.171120
0.171120
0.171109
0.171177
0.171197
0.171197
0.171297
0.171297
0.171354
0.171357
0.171357
0.171368
0.171368
0.171468
0.171678
0.171772
0.171777
0.171843
0.171881
0.171890
0.171961
0.171969
0.171969
0.172068
0.172068
0.172171
0.172292
0.172294
0.172303
0.172429
0.172585
0.172676
0.172734
0.172861
0.172889
0.172889
0.172900
0.172964
0.172964
0.172964
0.173182
0.173271
0.173315
0.173378
0.173378
0.173543
0.174059
0.174062
0.174208
0.174208
0.174209
0.174284
0.174445
0.174503
0.174562
0.174562
0.174673
0.174757
0.174757
0.174758
0.174754
0.174761
0.174756
0.174756
0.174756
0.174909
0.174909
0.174981
0.174981
0.175064
0.175120
0.175285
0.175295
0.175294
0.175294
0.175294
0.175291
0.175291
0.175319
0.175493
0.175499
0.175498
0.175526
0.175546
0.175693
0.175850
0.175894
0.175894
0.175993
0.175993
0.175993
0.176050
0.176050
0.176175
0.176350
0.176353
0.176381
0.176432
0.176561
0.176656
0.176656
0.176656
0.176744
0.176781
0.176794
0.176794
0.176874
0.176874
0.176870
0.176874
0.176916
0.176917
0.177055
0.177094
0.177126
0.177145
0.177147
0.177210
0.177210
0.177214
0.177214
0.177214
0.177267
0.177293
0.177309
0.177595
0.177603
0.177745
0.177757
0.177757
0.177757
0.177757
0.178021
0.178014
0.178022
0.178022
0.178211
0.178211
0.178272
0.178287
0.178290
0.178337
0.178337
0.178337
0.178422
0.178484
0.178512
0.178512
0.178497
0.178497
0.178497
0.178515
0.178571
0.179082
0.179082
0.179083
0.179083
0.179110
0.179204
0.179204
0.179270
0.179270
0.179390
0.179454
0.179528
0.179528
0.179677
0.179718
0.179718
0.179876
0.180017
0.180168
0.180246
0.180246
0.180333
0.180385
0.180385
0.180401
0.180586
0.180631
0.180689
0.180857
0.180857
0.180905
0.180918
0.180927
0.180954
0.180954
0.180954
0.181043
0.181087
0.181087
0.181270
0.181450
0.181450
0.181449
0.181462
0.181478
0.181493
0.181571
0.181598
0.181669
0.181694
0.181694
0.181715
0.181729
0.181798
0.181798
0.181845
0.181859
0.181945
0.181995
0.182087
0.182237
0.182331
0.182331
0.182393
0.182421
0.182438
0.182678
0.182678
0.182686
0.182866
0.182932
0.182932
0.182962
0.182969
0.183117
0.183176
0.183178
0.183234
0.183249
0.183241
0.183306
0.183334
0.183391
0.183398
0.183398
0.183445
0.183537
0.183565
0.183702
0.183772
0.183853
0.184057
0.184138
0.184138
0.184258
0.184338
0.184431
0.184570
0.184573
0.184573
0.184628
0.184659
0.184659
0.184659
0.184663
0.184665
0.184711
0.184815
0.184930
0.184946
0.184946
0.184992
0.184992
0.185005
0.185006
0.185191
0.185191
0.185197
0.185263
0.185374
0.185388
0.185441
0.185441
0.185481
0.185481
0.185507
0.185507
0.185571
0.185627
0.185694
0.185822
0.185851
0.185851
0.185872
0.185867
0.185887
0.185887
0.186018
0.186032
0.186157
0.186169
0.186316
0.186316
0.186314
0.186367
0.186369
0.186554
0.186570
0.186604
0.186625
0.186626
0.186645
0.186645
0.186645
0.186648
0.186666
0.186666
0.186666
0.186797
0.186787
0.186807
0.186830
0.186830
0.186880
0.186955
0.186955
0.187029
0.187108
0.187131
0.187536
0.187711
0.187713
0.187713
0.187710
0.187783
0.187783
0.187894
0.187894
0.187903
0.188039
0.188088
0.188116
0.188113
0.188113
0.188163
0.188159
0.188260
0.188260
0.188271
0.188312
0.188499
0.188534
0.188591
0.188591
0.188622
0.188690
0.188774
0.188910
0.188910
0.188956
0.189012
0.189030
0.189039
0.189049
0.189049
0.189049
0.189083
0.189090
0.189090
0.189090
0.189090
0.189105
0.189105
0.189169
0.189170
0.189170
0.189187
0.189273
0.189273
0.189381
0.189381
0.189394
0.189418
0.189412
0.189416
0.189415
0.189552
0.189566
0.189666
0.189666
0.189708
0.189770
0.189835
0.189837
0.189837
0.189840
0.189937
0.189937
0.189937
0.189978
0.189975
0.189975
0.190050
0.190171
0.190208
0.190234
0.190263
0.190266
0.190266
0.190266
0.190275
0.190275
0.190275
0.190311
0.190474
0.190583
0.190583
0.190592
0.190665
0.190666
0.190720
0.190782
0.190812
0.190840
0.190864
0.191013
0.191029
0.191133
0.191208
0.191327
0.191355
0.191386
0.191404
0.191404
0.191539
0.191542
0.191542
0.191540
0.191540
0.191541
0.191541
0.191541
0.191566
0.191566
0.191569
0.191602
0.191597
0.191611
0.191639
0.191675
0.191675
0.191675
0.191679
0.191683
0.191692
0.191692
0.191692
0.191734
0.191739
0.191743
0.191894
0.191964
0.191967
0.191967
0.191967
0.191967
0.192075
0.192104
0.192128
0.192146
0.192172
0.192238
0.192252
0.192252
0.192274
0.192316
0.192329
0.192348
0.192423
0.192421
0.192486
0.192496
0.192496
0.192606
0.192700
0.192700
0.192725
0.192727
0.192727
0.192784
0.192851
0.192876
0.192904
0.192907
0.192976
0.192996
0.192996
0.193013
0.193050
0.193050
0.193058
0.193058
0.193064
0.193065
0.193105
0.193105
0.193186
0.193238
0.193288
0.193288
0.193321
0.193409
0.193411
0.193411
0.193411
0.193439
0.193494
0.193546
0.193598
0.193600
0.193600
0.193618
0.193624
0.193631
0.193629
0.193629
0.193629
0.193633
0.193735
0.193735
0.193735
0.193820
0.193820
0.193821
0.193832
0.193875
0.193947
0.194039
0.194036
0.194030
0.194030
0.194074
0.194105
0.194106
0.194127
0.194137
0.194241
0.194259
0.194296
0.194397
0.194397
0.194417
0.194452
0.194452
0.194476
0.194602
0.194603
0.194605
0.194616
0.194743
0.194743
0.194743
0.195051
0.195051
0.195079
0.195078
0.195078
0.195152
0.195177
0.195221
0.195240
0.195399
0.195486
0.195486
0.195486
0.195526
0.195597
0.195608
0.195613
0.195621
0.195692
0.195712
0.195714
0.195765
0.195795
0.195836
0.195879
0.195879
0.195924
0.195924
0.195924
0.195924
0.195975
0.195969
0.196035
0.196061
0.196061
0.196108
0.196225
0.196254
0.196262
0.196286
0.196329
0.196363
0.196369
0.196396
0.196429
0.196455
0.196455
0.196471
0.196563
0.196563
0.196568
0.196568
0.196574
0.196699
0.196699
0.196699
0.196699
0.196719
0.196809
0.196809
0.196809
0.196808
0.196808
0.196841
0.196848
0.196872
0.196887
0.196887
0.196887
0.196941
0.196997
0.196993
0.197043
0.197040
0.197096
0.197096
0.197150
0.197202
0.197202
0.197400
0.197421
0.197443
0.197443
0.197673
0.197673
0.197673
0.197725
0.197724
0.197797
0.197810
0.197978
0.197978
0.198001
0.198004
0.198004
0.198115
0.198203
0.198203
0.198206
0.198206
0.198407
0.198472
0.198533
0.198615
0.198649
0.198679
0.198751
0.198762
0.198773
0.198773
0.198878
0.198913
0.198913
0.198912
0.198912
0.198914
0.198925
0.198925
0.198970
0.199108
0.199167
0.199210
0.199217
0.199282
0.199318
0.199332
0.199341
0.199403
0.199403
0.199411
0.199466
0.199487
0.199511
0.199515
0.199527
0.199533
0.199533
0.199623
0.199643
0.199662
0.199671
0.199671
0.199671
0.199671
0.199765
0.199765
0.199828
0.199818
0.199828
0.199828
0.199861
0.199869
0.199894
0.199956
0.199968
0.199964
0.199989
0.200096
0.200094
0.200127
0.200172
0.200211
0.200295
0.200298
0.200322
0.200343
0.200435
0.200457
0.200551
0.200556
0.200554
0.200554
0.200620
0.200620
0.200697
0.200698
0.200710
0.200710
0.200710
0.200710
0.200710
0.200761
0.200766
0.200766
0.200766
0.200769
0.200769
0.200769
0.200769
0.200793
0.200822
0.200866
0.200866
0.200905
0.200922
0.200937
0.200944
0.201046
0.201051
0.201069
0.201133
0.201131
0.201131
0.201159
0.201159
0.201199
0.201269
0.201295
0.201368
0.201368
0.201380
0.201468
0.201494
0.201494
0.201514
0.201545
0.201545
0.201591
0.201659
0.201659
0.201694
0.201741
0.201741
0.201741
0.201846
0.201894
0.201908
0.201936
0.201961
0.202021
0.202096
0.202100
0.202103
0.202103
0.202105
0.202137
0.202150
0.202219
0.202296
0.202305
0.202329
0.202375
0.202374
0.202381
0.202476
0.202476
0.202508
0.202522
0.202522
0.202522
0.202520
0.202520
0.202583
0.202608
0.202640
0.202662
0.202683
0.202679
0.202679
0.202679
0.202696
0.202699
0.202691
0.202691
0.202713
0.202735
0.202721
0.202801
0.202804
0.202804
0.202841
0.202842
0.202853
0.202853
0.202869
0.202869
0.202868
0.202868
0.202870
0.202898
0.202895
0.202909
0.202910
0.203020
0.203020
0.203020
0.203001
0.203020
0.203049
0.203097
0.203128
0.203128
0.203474
0.203485
0.203485
0.203499
0.203508
0.203602
0.203989
0.204073
0.204073
0.204079
0.204079
0.204184
0.204193
0.204193
0.204193
0.204210
0.204208
0.204218
0.204337
0.204334
0.204334
0.204364
0.204364
0.204418
0.204565
0.204590
0.204603
0.204595
0.204595
0.204622
0.204678
0.204710
0.204710
0.204728
0.204730
0.204754
0.204793
0.204862
0.204862
0.204863
0.204886
0.204922
0.204920
0.204993
0.204984
0.204984
0.204984
0.205036
0.205036
0.205138
0.205222
0.205245
0.205245
0.205245
0.205262
0.205262
0.205299
0.205300
0.205341
0.205341
0.205341
0.205401
0.205424
0.205424
0.205412
0.205412
0.205418
0.205420
0.205430
0.205444
0.205444
0.205477
0.205477
0.205530
0.205612
0.205612
0.205617
0.205632
0.205643
0.205656
0.205664
0.205664
0.205672
0.205675
0.205676
0.205676
0.205679
0.205724
0.205823
0.205821
0.205821
0.205833
0.205858
0.205896
0.205973
0.206012
0.206017
0.206021
0.206023
0.206023
0.206034
0.206093
0.206115
0.206115
0.206125
0.206130
0.206130
0.206159
0.206162
0.206177
0.206180
0.206205
0.206217
0.206297
0.206311
0.206311
0.206311
0.206327
0.206355
0.206354
0.206386
0.206415
0.206421
0.206458
0.206458
0.206524
0.206551
0.206564
0.206571
0.206571
0.206591
0.206591
0.206595
0.206646
0.206646
0.206668
0.206667
0.206666
0.206720
0.206801
0.206805
0.206813
0.206832
0.206935
0.206935
0.206979
0.207029
0.207029
0.207070
0.207070
0.207114
0.207125
0.207139
0.207139
0.207147
0.207149
0.207158
0.207173
0.207173
0.207176
0.207220
0.207238
0.207271
0.207316
0.207313
0.207329
0.207368
0.207368
0.207385
0.207385
0.207429
0.207441
0.207443
0.207443
0.207453
0.207463
0.207470
0.207479
0.207484
0.207486
0.207496
0.207496
0.207504
0.207509
0.207521
0.207523
0.207545
0.207545
0.207545
0.207591
0.207599
0.207601
0.207597
0.207631
0.207658
0.207658
0.207658
0.207671
0.207671
0.207691
0.207709
0.207733
0.207755
0.207749
0.207749
0.207754
0.207754
0.207797
0.207824
0.207826
0.207835
0.207835
0.207835
0.207833
0.207833
0.207864
0.208050
0.208054
0.208119
0.208119
0.208135
0.208160
0.208164
0.208164
0.208170
0.208170
0.208170
0.208175
0.208175
0.208176
0.208176
0.208176
0.208176
0.208176
0.208184
0.208223
0.208223
0.208242
0.208239
0.208237
0.208237
0.208288
0.208302
0.208305
0.208317
0.208317
0.208318
0.208320
0.208320
0.208320
0.208346
0.208347
0.208347
0.208364
0.208364
0.208377
0.208377
0.208425
0.208425
0.208467
0.208467
0.208467
0.208468
0.208468
0.208466
0.208466
0.208466
0.208478
0.208574
0.208575
0.208575
0.208575
0.208562
0.208574
0.208575
0.208614
0.208614
0.208658
0.208664
0.208664
0.208698
0.208722
0.208804
0.208829
0.208833
0.208826
0.208829
0.208840
0.208856
0.208853
0.208882
0.208886
0.208911
0.208913
0.208909
0.208929
0.208929
0.208928
0.208930
0.208931
0.208930
0.208950
0.208950
0.208972
0.208976
0.208976
0.208976
0.208980
0.208972
0.208972
0.208998
0.209001
0.209023
0.209026
0.209046
0.209046
0.209046
0.209045
0.209046
0.209046
0.209068
0.209096
0.209096
0.209124
0.209124
0.209124
0.209167
0.209170
0.209184
0.209190
0.209190
0.209190
0.209190
0.209199
0.209199
0.209247
0.209288
0.209296
0.209296
0.209341
0.209364
0.209390
0.209390
0.209397
0.209414
0.209441
0.209465
0.209478
0.209503
0.209574
0.209579
0.209578
0.209578
0.209628
0.209694
0.209710
0.209707
0.209743
0.209763
0.209763
0.209763
0.209787
0.209787
0.209787
0.209796
0.209796
0.209812
0.209821
0.209883
0.209883
0.209883
0.209895
0.209895
0.209895
0.209934
0.209934
0.209944
0.209967
0.209981
0.209988
0.210003
0.210009
0.210009
0.210015
0.210015
0.210057
0.210057
0.210127
0.210127
0.210138
0.210138
0.210159
0.210159
0.210160
0.210197
0.210198
0.210198
0.210200
0.210354
0.210378
0.210378
0.210462
0.210466
0.210503
0.210508
0.210519
0.210535
0.210541
0.210541
0.210558
0.210558
0.210565
0.210573
0.210583
0.210583
0.210584
0.210573
0.210605
0.210606
0.210615
0.210635
0.210636
0.210630
0.210631
0.210659
0.210785
0.210794
0.210878
0.210949
0.210969
0.210991
0.211007
0.210997
0.210997
0.211023
0.211023
0.211028
0.211035
0.211035
0.211032
0.211032
0.211049
0.211056
0.211113
0.211122
0.211206
0.211215
0.211215
0.211215
0.211236
0.211236
0.211237
0.211244
0.211283
0.211302
0.211302
0.211359
0.211358
0.211358
0.211358
0.211358
0.211372
0.211372
0.211435
0.211443
0.211552
0.211562
0.211564
0.211570
0.211570
0.211629
0.211694
0.211710
0.211736
0.211739
0.211739
0.211739
0.211754
0.211787
0.211808
0.211852
0.211853
0.211873
0.211907
0.211907
0.211904
0.211905
0.211917
0.211926
0.211993
0.211993
0.211989
0.212009
0.212013
0.212013
0.212016
0.212016
0.212051
0.212058
0.212059
0.212077
0.212077
0.212107
0.212118
0.212118
0.212125
0.212125
0.212195
0.212229
0.212234
0.212259
0.212259
0.212279
0.212279
0.212279
0.212280
0.212307
0.212334
0.212335
0.212335
0.212336
0.212349
0.212419
0.212427
0.212454
0.212454
0.212505
0.212506
0.212507
0.212513
0.212513
0.212515
0.212598
0.212598
0.212601
0.212609
0.212609
0.212609
0.212609
0.212634
0.212634
0.212661
0.212661
0.212662
0.212662
0.212718
0.212718
0.212729
0.212729
0.212729
0.212776
0.212776
0.212774
0.212774
0.212774
0.212784
0.212784
0.212785
0.212785
0.212822
0.212835
0.212833
0.212833
0.212833
0.212833
0.212833
0.212840
0.212869
0.212869
0.212869
0.212869
0.212869
0.212869
0.212869
0.212900
0.212934
0.213000
0.213006
0.213023
0.213075
0.213075
0.213075
0.213131
0.213131
0.213154
0.213200
0.213217
0.213220
0.213229
0.213228
0.213232
0.213232
0.213273
0.213273
0.213273
0.213274
0.213274
0.213281
0.213281
0.213281
0.213283
0.213297
0.213298
0.213322
0.213351
0.213351
0.213346
0.213346
0.213393
0.213390
0.213390
0.213458
0.213458
0.213475
0.213475
0.213481
0.213503
0.213576
0.213637
0.213663
0.213678
0.213684
0.213691
0.213691
0.213700
0.213706
0.213709
0.213709
0.213701
0.213701
0.213701
0.213731
0.213777
0.213782
0.213782
0.213793
0.213793
0.213829
0.213840
0.213840
0.213840
0.213840
0.213844
0.213852
0.213852
0.213857
0.213866
0.213894
0.213909
0.213926
0.213949
0.213949
0.213953
0.214002
0.214003
0.214009
0.214019
0.214019
0.214076
0.214081
0.214126
0.214128
0.214129
0.214133
0.214134
0.214149
0.214149
0.214149
0.214163
0.214167
0.214183
0.214379
0.214389
0.214464
0.214475
0.214579
0.214600
0.214656
0.214679
0.214679
0.214694
0.214717
0.214742
0.214742
0.214742
0.214753
0.214745
0.214745
0.214745
0.214765
0.214778
0.214787
0.214787
0.214787
0.214787
0.214787
0.214854
0.214855
0.214854
0.214872
0.214872
0.214889
0.214889
0.214986
0.214986
0.214986
0.214996
0.215019
0.215045
0.215049
0.215064
0.215101
0.215104
0.215131
0.215171
0.215171
0.215171
0.215171
0.215206
0.215206
0.215206
0.215213
0.215212
0.215219
0.215219
0.215231
0.215230
0.215281
0.215291
0.215294
0.215342
0.215355
0.215382
0.215383
0.215384
0.215408
0.215425
0.215427
0.215433
0.215433
0.215460
0.215523
0.215524
0.215524
0.215554
0.215554
0.215554
0.215583
0.215636
0.215650
0.215650
0.215644
0.215650
0.215650
0.215650
0.215650
0.215650
0.215650
0.215672
0.215672
0.215734
0.215734
0.215741
0.215741
0.215767
0.215772
0.215785
0.215789
0.215812
0.215834
0.215890
0.215917
0.215929
0.215929
0.215947
0.215949
0.215951
0.215952
0.215994
0.216032
0.216032
0.216029
0.216027
0.216027
0.216040
0.216043
0.216042
0.216049
0.216054
0.216054
0.216068
0.216073
0.216073
0.216074
0.216074
0.216074
0.216087
0.216097
0.216099
0.216120
0.216174
0.216187
0.216187
0.216218
0.216248
0.216251
0.216251
0.216251
0.216263
0.216304
0.216305
0.216313
0.216313
0.216379
0.216394
0.216407
0.216407
0.216425
0.216430
0.216431
0.216446
0.216446
0.216446
0.216475
0.216499
0.216497
0.216527
0.216529
0.216529
0.216553
0.216560
0.216566
0.216566
0.216617
0.216620
0.216620
0.216620
0.216620
0.216625
0.216685
0.216695
0.216695
0.216701
0.216701
0.216743
0.216743
0.216848
0.216856
0.216898
0.216917
0.216916
0.216971
0.216987
0.216987
0.217010
0.217029
0.217029
0.217047
0.217047
0.217086
0.217086
0.217091
0.217091
0.217123
0.217123
0.217123
0.217143
0.217143
0.217188
0.217188
0.217188
0.217189
0.217190
0.217190
0.217242
0.217242
0.217323
0.217324
0.217324
0.217327
0.217344
0.217344
0.217344
0.217366
0.217421
0.217414
0.217417
0.217432
0.217464
0.217472
0.217503
0.217503
0.217503
0.217503
0.217523
0.217523
0.217523
0.217537
0.217537
0.217545
0.217545
0.217550
0.217550
0.217561
0.217561
0.217561
0.217574
0.217574
0.217574
0.217575
0.217575
0.217575
0.217575
0.217661
0.217661
0.217692
0.217688
0.217709
0.217709
0.217709
0.217709
0.217715
0.217716
0.217731
0.217732
0.217735
0.217753
0.217753
0.217772
0.217772
0.217772
0.217773
0.217799
0.217800
0.217800
0.217829
0.217829
0.217829
0.217829
0.217917
0.217917
0.217917
0.217992
0.218086
0.218086
0.218078
0.218088
0.218146
0.218151
0.218169
0.218169
0.218178
0.218178
0.218184
0.218184
0.218189
0.218201
0.218214
0.218224
0.218230
0.218230
0.218230
0.218253
0.218259
0.218259
0.218259
0.218269
0.218269
0.218278
0.218278
0.218290
0.218290
0.218300
0.218308
0.218308
0.218339
0.218345
0.218355
0.218355
0.218358
0.218363
0.218363
0.218360
0.218358
0.218421
0.218427
0.218427
0.218427
0.218465
0.218469
0.218490
0.218490
0.218490
0.218504
0.218514
0.218525
0.218598
0.218610
0.218610
0.218611
0.218608
0.218622
0.218622
0.218630
0.218651
0.218669
0.218681
0.218689
0.218689
0.218690
0.218690
0.218694
0.218786
0.218812
0.218823
0.218823
0.218859
0.218859
0.218859
0.218889
0.218889
0.218889
0.218876
0.218878
0.218889
0.218889
0.218891
0.218891
0.218891
0.218891
0.218891
0.218910
0.218911
0.218911
0.218911
0.218911
0.218911
0.218911
0.218911
0.218911
0.218927
0.218912
0.218968
0.218968
0.218999
0.218999
0.219038
0.219058
0.219067
0.219123
0.219127
0.219135
0.219135
0.219142
0.219157
0.219155
0.219165
0.219197
0.219200
0.219200
0.219201
0.219210
0.219218
0.219218
0.219248
0.219249
0.219264
0.219264
0.219278
0.219293
0.219381
0.219378
0.219383
0.219383
0.219397
0.219410
0.219413
0.219413
0.219413
0.219427
0.219427
0.219422
0.219447
0.219456
0.219484
0.219484
0.219484
0.219505
0.219562
0.219562
0.219562
0.219561
0.219577
0.219594
0.219594
0.219592
0.219604
0.219606
0.219607
0.219637
0.219637
0.219649
0.219649
0.219649
0.219649
0.219666
0.219670
0.219670
0.219670
0.219671
0.219676
0.219676
0.219671
0.219681
0.219690
0.219690
0.219690
0.219700
0.219700
0.219701
0.219701
0.219705
0.219727
0.219728
0.219736
0.219736
0.219758
0.219784
0.219785
0.219785
0.219817
0.219850
0.219850
0.219871
0.219871
0.219871
0.219872
0.219877
0.219906
0.219927
0.219955
0.219969
0.219969
0.219975
0.219975
0.219975
0.219995
0.220007
0.220018
0.220026
0.220027
0.220029
0.220030
0.220030
0.220030
0.220032
0.220039
0.220052
0.220052
0.220067
0.220089
0.220089
0.220089
0.220091
0.220091
0.220098
0.220121
0.220189
0.220197
0.220197
0.220197
0.220207
0.220246
0.220258
0.220258
0.220258
0.220277
0.220286
0.220315
0.220335
0.220393
0.220407
0.220429
0.220433
0.220433
0.220432
0.220432
0.220433
0.220433
0.220433
0.220442
0.220447
0.220447
0.220447
0.220447
0.220470
0.220470
0.220470
0.220474
0.220474
0.220495
0.220517
0.220517
0.220581
0.220612
0.220612
0.220612
0.220638
0.220694
0.220694
0.220700
0.220711
0.220713
0.220753
0.220753
0.220753
0.220754
0.220754
0.220758
0.220758
0.220840
0.220839
0.220841
0.220841
0.220843
0.220843
0.220889
0.220905
0.220914
0.220924
0.220924
0.220940
0.220945
0.220945
0.220945
0.220980
0.220980
0.220980
0.220980
0.220980
0.220964
0.220964
0.221015
0.221029
0.221043
0.221043
0.221103
0.221121
0.221121
0.221135
0.221142
0.221165
0.221166
0.221166
0.221224
0.221251
0.221251
0.221267
0.221303
0.221361
0.221359
0.221374
0.221443
0.221454
0.221462
0.221509
0.221517
0.221548
0.221560
0.221560
0.221596
0.221596
0.221596
0.221612
0.221612
0.221612
0.221617
0.221645
0.221666
0.221677
0.221711
0.221711
0.221707
0.221707
0.221742
0.221742
0.221759
0.221802
0.221804
0.221804
0.221804
0.221809
0.221809
0.221840
0.221841
0.221866
0.221866
0.221866
0.221866
0.221867
0.221867
0.221867
0.221867
0.221907
0.221908
0.221907
0.221912
0.221917
0.221916
0.221946
0.221946
0.221951
0.221971
0.221982
0.221991
0.222035
0.222035
0.222035
0.222132
0.222132
0.222153
0.222153
0.222153
0.222156
0.222192
0.222218
0.222216
0.222224
0.222235
0.222235
0.222237
0.222240
0.222240
0.222241
0.222241
0.222255
0.222255
0.222263
0.222263
0.222263
0.222263
0.222266
0.222276
0.222276
0.222276
0.222463
0.222463
0.222463
0.222463
0.222463
0.222576
0.222605
0.222605
0.222605
0.222605
0.222627
0.222635
0.222642
0.222653
0.222653
0.222653
0.222654
0.222649
0.222649
0.222669
0.222672
0.222679
0.222704
0.222705
0.222706
0.222732
0.222843
0.222843
0.222843
0.222854
0.222868
0.222889
0.222899
0.222898
0.222898
0.222898
0.222901
0.222920
0.222922
0.222922
0.222922
0.222922
0.222922
0.222922
0.222921
0.222923
0.222927
0.222927
0.222927
0.222927
0.222927
0.222927
0.222959
0.223006
0.223006
0.223014
0.223032
0.223048
0.223048
0.223048
0.223063
0.223086
0.223086
0.223097
0.223110
0.223112
0.223112
0.223112
0.223129
0.223131
0.223123
0.223123
0.223147
0.223147
0.223149
0.223180
0.223204
0.223216
0.223266
0.223279
0.223289
0.223290
0.223290
0.223293
0.223296
0.223299
0.223316
0.223326
0.223326
0.223326
0.223340
0.223359
0.223359
0.223360
0.223376
0.223432
0.223441
0.223445
0.223449
0.223475
0.223521
0.223521
0.223536
0.223577
0.223580
0.223589
0.223589
0.223599
0.223599
0.223609
0.223625
0.223625
0.223625
0.223640
0.223638
0.223638
0.223640
0.223640
0.223640
0.223640
0.223640
0.223640
0.223640
0.223640
0.223640
0.223675
0.223675
0.223675
0.223675
0.223710
0.223719
0.223719
0.223719
0.223720
0.223720
0.223737
0.223753
0.223759
0.223766
0.223785
0.223789
0.223789
0.223789
0.223793
0.223794
0.223794
0.223793
0.223802
0.223804
0.223805
0.223805
0.223834
0.223834
0.223836
0.223866
0.223866
0.223874
0.223876
0.223876
0.223876
0.223924
0.223924
0.223948
0.223991
0.223991
0.223991
0.223991
0.223987
0.224023
0.224025
0.224044
0.224044
0.224064
0.224064
0.224064
0.224064
0.224064
0.224112
0.224112
0.224130
0.224130
0.224147
0.224148
0.224144
0.224148
0.224161
0.224168
0.224168
0.224172
0.224173
0.224174
0.224174
0.224176
0.224176
0.224193
0.224193
0.224211
0.224223
0.224258
0.224258
0.224258
0.224322
0.224322
0.224320
0.224338
0.224340
0.224340
0.224345
0.224410
0.224422
0.224463
0.224465
0.224458
0.224458
0.224456
0.224456
0.224454
0.224481
0.224481
0.224507
0.224529
0.224533
0.224533
0.224545
0.224576
0.224576
0.224583
0.224585
0.224592
0.224592
0.224616
0.224620
0.224633
0.224633
0.224634
0.224666
0.224688
0.224689
0.224689
0.224697
0.224696
0.224697
0.224703
0.224716
0.224716
0.224717
0.224722
0.224724
0.224745
0.224745
0.224744
0.224814
0.224814
0.224813
0.224818
0.224822
0.224872
0.224872
0.224872
0.224876
0.224876
0.224876
0.224877
0.224877
0.224877
0.224883
0.224913
0.224912
0.224913
0.224913
0.224913
0.224913
0.224971
0.224971
0.224971
0.224994
0.225003
0.225007
0.225007
0.225007
0.225028
0.225077
0.225077
0.225077
0.225093
0.225108
0.225113
0.225113
0.225119
0.225123
0.225124
0.225131
0.225131
0.225131
0.225132
0.225157
0.225191
0.225187
0.225187
0.225187
0.225203
0.225200
0.225200
0.225282
0.225282
0.225282
0.225282
0.225352
0.225354
0.225354
0.225351
0.225351
0.225344
0.225350
0.225377
0.225377
0.225377
0.225385
0.225384
0.225384
0.225392
0.225469
0.225478
0.225489
0.225497
0.225584
0.225599
0.225619
0.225619
0.225609
0.225609
0.225627
0.225650
0.225650
0.225667
0.225668
0.225676
0.225676
0.225699
0.225699
0.225709
0.225711
0.225711
0.225712
0.225712
0.225751
0.225752
0.225752
0.225752
0.225752
0.225752
0.225751
0.225763
0.225765
0.225777
0.225798
0.225791
0.225806
0.225806
0.225806
0.225814
0.225850
0.225857
0.225862
0.225869
0.225872
0.225910
0.225947
0.225953
0.225963
0.225962
0.226000
0.226004
0.226010
0.226011
0.226011
0.226023
0.226009
0.226005
0.226027
0.226020
0.226026
0.226032
0.226049
0.226046
0.226085
0.226087
0.226090
0.226099
0.226100
0.226100
0.226100
0.226100
0.226102
0.226102
0.226102
0.226102
0.226123
0.226174
0.226188
0.226186
0.226186
0.226203
0.226229
0.226233
0.226251
0.226257
0.226272
0.226298
0.226298
0.226318
0.226318
0.226318
0.226318
0.226320
0.226320
0.226321
0.226361
0.226361
0.226366
0.226367
0.226367
0.226367
0.226367
0.226367
0.226367
0.226367
0.226367
0.226368
0.226388
0.226388
0.226388
0.226390
0.226390
0.226397
0.226397
0.226399
0.226403
0.226403
0.226403
0.226434
0.226439
0.226441
0.226441
0.226441
0.226444
0.226444
0.226504
0.226529
0.226537
0.226538
0.226549
0.226549
0.226549
0.226546
0.226546
0.226546
0.226599
0.226599
0.226599
0.226601
0.226601
0.226605
0.226605
0.226619
0.226619
0.226619
0.226621
0.226621
0.226621
0.226625
0.226629
0.226629
0.226629
0.226629
0.226611
0.226615
0.226615
0.226651
0.226658
0.226663
0.226666
0.226671
0.226671
0.226671
0.226671
0.226672
0.226683
0.226683
0.226686
0.226686
0.226687
0.226705
0.226705
0.226705
0.226705
0.226705
0.226702
0.226702
0.226704
0.226729
0.226729
0.226729
0.226728
0.226728
0.226728
0.226728
0.226733
0.226733
0.226733
0.226732
0.226732
0.226759
0.226777
0.226878
0.226878
0.226883
0.226884
0.226907
0.226932
0.226932
0.226942
0.226942
0.227042
0.227042
0.227047
0.227119
0.227127
0.227125
0.227190
0.227190
0.227194
0.227193
0.227232
0.227235
0.227236
0.227257
0.227259
0.227259
0.227299
0.227319
0.227342
0.227345
0.227354
0.227352
0.227355
0.227357
0.227359
0.227366
0.227378
0.227381
0.227381
0.227385
0.227410
0.227421
0.227421
0.227424
0.227489
0.227489
0.227486
0.227486
0.227486
0.227550
0.227550
0.227550
0.227550
0.227564
0.227564
0.227566
0.227570
0.227572
0.227572
0.227572
0.227572
0.227610
0.227610
0.227610
0.227610
0.227615
0.227615
0.227639
0.227639
0.227639
0.227639
0.227637
0.227637
0.227637
0.227637
0.227637
0.227637
0.227637
0.227630
0.227630
0.227640
0.227640
0.227640
0.227647
0.227647
0.227647
0.227647
0.227680
0.227680
0.227680
0.227682
0.227682
0.227697
0.227698
0.227698
0.227730
0.227729
0.227729
0.227743
0.227746
0.227750
0.227755
0.227755
0.227785
0.227786
0.227790
0.227805
0.227834
0.227834
0.227834
0.227834
0.227834
0.227869
0.227869
0.227873
0.227876
0.227876
0.227876
0.227940
0.227940
0.227940
0.227940
0.227945
0.227945
0.227936
0.227958
0.227958
0.227958
0.227966
0.227966
0.227966
0.227966
0.228014
0.228043
0.228076
0.228076
0.228076
0.228130
0.228130
0.228130
0.228130
0.228130
0.228130
0.228173
0.228180
0.228179
0.228178
0.228190
0.228192
0.228194
0.228256
0.228263
0.228267
0.228267
0.228267
0.228267
0.228267
0.228270
0.228270
0.228270
0.228279
0.228279
0.228311
0.228316
0.228346
0.228355
0.228355
0.228355
0.228399
0.228399
0.228399
0.228399
0.228452
0.228453
0.228453
0.228464
0.228464
0.228464
0.228464
0.228464
0.228464
0.228475
0.228475
0.228487
0.228510
0.228510
0.228512
0.228527
0.228523
0.228523
0.228547
0.228560
0.228560
0.228573
0.228573
0.228577
0.228581
0.228609
0.228609
0.228625
0.228625
0.228625
0.228626
0.228626
0.228626
0.228665
0.228661
0.228664
0.228668
0.228671
0.228671
0.228708
0.228711
0.228728
0.228729
0.228729
0.228729
0.228742
0.228742
0.228745
0.228744
0.228744
0.228744
0.228756
0.228758
0.228758
0.228758
0.228758
0.228777
0.228774
0.228774
0.228774
0.228774
0.228774
0.228781
0.228781
0.228782
0.228800
0.228872
0.228872
0.228878
0.228878
0.228878
0.228878
0.228888
0.228888
0.228888
0.228886
0.228919
0.228937
0.228937
0.228968
0.228968
0.228976
0.228996
0.228996
0.229014
0.229014
0.229014
0.229062
0.229062
0.229109
0.229109
0.229114
0.229102
0.229102
0.229150
0.229177
0.229181
0.229183
0.229191
0.229199
0.229199
0.229199
0.229200
0.229204
0.229204
0.229204
0.229204
0.229217
0.229221
0.229221
0.229229
0.229229
0.229229
0.229240
0.229238
0.229238
0.229238
0.229264
0.229265
0.229270
0.229300
0.229300
0.229305
0.229305
0.229305
0.229305
0.229317
0.229319
0.229387
0.229394
0.229486
0.229486
0.229482
0.229503
0.229503
0.229503
0.229508
0.229520
0.229525
0.229528
0.229529
0.229529
0.229530
0.229530
0.229529
0.229531
0.229564
0.229580
0.229608
0.229607
0.229615
0.229630
0.229623
0.229625
0.229638
0.229662
0.229664
0.229712
0.229712
0.229712
0.229724
0.229724
0.229731
0.229737
0.229737
0.229746
0.229766
0.229766
0.229766
0.229766
0.229766
0.229770
0.229783
0.229790
0.229790
0.229791
0.229791
0.229807
0.229807
0.229807
0.229807
0.229815
0.229815
0.229815
0.229823
0.229845
0.229845
0.229847
0.229867
0.229867
0.229859
0.229849
0.229849
0.229863
0.229872
0.229890
0.229891
0.229911
0.229936
0.229937
0.229944
0.229944
0.229942
0.229953
0.229954
0.229958
0.229958
0.229958
0.229958
0.229958
0.229971
0.229971
0.229971
0.229971
0.229971
0.229971
0.229990
0.229995
0.229995
0.230008
0.230008
0.230008
0.230010
0.230051
0.230055
0.230060
0.230064
0.230066
0.230066
0.230066
0.230066
0.230070
0.230074
0.230074
0.230079
0.230079
0.230079
0.230079
0.230084
0.230084
0.230084
0.230084
0.230116
0.230128
0.230128
0.230128
0.230128
0.230135
0.230137
0.230137
0.230161
0.230161
0.230160
0.230167
0.230167
0.230167
0.230171
0.230171
0.230171
0.230171
0.230177
0.230177
0.230178
0.230213
0.230235
0.230235
0.230235
0.230264
0.230272
0.230298
0.230298
0.230298
0.230298
0.230298
0.230298
0.230313
0.230326
0.230326
0.230346
0.230346
0.230354
0.230354
0.230359
0.230374
0.230379
0.230377
0.230377
0.230381
0.230405
0.230405
0.230426
0.230427
0.230429
0.230431
0.230440
0.230440
0.230440
0.230440
0.230464
0.230464
0.230469
0.230469
0.230483
0.230483
0.230480
0.230480
0.230519
0.230524
0.230524
0.230589
0.230608
0.230616
0.230616
0.230616
0.230616
0.230616
0.230623
0.230623
0.230627
0.230632
0.230632
0.230628
0.230628
0.230628
0.230628
0.230628
0.230629
0.230629
0.230629
0.230629
0.230629
0.230639
0.230639
0.230639
0.230639
0.230639
0.230639
0.230687
0.230692
0.230692
0.230692
0.230692
0.230692
0.230692
0.230692
0.230695
0.230695
0.230715
0.230721
0.230721
0.230721
0.230722
0.230724
0.230724
0.230730
0.230730
0.230730
0.230730
0.230730
0.230756
0.230756
0.230770
0.230775
0.230801
0.230801
0.230801
0.230808
0.230855
0.230855
0.230855
0.230870
0.230877
0.230877
0.230877
0.230877
0.230879
0.230893
0.230894
0.230894
0.230894
0.230894
0.230892
0.230910
0.230910
0.230914
0.230914
0.230914
0.230914
0.230914
0.230925
0.230937
0.230950
0.230950
0.230950
0.230950
0.230962
0.230981
0.230984
0.230989
0.230993
0.230990
0.230990
0.230989
0.230989
0.230996
0.231005
0.231005
0.231016
0.231016
0.231016
0.231024
0.231020
0.231020
0.231020
0.231020
0.231020
0.231058
0.231058
0.231070
0.231076
0.231076
0.231076
0.231090
0.231093
0.231102
0.231111
0.231111
0.231111
0.231114
0.231126
0.231126
0.231148
0.231163
0.231163
0.231200
0.231211
0.231234
0.231238
0.231238
0.231238
0.231238
0.231238
0.231239
0.231246
0.231251
0.231251
0.231249
0.231295
0.231295
0.231295
0.231295
0.231289
0.231308
0.231296
0.231296
0.231334
0.231334
0.231334
0.231343
0.231358
0.231360
0.231363
0.231360
0.231355
0.231369
0.231389
0.231392
0.231392
0.231395
0.231395
0.231410
0.231412
0.231412
0.231412
0.231413
0.231415
0.231417
0.231420
0.231420
0.231420
0.231448
0.231448
0.231448
0.231448
0.231448
0.231457
0.231463
0.231465
0.231471
0.231468
0.231468
0.231505
0.231538
0.231546
0.231537
0.231546
0.231561
0.231561
0.231660
0.231674
0.231685
0.231685
0.231687
0.231720
0.231720
0.231717
0.231717
0.231717
0.231757
0.231760
0.231771
0.231771
0.231772
0.231777
0.231777
0.231798
0.231803
0.231802
0.231845
0.231845
0.231867
0.231867
0.231867
0.231874
0.231874
0.231874
0.231953
0.231970
0.231970
0.231971
0.231971
0.231984
0.231984
0.231984
0.231984
0.231984
0.231984
0.231978
0.231999
0.232046
0.232046
0.232047
0.232045
0.232045
0.232045
0.232074
0.232075
0.232075
0.232075
0.232075
0.232078
0.232083
0.232094
0.232094
0.232101
0.232101
0.232098
0.232100
0.232100
0.232100
0.232100
0.232129
0.232129
0.232129
0.232129
0.232162
0.232162
0.232179
0.232179
0.232198
0.232198
0.232185
0.232193
0.232193
0.232193
0.232230
0.232252
0.232251
0.232252
0.232252
0.232272
0.232298
0.232318
0.232359
0.232370
0.232362
0.232362
0.232361
0.232363
0.232366
0.232387
0.232387
0.232389
0.232389
0.232397
0.232389
0.232390
0.232390
0.232390
0.232410
0.232410
0.232410
0.232410
0.232421
0.232421
0.232421
0.232420
0.232423
0.232423
0.232427
0.232432
0.232432
0.232432
0.232432
0.232432
0.232434
0.232434
0.232459
0.232467
0.232467
0.232467
0.232477
0.232477
0.232477
0.232483
0.232490
0.232490
0.232490
0.232486
0.232486
0.232483
0.232491
0.232495
0.232501
0.232501
0.232500
0.232500
0.232510
0.232526
0.232526
0.232526
0.232526
0.232526
0.232526
0.232526
0.232528
0.232545
0.232545
0.232545
0.232545
0.232546
0.232546
0.232546
0.232546
0.232546
0.232621
0.232623
0.232623
0.232626
0.232626
0.232626
0.232625
0.232625
0.232625
0.232625
0.232627
0.232627
0.232630
0.232649
0.232649
0.232654
0.232654
0.232654
0.232654
0.232654
0.232683
0.232693
0.232693
0.232709
0.232721
0.232721
0.232723
0.232729
0.232750
0.232750
0.232753
0.232753
0.232752
0.232756
0.232756
0.232756
0.232756
0.232761
0.232762
0.232766
0.232766
0.232766
0.232766
0.232765
0.232765
0.232766
0.232766
0.232766
0.232797
0.232797
0.232805
0.232806
0.232830
0.232830
0.232843
0.232847
0.232839
0.232839
0.232839
0.232862
0.232862
0.232862
0.232879
0.232878
0.232889
0.232889
0.232894
0.232894
0.232907
0.232899
0.232899
0.232899
0.232919
0.232943
0.232948
0.232961
0.232968
0.232977
0.232977
0.232982
0.232988
0.232989
0.232989
0.232989
0.232989
0.232996
0.232996
0.233001
0.233002
0.233002
0.233016
0.233046
0.233050
0.233050
0.233049
0.233051
0.233051
0.233052
0.233052
0.233084
0.233086
0.233086
0.233091
0.233084
0.233084
0.233109
0.233116
0.233121
0.233121
0.233121
0.233127
0.233146
0.233146
0.233148
0.233158
0.233164
0.233164
0.233164
0.233165
0.233166
0.233173
0.233173
0.233173
0.233161
0.233161
0.233161
0.233173
0.233195
0.233195
0.233195
0.233195
0.233199
0.233199
0.233211
0.233213
0.233218
0.233232
0.233238
0.233237
0.233237
0.233244
0.233244
0.233251
0.233262
0.233268
0.233270
0.233307
0.233326
0.233326
0.233326
0.233326
0.233326
0.233328
0.233328
0.233328
0.233323
0.233323
0.233324
0.233323
0.233323
0.233342
0.233350
0.233353
0.233351
0.233351
0.233356
0.233356
0.233357
0.233360
0.233360
0.233360
0.233360
0.233360
0.233362
0.233362
0.233372
0.233390
0.233400
0.233401
0.233401
0.233401
0.233402
0.233405
0.233410
0.233407
0.233408
0.233408
0.233408
0.233413
0.233413
0.233415
0.233439
0.233468
0.233485
0.233485
0.233482
0.233490
0.233490
0.233489
0.233491
0.233504
0.233504
0.233513
0.233513
0.233512
0.233512
0.233512
0.233512
0.233528
0.233531
0.233624
0.233624
0.233647
0.233648
0.233656
0.233656
0.233656
0.233662
0.233662
0.233667
0.233682
0.233691
0.233691
0.233691
0.233691
0.233691
0.233691
0.233691
0.233691
0.233691
0.233691
0.233723
0.233734
0.233735
0.233735
0.233739
0.233739
0.233739
0.233751
0.233760
0.233787
0.233802
0.233802
0.233809
0.233809
0.233809
0.233810
0.233811
0.233811
0.233811
0.233812
0.233812
0.233812
0.233828
0.233856
0.233867
0.233867
0.233867
0.233867
0.233867
0.233898
0.233900
0.233900
0.233896
0.233896
0.233897
0.233897
0.233901
0.233901
0.233909
0.233918
0.233932
0.233928
0.233937
0.233945
0.233945
0.233945
0.233950
0.233950
0.233951
0.233951
0.233951
0.233951
0.233967
0.233967
0.233975
0.233973
0.233973
0.233973
0.233979
0.233986
0.233986
0.233996
0.234009
0.234009
0.234009
0.234009
0.234009
0.234009
0.234010
0.234015
0.234018
0.234020
0.234020
0.234042
0.234043
0.234051
0.234051
0.234052
0.234052
0.234056
0.234056
0.234058
0.234067
0.234067
0.234067
0.234067
0.234067
0.234078
0.234078
0.234078
0.234074
0.234074
0.234076
0.234085
0.234085
0.234085
0.234086
0.234086
0.234085
0.234085
0.234085
0.234085
0.234085
0.234085
0.234085
0.234085
0.234085
0.234111
0.234111
0.234112
0.234103
0.234146
0.234154
0.234167
0.234175
0.234173
0.234172
0.234188
0.234188
0.234188
0.234186
0.234187
0.234186
0.234186
0.234238
0.234239
0.234249
0.234249
0.234276
0.234280
0.234280
0.234280
0.234287
0.234293
0.234288
0.234302
0.234311
0.234314
0.234314
0.234314
0.234338
0.234345
0.234351
0.234357
0.234357
0.234357
0.234364
0.234364
0.234365
0.234365
0.234368
0.234368
0.234368
0.234368
0.234368
0.234368
0.234394
0.234430
0.234431
0.234434
0.234436
0.234443
0.234490
0.234489
0.234489
0.234490
0.234490
0.234497
0.234497
0.234495
0.234500
0.234500
0.234526
0.234526
0.234513
0.234524
0.234525
0.234550
0.234550
0.234565
0.234570
0.234575
0.234575
0.234575
0.234575
0.234576
0.234594
0.234601
0.234600
0.234600
0.234600
0.234604
0.234598
0.234598
0.234613
0.234616
0.234616
0.234634
0.234663
0.234663
0.234663
0.234663
0.234667
0.234663
0.234663
0.234663
0.234663
0.234663
0.234669
0.234689
0.234689
0.234691
0.234707
0.234705
0.234705
0.234705
0.234705
0.234743
0.234730
0.234730
0.234751
0.234751
0.234752
0.234751
0.234751
0.234756
0.234759
0.234769
0.234776
0.234779
0.234788
0.234788
0.234791
0.234816
0.234816
0.234816
0.234816
0.234825
0.234825
0.234824
0.234824
0.234824
0.234824
0.234824
0.234827
0.234827
0.234828
0.234831
0.234841
0.234842
0.234840
0.234840
0.234854
0.234860
0.234867
0.234867
0.234867
0.234864
0.234924
0.234924
0.234920
0.234920
0.234928
0.234943
0.234948
0.234948
0.234971
0.234977
0.235007
0.235007
0.235001
0.235001
0.234998
0.235010
0.235013
0.235013
0.235029
0.235029
0.235029
0.235029
0.235029
0.235025
0.235029
0.235029
0.235029
0.235029
0.235032
0.235047
0.235057
0.235057
0.235057
0.235057
0.235057
0.235059
0.235068
0.235068
0.235071
0.235071
0.235074
0.235076
0.235076
0.235076
0.235077
0.235077
0.235077
0.235092
0.235108
0.235163
0.235164
0.235162
0.235165
0.235169
0.235172
0.235172
0.235172
0.235172
0.235178
0.235185
0.235202
0.235202
0.235212
0.235215
0.235246
0.235246
0.235246
0.235246
0.235269
0.235269
0.235269
0.235269
0.235269
0.235269
0.235269
0.235308
0.235309
0.235310
0.235340
0.235337
0.235339
0.235339
0.235346
0.235346
0.235346
0.235347
0.235350
0.235352
0.235352
0.235351
0.235351
0.235358
0.235373
0.235374
0.235393
0.235393
0.235393
0.235390
0.235410
0.235423
0.235423
0.235423
0.235428
0.235428
0.235424
0.235431
0.235461
0.235464
0.235476
0.235476
0.235476
0.235478
0.235481
0.235508
0.235547
0.235547
0.235559
0.235566
0.235566
0.235565
0.235567
0.235567
0.235567
0.235572
0.235572
0.235580
0.235580
0.235578
0.235578
0.235578
0.235581
0.235584
0.235592
0.235592
0.235592
0.235598
0.235598
0.235598
0.235598
0.235602
0.235602
0.235602
0.235602
0.235618
0.235623
0.235625
0.235625
0.235626
0.235630
0.235630
0.235642
0.235642
0.235656
0.235656
0.235656
0.235656
0.235657
0.235661
0.235661
0.235666
0.235666
0.235684
0.235694
0.235694
0.235694
0.235694
0.235690
0.235684
0.235684
0.235712
0.235738
0.235777
0.235778
0.235779
0.235782
0.235782
0.235782
0.235782
0.235784
0.235784
0.235784
0.235787
0.235787
0.235787
0.235787
0.235788
0.235796
0.235796
0.235796
0.235795
0.235795
0.235795
0.235795
0.235798
0.235820
0.235841
0.235847
0.235871
0.235866
0.235882
0.235883
0.235882
0.235882
0.235881
0.235881
0.235883
0.235883
0.235883
0.235883
0.235883
0.235883
0.235883
0.235891
0.235917
0.235924
0.235924
0.235925
0.235941
0.235944
0.235945
0.235945
0.235948
0.235963
0.235963
0.235963
0.235963
0.235973
0.235974
0.235990
0.236023
0.236023
0.236023
0.236024
0.236024
0.236023
0.236026
0.236025
0.236024
0.236052
0.236059
0.236059
0.236059
0.236065
0.236065
0.236065
0.236105
0.236107
0.236124
0.236127
0.236127
0.236130
0.236138
0.236138
0.236140
0.236147
0.236147
0.236162
0.236167
0.236167
0.236171
0.236171
0.236174
0.236174
0.236208
0.236209
0.236209
0.236209
0.236240
0.236240
0.236240
0.236240
0.236249
0.236257
0.236273
0.236277
0.236279
0.236286
0.236293
0.236310
0.236308
0.236308
0.236320
0.236320
0.236330
0.236335
0.236338
0.236338
0.236342
0.236343
0.236350
0.236350
0.236351
0.236358
0.236358
0.236387
0.236398
0.236387
0.236387
0.236390
0.236390
0.236390
0.236390
0.236390
0.236390
0.236390
0.236391
0.236391
0.236391
0.236391
0.236409
0.236423
0.236423
0.236426
0.236426
0.236426
0.236433
0.236444
0.236444
0.236444
0.236444
0.236444
0.236444
0.236441
0.236441
0.236443
0.236438
0.236439
0.236446
0.236446
0.236446
0.236450
0.236450
0.236450
0.236450
0.236466
0.236466
0.236466
0.236466
0.236466
0.236466
0.236466
0.236466
0.236466
0.236466
0.236466
0.236478
0.236498
0.236505
0.236505
0.236495
0.236512
0.236513
0.236515
0.236514
0.236517
0.236528
0.236532
0.236575
0.236594
0.236594
0.236594
0.236594
0.236597
0.236598
0.236600
0.236600
0.236600
0.236627
0.236627
0.236627
0.236627
0.236631
0.236631
0.236631
0.236639
0.236651
0.236651
0.236651
0.236649
0.236659
0.236658
0.236658
0.236658
0.236670
0.236671
0.236668
0.236675
0.236675
0.236675
0.236675
0.236697
0.236697
0.236697
0.236697
0.236697
0.236710
0.236732
0.236739
0.236739
0.236755
0.236755
0.236758
0.236792
0.236807
0.236802
0.236802
0.236827
0.236827
0.236834
0.236845
0.236848
0.236844
0.236844
0.236844
0.236853
0.236856
0.236861
0.236861
0.236870
0.236870
0.236870
0.236870
0.236868
0.236868
0.236868
0.236880
0.236881
0.236884
0.236895
0.236895
0.236895
0.236899
0.236899
0.236900
0.236900
0.236901
0.236925
0.236925
0.236924
0.236924
0.236924
0.236936
0.236939
0.236940
0.236940
0.236941
0.236941
0.236947
0.236959
0.236965
0.236965
0.236983
0.236983
0.236985
0.236985
0.236985
0.236985
0.236985
0.236985
0.236984
0.236984
0.236984
0.236984
0.236984
0.236986
0.236986
0.236991
0.237009
0.237008
0.237007
0.237010
0.237010
0.237010
0.237015
0.237015
0.237015
0.237015
0.237015
0.237015
0.237015
0.237015
0.237015
0.237015
0.237015
0.237015
0.237015
0.237015
0.237027
0.237027
0.237024
0.237024
0.237024
0.237034
0.237067
0.237070
0.237070
0.237069
0.237072
0.237076
0.237076
0.237076
0.237097
0.237097
0.237097
0.237098
0.237098
0.237098
0.237109
0.237109
0.237109
0.237121
0.237121
0.237121
0.237121
0.237131
0.237142
0.237158
0.237179
0.237178
0.237178
0.237181
0.237185
0.237192
0.237195
0.237195
0.237201
0.237198
0.237196
0.237200
0.237200
0.237218
0.237227
0.237234
0.237234
0.237234
0.237231
0.237233
0.237231
0.237265
0.237265
0.237275
0.237292
0.237300
0.237300
0.237303
0.237304
0.237304
0.237304
0.237304
0.237304
0.237311
0.237311
0.237314
0.237323
0.237323
0.237330
0.237330
0.237330
0.237329
0.237340
0.237339
0.237340
0.237341
0.237341
0.237341
0.237341
0.237341
0.237358
0.237356
0.237356
0.237356
0.237356
0.237356
0.237360
0.237365
0.237365
0.237365
0.237368
0.237369
0.237387
0.237408
0.237409
0.237408
0.237408
0.237409
0.237409
0.237410
0.237410
0.237410
0.237425
0.237460
0.237461
0.237492
0.237500
0.237500
0.237503
0.237505
0.237511
0.237511
0.237511
0.237512
0.237512
0.237514
0.237514
0.237514
0.237514
0.237514
0.237514
0.237514
0.237514
0.237514
0.237514
0.237514
0.237525
0.237532
0.237532
0.237533
0.237533
0.237533
0.237533
0.237558
0.237573
0.237570
0.237570
0.237570
0.237575
0.237575
0.237575
0.237575
0.237575
0.237575
0.237575
0.237575
0.237575
0.237575
0.237578
0.237578
0.237578
0.237578
0.237578
0.237578
0.237578
0.237586
0.237586
0.237586
0.237586
0.237586
0.237584
0.237584
0.237589
0.237589
0.237587
0.237595
0.237598
0.237601
0.237601
0.237601
0.237601
0.237625
0.237628
0.237638
0.237638
0.237638
0.237637
0.237646
0.237646
0.237647
0.237649
0.237649
0.237649
0.237652
0.237657
0.237669
0.237669
0.237669
0.237682
0.237682
0.237682
0.237690
0.237690
0.237690
0.237690
0.237705
0.237705
0.237724
0.237725
0.237725
0.237725
0.237739
0.237739
0.237779
0.237820
0.237825
0.237827
0.237827
0.237827
0.237827
0.237827
0.237827
0.237827
0.237827
0.237827
0.237827
0.237827
0.237865
0.237865
0.237867
0.237867
0.237879
0.237879
0.237884
0.237897
0.237896
0.237899
0.237905
0.237912
0.237912
0.237915
0.237915
0.237926
0.237926
0.237930
0.237935
0.237940
0.237936
0.237936
0.237936
0.237936
0.237936
0.237934
0.237947
0.237947
0.237946
0.237946
0.237954
0.237954
0.237961
0.237961
0.237961
0.237961
0.237972
0.237970
0.237968
0.237968
0.237972
0.237972
0.237973
0.237989
0.237991
0.237990
0.237986
0.237986
0.237993
0.237993
0.237996
0.237996
0.237996
0.237996
0.237996
0.237996
0.237996
0.237996
0.237996
0.238008
0.238008
0.238016
0.238016
0.238009
0.238009
0.238006
0.238011
0.238012
0.238012
0.238013
0.238013
0.238029
0.238029
0.238029
0.238029
0.238029
0.238028
0.238028
0.238028
0.238029
0.238029
0.238033
0.238033
0.238033
0.238033
0.238046
0.238046
0.238047
0.238047
0.238047
0.238047
0.238047
0.238047
0.238047
0.238047
0.238061
0.238061
0.238061
0.238063
0.238063
0.238063
0.238080
0.238080
0.238080
0.238080
0.238080
0.238080
0.238091
0.238119
0.238119
0.238119
0.238126
0.238185
0.238186
0.238190
0.238189
0.238189
0.238189
0.238195
0.238192
0.238192
0.238195
0.238195
0.238193
0.238207
0.238207
0.238213
0.238227
0.238225
0.238232
0.238236
0.238236
0.238236
0.238249
0.238251
0.238251
0.238260
0.238260
0.238260
0.238284
0.238291
0.238291
0.238311
0.238311
0.238311
0.238310
0.238317
0.238360
0.238360
0.238364
0.238367
0.238373
0.238377
0.238377
0.238377
0.238379
0.238379
0.238379
0.238385
0.238414
0.238414
0.238414
0.238415
0.238415
0.238425
0.238425
0.238429
0.238458
0.238458
0.238464
0.238459
0.238459
0.238459
0.238459
0.238465
0.238473
0.238474
0.238481
0.238481
0.238492
0.238495
0.238497
0.238498
0.238501
0.238501
0.238501
0.238530
0.238530
0.238530
0.238530
0.238530
0.238530
0.238530
0.238528
0.238530
0.238537
0.238537
0.238537
0.238531
0.238531
0.238531
0.238542
0.238542
0.238542
0.238546
0.238546
0.238546
0.238570
0.238576
0.238576
0.238585
0.238585
0.238587
0.238587
0.238587
0.238587
0.238593
0.238599
0.238598
0.238599
0.238605
0.238605
0.238619
0.238619
0.238619
0.238678
0.238681
0.238686
0.238686
0.238686
0.238690
0.238690
0.238690
0.238690
0.238711
0.238711
0.238747
0.238750
0.238750
0.238754
0.238758
0.238758
0.238758
0.238759
0.238759
0.238761
0.238759
0.238759
0.238760
0.238760
0.238786
0.238786
0.238786
0.238802
0.238802
0.238802
0.238824
0.238824
0.238824
0.238824
0.238848
0.238848
0.238848
0.238853
0.238879
0.238881
0.238884
0.238882
0.238882
0.238896
0.238913
0.238922
0.238925
0.238925
0.238927
0.238928
0.238928
0.238941
0.238940
0.238945
0.238945
0.238946
0.238954
0.238954
0.238959
0.238959
0.238963
0.238963
0.238969
0.238969
0.238969
0.238969
0.238969
0.238969
0.238969
0.238969
0.238966
0.238968
0.238968
0.238968
0.238970
0.238970
0.238971
0.238975
0.239006
0.239006
0.239008
0.239008
0.239008
0.239010
0.239010
0.239012
0.239019
0.239052
0.239052
0.239052
0.239073
0.239090
0.239089
0.239077
0.239067
0.239067
0.239067
0.239067
0.239067
0.239102
0.239102
0.239102
0.239102
0.239109
0.239121
0.239121
0.239123
0.239125
0.239125
0.239141
0.239144
0.239160
0.239163
0.239163
0.239167
0.239167
0.239169
0.239169
0.239169
0.239169
0.239169
0.239167
0.239181
0.239190
0.239190
0.239190
0.239194
0.239196
0.239196
0.239194
0.239194
0.239194
0.239194
0.239266
0.239268
0.239268
0.239270
0.239270
0.239278
0.239278
0.239278
0.239278
0.239279
0.239279
0.239279
0.239286
0.239286
0.239305
0.239305
0.239305
0.239310
0.239313
0.239323
0.239323
0.239327
0.239327
0.239327
0.239328
0.239331
0.239338
0.239340
0.239341
0.239341
0.239343
0.239355
0.239357
0.239364
0.239371
0.239371
0.239371
0.239371
0.239372
0.239372
0.239372
0.239396
0.239396
0.239397
0.239397
0.239425
0.239425
0.239425
0.239426
0.239427
0.239427
0.239427
0.239421
0.239422
0.239423
0.239426
0.239426
0.239426
0.239426
0.239426
0.239426
0.239424
0.239424
0.239424
0.239424
0.239424
0.239432
0.239432
0.239432
0.239436
0.239436
0.239436
0.239452
0.239452
0.239452
0.239452
0.239452
0.239452
0.239472
0.239478
0.239480
0.239481
0.239490
0.239490
0.239491
0.239491
0.239499
0.239499
0.239499
0.239520
0.239520
0.239520
0.239521
0.239526
0.239527
0.239525
0.239526
0.239526
0.239526
0.239526
0.239526
0.239528
0.239571
0.239571
0.239578
0.239578
0.239578
0.239577
0.239579
0.239578
0.239578
0.239580
0.239580
0.239580
0.239580
0.239584
0.239589
0.239589
0.239622
0.239622
0.239636
0.239644
0.239644
0.239646
0.239646
0.239646
0.239663
0.239666
0.239666
0.239666
0.239666
0.239666
0.239668
0.239671
0.239671
0.239671
0.239682
0.239683
0.239682
0.239682
0.239682
0.239682
0.239690
0.239691
0.239700
0.239700
0.239709
0.239709
0.239709
0.239709
0.239709
0.239709
0.239709
0.239706
0.239706
0.239706
0.239715
0.239715
0.239715
0.239715
0.239715
0.239713
0.239714
0.239722
0.239731
0.239730
0.239732
0.239730
0.239730
0.239737
0.239740
0.239740
0.239746
0.239746
0.239752
0.239754
0.239754
0.239754
0.239754
0.239756
0.239802
0.239802
0.239812
0.239812
0.239812
0.239813
0.239813
0.239813
0.239830
0.239830
0.239833
0.239835
0.239835
0.239845
0.239860
0.239860
0.239874
0.239880
0.239880
0.239880
0.239880
0.239884
0.239884
0.239884
0.239893
0.239893
0.239903
0.239903
0.239907
0.239907
0.239907
0.239914
0.239915
0.239915
0.239915
0.239923
0.239920
0.239920
0.239930
0.239932
0.239932
0.239932
0.239932
0.239933
0.239933
0.239933
0.239937
0.239937
0.239937
0.239937
0.239937
0.239939
0.239937
0.239937
0.239945
0.239945
0.239945
0.239954
0.239958
0.239958
0.239958
0.239961
0.239964
0.239964
0.239967
0.239995
0.239995
0.239995
0.239994
0.239995
0.239991
0.240008
0.240028
0.240039
0.240041
0.240041
0.240043
0.240056
0.240056
0.240053
0.240051
0.240053
0.240053
0.240053
0.240053
0.240053
0.240053
0.240053
0.240053
0.240053
0.240053
0.240053
0.240053
0.240053
0.240053
0.240053
0.240053
0.240053
0.240053
0.240053
0.240054
0.240054
0.240054
0.240054
0.240054
0.240061
0.240061
0.240060
0.240060
0.240062
0.240062
0.240062
0.240062
0.240062
0.240062
0.240062
0.240062
0.240067
0.240067
0.240072
0.240072
0.240072
0.240072
0.240073
0.240073
0.240073
0.240080
0.240080
0.240080
0.240080
0.240085
0.240085
0.240089
0.240089
0.240131
0.240182
0.240182
0.240182
0.240178
0.240177
0.240182
0.240182
0.240196
0.240197
0.240212
0.240218
0.240223
0.240275
0.240277
0.240277
0.240277
0.240277
0.240281
0.240284
0.240284
0.240284
0.240284
0.240284
0.240284
0.240284
0.240284
0.240284
0.240293
0.240293
0.240293
0.240303
0.240303
0.240306
0.240305
0.240305
0.240305
0.240305
0.240305
0.240313
0.240313
0.240319
0.240319
0.240319
0.240318
0.240329
0.240334
0.240334
0.240335
0.240335
0.240335
0.240334
0.240334
0.240334
0.240334
0.240335
0.240336
0.240336
0.240342
0.240342
0.240344
0.240345
0.240345
0.240345
0.240345
0.240345
0.240345
0.240345
0.240346
0.240346
0.240346
0.240347
0.240348
0.240383
0.240383
0.240383
0.240382
0.240384
0.240384
0.240395
0.240395
0.240408
0.240408
0.240413
0.240412
0.240412
0.240422
0.240436
0.240437
0.240437
0.240437
0.240450
0.240449
0.240452
0.240456
0.240459
0.240459
0.240459
0.240464
0.240464
0.240464
0.240460
0.240460
0.240461
0.240461
0.240461
0.240462
0.240482
0.240483
0.240476
0.240476
0.240477
0.240510
0.240510
0.240510
0.240515
0.240521
0.240521
0.240522
0.240529
0.240559
0.240566
0.240574
0.240574
0.240574
0.240568
0.240568
0.240600
0.240602
0.240610
0.240621
0.240641
0.240641
0.240642
0.240661
0.240662
0.240690
0.240690
0.240693
0.240717
0.240722
0.240722
0.240719
0.240719
0.240727
0.240727
0.240730
0.240763
0.240763
0.240763
0.240764
0.240764
0.240760
0.240771
0.240771
0.240772
0.240790
0.240790
0.240790
0.240860
0.240860
0.240861
0.240861
0.240870
0.240870
0.240874
0.240878
0.240881
0.240881
0.240881
0.240881
0.240895
0.240896
0.240896
0.240896
0.240902
0.240905
0.240919
0.240919
0.240919
0.240919
0.240919
0.240919
0.240919
0.240921
0.240921
0.240921
0.240921
0.240921
0.240930
0.240930
0.240931
0.240943
0.240942
0.240943
0.240943
0.240943
0.240963
0.240963
0.240963
0.240977
0.240977
0.240977
0.240977
0.240974
0.240974
0.240974
0.240985
0.240985
0.240985
0.240988
0.240987
0.240988
0.240988
0.240993
0.240993
0.241000
0.241005
0.241006
0.241012
0.241012
0.241036
0.241037
0.241035
0.241035
0.241035
0.241035
0.241035
0.241035
0.241035
0.241037
0.241037
0.241037
0.241037
0.241043
0.241055
0.241059
0.241059
0.241059
0.241062
0.241062
0.241062
0.241066
0.241066
0.241068
0.241070
0.241071
0.241071
0.241073
0.241070
0.241071
0.241071
0.241070
0.241073
0.241077
0.241077
0.241084
0.241084
0.241084
0.241084
0.241094
0.241114
0.241114
0.241113
0.241117
0.241124
0.241124
0.241124
0.241124
0.241124
0.241130
0.241130
0.241130
0.241138
0.241138
0.241148
0.241149
0.241149
0.241149
0.241149
0.241149
0.241151
0.241151
0.241153
0.241153
0.241158
0.241158
0.241159
0.241159
0.241159
0.241165
0.241165
0.241166
0.241166
0.241166
0.241166
0.241166
0.241165
0.241175
0.241193
0.241193
0.241194
0.241196
0.241195
0.241195
0.241195
0.241196
0.241203
0.241219
0.241224
0.241224
0.241254
0.241254
0.241258
0.241261
0.241261
0.241261
0.241261
0.241260
0.241260
0.241274
0.241279
0.241279
0.241284
0.241292
0.241326
0.241332
0.241334
0.241351
0.241351
0.241351
0.241351
0.241347
0.241344
0.241344
0.241365
0.241378
0.241379
0.241368
0.241368
0.241377
0.241381
0.241383
0.241383
0.241383
0.241383
0.241383
0.241386
0.241386
0.241386
0.241385
0.241385
0.241389
0.241422
0.241422
0.241427
0.241427
0.241428
0.241428
0.241424
0.241427
0.241443
0.241444
0.241444
0.241444
0.241445
0.241446
0.241445
0.241445
0.241457
0.241483
0.241483
0.241483
0.241483
0.241485
0.241486
0.241486
0.241510
0.241510
0.241510
0.241510
0.241514
0.241514
0.241524
0.241524
0.241524
0.241524
0.241524
0.241524
0.241527
0.241531
0.241528
0.241544
0.241546
0.241550
0.241551
0.241555
0.241574
0.241574
0.241575
0.241577
0.241577
0.241579
0.241579
0.241583
0.241583
0.241583
0.241583
0.241583
0.241583
0.241588
0.241588
0.241589
0.241593
0.241596
0.241615
0.241619
0.241634
0.241646
0.241634
0.241634
0.241638
0.241638
0.241638
0.241638
0.241647
0.241673
0.241676
0.241676
0.241676
0.241676
0.241688
0.241688
0.241693
0.241693
0.241693
0.241693
0.241694
0.241695
0.241695
0.241695
0.241695
0.241695
0.241705
0.241703
0.241717
0.241739
0.241739
0.241747
0.241747
0.241747
0.241749
0.241753
0.241762
0.241762
0.241798
0.241809
0.241809
0.241809
0.241816
0.241816
0.241819
0.241819
0.241825
0.241825
0.241825
0.241825
0.241827
0.241828
0.241828
0.241828
0.241828
0.241828
0.241828
0.241841
0.241841
0.241847
0.241849
0.241849
0.241857
0.241857
0.241857
0.241858
0.241858
0.241858
0.241870
0.241870
0.241871
0.241871
0.241871
0.241871
0.241871
0.241871
0.241871
0.241871
0.241871
0.241871
0.241871
0.241871
0.241871
0.241871
0.241871
0.241871
0.241871
0.241871
0.241882
0.241882
0.241882
0.241885
0.241906
0.241906
0.241911
0.241911
0.241922
0.241946
0.241949
0.241970
0.241970
0.241968
0.241968
0.241974
0.241974
0.241972
0.241972
0.241972
0.241978
0.241978
0.241978
0.241978
0.241977
0.242014
0.242014
0.242015
0.242023
0.242028
0.242026
0.242037
0.242037
0.242037
0.242037
0.242039
0.242041
0.242051
0.242065
0.242065
0.242065
0.242070
0.242070
0.242079
0.242080
0.242084
0.242100
0.242100
0.242112
0.242113
0.242113
0.242113
0.242112
0.242112
0.242112
0.242112
0.242112
0.242122
0.242122
0.242122
0.242122
0.242126
0.242127
0.242127
0.242131
0.242128
0.242128
0.242143
0.242150
0.242150
0.242150
0.242171
0.242189
0.242196
0.242196
0.242196
0.242201
0.242201
0.242201
0.242204
0.242204
0.242204
0.242204
0.242217
0.242220
0.242245
0.242245
0.242245
0.242245
0.242244
0.242244
0.242255
0.242255
0.242255
0.242255
0.242260
0.242263
0.242272
0.242274
0.242275
0.242281
0.242293
0.242300
0.242300
0.242302
0.242302
0.242315
0.242315
0.242344
0.242346
0.242346
0.242346
0.242346
0.242351
0.242354
0.242354
0.242354
0.242354
0.242354
0.242354
0.242358
0.242357
0.242352
0.242352
0.242361
0.242361
0.242368
0.242368
0.242368
0.242368
0.242368
0.242366
0.242370
0.242370
0.242370
0.242370
0.242371
0.242399
0.242399
0.242413
0.242425
0.242425
0.242427
0.242427
0.242427
0.242436
0.242467
0.242488
0.242502
0.242502
0.242511
0.242513
0.242521
0.242541
0.242569
0.242569
0.242566
0.242573
0.242572
0.242572
0.242578
0.242582
0.242582
0.242582
0.242582
0.242582
0.242590
0.242590
0.242590
0.242587
0.242587
0.242594
0.242594
0.242594
0.242594
0.242594
0.242601
0.242601
0.242601
0.242603
0.242603
0.242610
0.242610
0.242611
0.242616
0.242628
0.242638
0.242638
0.242653
0.242649
0.242656
0.242665
0.242664
0.242666
0.242668
0.242669
0.242672
0.242682
0.242682
0.242682
0.242682
0.242682
0.242687
0.242697
0.242697
0.242700
0.242700
0.242706
0.242714
0.242714
0.242714
0.242714
0.242714
0.242715
0.242715
0.242716
0.242716
0.242716
0.242716
0.242724
0.242724
0.242724
0.242724
0.242725
0.242725
0.242725
0.242742
0.242742
0.242742
0.242744
0.242746
0.242746
0.242767
0.242773
0.242773
0.242773
0.242773
0.242773
0.242773
0.242797
0.242797
0.242802
0.242802
0.242802
0.242833
0.242845
0.242845
0.242845
0.242847
0.242865
0.242865
0.242867
0.242867
0.242874
0.242874
0.242874
0.242874
0.242874
0.242874
0.242878
0.242883
0.242890
0.242890
0.242890
0.242910
0.242910
0.242910
0.242910
0.242918
0.242934
0.242934
0.242943
0.242943
0.242943
0.242956
0.242956
0.242963
0.242963
0.242963
0.242963
0.242986
0.243021
0.243037
0.243037
0.243037
0.243037
0.243049
0.243049
0.243055
0.243055
0.243055
0.243055
0.243060
0.243065
0.243065
0.243065
0.243082
0.243082
0.243075
0.243075
0.243075
0.243075
0.243075
0.243075
0.243078
0.243078
0.243084
0.243096
0.243096
0.243096
0.243102
0.243102
0.243102
0.243102
0.243120
0.243120
0.243122
0.243129
0.243173
0.243173
0.243172
0.243172
0.243172
0.243173
0.243173
0.243173
0.243173
0.243173
0.243173
0.243173
0.243173
0.243173
0.243173
0.243165
0.243165
0.243155
0.243162
0.243171
0.243174
0.243174
0.243172
0.243172
0.243171
0.243173
0.243173
0.243173
0.243194
0.243194
0.243195
0.243212
0.243215
0.243215
0.243222
0.243222
0.243222
0.243223
0.243223
0.243249
0.243249
0.243250
0.243250
0.243293
0.243293
0.243296
0.243307
0.243307
0.243332
0.243340
0.243340
0.243349
0.243361
0.243361
0.243365
0.243360
0.243361
0.243361
0.243402
0.243408
0.243408
0.243411
0.243412
0.243412
0.243412
0.243412
0.243423
0.243425
0.243425
0.243425
0.243427
0.243452
0.243451
0.243468
0.243482
0.243483
0.243483
0.243483
0.243483
0.243483
0.243483
0.243483
0.243483
0.243483
0.243484
0.243484
0.243484
0.243486
0.243517
0.243525
0.243525
0.243525
0.243525
0.243525
0.243529
0.243529
0.243529
0.243530
0.243532
0.243544
0.243545
0.243553
0.243553
0.243553
0.243555
0.243560
0.243560
0.243560
0.243560
0.243560
0.243560
0.243560
0.243560
0.243560
0.243560
0.243560
0.243560
0.243574
0.243574
0.243575
0.243575
0.243590
0.243590
0.243590
0.243590
0.243590
0.243590
0.243590
0.243590
0.243593
0.243593
0.243593
0.243593
0.243593
0.243612
0.243612
0.243612
0.243614
0.243629
0.243626
0.243626
0.243622
0.243622
0.243632
0.243653
0.243651
0.243649
0.243672
0.243675
0.243675
0.243692
0.243695
0.243695
0.243695
0.243699
0.243699
0.243699
0.243715
0.243715
0.243718
0.243725
0.243725
0.243725
0.243730
0.243730
0.243726
0.243743
0.243749
0.243752
0.243752
0.243762
0.243766
0.243766
0.243769
0.243769
0.243769
0.243769
0.243769
0.243769
0.243771
0.243791
0.243791
0.243791
0.243791
0.243795
0.243795
0.243802
0.243798
0.243798
0.243798
0.243802
0.243811
0.243811
0.243811
0.243811
0.243811
0.243811
0.243826
0.243826
0.243826
0.243832
0.243835
0.243833
0.243838
0.243838
0.243838
0.243849
0.243849
0.243849
0.243849
0.243849
0.243849
0.243849
0.243849
0.243849
0.243849
0.243849
0.243849
0.243849
0.243852
0.243869
0.243869
0.243870
0.243870
0.243874
0.243882
0.243882
0.243885
0.243885
0.243885
0.243885
0.243898
0.243898
0.243888
0.243888
0.243888
0.243888
0.243906
0.243906
0.243906
0.243906
0.243906
0.243906
0.243907
0.243907
0.243907
0.243906
0.243906
0.243906
0.243909
0.243909
0.243916
0.243937
0.243937
0.243936
0.243943
0.243955
0.243955
0.243969
0.243964
0.243959
0.243959
0.243959
0.243959
0.243959
0.243960
0.243960
0.243981
0.243987
0.243998
0.243998
0.243999
0.244001
0.244001
0.244005
0.244005
0.244009
0.244007
0.244007
0.244007
0.244007
0.244012
0.244015
0.244015
0.244015
0.244015
0.244015
0.244015
0.244035
0.244035
0.244037
0.244036
0.244036
0.244036
0.244039
0.244039
0.244041
0.244041
0.244041
0.244056
0.244056
0.244063
0.244065
0.244067
0.244067
0.244068
0.244074
0.244074
0.244074
0.244074
0.244074
0.244076
0.244078
0.244078
0.244078
0.244082
0.244082
0.244097
0.244107
0.244107
0.244106
0.244105
0.244105
0.244105
0.244109
0.244109
0.244109
0.244109
0.244110
0.244110
0.244110
0.244135
0.244143
0.244143
0.244143
0.244143
0.244143
0.244143
0.244143
0.244148
0.244148
0.244148
0.244157
0.244147
0.244147
0.244147
0.244147
0.244145
0.244156
0.244159
0.244158
0.244158
0.244158
0.244169
0.244171
0.244171
0.244171
0.244171
0.244169
0.244180
0.244181
0.244181
0.244181
0.244182
0.244182
0.244182
0.244182
0.244182
0.244182
0.244186
0.244186
0.244186
0.244191
0.244191
0.244210
0.244218
0.244218
0.244218
0.244222
0.244222
0.244222
0.244222
0.244221
0.244221
0.244225
0.244225
0.244225
0.244234
0.244235
0.244254
0.244254
0.244254
0.244255
0.244255
0.244255
0.244255
0.244255
0.244255
0.244255
0.244255
0.244262
0.244262
0.244262
0.244262
0.244259
0.244259
0.244259
0.244259
0.244259
0.244259
0.244259
0.244259
0.244259
0.244259
0.244259
0.244259
0.244259
0.244259
0.244259
0.244259
0.244264
0.244264
0.244264
0.244282
0.244293
0.244302
0.244309
0.244311
0.244313
0.244312
0.244312
0.244317
0.244320
0.244320
0.244320
0.244320
0.244321
0.244321
0.244321
0.244321
0.244321
0.244321
0.244321
0.244331
0.244334
0.244343
0.244343
0.244345
0.244354
0.244354
0.244354
0.244354
0.244355
0.244355
0.244370
0.244374
0.244380
0.244380
0.244382
0.244393
0.244399
0.244399
0.244399
0.244399
0.244400
0.244400
0.244399
0.244399
0.244399
0.244399
0.244399
0.244399
0.244396
0.244396
0.244408
0.244408
0.244420
0.244420
0.244430
0.244430
0.244433
0.244432
0.244434
0.244435
0.244435
0.244433
0.244433
0.244433
0.244432
0.244435
0.244435
0.244435
0.244435
0.244435
0.244435
0.244443
0.244453
0.244464
0.244461
0.244461
0.244470
0.244472
0.244469
0.244469
0.244476
0.244476
0.244482
0.244496
0.244496
0.244504
0.244505
0.244504
0.244507
0.244508
0.244511
0.244522
0.244526
0.244544
0.244544
0.244549
0.244558
0.244558
0.244558
0.244587
0.244587
0.244596
0.244596
0.244596
0.244596
0.244595
0.244636
0.244638
0.244639
0.244639
0.244650
0.244650
0.244650
0.244650
0.244650
0.244650
0.244650
0.244650
0.244661
0.244659
0.244659
0.244659
0.244659
0.244659
0.244660
0.244660
0.244660
0.244661
0.244661
0.244682
0.244693
0.244693
0.244693
0.244693
0.244724
0.244724
0.244724
0.244724
0.244724
0.244724
0.244735
0.244735
0.244735
0.244742
0.244752
0.244752
0.244752
0.244750
0.244750
0.244750
0.244750
0.244752
0.244752
0.244753
0.244756
0.244763
0.244769
0.244777
0.244777
0.244776
0.244777
0.244777
0.244777
0.244777
0.244780
0.244782
0.244782
0.244782
0.244782
0.244784
0.244784
0.244784
0.244784
0.244784
0.244808
0.244808
0.244808
0.244808
0.244808
0.244815
0.244815
0.244815
0.244816
0.244821
0.244834
0.244838
0.244845
0.244840
0.244859
0.244859
0.244859
0.244860
0.244868
0.244868
0.244868
0.244868
0.244868
0.244870
0.244871
0.244871
0.244871
0.244871
0.244871
0.244871
0.244871
0.244871
0.244875
0.244875
0.244875
0.244879
0.244879
0.244888
0.244891
0.244896
0.244896
0.244896
0.244896
0.244896
0.244896
0.244900
0.244900
0.244900
0.244911
0.244911
0.244910
0.244910
0.244910
0.244910
0.244912
0.244912
0.244912
0.244912
0.244912
0.244912
0.244926
0.244930
0.244930
0.244930
0.244938
0.244945
0.244947
0.244947
0.244947
0.244947
0.244947
0.244948
0.244948
0.244948
0.244949
0.244949
0.244949
0.244949
0.244949
0.244949
0.244949
0.244950
0.244950
0.244950
0.244950
0.244950
0.244950
0.244950
0.244950
0.244950
0.244950
0.244950
0.244949
0.244949
0.244949
0.244949
0.244949
0.244949
0.244949
0.244955
0.244955
0.244955
0.244956
0.244956
0.244964
0.244976
0.244976
0.244976
0.244977
0.244977
0.244977
0.244977
0.244977
0.244973
0.244973
0.244973
0.244973
0.244986
0.244992
0.244998
0.245009
0.245009
0.245009
0.245017
0.245017
0.245023
0.245041
0.245043
0.245041
0.245041
0.245041
0.245043
0.245043
0.245043
0.245043
0.245046
0.245046
0.245046
0.245046
0.245046
0.245046
0.245055
0.245055
0.245055
0.245063
0.245064
0.245064
0.245063
0.245063
0.245074
0.245074
0.245079
0.245087
0.245105
0.245104
0.245103
0.245103
0.245103
0.245103
0.245105
0.245105
0.245100
0.245100
0.245100
0.245099
0.245099
0.245100
0.245100
0.245100
0.245100
0.245100
0.245100
0.245100
0.245100
0.245101
0.245101
0.245100
0.245100
0.245100
0.245109
0.245109
0.245119
0.245119
0.245119
0.245119
0.245124
0.245124
0.245125
0.245126
0.245126
0.245126
0.245126
0.245132
0.245132
0.245133
0.245133
0.245130
0.245133
0.245133
0.245133
0.245133
0.245140
0.245139
0.245138
0.245141
0.245143
0.245143
0.245143
0.245143
0.245146
0.245146
0.245146
0.245146
0.245161
0.245161
0.245161
0.245161
0.245161
0.245161
0.245161
0.245161
0.245161
0.245161
0.245161
0.245161
0.245161
0.245161
0.245217
0.245233
0.245239
0.245239
0.245241
0.245240
0.245240
0.245241
0.245242
0.245249
0.245247
0.245247
0.245247
0.245249
0.245253
0.245253
0.245255
0.245255
0.245254
0.245254
0.245256
0.245256
0.245278
0.245279
0.245279
0.245279
0.245292
0.245294
0.245294
0.245291
0.245294
0.245297
0.245297
0.245297
0.245305
0.245303
0.245303
0.245304
0.245312
0.245312
0.245312
0.245316
0.245316
0.245316
0.245316
0.245316
0.245317
0.245317
0.245317
0.245317
0.245313
0.245313
0.245313
0.245320
0.245325
0.245329
0.245329
0.245330
0.245330
0.245330
0.245330
0.245330
0.245330
0.245330
0.245330
0.245330
0.245344
0.245354
0.245354
0.245352
0.245355
0.245357
0.245356
0.245356
0.245356
0.245366
0.245366
0.245366
0.245366
0.245366
0.245401
0.245401
0.245401
0.245401
0.245425
0.245425
0.245433
0.245433
0.245433
0.245455
0.245456
0.245457
0.245456
0.245459
0.245466
0.245471
0.245474
0.245474
0.245474
0.245477
0.245477
0.245477
0.245479
0.245479
0.245471
0.245471
0.245471
0.245471
0.245471
0.245481
0.245484
0.245484
0.245487
0.245487
0.245487
0.245498
0.245498
0.245498
0.245498
0.245498
0.245498
0.245502
0.245502
0.245502
0.245506
0.245506
0.245506
0.245509
0.245509
0.245509
0.245514
0.245514
0.245514
0.245514
0.245508
0.245508
0.245508
0.245508
0.245508
0.245512
0.245512
0.245512
0.245512
0.245512
0.245512
0.245512
0.245512
0.245512
0.245512
0.245512
0.245512
0.245512
0.245512
0.245512
0.245512
0.245512
0.245512
0.245512
0.245513
0.245513
0.245514
0.245514
0.245552
0.245562
0.245562
0.245566
0.245566
0.245570
0.245571
0.245571
0.245571
0.245571
0.245571
0.245573
0.245573
0.245573
0.245573
0.245573
0.245573
0.245569
0.245569
0.245573
0.245573
0.245573
0.245573
0.245573
0.245573
0.245573
0.245573
0.245573
0.245595
0.245595
0.245608
0.245608
0.245615
0.245615
0.245614
0.245614
0.245619
0.245619
0.245622
0.245622
0.245622
0.245622
0.245624
0.245626
0.245626
0.245621
0.245629
0.245628
0.245628
0.245632
0.245638
0.245638
0.245636
0.245652
0.245652
0.245652
0.245652
0.245652
0.245652
0.245659
0.245661
0.245661
0.245661
0.245664
0.245664
0.245697
0.245697
0.245698
0.245692
0.245692
0.245692
0.245692
0.245692
0.245696
0.245696
0.245696
0.245696
0.245704
0.245704
0.245704
0.245704
0.245704
0.245704
0.245704
0.245702
0.245702
0.245702
0.245702
0.245702
0.245702
0.245704
0.245704
0.245704
0.245704
0.245704
0.245704
0.245704
0.245718
0.245720
0.245720
0.245720
0.245723
0.245726
0.245726
0.245731
0.245731
0.245713
0.245713
0.245713
0.245713
0.245715
0.245715
0.245729
0.245730
0.245716
0.245716
0.245714
0.245719
0.245723
0.245731
0.245733
0.245733
0.245733
0.245745
0.245753
0.245752
0.245752
0.245752
0.245756
0.245756
0.245756
0.245756
0.245756
0.245757
0.245757
0.245754
0.245753
0.245753
0.245755
0.245750
0.245750
0.245753
0.245753
0.245753
0.245753
0.245753
0.245752
0.245757
0.245757
0.245757
0.245758
0.245758
0.245759
0.245759
0.245759
0.245759
0.245759
0.245766
0.245766
0.245766
0.245766
0.245767
0.245766
0.245772
0.245772
0.245772
0.245772
0.245772
0.245772
0.245772
0.245772
0.245775
0.245775
0.245775
0.245775
0.245775
0.245775
0.245775
0.245775
0.245775
0.245775
0.245775
0.245775
0.245787
0.245790
0.245789
0.245799
0.245806
0.245811
0.245814
0.245812
0.245812
0.245812
0.245812
0.245825
0.245831
0.245831
0.245831
0.245823
0.245823
0.245822
0.245831
0.245831
0.245839
0.245847
0.245847
0.245852
0.245852
0.245852
0.245852
0.245853
0.245853
0.245853
0.245853
0.245853
0.245853
0.245853
0.245857
0.245857
0.245857
0.245881
0.245885
0.245886
0.245886
0.245886
0.245886
0.245892
0.245892
0.245892
0.245892
0.245895
0.245895
0.245895
0.245895
0.245910
0.245928
0.245928
0.245939
0.245946
0.245946
0.245946
0.245951
0.245951
0.245951
0.245951
0.245951
0.245951
0.245951
0.245951
0.245951
0.245951
0.245993
0.245993
0.246001
0.246001
0.246001
0.246001
0.246001
0.246001
0.246004
0.246007
0.246007
0.246007
0.246010
0.246010
0.246010
0.246010
0.246010
0.246010
0.246026
0.246026
0.246026
0.246026
0.246028
0.246034
0.246034
0.246035
0.246035
0.246035
0.246044
0.246055
0.246059
0.246062
0.246059
0.246059
0.246073
0.246086
0.246086
0.246089
0.246097
0.246097
0.246111
0.246118
0.246128
0.246128
0.246128
0.246129
0.246129
0.246128
0.246128
0.246129
0.246130
0.246130
0.246132
0.246134
0.246136
0.246140
0.246140
0.246140
0.246140
0.246141
0.246145
0.246146
0.246146
0.246146
0.246146
0.246160
0.246160
0.246160
0.246171
0.246182
0.246190
0.246193
0.246187
0.246187
0.246183
0.246191
0.246191
0.246190
0.246190
0.246190
0.246190
0.246221
0.246237
0.246234
0.246234
0.246234
0.246234
0.246234
0.246241
0.246243
0.246243
0.246254
0.246256
0.246256
0.246260
0.246260
0.246263
0.246267
0.246268
0.246268
0.246282
0.246301
0.246301
0.246301
0.246301
0.246301
0.246300
0.246300
0.246300
0.246300
0.246303
0.246303
0.246313
0.246317
0.246318
0.246318
0.246318
0.246353
0.246356
0.246356
0.246356
0.246357
0.246363
0.246363
0.246371
0.246371
0.246370
0.246378
0.246378
0.246378
0.246378
0.246390
0.246400
0.246400
0.246400
0.246400
0.246417
0.246417
0.246417
0.246420
0.246421
0.246436
0.246436
0.246440
0.246458
0.246458
0.246458
0.246458
0.246458
0.246458
0.246455
0.246455
0.246455
0.246458
0.246459
0.246459
0.246459
0.246460
0.246460
0.246467
0.246469
0.246469
0.246469
0.246469
0.246469
0.246468
0.246471
0.246471
0.246471
0.246471
0.246475
0.246475
0.246475
0.246475
0.246475
0.246475
0.246492
0.246492
0.246492
0.246492
0.246492
0.246492
0.246492
0.246492
0.246501
0.246503
0.246507
0.246527
0.246527
0.246541
0.246542
0.246542
0.246552
0.246552
0.246568
0.246568
0.246568
0.246600
0.246601
0.246600
0.246601
0.246601
0.246601
0.246606
0.246611
0.246611
0.246611
0.246611
0.246611
0.246611
0.246619
0.246619
0.246619
0.246619
0.246619
0.246628
0.246649
0.246649
0.246649
0.246649
0.246648
0.246648
0.246648
0.246648
0.246666
0.246666
0.246666
0.246666
0.246666
0.246667
0.246669
0.246669
0.246669
0.246669
0.246669
0.246725
0.246727
0.246727
0.246727
0.246727
0.246727
0.246727
0.246727
0.246738
0.246738
0.246740
0.246740
0.246740
0.246740
0.246740
0.246738
0.246742
0.246758
0.246761
0.246761
0.246760
0.246760
0.246770
0.246770
0.246770
0.246771
0.246774
0.246774
0.246776
0.246782
0.246782
0.246783
0.246783
0.246786
0.246786
0.246786
0.246791
0.246791
0.246798
0.246798
0.246798
0.246798
0.246798
0.246798
0.246816
0.246817
0.246816
0.246816
0.246814
0.246814
0.246814
0.246817
0.246817
0.246819
0.246819
0.246819
0.246819
0.246819
0.246823
0.246828
0.246849
0.246849
0.246849
0.246849
0.246875
0.246879
0.246882
0.246900
0.246900
0.246900
0.246903
0.246936
0.246936
0.246936
0.246941
0.246939
0.246939
0.246939
0.246939
0.246944
0.246944
0.246944
0.246944
0.246944
0.246944
0.246944
0.246944
0.246944
0.246951
0.246957
0.246958
0.246961
0.246969
0.246969
0.246978
0.246978
0.246980
0.246981
0.246981
0.246983
0.246980
0.246980
0.246980
0.246981
0.246989
0.246989
0.246998
0.246998
0.247000
0.247006
0.247006
0.247006
0.247006
0.247006
0.247006
0.247006
0.247006
0.247006
0.247006
0.247006
0.247006
0.247012
0.247012
0.247012
0.247012
0.247012
0.247007
0.247007
0.247013
0.247013
0.247017
0.247024
0.247024
0.247024
0.247024
0.247024
0.247035
0.247035
0.247035
0.247035
0.247035
0.247034
0.247038
0.247038
0.247036
0.247036
0.247037
0.247037
0.247037
0.247029
0.247037
0.247037
0.247039
0.247039
0.247039
0.247041
0.247041
0.247041
0.247041
0.247043
0.247044
0.247044
0.247044
0.247056
0.247056
0.247056
0.247056
0.247056
0.247056
0.247059
0.247063
0.247063
0.247060
0.247060
0.247060
0.247068
0.247068
0.247072
0.247072
0.247071
0.247069
0.247069
0.247069
0.247071
0.247071
0.247071
0.247077
0.247077
0.247075
0.247074
0.247083
0.247083
0.247083
0.247083
0.247112
0.247112
0.247112
0.247114
0.247123
0.247123
0.247123
0.247123
0.247120
0.247120
0.247124
0.247124
0.247124
0.247127
0.247129
0.247129
0.247129
0.247130
0.247130
0.247130
0.247130
0.247130
0.247130
0.247130
0.247133
0.247133
0.247133
0.247135
0.247135
0.247135
0.247138
0.247138
0.247138
0.247138
0.247139
0.247139
0.247139
0.247139
0.247139
0.247139
0.247141
0.247141
0.247141
0.247141
0.247141
0.247141
0.247141
0.247141
0.247141
0.247141
0.247141
0.247148
0.247156
0.247156
0.247156
0.247156
0.247156
0.247156
0.247156
0.247156
0.247156
0.247154
0.247154
0.247154
0.247157
0.247172
0.247188
0.247173
0.247180
0.247181
0.247190
0.247190
0.247192
0.247197
0.247197
0.247196
0.247194
0.247188
0.247192
0.247187
0.247187
0.247187
0.247188
0.247202
0.247202
0.247212
0.247212
0.247216
0.247216
0.247218
0.247218
0.247218
0.247218
0.247218
0.247237
0.247255
0.247255
0.247258
0.247260
0.247260
0.247266
0.247267
0.247267
0.247267
0.247267
0.247269
0.247269
0.247269
0.247269
0.247269
0.247269
0.247266
0.247266
0.247266
0.247267
0.247271
0.247276
0.247281
0.247281
0.247281
0.247287
0.247287
0.247287
0.247285
0.247285
0.247297
0.247299
0.247299
0.247300
0.247300
0.247302
0.247302
0.247302
0.247302
0.247302
0.247302
0.247307
0.247307
0.247323
0.247323
0.247323
0.247323
0.247323
0.247325
0.247325
0.247325
0.247323
0.247340
0.247340
0.247340
0.247339
0.247339
0.247340
0.247340
0.247343
0.247343
0.247343
0.247343
0.247343
0.247343
0.247343
0.247343
0.247343
0.247346
0.247346
0.247346
0.247348
0.247348
0.247346
0.247347
0.247347
0.247343
0.247343
0.247346
0.247346
0.247346
0.247355
0.247357
0.247357
0.247357
0.247357
0.247358
0.247358
0.247358
0.247358
0.247364
0.247364
0.247364
0.247364
0.247358
0.247358
0.247358
0.247357
0.247361
0.247361
0.247361
0.247361
0.247361
0.247361
0.247367
0.247367
0.247367
0.247370
0.247370
0.247378
0.247378
0.247378
0.247378
0.247378
0.247378
0.247378
0.247379
0.247379
0.247379
0.247379
0.247379
0.247376
0.247376
0.247376
0.247383
0.247383
0.247394
0.247394
0.247396
0.247395
0.247395
0.247395
0.247397
0.247397
0.247397
0.247397
0.247397
0.247397
0.247397
0.247397
0.247396
0.247399
0.247399
0.247408
0.247408
0.247410
0.247412
0.247412
0.247418
0.247418
0.247429
0.247429
0.247429
0.247429
0.247429
0.247439
0.247442
0.247442
0.247442
0.247444
0.247456
0.247456
0.247456
0.247463
0.247463
0.247468
0.247468
0.247473
0.247477
0.247477
0.247477
0.247477
0.247484
0.247487
0.247487
0.247487
0.247487
0.247487
0.247492
0.247496
0.247496
0.247496
0.247496
0.247497
0.247497
0.247503
0.247503
0.247503
0.247504
0.247504
0.247504
0.247505
0.247509
0.247518
0.247518
0.247519
0.247519
0.247520
0.247520
0.247526
0.247526
0.247526
0.247535
0.247549
0.247564
0.247564
0.247563
0.247564
0.247563
0.247563
0.247563
0.247563
0.247568
0.247568
0.247570
0.247570
0.247570
0.247578
0.247578
0.247589
0.247589
0.247589
0.247589
0.247589
0.247588
0.247588
0.247607
0.247607
0.247607
0.247607
0.247610
0.247610
0.247618
0.247623
0.247625
0.247640
0.247640
0.247648
0.247653
0.247658
0.247658
0.247658
0.247658
0.247658
0.247658
0.247659
0.247661
0.247666
0.247667
0.247667
0.247667
0.247670
0.247680
0.247680
0.247680
0.247693
0.247696
0.247696
0.247696
0.247696
0.247696
0.247696
0.247696
0.247699
0.247699
0.247699
0.247699
0.247706
0.247706
0.247709
0.247713
0.247716
0.247716
0.247717
0.247717
0.247727
0.247744
0.247744
0.247744
0.247759
0.247764
0.247773
0.247785
0.247786
0.247790
0.247790
0.247790
0.247795
0.247795
0.247795
0.247795
0.247798
0.247802
0.247802
0.247803
0.247803
0.247803
0.247807
0.247807
0.247808
0.247808
0.247808
0.247811
0.247813
0.247813
0.247813
0.247813
0.247816
0.247816
0.247816
0.247816
0.247816
0.247816
0.247816
0.247822
0.247823
0.247823
0.247823
0.247823
0.247824
0.247822
0.247822
0.247829
0.247829
0.247832
0.247832
0.247832
0.247832
0.247829
0.247829
0.247830
0.247808
0.247817
0.247817
0.247817
0.247820
0.247818
0.247818
0.247818
0.247818
0.247818
0.247818
0.247824
0.247824
0.247824
0.247833
0.247833
0.247833
0.247841
0.247841
0.247841
0.247848
0.247848
0.247845
0.247845
0.247845
0.247847
0.247847
0.247847
0.247847
0.247847
0.247847
0.247847
0.247847
0.247847
0.247847
0.247847
0.247847
0.247847
0.247847
0.247847
0.247846
0.247846
0.247846
0.247846
0.247846
0.247849
0.247857
0.247857
0.247857
0.247885
0.247884
0.247884
0.247900
0.247900
0.247905
0.247908
0.247908
0.247913
0.247913
0.247913
0.247913
0.247916
0.247916
0.247916
0.247916
0.247916
0.247916
0.247916
0.247916
0.247916
0.247916
0.247916
0.247916
0.247916
0.247916
0.247917
0.247917
0.247917
0.247917
0.247916
0.247918
0.247918
0.247918
0.247919
0.247919
0.247919
0.247919
0.247919
0.247919
0.247919
0.247922
0.247922
0.247922
0.247928
0.247930
0.247930
0.247930
0.247930
0.247928
0.247928
0.247928
0.247928
0.247931
0.247931
0.247931
0.247931
0.247931
0.247931
0.247931
0.247931
0.247950
0.247950
0.247950
0.247950
0.247950
0.247978
0.247978
0.247978
0.247978
0.247978
0.247979
0.247979
0.247980
0.247980
0.247980
0.247989
0.247989
0.247993
0.247993
0.247992
0.247993
0.247994
0.247994
0.247994
0.247993
0.247993
0.247993
0.247996
0.247996
0.247999
0.247999
0.248010
0.248012
0.248012
0.248014
0.248013
0.248111
0.248111
0.248112
0.248112
0.248112
0.248112
0.248112
0.248114
0.248114
0.248116
0.248116
0.248116
0.248117
0.248117
0.248117
0.248117
0.248117
0.248117
0.248117
0.248117
0.248117
0.248136
0.248140
0.248140
0.248147
0.248147
0.248145
0.248167
0.248167
0.248170
0.248170
0.248162
0.248162
0.248162
0.248162
0.248174
0.248174
0.248174
0.248182
0.248182
0.248182
0.248182
0.248185
0.248185
0.248185
0.248197
0.248215
0.248215
0.248219
0.248219
0.248219
0.248219
0.248219
0.248218
0.248219
0.248219
0.248225
0.248230
0.248230
0.248230
0.248230
0.248230
0.248230
0.248236
0.248238
0.248238
0.248240
0.248240
0.248240
0.248242
0.248242
0.248252
0.248252
0.248252
0.248253
0.248253
0.248253
0.248253
0.248253
0.248253
0.248253
0.248253
0.248253
0.248253
0.248253
0.248274
0.248277
0.248277
0.248277
0.248278
0.248280
0.248278
0.248277
0.248277
0.248277
0.248281
0.248287
0.248296
0.248302
0.248302
0.248308
0.248308
0.248307
0.248308
0.248308
0.248308
0.248308
0.248308
0.248308
0.248308
0.248308
0.248308
0.248308
0.248308
0.248315
0.248315
0.248315
0.248323
0.248323
0.248323
0.248323
0.248323
0.248325
0.248325
0.248325
0.248325
0.248325
0.248325
0.248319
0.248319
0.248320
0.248323
0.248322
0.248322
0.248322
0.248330
0.248350
0.248351
0.248351
0.248426
0.248426
0.248447
0.248447
0.248447
0.248448
0.248448
0.248449
0.248449
0.248460
0.248478
0.248480
0.248480
0.248480
0.248479
0.248479
0.248479
0.248485
0.248488
0.248478
0.248478
0.248478
0.248480
0.248484
0.248484
0.248488
0.248488
0.248488
0.248492
0.248491
0.248491
0.248496
0.248496
0.248496
0.248495
0.248497
0.248497
0.248504
0.248504
0.248504
0.248504
0.248504
0.248508
0.248508
0.248508
0.248508
0.248508
0.248509
0.248509
0.248510
0.248518
0.248518
0.248523
0.248531
0.248531
0.248537
0.248559
0.248559
0.248559
0.248559
0.248559
0.248559
0.248556
0.248570
0.248570
0.248570
0.248570
0.248595
0.248595
0.248595
0.248592
0.248600
0.248600
0.248605
0.248605
0.248607
0.248607
0.248607
0.248617
0.248616
0.248616
0.248616
0.248617
0.248617
0.248617
0.248618
0.248618
0.248629
0.248629
0.248629
0.248629
0.248629
0.248629
0.248629
0.248629
0.248650
0.248650
0.248654
0.248654
0.248654
0.248654
0.248654
0.248647
0.248662
0.248681
0.248681
0.248681
0.248685
0.248703
0.248703
0.248718
0.248718
0.248719
0.248722
0.248722
0.248722
0.248735
0.248735
0.248738
0.248738
0.248738
0.248736
0.248736
0.248736
0.248736
0.248736
0.248739
0.248740
0.248752
0.248752
0.248752
0.248752
0.248753
0.248754
0.248765
0.248765
0.248765
0.248765
0.248765
0.248766
0.248766
0.248767
0.248770
0.248770
0.248770
0.248770
0.248770
0.248770
0.248770
0.248782
0.248778
0.248773
0.248773
0.248773
0.248773
0.248792
0.248792
0.248792
0.248792
0.248792
0.248792
0.248796
0.248796
0.248796
0.248796
0.248796
0.248796
0.248796
0.248796
0.248803
0.248803
0.248803
0.248803
0.248803
0.248805
0.248806
0.248806
0.248806
0.248806
0.248806
0.248810
0.248808
0.248808
0.248808
0.248812
0.248812
0.248812
0.248812
0.248812
0.248813
0.248813
0.248817
0.248817
0.248816
0.248818
0.248818
0.248818
0.248820
0.248820
0.248830
0.248830
0.248832
0.248832
0.248836
0.248838
0.248846
0.248846
0.248846
0.248849
0.248851
0.248863
0.248880
0.248880
0.248880
0.248889
0.248889
0.248902
0.248902
0.248905
0.248905
0.248906
0.248908
0.248911
0.248912
0.248912
0.248913
0.248919
0.248919
0.248924
0.248924
0.248924
0.248936
0.248936
0.248931
0.248931
0.248931
0.248931
0.248931
0.248931
0.248931
0.248931
0.248931
0.248931
0.248931
0.248931
0.248931
0.248939
0.248939
0.248939
0.248939
0.248939
0.248939
0.248941
0.248969
0.248970
0.248970
0.248970
0.248970
0.248970
0.248970
0.248970
0.248970
0.248978
0.248978
0.248978
0.248978
0.248978
0.248978
0.248978
0.248990
0.248990
0.248990
0.248990
0.248990
0.248990
0.248995
0.249010
0.249010
0.249010
0.249010
0.249015
0.249015
0.249015
0.249016
0.249016
0.249016
0.249016
0.249022
0.249022
0.249022
0.249022
0.249022
0.249039
0.249039
0.249039
0.249039
0.249039
0.249056
0.249056
0.249056
0.249055
0.249060
0.249060
0.249062
0.249062
0.249070
0.249070
0.249070
0.249070
0.249070
0.249070
0.249070
0.249070
0.249070
0.249070
0.249083
0.249083
0.249083
0.249082
0.249082
0.249082
0.249084
0.249084
0.249084
0.249084
0.249084
0.249086
0.249086
0.249093
0.249126
0.249131
0.249134
0.249134
0.249134
0.249136
0.249136
0.249136
0.249142
0.249142
0.249142
0.249142
0.249146
0.249146
0.249146
0.249147
0.249147
0.249147
0.249156
0.249156
0.249155
0.249193
0.249186
0.249186
0.249186
0.249196
0.249211
0.249211
0.249211
0.249211
0.249219
0.249220
0.249220
0.249218
0.249218
0.249218
0.249218
0.249218
0.249218
0.249218
0.249218
0.249218
0.249218
0.249218
0.249220
0.249220
0.249220
0.249220
0.249220
0.249218
0.249220
0.249219
0.249222
0.249222
0.249223
0.249223
0.249229
0.249238
0.249245
0.249245
0.249245
0.249245
0.249249
0.249248
0.249248
0.249248
0.249248
0.249248
0.249251
0.249251
0.249254
0.249254
0.249254
0.249257
0.249257
0.249257
0.249258
0.249258
0.249258
0.249278
0.249278
0.249278
0.249278
0.249278
0.249275
0.249277
0.249276
0.249280
0.249283
0.249283
0.249283
0.249283
0.249283
0.249283
0.249283
0.249283
0.249283
0.249284
0.249284
0.249284
0.249284
0.249284
0.249284
0.249284
0.249284
0.249284
0.249287
0.249289
0.249290
0.249290
0.249290
0.249290
0.249290
0.249295
0.249295
0.249295
0.249297
0.249297
0.249297
0.249297
0.249302
0.249300
0.249308
0.249313
0.249313
0.249323
0.249322
0.249322
0.249322
0.249322
0.249325
0.249324
0.249324
0.249324
0.249324
0.249324
0.249324
0.249325
0.249325
0.249333
0.249333
0.249333
0.249333
0.249333
0.249332
0.249332
0.249332
