0.281742
0.288336
0.291643
0.296458
0.297982
0.299414
0.301840
0.303453
0.304674
0.305981
0.306254
0.307117
0.307973
0.308473
0.308146
0.308706
0.310383
0.311217
0.311115
0.312829
0.313098
0.313255
0.313529
0.314326
0.314692
0.314776
0.315170
0.315660
0.315858
0.316250
0.316514
0.317044
0.318245
0.318159
0.318248
0.318675
0.318831
0.318502
0.318659
0.318659
0.318836
0.318836
0.318847
0.318897
0.318828
0.318922
0.318848
0.318857
0.318895
0.318895
0.319012
0.319567
0.319570
0.319580
0.319585
0.319728
0.319934
0.319904
0.319923
0.319952
0.319805
0.319455
0.319373
0.319503
0.319861
0.319838
0.319864
0.319906
0.320042
0.319757
0.320003
0.320007
0.320017
0.320030
0.320068
0.320038
0.320138
0.320143
0.320147
0.320121
0.320120
0.320122
0.320271
0.320349
0.320440
0.320486
0.320501
0.320539
0.320539
0.320540
0.320540
0.320540
0.320738
0.320738
0.320738
0.320945
0.320948
0.321064
0.320910
0.320973
0.320926
0.320898
0.320898
0.320898
0.320898
0.320876
0.321004
0.320825
0.320757
0.320757
0.320845
0.320929
0.320929
0.320942
0.320942
0.321039
0.321063
0.321063
0.321080
0.321113
0.321134
0.321159
0.321174
0.321174
0.321249
0.321253
0.321449
0.321449
0.321476
0.321935
0.321935
0.321884
0.321884
0.321944
0.321881
0.321881
0.321907
0.321907
0.321916
0.321916
0.322047
0.322039
0.322039
0.321753
0.321694
0.321790
0.321796
0.321828
0.321971
0.321981
0.321985
0.322008
0.322019
0.322055
0.322075
0.322028
0.322050
0.322121
0.322121
0.322023
0.322023
0.322063
0.322000
0.322003
0.322003
0.322109
0.322099
0.322078
0.322097
0.322105
0.322105
0.322024
0.321963
0.321963
0.321964
0.321980
0.322013
0.322035
0.322050
0.322060
0.322069
0.322064
0.322064
0.322071
0.322093
0.322142
0.322181
0.322204
0.322340
0.322517
0.322517
0.322517
0.322196
0.322192
0.322192
0.322192
0.322192
0.322243
0.322396
0.322324
0.322324
0.322380
0.322426
0.322426
0.322414
0.322417
0.322417
0.322419
0.322531
0.322524
0.322535
0.322559
0.322655
0.322672
0.322672
0.322672
0.322672
0.322689
0.322689
0.322710
0.322724
0.322724
0.322722
0.322822
0.322822
0.322764
0.322891
0.322920
0.322920
0.322923
0.322932
0.322968
0.322992
0.322992
0.322992
0.322992
0.323000
0.323000
0.323001
0.323001
0.323005
0.323005
0.323005
0.322958
0.322923
0.322942
0.322949
0.322969
0.323202
0.323202
0.323206
0.323206
0.323206
0.323206
0.323206
0.323206
0.323244
0.323244
0.323243
0.323298
0.323342
0.323342
0.323347
0.323347
0.323349
0.323353
0.323366
0.323141
0.323092
0.323092
0.323163
0.323161
0.323157
0.323109
0.323109
0.323109
0.323109
0.323109
0.323118
0.323118
0.323118
0.323118
0.323131
0.323167
0.323082
0.323124
0.323121
0.323121
0.323121
0.323121
0.323018
0.323018
0.323018
0.322996
0.322996
0.323045
0.323153
0.323168
0.323168
0.323178
0.323178
0.323406
0.323715
0.323715
0.323805
0.323805
0.323817
0.323827
0.323827
0.323838
0.323838
0.323844
0.323864
0.323933
0.323933
0.324211
0.324279
0.324296
0.324325
0.324325
0.324258
0.324295
0.324281
0.324281
0.324307
0.324379
0.324380
0.324380
0.324473
0.324481
0.324443
0.324469
0.324470
0.324470
0.324470
0.324469
0.324487
0.324522
0.324511
0.324497
0.324497
0.324516
0.324526
0.324526
0.324526
0.324594
0.324594
0.324594
0.324594
0.324623
0.324623
0.324623
0.324589
0.324589
0.324605
0.324719
0.324734
0.324737
0.324711
0.324711
0.324730
0.324804
0.324835
0.324864
0.324864
0.324866
0.324868
0.324871
0.324981
0.325033
0.325063
0.325063
0.325063
0.325063
0.325063
0.325063
0.325227
0.325314
0.325314
0.325352
0.325352
0.325412
0.325465
0.325465
0.325574
0.325574
0.325737
0.325797
0.325872
0.325922
0.325997
0.326003
0.326118
0.326187
0.326187
0.326160
0.326160
0.326160
0.326160
0.326183
0.326155
0.326162
0.326192
0.326219
0.326219
0.326219
0.326219
0.326219
0.326228
0.326228
0.326260
0.326284
0.326290
0.326304
0.326311
0.326324
0.326449
0.326523
0.326569
0.326573
0.326609
0.326601
0.326601
0.326590
0.326627
0.326595
0.326600
0.326600
0.326612
0.326612
0.326612
0.326612
0.326601
0.326627
0.326627
0.326658
0.326679
0.326679
0.326639
0.326639
0.326639
0.326657
0.326632
0.326553
0.326577
0.326592
0.326592
0.326592
0.326592
0.326564
0.326564
0.326564
0.326603
0.326860
0.326865
0.326865
0.326865
0.326865
0.326650
0.326655
0.326655
0.326701
0.326701
0.326718
0.326737
0.326749
0.326767
0.326779
0.326779
0.326683
0.326683
0.326683
0.326705
0.326695
0.326695
0.326705
0.326714
0.326714
0.326714
0.326742
0.326742
0.326750
0.326763
0.326763
0.326763
0.326706
0.326706
0.326649
0.326649
0.326649
0.326588
0.326619
0.326628
0.326628
0.326661
0.326627
0.326627
0.326638
0.326693
0.326693
0.326693
0.326708
0.326713
0.326713
0.326713
0.326737
0.326737
0.326743
0.326760
0.326760
0.326760
0.326761
0.326761
0.326761
0.326765
0.326775
0.326775
0.326860
0.326908
0.326911
0.326911
0.326911
0.326922
0.326929
0.326938
0.326938
0.326943
0.326937
0.326937
0.326903
0.326903
0.326912
0.326912
0.326912
0.326937
0.326937
0.326989
0.327057
0.327057
0.327057
0.327044
0.327086
0.327086
0.327086
0.327095
0.327095
0.327146
0.327249
0.327249
0.327249
0.327249
0.327262
0.327268
0.327256
0.327256
0.327256
0.327257
0.327280
0.327280
0.327253
0.327253
0.327286
0.327328
0.327328
0.327328
0.327313
0.327313
0.327548
0.327575
0.327577
0.327647
0.327651
0.327651
0.327651
0.327629
0.327830
0.327830
0.327915
0.327935
0.327935
0.327952
0.327961
0.327938
0.327938
0.327938
0.327958
0.327935
0.327935
0.327935
0.327935
0.327935
0.327935
0.327935
0.327935
0.327935
0.327939
0.327939
0.327975
0.327982
0.327982
0.327982
0.327982
0.327983
0.328015
0.328015
0.328015
0.328022
0.328022
0.328035
0.328059
0.328059
0.328106
0.328106
0.328106
0.328106
0.328106
0.328106
0.328106
0.328177
0.328177
0.328275
0.328287
0.328300
0.328403
0.328512
0.328512
0.328512
0.328514
0.328514
0.328514
0.328521
0.328568
0.328568
0.328573
0.328573
0.328573
0.328587
0.328675
0.328650
0.328653
0.328653
0.328672
0.328672
0.328672
0.328673
0.328714
0.328714
0.328742
0.328742
0.328759
0.328591
0.328591
0.328686
0.328687
0.328712
0.328652
0.328650
0.328688
0.328688
0.328688
0.328681
0.328681
0.328681
0.328685
0.328705
0.328730
0.328780
0.328780
0.328780
0.328780
0.328793
0.328795
0.328795
0.328795
0.328795
0.328795
0.328860
0.328866
0.328866
0.328978
0.328983
0.328995
0.328995
0.329003
0.329003
0.329003
0.329003
0.329011
0.329043
0.329093
0.329093
0.329093
0.329093
0.329121
0.329121
0.329127
0.329127
0.329149
0.329149
0.329149
0.329149
0.329149
0.329149
0.329149
0.329149
0.329177
0.329177
0.329059
0.329059
0.329240
0.329240
0.329240
0.329240
0.329253
0.329273
0.329273
0.329273
0.329303
0.329303
0.329363
0.329309
0.329332
0.329334
0.329375
0.329378
0.329378
0.329378
0.329388
0.329388
0.329388
0.329388
0.329401
0.329450
0.329399
0.329423
0.329424
0.329409
0.329409
0.329409
0.329513
0.329513
0.329513
0.329538
0.329554
0.329554
0.329563
0.329563
0.329294
0.329352
0.329352
0.329352
0.329393
0.329390
0.329411
0.329412
0.329412
0.329412
0.329419
0.329419
0.329467
0.329469
0.329473
0.329473
0.329389
0.329401
0.329401
0.329401
0.329401
0.329401
0.329401
0.329401
0.329401
0.329409
0.329442
0.329442
0.329442
0.329496
0.329498
0.329498
0.329498
0.329510
0.329510
0.329590
0.329590
0.329590
0.329590
0.329602
0.329608
0.329608
0.329622
0.329636
0.329645
0.329645
0.329649
0.329651
0.329663
0.329663
0.329663
0.329663
0.329663
0.329767
0.329767
0.329767
0.329771
0.329771
0.329786
0.329786
0.329786
0.329786
0.329786
0.329786
0.329786
0.329786
0.329786
0.329789
0.329718
0.329718
0.329734
0.329734
0.329734
0.329763
0.329763
0.329766
0.329776
0.329790
0.329790
0.329799
0.329800
0.329800
0.329800
0.329737
0.329737
0.329743
0.329743
0.329745
0.329745
0.329745
0.329745
0.329745
0.329756
0.329758
0.329685
0.329692
0.329694
0.329694
0.329694
0.329686
0.329624
0.329624
0.329624
0.329681
0.329681
0.329688
0.329688
0.329688
0.329688
0.329688
0.329688
0.329688
0.329688
0.329688
0.329688
0.329688
0.329688
0.329680
0.329680
0.329680
0.329680
0.329698
0.329701
0.329706
0.329708
0.329708
0.329708
0.329708
0.329708
0.329708
0.329708
0.329708
0.329714
0.329695
0.329702
0.329702
0.329709
0.329709
0.329709
0.329709
0.329709
0.329709
0.329709
0.329726
0.329648
0.329648
0.329649
0.329649
0.329649
0.329668
0.329635
0.329596
0.329584
0.329595
0.329599
0.329592
0.329592
0.329592
0.329592
0.329592
0.329618
0.329619
0.329619
0.329619
0.329627
0.329564
0.329564
0.329564
0.329564
0.329564
0.329627
0.329627
0.329627
0.329576
0.329576
0.329576
0.329577
0.329574
0.329574
0.329574
0.329580
0.329580
0.329580
0.329596
0.329604
0.329609
0.329609
0.329609
0.329634
0.329654
0.329654
0.329690
0.329661
0.329661
0.329661
0.329661
0.329380
0.329380
0.329380
0.329411
0.329411
0.329411
0.329438
0.329463
0.329458
0.329458
0.329458
0.329458
0.329458
0.329536
0.329536
0.329541
0.329582
0.329582
0.329599
0.329599
0.329599
0.329621
0.329629
0.329629
0.329632
0.329632
0.329633
0.329668
0.329668
0.329668
0.329668
0.329721
0.329721
0.329721
0.329721
0.329721
0.329731
0.329731
0.329731
0.329731
0.329731
0.329731
0.329731
0.329740
0.329740
0.329763
0.329763
0.329790
0.329796
0.329796
0.329796
0.329796
0.329796
0.329796
0.329829
0.329829
0.329829
0.329829
0.329829
0.329835
0.329885
0.329885
0.329889
0.329954
0.329954
0.330014
0.330014
0.330035
0.329998
0.329998
0.329927
0.329935
0.329935
0.329936
0.329936
0.329942
0.329942
0.329942
0.329942
0.329942
0.329942
0.329942
0.329943
0.329946
0.329937
0.329937
0.329956
0.329956
0.329956
0.329966
0.329976
0.329976
0.330011
0.330011
0.329993
0.329999
0.329999
0.330026
0.330035
0.329912
0.329913
0.329874
0.329874
0.329874
0.329874
0.329874
0.329881
0.329881
0.329881
0.329884
0.329892
0.329892
0.329892
0.329892
0.329892
0.329892
0.329892
0.329892
0.329892
0.329925
0.329927
0.329927
0.329928
0.329928
0.329928
0.329928
0.329928
0.329928
0.329928
0.329928
0.329928
0.329935
0.329935
0.329935
0.329938
0.329938
0.330024
0.330024
0.330034
0.330034
0.330034
0.330135
0.330135
0.330135
0.330153
0.330153
0.330153
0.330153
0.330221
0.330221
0.330221
0.330221
0.330057
0.330057
0.330164
0.330164
0.330168
0.330168
0.330170
0.330170
0.330137
0.330137
0.330137
0.330137
0.330137
0.330137
0.330137
0.330173
0.330173
0.330173
0.330174
0.330200
0.330200
0.330200
0.330210
0.330210
0.330210
0.330214
0.330214
0.330223
0.330225
0.330229
0.330236
0.330236
0.330236
0.330236
0.330238
0.330238
0.330238
0.330238
0.330241
0.330241
0.330281
0.330281
0.330284
0.330284
0.330305
0.330305
0.330305
0.330305
0.330305
0.330314
0.330314
0.330358
0.330354
0.330354
0.330354
0.330354
0.330354
0.330376
0.330392
0.330392
0.330391
0.330448
0.330448
0.330470
0.330491
0.330504
0.330504
0.330504
0.330512
0.330567
0.330567
0.330567
0.330567
0.330598
0.330540
0.330540
0.330580
0.330580
0.330580
0.330580
0.330651
0.330792
0.330795
0.330795
0.330795
0.330834
0.330834
0.330834
0.330834
0.330834
0.330834
0.330834
0.330834
0.330973
0.330973
0.330973
0.330973
0.330973
0.330973
0.330973
0.330973
0.330990
0.330990
0.330990
0.330910
0.330914
0.330914
0.330926
0.330931
0.330931
0.330931
0.330945
0.330945
0.330945
0.331106
0.331106
0.331106
0.331106
0.331106
0.331106
0.331106
0.331106
0.331109
0.331194
0.331092
0.331092
0.331092
0.331155
0.331163
0.331163
0.331163
0.331163
0.331184
0.331184
0.331184
0.331155
0.331161
0.331161
0.331161
0.331165
0.331081
0.331073
0.331073
0.331073
0.331032
0.331038
0.331048
0.331049
0.331049
0.331049
0.331071
0.331071
0.331095
0.331095
0.331095
0.331095
0.331095
0.331104
0.331109
0.331109
0.331116
0.331116
0.331116
0.331116
0.331116
0.331116
0.331116
0.331160
0.331160
0.331160
0.331160
0.331160
0.331161
0.331161
0.331161
0.331161
0.331161
0.331165
0.331165
0.331186
0.331186
0.331193
0.331302
0.331302
0.331319
0.331321
0.331321
0.331241
0.331241
0.331241
0.331232
0.331259
0.331259
0.331259
0.331259
0.331260
0.331266
0.331290
0.331298
0.331298
0.331303
0.331303
0.331303
0.331303
0.331329
0.331329
0.331337
0.331410
0.331415
0.331415
0.331415
0.331415
0.331415
0.331415
0.331351
0.331353
0.331353
0.331353
0.331393
0.331393
0.331393
0.331393
0.331567
0.331567
0.331567
0.331574
0.331581
0.331639
0.331701
0.331701
0.331701
0.331701
0.331701
0.331640
0.331640
0.331640
0.331645
0.331646
0.331646
0.331646
0.331646
0.331647
0.331647
0.331647
0.331647
0.331647
0.331653
0.331657
0.331657
0.331661
0.331661
0.331672
0.331706
0.331706
0.331706
0.331707
0.331707
0.331653
0.331653
0.331654
0.331654
0.331654
0.331664
0.331664
0.331664
0.331664
0.331664
0.331695
0.331695
0.331699
0.331699
0.331704
0.331708
0.331741
0.331741
0.331741
0.331741
0.331754
0.331754
0.331754
0.331754
0.331757
0.331757
0.331757
0.331702
0.331702
0.331702
0.331702
0.331702
0.331702
0.331702
0.331725
0.331725
0.331725
0.331725
0.331736
0.331736
0.331736
0.331738
0.331738
0.331738
0.331738
0.331738
0.331592
0.331632
0.331633
0.331637
0.331631
0.331637
0.331637
0.331637
0.331637
0.331646
0.331646
0.331646
0.331664
0.331668
0.331668
0.331668
0.331668
0.331668
0.331678
0.331678
0.331687
0.331687
0.331687
0.331687
0.331698
0.331708
0.331708
0.331717
0.331725
0.331792
0.331792
0.331802
0.331802
0.331802
0.331802
0.331802
0.331802
0.331802
0.331819
0.331824
0.331825
0.331825
0.331825
0.331826
0.331838
0.331848
0.331848
0.331848
0.331848
0.331853
0.331853
0.331853
0.331855
0.331855
0.331855
0.331934
0.331934
0.331934
0.331934
0.331934
0.331934
0.331937
0.331937
0.331937
0.331937
0.332026
0.332026
0.332026
0.331968
0.331968
0.331968
0.331965
0.331965
0.331971
0.331986
0.331986
0.331986
0.331986
0.331986
0.331988
0.331991
0.332007
0.332007
0.332014
0.332020
0.332020
0.332020
0.332021
0.332021
0.332134
0.332157
0.332157
0.332183
0.332185
0.332185
0.332185
0.332185
0.332185
0.332188
0.332189
0.332189
0.332189
0.332198
0.332198
0.332163
0.332171
0.332171
0.332171
0.332171
0.332171
0.332171
0.332175
0.332175
0.332175
0.332177
0.332177
0.332181
0.332181
0.332182
0.332163
0.332163
0.332165
0.332186
0.332194
0.332194
0.332207
0.332209
0.332209
0.332319
0.332319
0.332372
0.332377
0.332377
0.332377
0.332615
0.332615
0.332618
0.332618
0.332618
0.332628
0.332655
0.332547
0.332547
0.332547
0.332547
0.332554
0.332554
0.332554
0.332554
0.332554
0.332554
0.332559
0.332559
0.332507
0.332503
0.332508
0.332510
0.332512
0.332512
0.332512
0.332512
0.332512
0.332512
0.332521
0.332544
0.332545
0.332545
0.332545
0.332545
0.332545
0.332545
0.332545
0.332545
0.332545
0.332545
0.332431
0.332399
0.332401
0.332401
0.332410
0.332410
0.332411
0.332412
0.332542
0.332530
0.332530
0.332530
0.332530
0.332530
0.332530
0.332360
0.332360
0.332360
0.332363
0.332363
0.332363
0.332370
0.332370
0.332370
0.332535
0.332535
0.332535
0.332538
0.332539
0.332540
0.332540
0.332540
0.332540
0.332540
0.332545
0.332545
0.332545
0.332545
0.332545
0.332575
0.332533
0.332533
0.332536
0.332611
0.332611
0.332687
0.332687
0.332687
0.332687
0.332689
0.332695
0.332695
0.332695
0.332701
0.332701
0.332701
0.332691
0.332691
0.332691
0.332691
0.332703
0.332703
0.332703
0.332760
0.332760
0.332769
0.332804
0.332811
0.332819
0.332819
0.332819
0.332819
0.332819
0.332838
0.332839
0.332839
0.332839
0.332841
0.332841
0.332841
0.332856
0.332865
0.332865
0.332890
0.332889
0.332889
0.332901
0.332901
0.332901
0.332901
0.332901
0.332902
0.332902
0.332902
0.332902
0.332902
0.332903
0.332903
0.332906
0.332906
0.332906
0.332906
0.332906
0.332920
0.332920
0.332920
0.333042
0.333042
0.333042
0.333042
0.333044
0.333154
0.333165
0.333165
0.333169
0.333169
0.333169
0.333169
0.333169
0.333190
0.333196
0.333196
0.333193
0.333193
0.333193
0.333197
0.333202
0.333202
0.333202
0.333202
0.333203
0.333203
0.333206
0.333206
0.333206
0.333093
0.333120
0.333120
0.333120
0.333120
0.333120
0.333127
0.333127
0.333127
0.333127
0.333127
0.333127
0.333129
0.333175
0.333175
0.333175
0.333175
0.333179
0.333179
0.333193
0.333193
0.333213
0.333213
0.333213
0.333213
0.333213
0.333213
0.333238
0.333251
0.333251
0.333277
0.333277
0.333277
0.333286
0.333286
0.333458
0.333458
0.333458
0.333458
0.333458
0.333458
0.333458
0.333458
0.333462
0.333462
0.333462
0.333462
0.333484
0.333487
0.333509
0.333509
0.333553
0.333554
0.333631
0.333634
0.333634
0.333670
0.333648
0.333677
0.333677
0.333677
0.333677
0.333677
0.333683
0.333683
0.333683
0.333691
0.333691
0.333707
0.333707
0.333707
0.333707
0.333707
0.333719
0.333719
0.333719
0.333719
0.333723
0.333683
0.333683
0.333683
0.333683
0.333683
0.333683
0.333633
0.333636
0.333646
0.333650
0.333671
0.333671
0.333672
0.333672
0.333672
0.333677
0.333677
0.333685
0.333685
0.333685
0.333685
0.333685
0.333685
0.333685
0.333685
0.333739
0.333739
0.333738
0.333738
0.333738
0.333738
0.333738
0.333738
0.333738
0.333745
0.333824
0.333826
0.333826
0.333833
0.333833
0.333833
0.333833
0.333801
0.333801
0.333725
0.333725
0.333725
0.333725
0.333746
0.333748
0.333748
0.333748
0.333748
0.333748
0.333751
0.333766
0.333771
0.333771
0.333842
0.333842
0.333864
0.333879
0.333880
0.333880
0.333891
0.333891
0.333891
0.333891
0.333892
0.333894
0.333894
0.333894
0.334004
0.334050
0.334055
0.334043
0.334064
0.334064
0.334066
0.334066
0.334067
0.334067
0.334120
0.334133
0.334183
0.334183
0.334183
0.334186
0.334186
0.334186
0.334143
0.334143
0.334143
0.334143
0.334146
0.334146
0.334146
0.334146
0.334151
0.334151
0.334151
0.334151
0.334157
0.334157
0.334159
0.334159
0.334303
0.334303
0.334324
0.334324
0.334329
0.334329
0.334330
0.334330
0.334331
0.334331
0.334331
0.334331
0.334313
0.334313
0.334313
0.334313
0.334313
0.334316
0.334316
0.334316
0.334316
0.334316
0.334317
0.334319
0.334400
0.334400
0.334400
0.334402
0.334402
0.334403
0.334403
0.334403
0.334403
0.334436
0.334440
0.334440
0.334440
0.334440
0.334440
0.334441
0.334442
0.334446
0.334439
0.334437
0.334437
0.334438
0.334528
0.334528
0.334528
0.334561
0.334561
0.334562
0.334653
0.334653
0.334637
0.334637
0.334637
0.334647
0.334647
0.334656
0.334679
0.334679
0.334655
0.334655
0.334655
0.334667
0.334667
0.334667
0.334716
0.334726
0.334726
0.334726
0.334727
0.334743
0.334743
0.334764
0.334789
0.334789
0.334878
0.334882
0.334888
0.334910
0.334910
0.334910
0.334910
0.334910
0.334910
0.334914
0.334914
0.334918
0.334918
0.334918
0.335044
0.335078
0.335078
0.335078
0.335080
0.335080
0.335082
0.335083
0.335083
0.335083
0.335083
0.335084
0.335085
0.335029
0.335029
0.335029
0.335029
0.335029
0.335021
0.335061
0.335061
0.335080
0.335080
0.335080
0.335080
0.335080
0.335080
0.335092
0.335092
0.335100
0.335146
0.335146
0.335146
0.335146
0.335146
0.335161
0.335161
0.335177
0.335177
0.335177
0.335177
0.335179
0.335202
0.335208
0.335212
0.335212
0.335212
0.335212
0.335212
0.335218
0.335218
0.335224
0.335310
0.335315
0.335285
0.335285
0.335285
0.335285
0.335285
0.335285
0.335285
0.335285
0.335290
0.335290
0.335290
0.335315
0.335321
0.335582
0.335582
0.335582
0.335582
0.335593
0.335594
0.335594
0.335594
0.335595
0.335675
0.335679
0.335679
0.335679
0.335679
0.335692
0.335693
0.335693
0.335693
0.335693
0.335695
0.335695
0.335695
0.335695
0.335729
0.335729
0.335727
0.335727
0.335727
0.335728
0.335728
0.335728
0.335731
0.335731
0.335732
0.335735
0.335759
0.335759
0.335759
0.335692
0.335692
0.335695
0.335708
0.335708
0.335708
0.335708
0.335708
0.335749
0.335749
0.335749
0.335749
0.335749
0.335744
0.335744
0.335744
0.335744
0.335749
0.335749
0.335749
0.335759
0.335759
0.335759
0.335759
0.335759
0.335759
0.335759
0.335763
0.335774
0.335774
0.335774
0.335777
0.335780
0.335780
0.335780
0.335780
0.335799
0.335799
0.335799
0.335799
0.335799
0.335801
0.335801
0.335820
0.335820
0.335820
0.335820
0.335820
0.335820
0.335824
0.335824
0.335824
0.335837
0.335858
0.335858
0.335858
0.335858
0.335858
0.335858
0.335863
0.335863
0.335863
0.335868
0.335886
0.335900
0.335900
0.335900
0.335900
0.335900
0.335900
0.335900
0.335916
0.335916
0.335930
0.335931
0.335931
0.335931
0.335931
0.335931
0.335931
0.335931
0.335932
0.335932
0.335932
0.336028
0.336028
0.336029
0.336029
0.336030
0.336036
0.336036
0.336036
0.336036
0.336040
0.336040
0.336042
0.336069
0.336073
0.336073
0.336083
0.336083
0.336083
0.336083
0.336083
0.336086
0.336094
0.336094
0.336094
0.336094
0.336094
0.336108
0.336108
0.336108
0.336108
0.336108
0.336120
0.336148
0.336148
0.336148
0.336148
0.336148
0.336148
0.336155
0.336157
0.336157
0.336157
0.336159
0.336160
0.336160
0.336160
0.336160
0.336160
0.336160
0.336168
0.336172
0.336172
0.336172
0.336163
0.336163
0.336163
0.336163
0.336105
0.336105
0.336190
0.336190
0.336190
0.336190
0.336281
0.336281
0.336324
0.336324
0.336266
0.336289
0.336289
0.336292
0.336293
0.336306
0.336306
0.336310
0.336311
0.336323
0.336323
0.336323
0.336323
0.336337
0.336337
0.336337
0.336337
0.336337
0.336340
0.336340
0.336340
0.336340
0.336340
0.336340
0.336354
0.336371
0.336384
0.336384
0.336384
0.336384
0.336487
0.336487
0.336487
0.336497
0.336497
0.336527
0.336527
0.336527
0.336527
0.336527
0.336527
0.336527
0.336529
0.336529
0.336529
0.336529
0.336532
0.336532
0.336532
0.336546
0.336573
0.336573
0.336578
0.336578
0.336578
0.336578
0.336578
0.336625
0.336625
0.336625
0.336661
0.336661
0.336661
0.336661
0.336668
0.336668
0.336684
0.336696
0.336702
0.336702
0.336690
0.336690
0.336705
0.336724
0.336724
0.336724
0.336724
0.336724
0.336724
0.336724
0.336724
0.336724
0.336724
0.336724
0.336724
0.336727
0.336727
0.336727
0.336727
0.336727
0.336784
0.336784
0.336788
0.336788
0.336820
0.336829
0.336834
0.336834
0.336834
0.336834
0.336834
0.336834
0.336830
0.336830
0.336784
0.336784
0.336784
0.336784
0.336784
0.336784
0.336784
0.336784
0.336784
0.336784
0.336784
0.336784
0.336784
0.336784
0.336784
0.336784
0.336784
0.336784
0.336785
0.336785
0.336785
0.336786
0.336786
0.336786
0.336786
0.336786
0.336786
0.336786
0.336786
0.336786
0.336786
0.336802
0.336848
0.336850
0.336850
0.336850
0.336850
0.336850
0.336850
0.336850
0.336850
0.336850
0.336851
0.336851
0.336851
0.336851
0.336851
0.336851
0.336851
0.336851
0.336860
0.336860
0.336860
0.336860
0.336860
0.336865
0.336866
0.336866
0.336870
0.336870
0.336870
0.336870
0.336870
0.336870
0.336899
0.336899
0.336899
0.336899
0.336903
0.336919
0.336919
0.336919
0.336919
0.336919
0.336919
0.336919
0.336919
0.336919
0.336919
0.336921
0.337060
0.337060
0.337060
0.337060
0.337060
0.337060
0.337060
0.337060
0.337060
0.337071
0.337071
0.337071
0.337071
0.337075
0.337033
0.337033
0.336992
0.336994
0.336994
0.336994
0.336994
0.336994
0.336994
0.336994
0.336994
0.336998
0.337004
0.337004
0.337004
0.337024
0.337024
0.337024
0.337024
0.337037
0.337037
0.337037
0.337037
0.337039
0.337039
0.337051
0.337054
0.337059
0.337059
0.337066
0.337066
0.337066
0.337029
0.337029
0.337029
0.337029
0.337045
0.337060
0.337060
0.337060
0.337060
0.337060
0.337060
0.337060
0.337062
0.337062
0.337062
0.337062
0.337062
0.337062
0.337062
0.337062
0.337143
0.337143
0.337143
0.337143
0.337150
0.337150
0.337185
0.337187
0.337187
0.337187
0.337187
0.337190
0.337190
0.337190
0.337190
0.337190
0.337190
0.337190
0.337190
0.337190
0.337191
0.337250
0.337250
0.337265
0.337266
0.337266
0.337266
0.337266
0.337235
0.337235
0.337235
0.337235
0.337242
0.337242
0.337242
0.337247
0.337256
0.337328
0.337328
0.337341
0.337341
0.337341
0.337341
0.337341
0.337341
0.337342
0.337342
0.337356
0.337358
0.337358
0.337358
0.337358
0.337358
0.337358
0.337407
0.337407
0.337407
0.337411
0.337407
0.337407
0.337424
0.337424
0.337424
0.337452
0.337452
0.337455
0.337457
0.337329
0.337329
0.337329
0.337329
0.337337
0.337352
0.337352
0.337352
0.337352
0.337394
0.337394
0.337398
0.337399
0.337399
0.337399
0.337399
0.337399
0.337399
0.337399
0.337414
0.337420
0.337421
0.337421
0.337421
0.337421
0.337421
0.337488
0.337501
0.337504
0.337452
0.337454
0.337454
0.337454
0.337454
0.337454
0.337473
0.337481
0.337481
0.337482
0.337482
0.337482
0.337482
0.337490
0.337490
0.337504
0.337504
0.337504
0.337504
0.337550
0.337551
0.337551
0.337551
0.337551
0.337551
0.337628
0.337688
0.337695
0.337696
0.337696
0.337698
0.337698
0.337698
0.337698
0.337698
0.337707
0.337707
0.337708
0.337708
0.337708
0.337708
0.337711
0.337711
0.337711
0.337711
0.337711
0.337711
0.337711
0.337737
0.337741
0.337741
0.337748
0.337748
0.337749
0.337749
0.337833
0.337847
0.337847
0.337847
0.337847
0.337847
0.337994
0.337994
0.338003
0.338014
0.338014
0.338023
0.338023
0.338023
0.338023
0.338023
0.338039
0.338039
0.338039
0.338039
0.338041
0.338041
0.338046
0.338046
0.338046
0.338046
0.338046
0.338046
0.338051
0.338051
0.338051
0.338054
0.338054
0.338056
0.338089
0.338089
0.338089
0.338089
0.338089
0.338089
0.338089
0.338089
0.338105
0.338105
0.338105
0.338105
0.338124
0.338077
0.338077
0.338078
0.338078
0.338081
0.338081
0.338082
0.338082
0.338084
0.338084
0.338084
0.338084
0.338108
0.338108
0.338108
0.338108
0.338173
0.338180
0.338188
0.338188
0.338189
0.338189
0.338189
0.338189
0.338189
0.338189
0.338189
0.338189
0.338189
0.338191
0.338191
0.338191
0.338191
0.338191
0.338191
0.338191
0.338202
0.338204
0.338204
0.338204
0.338240
0.338240
0.338240
0.338249
0.338249
0.338249
0.338249
0.338249
0.338252
0.338263
0.338263
0.338263
0.338263
0.338263
0.338263
0.338263
0.338263
0.338263
0.338263
0.338263
0.338263
0.338263
0.338263
0.338263
0.338324
0.338324
0.338329
0.338335
0.338335
0.338335
0.338337
0.338339
0.338340
0.338340
0.338340
0.338340
0.338340
0.338353
0.338353
0.338353
0.338361
0.338419
0.338419
0.338421
0.338421
0.338426
0.338426
0.338426
0.338426
0.338443
0.338444
0.338444
0.338444
0.338444
0.338444
0.338447
0.338447
0.338447
0.338447
0.338447
0.338474
0.338474
0.338474
0.338474
0.338474
0.338474
0.338474
0.338475
0.338475
0.338475
0.338475
0.338486
0.338486
0.338486
0.338491
0.338491
0.338493
0.338525
0.338816
0.338816
0.338816
0.338816
0.338837
0.338837
0.338841
0.338846
0.338846
0.338846
0.338846
0.338846
0.338846
0.338919
0.338919
0.338919
0.338919
0.338923
0.338926
0.338926
0.338926
0.338938
0.338938
0.338938
0.338938
0.338944
0.338944
0.338944
0.338944
0.338944
0.338944
0.338947
0.338947
0.338949
0.338928
0.338928
0.338928
0.338928
0.338928
0.338929
0.338929
0.338929
0.338929
0.338929
0.338934
0.338954
0.338954
0.338954
0.338973
0.338990
0.338990
0.338997
0.338997
0.338998
0.338998
0.338998
0.338998
0.338998
0.338999
0.338999
0.339010
0.339010
0.339010
0.339010
0.339010
0.339014
0.339014
0.339024
0.339024
0.339024
0.339024
0.339028
0.339042
0.339042
0.339062
0.339070
0.339070
0.339070
0.339110
0.339110
0.339114
0.339114
0.339114
0.339114
0.339114
0.339115
0.339118
0.339118
0.339119
0.339119
0.339119
0.339119
0.339119
0.339119
0.339119
0.339119
0.339119
0.339119
0.339119
0.339119
0.339122
0.339131
0.339131
0.339131
0.339131
0.339131
0.339131
0.339131
0.339131
0.339131
0.339131
0.339131
0.339131
0.339131
0.339131
0.339131
0.339131
0.339146
0.339146
0.339146
0.339146
0.339157
0.339158
0.339163
0.339194
0.339213
0.339222
0.339222
0.339222
0.339222
0.339222
0.339234
0.339234
0.339234
0.339202
0.339209
0.339209
0.339209
0.339220
0.339220
0.339228
0.339228
0.339231
0.339231
0.339231
0.339231
0.339238
0.339238
0.339238
0.339238
0.339238
0.339238
0.339240
0.339254
0.339254
0.339243
0.339243
0.339245
0.339251
0.339251
0.339251
0.339251
0.339251
0.339251
0.339251
0.339251
0.339251
0.339251
0.339251
0.339251
0.339251
0.339252
0.339252
0.339252
0.339253
0.339253
0.339256
0.339258
0.339258
0.339269
0.339269
0.339269
0.339269
0.339269
0.339277
0.339277
0.339277
0.339287
0.339297
0.339297
0.339310
0.339310
0.339304
0.339304
0.339304
0.339228
0.339228
0.339228
0.339229
0.339108
0.339108
0.339111
0.339115
0.339115
0.339115
0.339126
0.339126
0.339126
0.339126
0.339126
0.339086
0.339086
0.339086
0.339086
0.339086
0.339086
0.339111
0.339111
0.339111
0.339059
0.339065
0.339065
0.339065
0.339065
0.339065
0.339065
0.339065
0.339065
0.339065
0.339065
0.339065
0.339066
0.339066
0.339066
0.339062
0.339062
0.339062
0.339082
0.339082
0.339082
0.339083
0.339083
0.339089
0.339089
0.339089
0.339093
0.339093
0.339129
0.339133
0.339133
0.339133
0.339200
0.339200
0.339204
0.339204
0.339209
0.339211
0.339211
0.339237
0.339237
0.339237
0.339242
0.339246
0.339275
0.339275
0.339275
0.339275
0.339275
0.339194
0.339195
0.339195
0.339195
0.339195
0.339195
0.339194
0.339201
0.339201
0.339201
0.339201
0.339203
0.339204
0.339204
0.339204
0.339204
0.339204
0.339204
0.339204
0.339204
0.339204
0.339204
0.339204
0.339204
0.339211
0.339219
0.339219
0.339219
0.339219
0.339219
0.339219
0.339219
0.339220
0.339228
0.339228
0.339231
0.339234
0.339234
0.339234
0.339234
0.339234
0.339234
0.339234
0.339238
0.339238
0.339264
0.339264
0.339264
0.339265
0.339265
0.339265
0.339265
0.339265
0.339265
0.339265
0.339270
0.339270
0.339270
0.339270
0.339270
0.339270
0.339270
0.339270
0.339270
0.339270
0.339270
0.339291
0.339291
0.339291
0.339291
0.339291
0.339291
0.339294
0.339294
0.339294
0.339294
0.339294
0.339294
0.339303
0.339309
0.339309
0.339317
0.339317
0.339322
0.339322
0.339322
0.339322
0.339322
0.339322
0.339322
0.339322
0.339322
0.339322
0.339325
0.339328
0.339409
0.339409
0.339409
0.339415
0.339424
0.339425
0.339425
0.339431
0.339431
0.339431
0.339431
0.339432
0.339435
0.339435
0.339435
0.339435
0.339435
0.339435
0.339436
0.339436
0.339450
0.339450
0.339450
0.339450
0.339452
0.339466
0.339466
0.339466
0.339466
0.339466
0.339466
0.339488
0.339492
0.339492
0.339555
0.339555
0.339555
0.339555
0.339555
0.339560
0.339560
0.339560
0.339560
0.339560
0.339510
0.339532
0.339532
0.339532
0.339532
0.339539
0.339599
0.339605
0.339605
0.339605
0.339611
0.339611
0.339612
0.339612
0.339660
0.339660
0.339660
0.339660
0.339660
0.339604
0.339604
0.339604
0.339541
0.339541
0.339541
0.339551
0.339566
0.339566
0.339566
0.339571
0.339571
0.339571
0.339571
0.339571
0.339571
0.339571
0.339571
0.339571
0.339571
0.339571
0.339571
0.339571
0.339571
0.339571
0.339571
0.339583
0.339583
0.339583
0.339490
0.339490
0.339490
0.339490
0.339490
0.339490
0.339566
0.339566
0.339566
0.339566
0.339568
0.339568
0.339568
0.339568
0.339568
0.339568
0.339568
0.339568
0.339568
0.339568
0.339568
0.339634
0.339634
0.339634
0.339641
0.339641
0.339641
0.339641
0.339641
0.339641
0.339641
0.339641
0.339641
0.339641
0.339641
0.339641
0.339641
0.339641
0.339641
0.339645
0.339645
0.339645
0.339646
0.339648
0.339648
0.339649
0.339649
0.339649
0.339630
0.339630
0.339630
0.339630
0.339630
0.339634
0.339637
0.339637
0.339637
0.339637
0.339637
0.339638
0.339638
0.339638
0.339666
0.339684
0.339687
0.339687
0.339687
0.339693
0.339693
0.339693
0.339693
0.339698
0.339698
0.339700
0.339700
0.339700
0.339700
0.339700
0.339714
0.339723
0.339725
0.339725
0.339734
0.339734
0.339734
0.339734
0.339734
0.339737
0.339737
0.339729
0.339729
0.339729
0.339744
0.339744
0.339744
0.339744
0.339744
0.339744
0.339759
0.339762
0.339762
0.339762
0.339763
0.339763
0.339763
0.339763
0.339715
0.339715
0.339715
0.339724
0.339736
0.339740
0.339745
0.339790
0.339790
0.339790
0.339790
0.339791
0.339791
0.339791
0.339793
0.339793
0.339827
0.339827
0.339827
0.339827
0.339839
0.339839
0.339841
0.339841
0.339843
0.339843
0.339843
0.339846
0.339846
0.339846
0.339846
0.339846
0.339846
0.339843
0.339846
0.339846
0.339846
0.339846
0.339855
0.339855
0.339855
0.339855
0.339873
0.339874
0.339874
0.339874
0.339874
0.339879
0.339879
0.339879
0.339879
0.339879
0.339879
0.339866
0.339866
0.339875
0.339875
0.339875
0.339881
0.339881
0.339883
0.339908
0.339913
0.339913
0.339926
0.339926
0.339923
0.339923
0.339923
0.339923
0.339923
0.339924
0.339957
0.339963
0.339975
0.339975
0.339975
0.339975
0.339975
0.339975
0.339975
0.339975
0.339975
0.339975
0.339975
0.339975
0.340008
0.340008
0.340008
0.340008
0.340008
0.340008
0.340097
0.340097
0.340105
0.340105
0.340133
0.340135
0.340138
0.340138
0.340156
0.340156
0.340156
0.340167
0.340167
0.340178
0.340177
0.340178
0.340183
0.340183
0.340182
0.340182
0.340183
0.340206
0.340206
0.340206
0.340206
0.340206
0.340206
0.340216
0.340216
0.340216
0.340216
0.340216
0.340120
0.340133
0.340133
0.340133
0.340133
0.340133
0.340133
0.340133
0.340136
0.340136
0.340136
0.340172
0.340172
0.340172
0.340172
0.340172
0.340172
0.340178
0.340178
0.340179
0.340204
0.340204
0.340204
0.340203
0.340203
0.340203
0.340203
0.340203
0.340203
0.340203
0.340203
0.340239
0.340239
0.340239
0.340239
0.340239
0.340239
0.340239
0.340239
0.340239
0.340239
0.340512
0.340512
0.340512
0.340512
0.340512
0.340519
0.340519
0.340417
0.340418
0.340418
0.340418
0.340418
0.340418
0.340418
0.340416
0.340416
0.340416
0.340416
0.340429
0.340429
0.340430
0.340430
0.340430
0.340430
0.340430
0.340430
0.340430
0.340430
0.340430
0.340430
0.340430
0.340437
0.340437
0.340437
0.340437
0.340437
0.340457
0.340457
0.340457
0.340457
0.340457
0.340457
0.340457
0.340529
0.340529
0.340551
0.340560
0.340560
0.340560
0.340568
0.340568
0.340571
0.340574
0.340574
0.340611
0.340611
0.340616
0.340616
0.340616
0.340616
0.340616
0.340616
0.340616
0.340621
0.340631
0.340631
0.340631
0.340631
0.340631
0.340632
0.340632
0.340632
0.340632
0.340632
0.340632
0.340632
0.340632
0.340632
0.340632
0.340632
0.340635
0.340635
0.340635
0.340635
0.340635
0.340635
0.340635
0.340635
0.340635
0.340635
0.340635
0.340635
0.340635
0.340635
0.340635
0.340635
0.340635
0.340635
0.340724
0.340792
0.340796
0.340796
0.340796
0.340796
0.340796
0.340805
0.340805
0.340810
0.340820
0.340820
0.340828
0.340828
0.340861
0.340861
0.340861
0.340861
0.340861
0.340861
0.340861
0.340863
0.340863
0.340863
0.340863
0.340864
0.340864
0.340864
0.340864
0.340864
0.340864
0.340870
0.340870
0.340870
0.340870
0.340870
0.340870
0.340871
0.340871
0.340881
0.340881
0.340881
0.340881
0.340884
0.340885
0.340885
0.340888
0.340888
0.340888
0.340888
0.340888
0.340888
0.340888
0.340888
0.340896
0.340984
0.340988
0.340988
0.340993
0.340995
0.340995
0.341003
0.341008
0.341008
0.341008
0.341008
0.341008
0.341008
0.341008
0.341008
0.341020
0.341020
0.341020
0.341020
0.341027
0.341027
0.341027
0.341037
0.340887
0.340887
0.340887
0.340887
0.340887
0.340887
0.340887
0.340893
0.340893
0.340893
0.340893
0.340893
0.340893
0.340893
0.340893
0.340910
0.340915
0.340915
0.340926
0.340926
0.340926
0.340929
0.340929
0.340932
0.340932
0.340932
0.340974
0.340974
0.340974
0.340974
0.340974
0.340974
0.340974
0.340974
0.340974
0.340974
0.340974
0.340978
0.340978
0.340983
0.340983
0.340983
0.340983
0.341017
0.341017
0.341017
0.341026
0.341031
0.341031
0.341031
0.341031
0.341031
0.341031
0.341031
0.341031
0.341031
0.341031
0.341031
0.341031
0.341189
0.341189
0.341207
0.341207
0.341207
0.341207
0.341207
0.341207
0.341207
0.341216
0.341216
0.341209
0.341209
0.341211
0.341211
0.341213
0.341214
0.341214
0.341214
0.341214
0.341214
0.341214
0.341214
0.341214
0.341214
0.341214
0.341214
0.341214
0.341214
0.341214
0.341214
0.341214
0.341214
0.341233
0.341233
0.341233
0.341241
0.341242
0.341242
0.341242
0.341242
0.341242
0.341245
0.341262
0.341267
0.341267
0.341267
0.341267
0.341267
0.341267
0.341267
0.341267
0.341267
0.341267
0.341267
0.341341
0.341341
0.341341
0.341341
0.341341
0.341341
0.341341
0.341341
0.341341
0.341341
0.341341
0.341341
0.341355
0.341355
0.341354
0.341354
0.341354
0.341354
0.341354
0.341354
0.341354
0.341354
0.341354
0.341354
0.341354
0.341357
0.341357
0.341357
0.341357
0.341357
0.341357
0.341357
0.341359
0.341359
0.341360
0.341335
0.341335
0.341335
0.341335
0.341335
0.341335
0.341335
0.341335
0.341335
0.341335
0.341341
0.341342
0.341342
0.341342
0.341342
0.341352
0.341352
0.341352
0.341352
0.341352
0.341352
0.341352
0.341352
0.341352
0.341352
0.341366
0.341366
0.341370
0.341370
0.341370
0.341370
0.341376
0.341376
0.341376
0.341376
0.341376
0.341376
0.341373
0.341374
0.341378
0.341382
0.341382
0.341382
0.341386
0.341386
0.341454
0.341464
0.341464
0.341475
0.341475
0.341475
0.341475
0.341475
0.341494
0.341494
0.341596
0.341599
0.341599
0.341599
0.341605
0.341605
0.341605
0.341605
0.341610
0.341610
0.341603
0.341603
0.341603
0.341603
0.341603
0.341603
0.341603
0.341615
0.341615
0.341615
0.341615
0.341615
0.341615
0.341615
0.341624
0.341625
0.341625
0.341625
0.341626
0.341626
0.341626
0.341626
0.341626
0.341626
0.341626
0.341731
0.341731
0.341735
0.341735
0.341736
0.341736
0.341740
0.341740
0.341740
0.341740
0.341740
0.341740
0.341755
0.341755
0.341765
0.341777
0.341779
0.341779
0.341779
0.341779
0.341779
0.341779
0.341779
0.341779
0.341779
0.341779
0.341779
0.341779
0.341779
0.341779
0.341779
0.341779
0.341779
0.341779
0.341779
0.341782
0.341815
0.341815
0.341817
0.341817
0.341849
0.341928
0.341928
0.341941
0.341947
0.341947
0.341951
0.341951
0.341959
0.341965
0.341965
0.341965
0.341965
0.342005
0.342005
0.342005
0.341963
0.341963
0.341963
0.341963
0.341963
0.341963
0.341962
0.341966
0.341966
0.341978
0.342017
0.342017
0.342018
0.342018
0.342018
0.342055
0.342055
0.342060
0.342062
0.342069
0.342069
0.342069
0.342069
0.342122
0.342122
0.342260
0.342260
0.342260
0.342260
0.342260
0.342260
0.342264
0.342264
0.342265
0.342265
0.342265
0.342265
0.342265
0.342265
0.342265
0.342265
0.342265
0.342270
0.342270
0.342267
0.342268
0.342267
0.342267
0.342253
0.342253
0.342253
0.342253
0.342254
0.342254
0.342254
0.342254
0.342258
0.342258
0.342258
0.342258
0.342258
0.342149
0.342149
0.342149
0.342149
0.342149
0.342151
0.342151
0.342151
0.342154
0.342154
0.342153
0.342153
0.342159
0.342159
0.342160
0.342160
0.342160
0.342160
0.342160
0.342160
0.342160
0.342160
0.342169
0.342171
0.342171
0.342177
0.342177
0.342177
0.342197
0.342197
0.342210
0.342218
0.342218
0.342238
0.342238
0.342238
0.342241
0.342241
0.342241
0.342241
0.342241
0.342241
0.342281
0.342281
0.342281
0.342281
0.342281
0.342281
0.342281
0.342281
0.342271
0.342271
0.342271
0.342182
0.342182
0.342182
0.342182
0.342185
0.342185
0.342185
0.342185
0.342198
0.342199
0.342199
0.342199
0.342202
0.342202
0.342208
0.342208
0.342208
0.342248
0.342248
0.342248
0.342249
0.342249
0.342253
0.342253
0.342253
0.342267
0.342267
0.342267
0.342267
0.342267
0.342267
0.342267
0.342281
0.342281
0.342281
0.342281
0.342283
0.342283
0.342284
0.342284
0.342284
0.342284
0.342287
0.342265
0.342272
0.342272
0.342272
0.342272
0.342272
0.342256
0.342356
0.342356
0.342387
0.342362
0.342362
0.342362
0.342362
0.342362
0.342362
0.342405
0.342405
0.342405
0.342405
0.342405
0.342405
0.342405
0.342405
0.342405
0.342416
0.342416
0.342416
0.342424
0.342443
0.342443
0.342445
0.342465
0.342465
0.342465
0.342468
0.342468
0.342468
0.342468
0.342547
0.342572
0.342572
0.342572
0.342572
0.342572
0.342582
0.342582
0.342582
0.342582
0.342582
0.342587
0.342599
0.342625
0.342625
0.342626
0.342626
0.342633
0.342633
0.342633
0.342633
0.342633
0.342633
0.342633
0.342633
0.342633
0.342633
0.342633
0.342633
0.342633
0.342633
0.342634
0.342634
0.342634
0.342634
0.342634
0.342634
0.342634
0.342655
0.342677
0.342673
0.342691
0.342691
0.342696
0.342696
0.342696
0.342696
0.342696
0.342696
0.342696
0.342696
0.342696
0.342696
0.342696
0.342697
0.342697
0.342697
0.342697
0.342709
0.342711
0.342711
0.342711
0.342728
0.342728
0.342728
0.342728
0.342670
0.342670
0.342670
0.342670
0.342670
0.342670
0.342670
0.342670
0.342670
0.342670
0.342670
0.342670
0.342670
0.342670
0.342670
0.342672
0.342676
0.342676
0.342676
0.342699
0.342699
0.342699
0.342699
0.342699
0.342699
0.342699
0.342705
0.342705
0.342705
0.342705
0.342706
0.342709
0.342709
0.342709
0.342709
0.342709
0.342709
0.342709
0.342709
0.342709
0.342721
0.342721
0.342721
0.342723
0.342723
0.342723
0.342723
0.342723
0.342723
0.342723
0.342723
0.342723
0.342724
0.342724
0.342724
0.342737
0.342737
0.342738
0.342738
0.342752
0.342752
0.342752
0.342752
0.342752
0.342813
0.342818
0.342818
0.342818
0.342818
0.342818
0.342824
0.342828
0.342828
0.342845
0.342845
0.342845
0.342845
0.342845
0.342845
0.342845
0.342845
0.342838
0.342871
0.342871
0.342871
0.342871
0.342871
0.342872
0.342872
0.342872
0.342872
0.342872
0.342867
0.342867
0.342870
0.342870
0.342870
0.342870
0.342870
0.342870
0.342870
0.342870
0.342870
0.342872
0.342876
0.342876
0.342876
0.342876
0.342876
0.342877
0.342877
0.342877
0.342877
0.342877
0.342877
0.342883
0.342883
0.342879
0.342882
0.342889
0.342889
0.342889
0.342889
0.342889
0.342889
0.342892
0.342892
0.342902
0.342902
0.342902
0.342902
0.342902
0.342902
0.342917
0.342917
0.342918
0.342920
0.342931
0.342931
0.342931
0.342931
0.342931
0.342931
0.342931
0.342931
0.342931
0.342931
0.342931
0.342931
0.342931
0.342931
0.342937
0.342937
0.342937
0.342937
0.342938
0.342940
0.342940
0.342940
0.342940
0.342940
0.342959
0.342959
0.342968
0.342968
0.342968
0.342968
0.342968
0.342968
0.342968
0.342968
0.342968
0.342969
0.342969
0.342957
0.342957
0.342958
0.342958
0.342958
0.342958
0.342958
0.342958
0.342958
0.342958
0.342960
0.342960
0.342960
0.342960
0.343010
0.343010
0.343015
0.343000
0.343014
0.343014
0.343014
0.343015
0.343015
0.343022
0.343024
0.343024
0.343024
0.343024
0.343027
0.343028
0.343028
0.343029
0.343029
0.343029
0.343029
0.343029
0.343029
0.343029
0.343037
0.343037
0.343046
0.343046
0.343055
0.343058
0.343058
0.343067
0.343067
0.343067
0.343018
0.343018
0.343033
0.343033
0.343033
0.343036
0.343036
0.343036
0.343037
0.343037
0.343037
0.343037
0.343037
0.343050
0.343050
0.343050
0.343086
0.343086
0.343086
0.343086
0.343086
0.343086
0.343086
0.343086
0.343086
0.343086
0.343086
0.343124
0.343135
0.343136
0.343136
0.343136
0.343136
0.343136
0.343139
0.343139
0.343155
0.343155
0.343155
0.343155
0.343158
0.343158
0.343158
0.343182
0.343182
0.343182
0.343182
0.343197
0.343208
0.343212
0.343212
0.343245
0.343245
0.343245
0.343245
0.343245
0.343245
0.343246
0.343246
0.343254
0.343254
0.343254
0.343254
0.343254
0.343260
0.343262
0.343262
0.343262
0.343226
0.343226
0.343228
0.343228
0.343228
0.343228
0.343232
0.343232
0.343232
0.343232
0.343232
0.343232
0.343232
0.343232
0.343232
0.343232
0.343228
0.343343
0.343343
0.343313
0.343315
0.343317
0.343317
0.343332
0.343339
0.343339
0.343339
0.343339
0.343339
0.343339
0.343339
0.343339
0.343345
0.343345
0.343345
0.343345
0.343345
0.343345
0.343352
0.343352
0.343352
0.343352
0.343352
0.343376
0.343378
0.343371
0.343371
0.343372
0.343372
0.343372
0.343372
0.343372
0.343372
0.343374
0.343374
0.343374
0.343375
0.343366
0.343366
0.343366
0.343366
0.343366
0.343366
0.343366
0.343367
0.343367
0.343367
0.343372
0.343395
0.343395
0.343395
0.343395
0.343401
0.343407
0.343407
0.343407
0.343420
0.343420
0.343423
0.343423
0.343423
0.343423
0.343423
0.343491
0.343491
0.343491
0.343491
0.343491
0.343498
0.343498
0.343498
0.343498
0.343529
0.343529
0.343529
0.343529
0.343535
0.343535
0.343535
0.343535
0.343535
0.343535
0.343535
0.343536
0.343536
0.343536
0.343553
0.343553
0.343553
0.343553
0.343553
0.343553
0.343557
0.343557
0.343558
0.343579
0.343579
0.343579
0.343579
0.343579
0.343579
0.343579
0.343579
0.343615
0.343618
0.343622
0.343622
0.343622
0.343622
0.343622
0.343643
0.343643
0.343643
0.343643
0.343643
0.343643
0.343643
0.343651
0.343651
0.343651
0.343651
0.343651
0.343651
0.343653
0.343651
0.343651
0.343651
0.343651
0.343651
0.343651
0.343651
0.343651
0.343651
0.343651
0.343651
0.343651
0.343651
0.343651
0.343657
0.343661
0.343661
0.343661
0.343665
0.343665
0.343665
0.343668
0.343668
0.343668
0.343668
0.343668
0.343668
0.343668
0.343668
0.343671
0.343671
0.343671
0.343671
0.343671
0.343671
0.343671
0.343671
0.343674
0.343674
0.343674
0.343684
0.343684
0.343701
0.343701
0.343701
0.343701
0.343701
0.343702
0.343702
0.343702
0.343702
0.343702
0.343702
0.343702
0.343702
0.343702
0.343708
0.343708
0.343708
0.343721
0.343721
0.343721
0.343705
0.343677
0.343677
0.343677
0.343677
0.343743
0.343743
0.343770
0.343770
0.343770
0.343770
0.343770
0.343793
0.343793
0.343793
0.343810
0.343819
0.343830
0.343830
0.343830
0.343883
0.343883
0.343883
0.343883
0.343908
0.343908
0.343908
0.343908
0.343908
0.343908
0.343908
0.343914
0.343936
0.343936
0.343936
0.343936
0.343936
0.343936
0.343936
0.343936
0.343936
0.343943
0.343943
0.343981
0.343981
0.343981
0.343981
0.343981
0.343991
0.343991
0.343991
0.343991
0.343991
0.344004
0.344004
0.344004
0.344004
0.344004
0.344004
0.344004
0.344015
0.344022
0.344028
0.344007
0.344007
0.344009
0.344010
0.344010
0.344026
0.344026
0.344026
0.344026
0.344026
0.344026
0.344026
0.344026
0.344026
0.344026
0.344026
0.344026
0.344026
0.344026
0.344026
0.344026
0.344048
0.344048
0.344056
0.344056
0.344056
0.344056
0.344056
0.344056
0.344056
0.344060
0.344060
0.344060
0.344060
0.344060
0.344060
0.344060
0.344060
0.344060
0.344060
0.344060
0.344060
0.344060
0.344060
0.344060
0.344060
0.344060
0.344060
0.344067
0.344068
0.344068
0.344068
0.344068
0.344068
0.344048
0.344048
0.344048
0.344048
0.344048
0.344048
0.344048
0.344048
0.344048
0.344048
0.344048
0.344054
0.344054
0.344069
0.344069
0.344069
0.344074
0.344074
0.344074
0.344074
0.344074
0.344074
0.344074
0.344074
0.344086
0.344085
0.344085
0.344085
0.344085
0.344085
0.344085
0.344085
0.344144
0.344144
0.344144
0.344144
0.344144
0.344144
0.344147
0.344155
0.344155
0.344160
0.344160
0.344160
0.344161
0.344161
0.344161
0.344145
0.344154
0.344154
0.344154
0.344154
0.344154
0.344157
0.344157
0.344157
0.344157
0.344157
0.344157
0.344157
0.344157
0.344157
0.344157
0.344157
0.344157
0.344157
0.344157
0.344157
0.344157
0.344165
0.344165
0.344165
0.344165
0.344178
0.344178
0.344178
0.344178
0.344178
0.344178
0.344178
0.344178
0.344178
0.344178
0.344178
0.344178
0.344192
0.344204
0.344204
0.344207
0.344207
0.344207
0.344226
0.344226
0.344226
0.344226
0.344227
0.344227
0.344235
0.344235
0.344235
0.344235
0.344235
0.344243
0.344243
0.344243
0.344243
0.344243
0.344243
0.344243
0.344243
0.344243
0.344243
0.344243
0.344243
0.344243
0.344243
0.344246
0.344246
0.344246
0.344246
0.344246
0.344246
0.344246
0.344246
0.344246
0.344246
0.344246
0.344246
0.344246
0.344246
0.344254
0.344254
0.344254
0.344254
0.344254
0.344254
0.344259
0.344259
0.344267
0.344267
0.344267
0.344267
0.344267
0.344267
0.344267
0.344267
0.344267
0.344267
0.344267
0.344267
0.344267
0.344267
0.344267
0.344267
0.344267
0.344267
0.344267
0.344267
0.344267
0.344267
0.344267
0.344267
0.344267
0.344267
0.344267
0.344267
0.344267
0.344270
0.344270
0.344270
0.344270
0.344275
0.344275
0.344275
0.344275
0.344277
0.344279
0.344279
0.344279
0.344282
0.344282
0.344282
0.344282
0.344282
0.344282
0.344283
0.344283
0.344283
0.344281
0.344286
0.344286
0.344286
0.344286
0.344286
0.344286
0.344286
0.344286
0.344290
0.344290
0.344295
0.344295
0.344295
0.344295
0.344295
0.344295
0.344295
0.344295
0.344295
0.344295
0.344295
0.344295
0.344303
0.344304
0.344304
0.344304
0.344304
0.344304
0.344304
0.344304
0.344304
0.344304
0.344304
0.344304
0.344304
0.344309
0.344311
0.344311
0.344312
0.344312
0.344312
0.344312
0.344312
0.344335
0.344335
0.344335
0.344335
0.344335
0.344335
0.344335
0.344335
0.344346
0.344346
0.344346
0.344346
0.344346
0.344346
0.344346
0.344346
0.344346
0.344346
0.344355
0.344355
0.344355
0.344355
0.344355
0.344355
0.344355
0.344370
0.344370
0.344372
0.344379
0.344379
0.344379
0.344390
0.344390
0.344391
0.344391
0.344391
0.344391
0.344391
0.344391
0.344423
0.344423
0.344424
0.344436
0.344451
0.344451
0.344451
0.344457
0.344457
0.344468
0.344470
0.344470
0.344470
0.344486
0.344486
0.344486
0.344486
0.344487
0.344487
0.344487
0.344487
0.344487
0.344487
0.344487
0.344487
0.344482
0.344482
0.344482
0.344482
0.344492
0.344492
0.344492
0.344492
0.344492
0.344492
0.344492
0.344492
0.344492
0.344492
0.344492
0.344503
0.344503
0.344503
0.344503
0.344506
0.344509
0.344512
0.344524
0.344524
0.344524
0.344524
0.344524
0.344529
0.344529
0.344529
0.344529
0.344529
0.344529
0.344529
0.344530
0.344530
0.344535
0.344535
0.344535
0.344535
0.344535
0.344535
0.344535
0.344535
0.344535
0.344535
0.344535
0.344535
0.344535
0.344535
0.344591
0.344591
0.344591
0.344591
0.344591
0.344591
0.344591
0.344541
0.344541
0.344541
0.344541
0.344544
0.344540
0.344540
0.344540
0.344550
0.344551
0.344551
0.344551
0.344496
0.344496
0.344506
0.344511
0.344511
0.344511
0.344511
0.344511
0.344514
0.344514
0.344546
0.344546
0.344546
0.344546
0.344546
0.344546
0.344546
0.344558
0.344558
0.344558
0.344558
0.344558
0.344558
0.344631
0.344631
0.344632
0.344632
0.344632
0.344632
0.344632
0.344632
0.344656
0.344656
0.344658
0.344658
0.344661
0.344665
0.344665
0.344665
0.344665
0.344670
0.344670
0.344670
0.344670
0.344670
0.344670
0.344677
0.344677
0.344677
0.344677
0.344677
0.344677
0.344691
0.344691
0.344691
0.344691
0.344691
0.344691
0.344692
0.344692
0.344692
0.344692
0.344692
0.344692
0.344692
0.344692
0.344692
0.344692
0.344695
0.344695
0.344695
0.344695
0.344695
0.344695
0.344695
0.344695
0.344695
0.344695
0.344703
0.344703
0.344703
0.344703
0.344703
0.344711
0.344711
0.344711
0.344711
0.344711
0.344711
0.344711
0.344711
0.344723
0.344723
0.344726
0.344726
0.344763
0.344763
0.344763
0.344763
0.344763
0.344767
0.344767
0.344767
0.344767
0.344767
0.344767
0.344767
0.344767
0.344768
0.344768
0.344768
0.344768
0.344769
0.344775
0.344714
0.344714
0.344717
0.344717
0.344717
0.344717
0.344717
0.344717
0.344718
0.344718
0.344721
0.344754
0.344756
0.344757
0.344757
0.344757
0.344757
0.344757
0.344782
0.344782
0.344797
0.344797
0.344797
0.344800
0.344800
0.344800
0.344800
0.344800
0.344800
0.345060
0.345071
0.345071
0.345071
0.345071
0.345071
0.345079
0.345080
0.345080
0.345080
0.345081
0.345081
0.345083
0.345083
0.345083
0.345084
0.345084
0.345092
0.345092
0.345099
0.345099
0.345099
0.345099
0.345102
0.345102
0.345104
0.345104
0.345104
0.345104
0.345104
0.345104
0.345104
0.345104
0.345104
0.344947
0.345013
0.345031
0.345070
0.345070
0.345077
0.345077
0.345078
0.345078
0.345086
0.345086
0.345086
0.345086
0.345086
0.345088
0.345088
0.345088
0.345088
0.345101
0.345101
0.345102
0.345218
0.345218
0.345219
0.345221
0.345229
0.345229
0.345229
0.345229
0.345229
0.345229
0.345229
0.345229
0.345229
0.345229
0.345229
0.345229
0.345229
0.345229
0.345229
0.345229
0.345229
0.345229
0.345293
0.345293
0.345293
0.345295
0.345295
0.345295
0.345295
0.345295
0.345295
0.345295
0.345295
0.345295
0.345299
0.345301
0.345301
0.345301
0.345301
0.345301
0.345301
0.345301
0.345301
0.345301
0.345301
0.345301
0.345301
0.345301
0.345301
0.345301
0.345301
0.345301
0.345301
0.345301
0.345290
0.345291
0.345291
0.345291
0.345291
0.345291
0.345291
0.345291
0.345291
0.345291
0.345291
0.345301
0.345301
0.345301
0.345301
0.345301
0.345301
0.345301
0.345301
0.345301
0.345301
0.345301
0.345301
0.345308
0.345308
0.345308
0.345308
0.345310
0.345310
0.345310
0.345313
0.345313
0.345313
0.345313
0.345313
0.345313
0.345313
0.345313
0.345318
0.345326
0.345345
0.345345
0.345345
0.345352
0.345352
0.345352
0.345352
0.345352
0.345352
0.345352
0.345352
0.345353
0.345353
0.345355
0.345355
0.345358
0.345358
0.345358
0.345358
0.345374
0.345374
0.345374
0.345374
0.345415
0.345415
0.345422
0.345422
0.345422
0.345422
0.345422
0.345422
0.345422
0.345423
0.345423
0.345424
0.345424
0.345424
0.345424
0.345424
0.345475
0.345475
0.345478
0.345478
0.345481
0.345481
0.345485
0.345485
0.345485
0.345516
0.345516
0.345516
0.345516
0.345516
0.345517
0.345517
0.345517
0.345517
0.345517
0.345522
0.345523
0.345523
0.345523
0.345523
0.345523
0.345523
0.345523
0.345525
0.345525
0.345525
0.345525
0.345525
0.345477
0.345477
0.345477
0.345477
0.345489
0.345489
0.345489
0.345489
0.345489
0.345489
0.345494
0.345494
0.345494
0.345494
0.345468
0.345477
0.345477
0.345488
0.345488
0.345504
0.345505
0.345505
0.345519
0.345519
0.345519
0.345519
0.345520
0.345520
0.345520
0.345520
0.345520
0.345520
0.345520
0.345520
0.345527
0.345534
0.345534
0.345534
0.345540
0.345540
0.345540
0.345540
0.345544
0.345544
0.345544
0.345555
0.345555
0.345560
0.345560
0.345560
0.345567
0.345567
0.345567
0.345567
0.345567
0.345567
0.345567
0.345568
0.345568
0.345568
0.345568
0.345568
0.345580
0.345591
0.345591
0.345591
0.345591
0.345591
0.345591
0.345591
0.345591
0.345591
0.345591
0.345591
0.345591
0.345591
0.345591
0.345591
0.345595
0.345614
0.345614
0.345614
0.345614
0.345616
0.345616
0.345617
0.345619
0.345624
0.345624
0.345626
0.345626
0.345523
0.345523
0.345527
0.345527
0.345527
0.345528
0.345528
0.345533
0.345533
0.345533
0.345533
0.345533
0.345533
0.345513
0.345513
0.345513
0.345513
0.345513
0.345513
0.345513
0.345513
0.345515
0.345515
0.345515
0.345519
0.345519
0.345519
0.345517
0.345518
0.345555
0.345555
0.345566
0.345566
0.345566
0.345566
0.345571
0.345574
0.345581
0.345581
0.345581
0.345593
0.345593
0.345593
0.345593
0.345596
0.345596
0.345597
0.345597
0.345597
0.345597
0.345598
0.345598
0.345598
0.345598
0.345598
0.345598
0.345598
0.345604
0.345604
0.345616
0.345616
0.345618
0.345618
0.345618
0.345618
0.345630
0.345633
0.345538
0.345538
0.345539
0.345539
0.345539
0.345539
0.345539
0.345539
0.345539
0.345539
0.345539
0.345539
0.345539
0.345542
0.345542
0.345542
0.345542
0.345542
0.345542
0.345542
0.345542
0.345542
0.345542
0.345542
0.345543
0.345554
0.345554
0.345554
0.345554
0.345554
0.345554
0.345554
0.345554
0.345554
0.345554
0.345554
0.345554
0.345554
0.345558
0.345636
0.345636
0.345636
0.345636
0.345636
0.345636
0.345636
0.345636
0.345636
0.345636
0.345636
0.345636
0.345636
0.345636
0.345636
0.345640
0.345640
0.345640
0.345640
0.345640
0.345640
0.345640
0.345640
0.345651
0.345651
0.345651
0.345652
0.345652
0.345652
0.345656
0.345656
0.345656
0.345656
0.345656
0.345656
0.345656
0.345656
0.345656
0.345656
0.345656
0.345656
0.345656
0.345656
0.345656
0.345656
0.345663
0.345663
0.345663
0.345663
0.345663
0.345663
0.345663
0.345665
0.345665
0.345665
0.345672
0.345672
0.345673
0.345673
0.345673
0.345673
0.345673
0.345673
0.345673
0.345673
0.345682
0.345682
0.345682
0.345682
0.345682
0.345682
0.345692
0.345692
0.345692
0.345692
0.345692
0.345692
0.345692
0.345694
0.345694
0.345696
0.345698
0.345698
0.345703
0.345703
0.345703
0.345703
0.345800
0.345800
0.345800
0.345800
0.345800
0.345800
0.345800
0.345800
0.345800
0.345808
0.345808
0.345808
0.345816
0.345819
0.345819
0.345819
0.345819
0.345819
0.345819
0.345825
0.345825
0.345825
0.345825
0.345857
0.345864
0.345916
0.345919
0.345919
0.345922
0.345922
0.345928
0.345928
0.345928
0.345928
0.345928
0.345928
0.345928
0.345958
0.345958
0.345958
0.345958
0.345958
0.345958
0.345958
0.345959
0.345959
0.345959
0.345959
0.345968
0.345968
0.345968
0.345990
0.345990
0.345990
0.345998
0.345998
0.345998
0.345998
0.345999
0.345999
0.346001
0.346037
0.346039
0.346039
0.346039
0.346039
0.346044
0.346045
0.346050
0.346053
0.346053
0.346053
0.346053
0.346053
0.346056
0.346075
0.346075
0.346075
0.346075
0.346075
0.346075
0.346094
0.346094
0.346094
0.346097
0.346097
0.346097
0.346097
0.346097
0.346097
0.346097
0.346097
0.346097
0.346097
0.346099
0.346099
0.346099
0.346100
0.345933
0.345933
0.345937
0.345938
0.345938
0.345938
0.346043
0.346043
0.346043
0.346043
0.346030
0.346030
0.346035
0.346035
0.346035
0.346035
0.346035
0.346035
0.346035
0.346035
0.345979
0.345979
0.345979
0.345979
0.345979
0.345979
0.345979
0.345979
0.345979
0.345989
0.345989
0.345989
0.345989
0.345989
0.345989
0.346015
0.346068
0.346068
0.346068
0.346068
0.346068
0.346068
0.346068
0.346068
0.346068
0.346075
0.346076
0.346082
0.346082
0.346082
0.346084
0.346084
0.346088
0.346088
0.346088
0.346088
0.346088
0.346093
0.346093
0.346099
0.346100
0.346110
0.346111
0.346111
0.346111
0.346111
0.346111
0.346111
0.346111
0.346111
0.346113
0.346113
0.346113
0.346113
0.346113
0.346113
0.346113
0.346113
0.346113
0.346113
0.346118
0.346167
0.346167
0.346167
0.346167
0.346167
0.346167
0.346170
0.346171
0.346171
0.346171
0.346171
0.346171
0.346171
0.346171
0.346171
0.346171
0.346171
0.346171
0.346171
0.346171
0.346175
0.346175
0.346175
0.346175
0.346175
0.346175
0.346175
0.346175
0.346175
0.346175
0.346178
0.346178
0.346178
0.346178
0.346178
0.346178
0.346178
0.346178
0.346178
0.346178
0.346178
0.346196
0.346196
0.346196
0.346196
0.346196
0.346214
0.346214
0.346214
0.346214
0.346214
0.346222
0.346222
0.346234
0.346238
0.346168
0.346168
0.346155
0.346155
0.346155
0.346155
0.346155
0.346166
0.346166
0.346166
0.346176
0.346178
0.346178
0.346178
0.346178
0.346178
0.346178
0.346178
0.346178
0.346178
0.346178
0.346178
0.346178
0.346178
0.346178
0.346180
0.346135
0.346121
0.346121
0.346124
0.346124
0.346124
0.346140
0.346140
0.346140
0.346163
0.346163
0.346163
0.346163
0.346163
0.346160
0.346160
0.346160
0.346160
0.346160
0.346165
0.346168
0.346168
0.346153
0.346153
0.346153
0.346153
0.346153
0.346153
0.346153
0.346153
0.346153
0.346153
0.346153
0.346153
0.346153
0.346153
0.346153
0.346153
0.346153
0.346153
0.346153
0.346153
0.346157
0.346157
0.346157
0.346157
0.346158
0.346158
0.346158
0.346161
0.346161
0.346232
0.346232
0.346232
0.346239
0.346244
0.346290
0.346290
0.346290
0.346293
0.346293
0.346293
0.346303
0.346303
0.346303
0.346303
0.346320
0.346321
0.346321
0.346321
0.346321
0.346379
0.346379
0.346379
0.346379
0.346379
0.346381
0.346381
0.346381
0.346381
0.346381
0.346412
0.346551
0.346551
0.346553
0.346554
0.346558
0.346558
0.346558
0.346558
0.346558
0.346558
0.346558
0.346558
0.346566
0.346566
0.346566
0.346571
0.346571
0.346571
0.346575
0.346575
0.346575
0.346575
0.346575
0.346575
0.346575
0.346575
0.346578
0.346578
0.346579
0.346589
0.346589
0.346597
0.346598
0.346598
0.346598
0.346598
0.346598
0.346598
0.346598
0.346598
0.346598
0.346598
0.346604
0.346604
0.346604
0.346604
0.346604
0.346604
0.346604
0.346604
0.346605
0.346605
0.346605
0.346734
0.346735
0.346735
0.346736
0.346736
0.346737
0.346737
0.346740
0.346740
0.346740
0.346740
0.346740
0.346740
0.346734
0.346754
0.346733
0.346739
0.346739
0.346739
0.346743
0.346743
0.346743
0.346743
0.346753
0.346753
0.346753
0.346753
0.346753
0.346753
0.346753
0.346753
0.346753
0.346753
0.346753
0.346753
0.346753
0.346753
0.346753
0.346753
0.346753
0.346753
0.346757
0.346757
0.346757
0.346757
0.346757
0.346757
0.346757
0.346757
0.346757
0.346757
0.346757
0.346757
0.346762
0.346762
0.346762
0.346765
0.346765
0.346765
0.346765
0.346765
0.346765
0.346770
0.346772
0.346772
0.346772
0.346777
0.346777
0.346783
0.346783
0.346783
0.346820
0.346824
0.346824
0.346824
0.346824
0.346826
0.346826
0.346826
0.346826
0.346826
0.346826
0.346826
0.346826
0.346826
0.346826
0.346826
0.346826
0.346827
0.346827
0.346830
0.346831
0.346831
0.346831
0.346833
0.346734
0.346734
0.346734
0.346734
0.346734
0.346734
0.346737
0.346737
0.346738
0.346738
0.346738
0.346739
0.346739
0.346743
0.346743
0.346743
0.346743
0.346743
0.346743
0.346784
0.346790
0.346790
0.346793
0.346794
0.346794
0.346794
0.346794
0.346794
0.346794
0.346794
0.346794
0.346794
0.346794
0.346794
0.346794
0.346794
0.346795
0.346795
0.346795
0.346793
0.346793
0.346793
0.346793
0.346793
0.346793
0.346800
0.346800
0.346800
0.346800
0.346800
0.346800
0.346800
0.346800
0.346800
0.346802
0.346802
0.346802
0.346802
0.346802
0.346802
0.346802
0.346802
0.346802
0.346802
0.346802
0.346802
0.346802
0.346802
0.346802
0.346802
0.346802
0.346802
0.346802
0.346805
0.346839
0.346841
0.346844
0.346844
0.346844
0.346844
0.346851
0.346851
0.346851
0.346851
0.346851
0.346853
0.346856
0.346856
0.347070
0.347070
0.347070
0.347014
0.347015
0.347021
0.347021
0.347021
0.347026
0.347026
0.347026
0.347026
0.347026
0.347026
0.347026
0.347035
0.347035
0.347035
0.347035
0.347035
0.347035
0.347036
0.347036
0.347036
0.347036
0.347036
0.347036
0.347049
0.347052
0.347052
0.347052
0.347052
0.347052
0.347052
0.347055
0.347056
0.347056
0.347065
0.347065
0.347068
0.347075
0.347075
0.347075
0.347075
0.347075
0.347075
0.347075
0.347075
0.347075
0.347075
0.347075
0.347075
0.347075
0.347075
0.347075
0.347075
0.347075
0.347075
0.347075
0.347075
0.347076
0.347076
0.347076
0.347077
0.347143
0.347143
0.347143
0.347143
0.347143
0.347143
0.347143
0.347143
0.347140
0.347088
0.347088
0.347088
0.347088
0.347088
0.347089
0.347089
0.347089
0.347089
0.347089
0.347089
0.347107
0.347107
0.347107
0.347113
0.347113
0.347113
0.347113
0.347113
0.347113
0.347115
0.347116
0.347116
0.347116
0.347116
0.347120
0.347120
0.347124
0.347124
0.347124
0.347124
0.347124
0.347124
0.347124
0.347124
0.347124
0.347125
0.347126
0.347126
0.347126
0.347129
0.347130
0.347130
0.347130
0.347130
0.347139
0.347139
0.347139
0.347070
0.347073
0.347074
0.347074
0.347074
0.347074
0.347077
0.347081
0.347081
0.347085
0.347085
0.347085
0.347085
0.347085
0.347085
0.347085
0.347085
0.347085
0.347098
0.347098
0.347098
0.347098
0.347098
0.347098
0.347099
0.347099
0.347099
0.347104
0.347104
0.347104
0.347104
0.347109
0.347106
0.347106
0.347106
0.347106
0.347106
0.347106
0.347106
0.347106
0.347106
0.347106
0.347106
0.347106
0.347106
0.347106
0.347106
0.347106
0.347106
0.347106
0.347106
0.347106
0.347106
0.347106
0.347174
0.347185
0.347185
0.347185
0.347205
0.347185
0.347233
0.347235
0.347235
0.347235
0.347235
0.347235
0.347235
0.347235
0.347235
0.347252
0.347256
0.347256
0.347269
0.347269
0.347269
0.347271
0.347271
0.347271
0.347271
0.347271
0.347271
0.347271
0.347271
0.347271
0.347271
0.347282
0.347282
0.347282
0.347282
0.347282
0.347282
0.347282
0.347282
0.347282
0.347282
0.347285
0.347285
0.347215
0.347215
0.347215
0.347228
0.347228
0.347228
0.347228
0.347228
0.347228
0.347228
0.347228
0.347217
0.347217
0.347217
0.347217
0.347217
0.347217
0.347217
0.347217
0.347217
0.347218
0.347218
0.347218
0.347218
0.347228
0.347228
0.347228
0.347228
0.347228
0.347228
0.347228
0.347228
0.347228
0.347228
0.347228
0.347228
0.347228
0.347228
0.347228
0.347228
0.347229
0.347229
0.347233
0.347233
0.347233
0.347235
0.347239
0.347239
0.347239
0.347239
0.347239
0.347239
0.347239
0.347249
0.347249
0.347256
0.347256
0.347259
0.347259
0.347259
0.347259
0.347259
0.347259
0.347259
0.347259
0.347259
0.347259
0.347259
0.347259
0.347259
0.347260
0.347260
0.347260
0.347260
0.347260
0.347260
0.347263
0.347263
0.347263
0.347263
0.347261
0.347261
0.347261
0.347261
0.347261
0.347264
0.347264
0.347264
0.347270
0.347270
0.347270
0.347270
0.347270
0.347270
0.347270
0.347270
0.347270
0.347270
0.347270
0.347270
0.347270
0.347270
0.347270
0.347270
0.347270
0.347270
0.347272
0.347272
0.347272
0.347272
0.347272
0.347272
0.347296
0.347296
0.347296
0.347296
0.347296
0.347296
0.347296
0.347306
0.347306
0.347307
0.347307
0.347307
0.347307
0.347307
0.347307
0.347307
0.347307
0.347307
0.347307
0.347307
0.347307
0.347307
0.347307
0.347307
0.347307
0.347307
0.347307
0.347307
0.347309
0.347309
0.347309
0.347312
0.347312
0.347312
0.347312
0.347319
0.347319
0.347319
0.347342
0.347385
0.347385
0.347441
0.347441
0.347442
0.347442
0.347442
0.347442
0.347442
0.347442
0.347445
0.347445
0.347452
0.347452
0.347456
0.347456
0.347456
0.347456
0.347456
0.347456
0.347456
0.347456
0.347482
0.347482
0.347482
0.347482
0.347482
0.347482
0.347482
0.347499
0.347500
0.347500
0.347500
0.347500
0.347500
0.347500
0.347526
0.347526
0.347526
0.347527
0.347527
0.347527
0.347538
0.347540
0.347540
0.347540
0.347540
0.347540
0.347540
0.347549
0.347550
0.347550
0.347550
0.347550
0.347557
0.347557
0.347557
0.347557
0.347585
0.347585
0.347587
0.347605
0.347605
0.347605
0.347605
0.347608
0.347609
0.347609
0.347611
0.347612
0.347605
0.347605
0.347605
0.347605
0.347605
0.347605
0.347605
0.347605
0.347611
0.347598
0.347630
0.347630
0.347630
0.347630
0.347630
0.347630
0.347631
0.347635
0.347635
0.347635
0.347635
0.347635
0.347635
0.347636
0.347636
0.347636
0.347636
0.347636
0.347636
0.347636
0.347636
0.347636
0.347636
0.347636
0.347636
0.347636
0.347639
0.347640
0.347640
0.347640
0.347642
0.347642
0.347645
0.347645
0.347651
0.347651
0.347651
0.347651
0.347652
0.347652
0.347691
0.347691
0.347691
0.347691
0.347691
0.347702
0.347709
0.347709
0.347769
0.347769
0.347769
0.347769
0.347769
0.347769
0.347769
0.347769
0.347773
0.347773
0.347773
0.347773
0.347775
0.347776
0.347776
0.347776
0.347776
0.347776
0.347776
0.347776
0.347776
0.347776
0.347778
0.347785
0.347785
0.347788
0.347795
0.347795
0.347795
0.347795
0.347795
0.347795
0.347802
0.347802
0.347802
0.347803
0.347803
0.347803
0.347805
0.347805
0.347805
0.347805
0.347806
0.347776
0.347776
0.347776
0.347776
0.347782
0.347782
0.347782
0.347782
0.347782
0.347782
0.347782
0.347782
0.347782
0.347782
0.347785
0.347785
0.347785
0.347769
0.347769
0.347769
0.347769
0.347775
0.347775
0.347775
0.347775
0.347775
0.347780
0.347780
0.347785
0.347785
0.347785
0.347785
0.347785
0.347682
0.347682
0.347682
0.347682
0.347682
0.347682
0.347682
0.347682
0.347680
0.347680
0.347680
0.347710
0.347710
0.347711
0.347711
0.347711
0.347711
0.347711
0.347711
0.347711
0.347712
0.347712
0.347712
0.347712
0.347712
0.347712
0.347712
0.347723
0.347723
0.347723
0.347723
0.347723
0.347723
0.347723
0.347744
0.347744
0.347736
0.347736
0.347736
0.347736
0.347736
0.347736
0.347736
0.347736
0.347736
0.347736
0.347736
0.347736
0.347742
0.347742
0.347742
0.347742
0.347746
0.347746
0.347746
0.347746
0.347747
0.347747
0.347747
0.347747
0.347747
0.347747
0.347747
0.347752
0.347752
0.347752
0.347752
0.347752
0.347752
0.347752
0.347752
0.347756
0.347758
0.347758
0.347758
0.347772
0.347772
0.347849
0.347849
0.347849
0.347849
0.347819
0.347819
0.347819
0.347825
0.347825
0.347825
0.347825
0.347825
0.347825
0.347825
0.347827
0.347829
0.347829
0.347827
0.347829
0.347810
0.347810
0.347812
0.347785
0.347786
0.347786
0.347763
0.347763
0.347763
0.347763
0.347763
0.347763
0.347763
0.347763
0.347805
0.347805
0.347807
0.347807
0.347807
0.347810
0.347810
0.347810
0.347810
0.347810
0.347810
0.347810
0.347810
0.347810
0.347810
0.347810
0.347810
0.347812
0.347824
0.347824
0.347824
0.347838
0.347838
0.347830
0.347830
0.347830
0.347830
0.347830
0.347830
0.347830
0.347934
0.347934
0.347935
0.347935
0.347935
0.347935
0.347935
0.347935
0.347935
0.347936
0.347929
0.347862
0.347862
0.347862
0.347862
0.347862
0.347862
0.347862
0.347862
0.347862
0.347862
0.347862
0.347862
0.347862
0.347862
0.347862
0.347862
0.347865
0.347865
0.347865
0.347865
0.347865
0.347865
0.347830
0.347830
0.347832
0.347832
0.347840
0.347840
0.347905
0.347905
0.347905
0.347905
0.347905
0.347905
0.347905
0.347905
0.347905
0.347870
0.347871
0.347871
0.347871
0.347879
0.347879
0.347879
0.347879
0.347880
0.347880
0.347880
0.347847
0.347847
0.347847
0.347847
0.347847
0.347847
0.347847
0.347847
0.347850
0.347810
0.347824
0.347824
0.347824
0.347824
0.347824
0.347824
0.347825
0.347826
0.347829
0.347833
0.347833
0.347833
0.347833
0.347833
0.347833
0.347833
0.347833
0.347833
0.347832
0.347835
0.347835
0.347835
0.347837
0.347834
0.347834
0.347834
0.347872
0.347872
0.347877
0.347877
0.347906
0.347906
0.347907
0.347907
0.347907
0.347907
0.347907
0.347907
0.347910
0.347910
0.347915
0.347915
0.347915
0.347915
0.347931
0.347931
0.347931
0.347931
0.347931
0.347931
0.347931
0.347931
0.347931
0.347931
0.347931
0.347931
0.347931
0.347912
0.347912
0.347912
0.347912
0.347915
0.347917
0.347917
0.347917
0.347921
0.347926
0.347966
0.347964
0.347880
0.347880
0.347880
0.347880
0.347882
0.347882
0.347882
0.347882
0.347882
0.347882
0.347882
0.347882
0.347892
0.347892
0.347892
0.347892
0.347909
0.347909
0.347909
0.347909
0.347915
0.347915
0.347915
0.347915
0.347915
0.347915
0.348001
0.348022
0.348022
0.348022
0.348027
0.348027
0.348027
0.348027
0.348027
0.348027
0.348030
0.348027
0.348027
0.348027
0.348027
0.348027
0.348031
0.348031
0.348032
0.348032
0.348032
0.348033
0.348033
0.348033
0.348036
0.348036
0.348036
0.348036
0.348036
0.348038
0.348038
0.348038
0.348038
0.348042
0.348042
0.348042
0.348042
0.348042
0.348042
0.348040
0.348040
0.348083
0.348083
0.348083
0.348083
0.348083
0.348083
0.348083
0.348088
0.348088
0.348088
0.348088
0.348088
0.348088
0.348088
0.348104
0.348104
0.348104
0.348104
0.348104
0.348104
0.348107
0.348110
0.348122
0.348144
0.348144
0.348144
0.348144
0.348144
0.348144
0.348144
0.348144
0.348144
0.348105
0.348105
0.348105
0.348107
0.348107
0.348159
0.348161
0.348161
0.348161
0.348161
0.348167
0.348167
0.348167
0.348167
0.348167
0.348167
0.348167
0.348167
0.348169
0.348169
0.348169
0.348169
0.348169
0.348169
0.348169
0.348169
0.348173
0.348173
0.348173
0.348173
0.348173
0.348173
0.348173
0.348256
0.348257
0.348257
0.348257
0.348264
0.348264
0.348264
0.348264
0.348265
0.348265
0.348265
0.348265
0.348265
0.348265
0.348265
0.348275
0.348275
0.348275
0.348275
0.348275
0.348275
0.348275
0.348286
0.348289
0.348289
0.348289
0.348289
0.348289
0.348289
0.348289
0.348289
0.348289
0.348289
0.348289
0.348289
0.348289
0.348289
0.348079
0.348079
0.348082
0.348082
0.348082
0.348082
0.348082
0.348082
0.348082
0.348082
0.348082
0.348082
0.348083
0.348083
0.348083
0.348083
0.348083
0.348083
0.348083
0.348083
0.348083
0.348083
0.348083
0.348083
0.348083
0.348055
0.348055
0.348055
0.348055
0.348055
0.348055
0.348055
0.348055
0.348057
0.348057
0.348058
0.348058
0.348067
0.348067
0.348067
0.348067
0.348067
0.348067
0.348067
0.348068
0.348068
0.348062
0.348062
0.348062
0.348064
0.348064
0.348064
0.348064
0.348064
0.348064
0.348064
0.348067
0.348067
0.348067
0.348070
0.348076
0.348089
0.348090
0.348090
0.348090
0.348090
0.348090
0.348090
0.348090
0.348094
0.348094
0.348096
0.348096
0.348099
0.348099
0.348099
0.348099
0.348099
0.348101
0.348101
0.348101
0.348101
0.348101
0.348101
0.348098
0.348118
0.348139
0.348139
0.348139
0.348141
0.348141
0.348141
0.348141
0.348141
0.348141
0.348141
0.348142
0.348187
0.348191
0.348191
0.348191
0.348191
0.348191
0.348191
0.348191
0.348191
0.348191
0.348203
0.348203
0.348205
0.348205
0.348205
0.348205
0.348205
0.348205
0.348205
0.348205
0.348205
0.348205
0.348205
0.348205
0.348205
0.348239
0.348239
0.348239
0.348239
0.348239
0.348239
0.348239
0.348239
0.348245
0.348249
0.348249
0.348249
0.348249
0.348249
0.348249
0.348249
0.348267
0.348267
0.348267
0.348267
0.348445
0.348445
0.348445
0.348447
0.348447
0.348449
0.348445
0.348445
0.348445
0.348448
0.348448
0.348457
0.348457
0.348457
0.348457
0.348457
0.348457
0.348418
0.348418
0.348422
0.348422
0.348422
0.348422
0.348422
0.348422
0.348422
0.348422
0.348422
0.348422
0.348422
0.348422
0.348453
0.348454
0.348456
0.348456
0.348456
0.348456
0.348472
0.348472
0.348472
0.348472
0.348472
0.348472
0.348472
0.348472
0.348478
0.348478
0.348478
0.348478
0.348478
0.348479
0.348482
0.348486
0.348498
0.348498
0.348498
0.348499
0.348499
0.348499
0.348505
0.348515
0.348518
0.348526
0.348526
0.348526
0.348526
0.348526
0.348526
0.348521
0.348521
0.348521
0.348521
0.348471
0.348471
0.348471
0.348445
0.348445
0.348446
0.348446
0.348446
0.348446
0.348446
0.348446
0.348446
0.348446
0.348446
0.348446
0.348446
0.348446
0.348446
0.348446
0.348446
0.348446
0.348447
0.348447
0.348447
0.348448
0.348453
0.348454
0.348454
0.348452
0.348452
0.348452
0.348452
0.348452
0.348456
0.348456
0.348460
0.348460
0.348460
0.348466
0.348466
0.348474
0.348474
0.348474
0.348474
0.348474
0.348474
0.348474
0.348474
0.348474
0.348474
0.348474
0.348474
0.348497
0.348497
0.348497
0.348502
0.348507
0.348507
0.348552
0.348544
0.348544
0.348546
0.348552
0.348552
0.348552
0.348552
0.348552
0.348552
0.348552
0.348552
0.348552
0.348557
0.348550
0.348550
0.348550
0.348550
0.348550
0.348550
0.348550
0.348550
0.348558
0.348558
0.348558
0.348558
0.348558
0.348558
0.348559
0.348559
0.348567
0.348559
0.348559
0.348559
0.348559
0.348563
0.348563
0.348563
0.348572
0.348572
0.348572
0.348572
0.348583
0.348583
0.348585
0.348585
0.348591
0.348591
0.348591
0.348591
0.348591
0.348584
0.348584
0.348584
0.348584
0.348584
0.348584
0.348584
0.348584
0.348584
0.348584
0.348584
0.348584
0.348555
0.348555
0.348555
0.348555
0.348555
0.348555
0.348555
0.348555
0.348555
0.348555
0.348566
0.348566
0.348566
0.348566
0.348566
0.348566
0.348566
0.348566
0.348566
0.348566
0.348566
0.348566
0.348566
0.348572
0.348572
0.348572
0.348574
0.348574
0.348574
0.348577
0.348577
0.348579
0.348579
0.348579
0.348579
0.348579
0.348579
0.348558
0.348558
0.348558
0.348560
0.348560
0.348560
0.348560
0.348560
0.348560
0.348560
0.348565
0.348565
0.348567
0.348583
0.348492
0.348497
0.348497
0.348497
0.348497
0.348497
0.348497
0.348497
0.348497
0.348497
0.348497
0.348497
0.348497
0.348497
0.348497
0.348498
0.348498
0.348498
0.348498
0.348498
0.348498
0.348498
0.348498
0.348498
0.348498
0.348498
0.348498
0.348507
0.348507
0.348507
0.348507
0.348518
0.348519
0.348519
0.348519
0.348519
0.348525
0.348525
0.348514
0.348514
0.348514
0.348538
0.348538
0.348538
0.348538
0.348538
0.348538
0.348538
0.348538
0.348544
0.348544
0.348544
0.348544
0.348544
0.348505
0.348506
0.348506
0.348506
0.348506
0.348556
0.348558
0.348558
0.348558
0.348558
0.348558
0.348558
0.348558
0.348558
0.348558
0.348558
0.348558
0.348562
0.348569
0.348569
0.348572
0.348572
0.348572
0.348577
0.348577
0.348577
0.348577
0.348577
0.348581
0.348581
0.348581
0.348581
0.348581
0.348581
0.348581
0.348581
0.348587
0.348587
0.348587
0.348593
0.348593
0.348593
0.348593
0.348593
0.348593
0.348593
0.348591
0.348592
0.348599
0.348603
0.348603
0.348603
0.348604
0.348604
0.348604
0.348604
0.348604
0.348604
0.348604
0.348604
0.348604
0.348607
0.348607
0.348607
0.348607
0.348607
0.348607
0.348607
0.348607
0.348607
0.348607
0.348607
0.348607
0.348607
0.348607
0.348612
0.348612
0.348617
0.348617
0.348617
0.348617
0.348617
0.348617
0.348617
0.348617
0.348617
0.348617
0.348617
0.348617
0.348617
0.348617
0.348617
0.348617
0.348617
0.348628
0.348633
0.348633
0.348633
0.348633
0.348633
0.348644
0.348644
0.348650
0.348650
0.348650
0.348650
0.348650
0.348650
0.348650
0.348650
0.348650
0.348650
0.348650
0.348650
0.348650
0.348653
0.348653
0.348653
0.348653
0.348653
0.348653
0.348653
0.348653
0.348653
0.348656
0.348657
0.348657
0.348657
0.348657
0.348657
0.348669
0.348669
0.348668
0.348668
0.348668
0.348668
0.348668
0.348655
0.348697
0.348701
0.348701
0.348701
0.348701
0.348701
0.348701
0.348701
0.348701
0.348701
0.348704
0.348704
0.348704
0.348704
0.348704
0.348704
0.348709
0.348711
0.348711
0.348740
0.348916
0.348911
0.348911
0.348913
0.348913
0.348913
0.348913
0.348913
0.348913
0.348913
0.348913
0.348913
0.348913
0.348913
0.348913
0.348913
0.348916
0.348916
0.348916
0.348916
0.348916
0.348916
0.348918
0.348918
0.348922
0.348922
0.348922
0.348922
0.348922
0.348922
0.348922
0.348922
0.348922
0.348922
0.348922
0.348922
0.348922
0.348922
0.348922
0.348922
0.348922
0.348892
0.348892
0.348892
0.348892
0.348892
0.348892
0.348892
0.348892
0.348892
0.348935
0.348935
0.348935
0.348935
0.348935
0.348935
0.348935
0.348935
0.348935
0.348935
0.348935
0.348935
0.348935
0.348935
0.348948
0.348949
0.348949
0.348949
0.348949
0.348949
0.348949
0.348949
0.348949
0.348949
0.348949
0.348949
0.348949
0.348949
0.348949
0.348955
0.348955
0.348956
0.348956
0.348956
0.348956
0.348956
0.348956
0.348956
0.348956
0.348956
0.348956
0.348959
0.348959
0.348961
0.348961
0.348961
0.348961
0.348961
0.348961
0.348961
0.348961
0.348961
0.348961
0.348965
0.348978
0.348978
0.348978
0.348978
0.348978
0.348978
0.348978
0.348978
0.348978
0.348978
0.348978
0.348978
0.348995
0.348996
0.348996
0.348996
0.348996
0.348996
0.348996
0.348996
0.348996
0.348996
0.348996
0.348998
0.348998
0.348998
0.348998
0.348998
0.348998
0.348998
0.348998
0.348998
0.348998
0.349071
0.349072
0.349072
0.349072
0.349072
0.349072
0.349072
0.349072
0.349072
0.349072
0.349072
0.349072
0.349072
0.349072
0.349072
0.349072
0.349072
0.349073
0.349073
0.349073
0.349073
0.349073
0.349073
0.349082
0.349088
0.349088
0.349088
0.349099
0.349100
0.349100
0.349100
0.349104
0.349104
0.349104
0.349104
0.349104
0.349104
0.349104
0.349104
0.349104
0.349104
0.349104
0.349104
0.349104
0.349091
0.349091
0.349091
0.349091
0.349091
0.349091
0.349091
0.349091
0.349091
0.349091
0.349091
0.349094
0.349094
0.349094
0.349096
0.349096
0.349097
0.349097
0.349097
0.349097
0.349112
0.349112
0.349112
0.349112
0.349112
0.349112
0.349112
0.349112
0.349112
0.349112
0.349112
0.349117
0.349113
0.349113
0.349113
0.349118
0.349126
0.349126
0.349126
0.349122
0.349116
0.349116
0.349116
0.349116
0.349116
0.349116
0.349116
0.349116
0.349120
0.349120
0.349120
0.349123
0.349123
0.349135
0.349135
0.349135
0.349135
0.349135
0.349140
0.349140
0.349140
0.349140
0.349140
0.349140
0.349140
0.349140
0.349141
0.349141
0.349141
0.349141
0.349141
0.349141
0.349141
0.349141
0.349145
0.349145
0.349118
0.349118
0.349118
0.349118
0.349123
0.349125
0.349125
0.349134
0.349134
0.349134
0.349138
0.349144
0.349144
0.349144
0.349144
0.349144
0.349177
0.349177
0.349177
0.349177
0.349177
0.349177
0.349177
0.349177
0.349177
0.349177
0.349177
0.349177
0.349177
0.349177
0.349178
0.349178
0.349149
0.349149
0.349149
0.349149
0.349161
0.349161
0.349161
0.349161
0.349161
0.349161
0.349161
0.349161
0.349161
0.349163
0.349163
0.349163
0.349163
0.349166
0.349166
0.349166
0.349174
0.349174
0.349174
0.349174
0.349179
0.349179
0.349179
0.349179
0.349179
0.349179
0.349179
0.349179
0.349179
0.349179
0.349179
0.349179
0.349203
0.349203
0.349202
0.349202
0.349202
0.349202
0.349202
0.349213
0.349213
0.349213
0.349213
0.349213
0.349213
0.349214
0.349214
0.349214
0.349214
0.349214
0.349216
0.349216
0.349216
0.349216
0.349217
0.349222
0.349225
0.349226
0.349226
0.349226
0.349237
0.349237
0.349238
0.349238
0.349238
0.349238
0.349238
0.349238
0.349238
0.349238
0.348974
0.348974
0.348807
0.348807
0.348810
0.348810
0.348810
0.348810
0.348810
0.348810
0.348810
0.348810
0.348810
0.348810
0.348810
0.348810
0.348810
0.348810
0.348810
0.348810
0.348810
0.348810
0.348810
0.348810
0.348810
0.348810
0.348810
0.348812
0.348812
0.348812
0.348812
0.348813
0.348813
0.348813
0.348814
0.348818
0.348818
0.348818
0.348818
0.348818
0.348818
0.348818
0.348818
0.348818
0.348818
0.348818
0.348818
0.348818
0.348818
0.348818
0.348818
0.348741
0.348741
0.348741
0.348741
0.348741
0.348741
0.348741
0.348743
0.348743
0.348743
0.348759
0.348770
0.348770
0.348808
0.348808
0.348808
0.348808
0.348808
0.348808
0.348808
0.348808
0.348808
0.348809
0.348809
0.348809
0.348809
0.348809
0.348809
0.348810
0.348810
0.348810
0.348810
0.348810
0.348810
0.348810
0.348810
0.348810
0.348830
0.348830
0.348860
0.348860
0.348860
0.348860
0.348860
0.348860
0.348860
0.348862
0.348862
0.348864
0.348864
0.348864
0.348864
0.348864
0.348864
0.348864
0.348871
0.348871
0.348871
0.348871
0.348871
0.348871
0.348871
0.348871
0.348871
0.348871
0.348872
0.348872
0.348874
0.348874
0.348874
0.348874
0.348874
0.348874
0.348874
0.348874
0.348875
0.348875
0.348875
0.348875
0.348875
0.348875
0.348875
0.348879
0.348879
0.348879
0.348879
0.348886
0.348886
0.348886
0.348887
0.348887
0.348887
0.348887
0.348887
0.348894
0.348889
0.348889
0.348889
0.348890
0.348927
0.348927
0.348930
0.348930
0.348930
0.348930
0.348948
0.348948
0.348948
0.348948
0.348948
0.348948
0.348948
0.348948
0.348952
0.349030
0.349030
0.349030
0.349034
0.349034
0.349034
0.349034
0.349034
0.349043
0.349043
0.349043
0.349058
0.349058
0.349058
0.349058
0.349058
0.349061
0.349061
0.349050
0.348911
0.348911
0.348911
0.348911
0.348918
0.348923
0.348923
0.348923
0.348923
0.348923
0.348946
0.348947
0.348947
0.348947
0.348947
0.348947
0.348947
0.348947
0.348947
0.348947
0.348947
0.348990
0.348992
0.348992
0.348993
0.348993
0.348993
0.349001
0.349001
0.349001
0.349001
0.348999
0.348999
0.348999
0.348999
0.349007
0.349007
0.349007
0.349007
0.349007
0.349007
0.349007
0.349010
0.349023
0.349023
0.349023
0.349023
0.349023
0.349023
0.349023
0.349023
0.349023
0.349023
0.349023
0.349026
0.349023
0.349023
0.349038
0.349038
0.349038
0.349038
0.349038
0.349038
0.349038
0.349034
0.349034
0.349038
0.349038
0.349038
0.349038
0.349038
0.349038
0.349038
0.349038
0.349038
0.349038
0.349046
0.349046
0.349046
0.349046
0.349051
0.349051
0.349056
0.349056
0.349056
0.349056
0.349056
0.349056
0.349056
0.349062
0.349062
0.349062
0.349062
0.349059
0.349059
0.349059
0.349059
0.349072
0.348951
0.348951
0.348951
0.348951
0.348954
0.348954
0.348954
0.348954
0.348954
0.348954
0.348954
0.348954
0.348955
0.348957
0.348957
0.348957
0.348957
0.348952
0.348952
0.348952
0.348960
0.348872
0.348875
0.348875
0.348875
0.348875
0.348877
0.348867
0.348867
0.348867
0.348867
0.348941
0.348941
0.348941
0.348941
0.348941
0.348941
0.348941
0.348957
0.348957
0.348957
0.348957
0.348957
0.348957
0.349066
0.349066
0.349066
0.349067
0.349067
0.349067
0.349171
0.349171
0.349176
0.349176
0.349178
0.349178
0.349150
0.349150
0.349150
0.349150
0.349146
0.349146
0.349169
0.349169
0.349169
0.349169
0.349169
0.349170
0.349170
0.349170
0.349170
0.349170
0.349183
0.349183
0.349183
0.349183
0.349185
0.349185
0.349185
0.349194
0.349194
0.349194
0.349194
0.349217
0.349217
0.349217
0.349217
0.349217
0.349217
0.349217
0.349265
0.349265
0.349265
0.349265
0.349265
0.349265
0.349265
0.349265
0.349265
0.349265
0.349265
0.349265
0.349265
0.349265
0.349265
0.349278
0.349283
0.349283
0.349283
0.349283
0.349283
0.349287
0.349287
0.349287
0.349287
0.349287
0.349287
0.349287
0.349287
0.349287
0.349287
0.349287
0.349287
0.349287
0.349287
0.349287
0.349287
0.349287
0.349287
0.349287
0.349287
0.349287
0.349298
0.349298
0.349298
0.349298
0.349298
0.349298
0.349298
0.349206
0.349206
0.349288
0.349292
0.349292
0.349292
0.349292
0.349302
0.349302
0.349302
0.349302
0.349302
0.349302
0.349302
0.349304
0.349304
0.349304
0.349304
0.349304
0.349304
0.349304
0.349304
0.349304
0.349304
0.349304
0.349193
0.349193
0.349193
0.349193
0.349193
0.349193
0.349193
0.349193
0.349193
0.349193
0.349193
0.349193
0.349193
0.349235
0.349238
0.349238
0.349238
0.349235
0.349235
0.349235
0.349235
0.349235
0.349240
0.349240
0.349240
0.349240
0.349250
0.349250
0.349245
0.349245
0.349245
0.349245
0.349245
0.349245
0.349245
0.349245
0.349250
0.349250
0.349250
0.349250
0.349250
0.349250
0.349250
0.349250
0.349253
0.349253
0.349253
0.349253
0.349253
0.349253
0.349253
0.349253
0.349256
0.349256
0.349256
0.349256
0.349256
0.349256
0.349256
0.349256
0.349291
0.349291
0.349310
0.349310
0.349341
0.349341
0.349341
0.349341
0.349341
0.349341
0.349341
0.349341
0.349343
0.349343
0.349343
0.349343
0.349348
0.349348
0.349348
0.349348
0.349348
0.349348
0.349348
0.349348
0.349348
0.349348
0.349348
0.349348
0.349348
0.349348
0.349348
0.349348
0.349348
0.349348
0.349348
0.349349
0.349349
0.349350
0.349350
0.349350
0.349350
0.349350
0.349362
0.349362
0.349362
0.349371
0.349371
0.349371
0.349371
0.349371
0.349399
0.349399
0.349399
0.349406
0.349414
0.349414
0.349414
0.349414
0.349414
0.349425
0.349425
0.349425
0.349424
0.349424
0.349424
0.349424
0.349424
0.349424
0.349424
0.349429
0.349429
0.349429
0.349429
0.349429
0.349442
0.349442
0.349442
0.349442
0.349442
0.349446
0.349446
0.349446
0.349446
0.349446
0.349446
0.349446
0.349446
0.349446
0.349446
0.349446
0.349446
0.349446
0.349446
0.349441
0.349441
0.349443
0.349443
0.349447
0.349447
0.349447
0.349447
0.349453
0.349453
0.349453
0.349453
0.349453
0.349455
0.349455
0.349455
0.349455
0.349455
0.349471
0.349471
0.349471
0.349471
0.349471
0.349471
0.349471
0.349471
0.349476
0.349476
0.349484
0.349484
0.349484
0.349484
0.349488
0.349504
0.349504
0.349504
0.349504
0.349504
0.349504
0.349504
0.349504
0.349504
0.349504
0.349504
0.349504
0.349504
0.349504
0.349504
0.349504
0.349504
0.349504
0.349503
0.349500
0.349500
0.349500
0.349500
0.349500
0.349500
0.349500
0.349500
0.349500
0.349500
0.349503
0.349503
0.349503
0.349503
0.349503
0.349503
0.349503
0.349503
0.349503
0.349504
0.349504
0.349504
0.349506
0.349506
0.349506
0.349508
0.349508
0.349510
0.349509
0.349518
0.349518
0.349520
0.349520
0.349520
0.349520
0.349524
0.349524
0.349524
0.349524
0.349524
0.349524
0.349533
0.349533
0.349533
0.349555
0.349558
0.349558
0.349558
0.349558
0.349558
0.349558
0.349558
0.349558
0.349558
0.349554
0.349554
0.349554
0.349554
0.349554
0.349554
0.349554
0.349554
0.349556
0.349556
0.349556
0.349559
0.349559
0.349559
0.349559
0.349559
0.349559
0.349582
0.349582
0.349582
0.349583
0.349583
0.349583
0.349624
0.349624
0.349626
0.349626
0.349626
0.349626
0.349629
0.349629
0.349629
0.349649
0.349628
0.349628
0.349628
0.349628
0.349628
0.349628
0.349628
0.349628
0.349628
0.349628
0.349628
0.349628
0.349628
0.349638
0.349638
0.349638
0.349638
0.349638
0.349638
0.349638
0.349638
0.349638
0.349638
0.349638
0.349639
0.349639
0.349639
0.349639
0.349639
0.349639
0.349639
0.349639
0.349639
0.349639
0.349671
0.349672
0.349676
0.349676
0.349676
0.349676
0.349676
0.349676
0.349676
0.349676
0.349679
0.349679
0.349679
0.349679
0.349679
0.349679
0.349679
0.349679
0.349679
0.349679
0.349679
0.349679
0.349679
0.349680
0.349680
0.349680
0.349679
0.349679
0.349679
0.349679
0.349679
0.349679
0.349679
0.349679
0.349679
0.349679
0.349679
0.349679
0.349679
0.349679
0.349668
0.349668
0.349668
0.349668
0.349671
0.349671
0.349671
0.349671
0.349671
0.349671
0.349671
0.349671
0.349671
0.349671
0.349671
0.349690
0.349691
0.349697
0.349642
0.349642
0.349645
0.349645
0.349645
0.349645
0.349645
0.349645
0.349645
0.349645
0.349645
0.349645
0.349646
0.349646
0.349646
0.349646
0.349646
0.349646
0.349646
0.349646
0.349646
0.349646
0.349647
0.349647
0.349647
0.349647
0.349647
0.349647
0.349647
0.349647
0.349647
0.349648
0.349648
0.349648
0.349648
0.349652
0.349652
0.349655
0.349655
0.349655
0.349655
0.349655
0.349660
0.349660
0.349660
0.349660
0.349660
0.349666
0.349666
0.349651
0.349651
0.349651
0.349651
0.349651
0.349651
0.349651
0.349651
0.349651
0.349651
0.349604
0.349604
0.349604
0.349604
0.349604
0.349605
0.349605
0.349605
0.349605
0.349605
0.349605
0.349605
0.349605
0.349605
0.349605
0.349605
0.349605
0.349605
0.349605
0.349605
0.349609
0.349613
0.349613
0.349613
0.349625
0.349625
0.349625
0.349625
0.349625
0.349626
0.349626
0.349645
0.349646
0.349646
0.349654
0.349654
0.349654
0.349654
0.349654
0.349654
0.349654
0.349655
0.349655
0.349655
0.349663
0.349663
0.349661
0.349661
0.349662
0.349662
0.349662
0.349662
0.349662
0.349662
0.349662
0.349662
0.349662
0.349662
0.349662
0.349662
0.349662
0.349662
0.349662
0.349670
0.349670
0.349670
0.349670
0.349670
0.349670
0.349677
0.349683
0.349683
0.349683
0.349687
0.349687
0.349687
0.349687
0.349687
0.349690
0.349690
0.349674
0.349674
0.349674
0.349674
0.349674
0.349699
0.349699
0.349699
0.349699
0.349699
0.349699
0.349699
0.349699
0.349699
0.349702
0.349702
0.349706
0.349706
0.349706
0.349706
0.349706
0.349706
0.349706
0.349709
0.349709
0.349709
0.349709
0.349709
0.349709
0.349709
0.349709
0.349709
0.349709
0.349712
0.349712
0.349712
0.349712
0.349712
0.349712
0.349712
0.349712
0.349712
0.349712
0.349717
0.349717
0.349717
0.349717
0.349681
0.349681
0.349696
0.349696
0.349696
0.349696
0.349696
0.349696
0.349696
0.349696
0.349696
0.349696
0.349696
0.349696
0.349696
0.349696
0.349696
0.349696
0.349699
0.349699
0.349699
0.349718
0.349718
0.349718
0.349718
0.349718
0.349718
0.349718
0.349744
0.349744
0.349744
0.349744
0.349746
0.349746
0.349746
0.349746
0.349746
0.349746
0.349746
0.349746
0.349746
0.349746
0.349746
0.349746
0.349746
0.349761
0.349763
0.349763
0.349763
0.349698
0.349698
0.349698
0.349698
0.349698
0.349698
0.349698
0.349698
0.349698
0.349698
0.349698
0.349698
0.349703
0.349703
0.349703
0.349703
0.349703
0.349703
0.349703
0.349703
0.349703
0.349703
0.349703
0.349703
0.349703
0.349703
0.349709
0.349709
0.349709
0.349709
0.349709
0.349709
0.349709
0.349709
0.349709
0.349709
0.349709
0.349677
0.349682
0.349682
0.349682
0.349682
0.349682
0.349682
0.349734
0.349734
0.349734
0.349734
0.349734
0.349717
0.349734
0.349734
0.349734
0.349735
0.349735
0.349735
0.349736
0.349737
0.349737
0.349737
0.349737
0.349737
0.349737
0.349737
0.349739
0.349739
0.349739
0.349739
0.349739
0.349739
0.349739
0.349741
0.349741
0.349741
0.349741
0.349741
0.349741
0.349741
0.349741
0.349745
0.349745
0.349745
0.349745
0.349745
0.349745
0.349745
0.349763
0.349762
0.349816
0.349816
0.349817
0.349817
0.349817
0.349817
0.349817
0.349817
0.349817
0.349823
0.349823
0.349823
0.349823
0.349823
0.349882
0.349882
0.349882
0.349882
0.349885
0.349885
0.349885
0.349885
0.349885
0.349885
0.349885
0.349885
0.349885
0.349885
0.349885
0.349885
0.349885
0.349885
0.349885
0.349885
0.349885
0.349881
0.349884
0.349884
0.349885
0.349885
0.349885
0.349885
0.349890
0.349890
0.349890
0.349890
0.349890
0.349890
0.349890
0.349890
0.349890
0.349891
0.349891
0.349891
0.349891
0.349891
0.349891
0.349892
0.349892
0.349892
0.349892
0.349914
0.349914
0.349914
0.349911
0.349911
0.349913
0.349913
0.349913
0.349913
0.349913
0.349913
0.349913
0.349913
0.349913
0.349913
0.349913
0.349976
0.349994
0.349994
0.349994
0.350007
0.350007
0.350007
0.350007
0.350008
0.350008
0.350008
0.350008
0.350008
0.350008
0.350008
0.350011
0.350011
0.350051
0.350051
0.350051
0.350051
0.350051
0.350051
0.350051
0.350051
0.350051
0.350051
0.350051
0.350051
0.350051
0.350051
0.350051
0.350051
0.350051
0.350101
0.350118
0.350118
0.350118
0.350118
0.350121
0.350121
0.350121
0.350121
0.350121
0.350121
0.350121
0.350124
0.350126
0.350127
0.350127
0.350130
0.350130
0.350130
0.350130
0.350130
0.350130
0.350130
0.350132
0.350132
0.350133
0.350133
0.350133
0.350138
0.350138
0.350138
0.350136
0.350136
0.350136
0.350136
0.350136
0.350136
0.350136
0.350136
0.350136
0.350136
0.350136
0.350136
0.350136
0.350136
0.350136
0.350144
0.350144
0.350144
0.350144
0.350144
0.350252
0.350252
0.350252
0.350252
0.350252
0.350256
0.350256
0.350256
0.350256
0.350263
0.350263
0.350263
0.350263
0.350263
0.350263
0.350263
0.350263
0.350263
0.350263
0.350263
0.350264
0.350264
0.350264
0.350301
0.350303
0.350303
0.350303
0.350303
0.350303
0.350305
0.350303
0.350303
0.350303
0.350303
0.350303
0.350304
0.350304
0.350304
0.350304
0.350304
0.350304
0.350313
0.350385
0.350385
0.350385
0.350385
0.350385
0.350385
0.350385
0.350396
0.350396
0.350396
0.350396
0.350396
0.350396
0.350396
0.350399
0.350399
0.350399
0.350399
0.350348
0.350348
0.350348
0.350349
0.350349
0.350349
0.350349
0.350349
0.350349
0.350349
0.350344
0.350344
0.350344
0.350344
0.350352
0.350352
0.350386
0.350386
0.350386
0.350386
0.350386
0.350386
0.350386
0.350386
0.350386
0.350386
0.350312
0.350312
0.350312
0.350312
0.350312
0.350312
0.350312
0.350312
0.350312
0.350312
0.350312
0.350320
0.350320
0.350333
0.350333
0.350333
0.350333
0.350333
0.350333
0.350333
0.350333
0.350333
0.350333
0.350333
0.350333
0.350333
0.350333
0.350334
0.350334
0.350334
0.350334
0.350334
0.350334
0.350334
0.350334
0.350334
0.350334
0.350334
0.350334
0.350334
0.350334
0.350318
0.350295
0.350295
0.350299
0.350299
0.350299
0.350299
0.350299
0.350299
0.350299
0.350301
0.350301
0.350304
0.350304
0.350304
0.350304
0.350304
0.350304
0.350304
0.350304
0.350304
0.350304
0.350304
0.350304
0.350304
0.350304
0.350304
0.350304
0.350305
0.350305
0.350305
0.350305
0.350305
0.350305
0.350307
0.350307
0.350307
0.350307
0.350307
0.350307
0.350307
0.350307
0.350307
0.350436
0.350442
0.350442
0.350442
0.350446
0.350516
0.350523
0.350523
0.350523
0.350523
0.350523
0.350523
0.350536
0.350536
0.350536
0.350536
0.350536
0.350536
0.350536
0.350536
0.350536
0.350531
0.350531
0.350531
0.350531
0.350531
0.350498
0.350498
0.350498
0.350498
0.350498
0.350498
0.350498
0.350506
0.350506
0.350506
0.350506
0.350506
0.350506
0.350506
0.350506
0.350506
0.350510
0.350510
0.350510
0.350510
0.350510
0.350511
0.350511
0.350511
0.350511
0.350511
0.350511
0.350511
0.350511
0.350511
0.350514
0.350514
0.350514
0.350514
0.350514
0.350518
0.350518
0.350518
0.350518
0.350518
