-0.136479
-0.129584
-0.124873
-0.122194
-0.118441
-0.112620
-0.107867
-0.107059
-0.103976
-0.103809
-0.102926
-0.099080
-0.091614
-0.090968
-0.089932
-0.087789
-0.084087
-0.083579
-0.083264
-0.077558
-0.077074
-0.074980
-0.074767
-0.069734
-0.070204
-0.068671
-0.068505
-0.063926
-0.061597
-0.065582
-0.064332
-0.057946
-0.054533
-0.054542
-0.053967
-0.057190
-0.052494
-0.052545
-0.049894
-0.047627
-0.046874
-0.046404
-0.045718
-0.045080
-0.045192
-0.043569
-0.041109
-0.039383
-0.038937
-0.037914
-0.040462
-0.034568
-0.035477
-0.035766
-0.032910
-0.030969
-0.032101
-0.032441
-0.029962
-0.027726
-0.026607
-0.026867
-0.023198
-0.022389
-0.022394
-0.024275
-0.025563
-0.019660
-0.024733
-0.016282
-0.015001
-0.014850
-0.016538
-0.006318
-0.010172
-0.009816
-0.012163
-0.009102
-0.009445
-0.010553
-0.006855
-0.003819
-0.006476
-0.007793
-0.002776
-0.001106
-0.007168
-0.005559
-0.005015
-0.003198
0.000703
0.004275
0.006179
0.005703
0.006864
0.010508
0.007334
0.010637
0.006855
0.009805
0.010881
0.010765
0.012674
0.012750
0.004943
0.013045
0.017225
0.007918
0.012091
0.013111
0.012004
0.009719
0.013419
0.010063
0.022742
0.021345
0.018611
0.017308
0.023874
0.019698
0.025049
0.023904
0.025519
0.022203
0.021635
0.027362
0.025047
0.020371
0.021619
0.023432
0.025119
0.014599
0.029104
0.028123
0.026942
0.023503
0.030863
0.016279
0.020034
0.024282
0.026020
0.031184
0.033075
0.029989
0.027718
0.032673
0.031022
0.034178
0.030739
0.028950
0.036972
0.035062
0.029537
0.031706
0.031274
0.030977
0.030687
0.029675
0.028113
0.025638
0.037997
0.024335
0.042524
0.044361
0.032285
0.041347
0.044352
0.044566
0.040837
0.036339
0.034072
0.038240
0.043709
0.042101
0.049079
0.039306
0.043282
0.035018
0.038600
0.046742
0.049629
0.048662
0.043092
0.048399
0.044273
0.045954
0.049963
0.048541
0.051722
0.052779
0.047509
0.044084
0.051440
0.049720
0.046536
0.036938
0.048848
0.052269
0.049289
0.048556
0.050115
0.053603
0.046665
0.051827
0.049572
0.054153
0.052466
0.056882
0.058403
0.052714
0.055153
0.058747
0.059376
0.057717
0.055218
0.058696
0.061302
0.062426
0.065986
0.057407
0.056069
0.061457
0.060586
0.064624
0.060529
0.059208
0.066591
0.069562
0.067565
0.063257
0.062103
0.061505
0.057546
0.067259
0.068604
0.070410
0.063293
0.071354
0.058714
0.059357
0.060022
0.068379
0.065076
0.065583
0.063466
0.067646
0.073156
0.066346
0.069727
0.068264
0.064759
0.066914
0.066387
0.066273
0.069038
0.072430
0.078290
0.078186
0.072222
0.069317
0.067966
0.072236
0.075554
0.072986
0.077479
0.074663
0.069648
0.077356
0.068948
0.068016
0.069657
0.069149
0.073923
0.070330
0.073337
0.073469
0.073560
0.059104
0.067874
0.074012
0.076136
0.074641
0.072218
0.058654
0.079633
0.070703
0.083912
0.079105
0.083691
0.080378
0.079564
0.080550
0.086815
0.086852
0.086451
0.081540
0.088607
0.078581
0.068616
0.080282
0.089059
0.079308
0.075980
0.087572
0.079756
0.087087
0.084942
0.087728
0.088676
0.088664
0.090394
0.089634
0.088301
0.089816
0.091592
0.092668
0.087333
0.078245
0.075390
0.083656
0.089056
0.081035
0.088577
0.088873
0.090612
0.075065
0.083547
0.093577
0.089444
0.088660
0.079434
0.092788
0.088296
0.093732
0.082638
0.095284
0.096173
0.091667
0.097370
0.091492
0.094348
0.097630
0.088688
0.085797
0.105293
0.101736
0.099772
0.098780
0.095828
0.081044
0.075097
0.075101
0.089498
0.082990
0.089386
0.094198
0.101707
0.101340
0.094075
0.087993
0.086868
0.091236
0.093874
0.092384
0.102227
0.095250
0.092250
0.103178
0.093168
0.093262
0.085861
0.100693
0.106807
0.105975
0.101714
0.106497
0.105939
0.106146
0.103859
0.094769
0.099184
0.102578
0.099348
0.102030
0.091231
0.094666
0.098697
0.105090
0.095808
0.106626
0.083142
0.095452
0.095496
0.084524
0.097042
0.091647
0.102702
0.107000
0.106699
0.090075
0.098139
0.096916
0.096747
0.107175
0.103122
0.106687
0.100973
0.105628
0.097253
0.107533
0.103235
0.113452
0.092513
0.094276
0.091907
0.110979
0.105700
0.104292
0.105621
0.101602
0.111651
0.108472
0.116168
0.110663
0.106655
0.106812
0.107602
0.114514
0.111467
0.106740
0.103728
0.116695
0.113179
0.105518
0.111597
0.115817
0.113500
0.112673
0.106053
0.106050
0.108088
0.115912
0.109603
0.118206
0.115529
0.105768
0.111368
0.106937
0.116244
0.105577
0.117655
0.117660
0.112387
0.114044
0.114960
0.123235
0.104600
0.107013
0.119554
0.109226
0.112300
0.115125
0.110994
0.104244
0.107178
0.125238
0.118000
0.112236
0.130868
0.117558
0.110249
0.115514
0.121850
0.126488
0.125742
0.111876
0.116742
0.108596
0.109477
0.121145
0.118198
0.116975
0.117026
0.108485
0.115363
0.101681
0.114364
0.125495
0.122817
0.117928
0.121117
0.124065
0.106188
0.119075
0.125092
0.125643
0.129181
0.105391
0.118025
0.114599
0.115734
0.123561
0.117602
0.117157
0.123140
0.118406
0.115110
0.123689
0.123206
0.122942
0.121686
0.119392
0.118532
0.123556
0.121561
0.113751
0.130816
0.131493
0.129425
0.119570
0.124352
0.124644
0.120012
0.126394
0.120731
0.120396
0.121504
0.114382
0.128975
0.130218
0.121863
0.126193
0.133080
0.128745
0.106228
0.119608
0.125663
0.120818
0.113055
0.133304
0.129480
0.116084
0.122427
0.118443
0.120022
0.117683
0.105219
0.103516
0.126816
0.111653
0.138183
0.124978
0.133389
0.136997
0.130543
0.134713
0.134559
0.132704
0.127634
0.137931
0.120086
0.138022
0.130523
0.130505
0.137489
0.125667
0.122603
0.120105
0.124845
0.135339
0.132145
0.124896
0.124271
0.123378
0.124937
0.125556
0.127830
0.127820
0.137374
0.123693
0.123062
0.135152
0.128610
0.131663
0.135619
0.135108
0.138440
0.110179
0.130608
0.109105
0.113885
0.126445
0.127927
0.132914
0.137038
0.138729
0.130328
0.129959
0.135331
0.127279
0.127039
0.131175
0.135075
0.113616
0.125610
0.130538
0.130255
0.119930
0.130312
0.117115
0.123482
0.141078
0.129349
0.113138
0.114856
0.122789
0.121113
0.118947
0.114586
0.117162
0.123710
0.131076
0.120437
0.132645
0.129019
0.134975
0.134318
0.144898
0.117310
0.122535
0.138942
0.137778
0.136216
0.136393
0.114118
0.133051
0.135938
0.129272
0.131566
0.135678
0.116629
0.113915
0.119863
0.148608
0.139420
0.143713
0.145105
0.145665
0.135860
0.141731
0.135563
0.134342
0.139696
0.135383
0.143643
0.124937
0.106825
0.131691
0.141219
0.140631
0.136554
0.130997
0.134318
0.126005
0.106324
0.148748
0.143942
0.129171
0.121456
0.127195
0.103221
0.113607
0.135292
0.137020
0.117355
0.117307
0.136674
0.122485
0.131219
0.120624
0.135987
0.132993
0.132151
0.145888
0.134486
0.130270
0.127461
0.143205
0.149911
0.140842
0.144840
0.123149
0.138060
0.136453
0.148092
0.145832
0.136104
0.136273
0.134598
0.141129
0.146278
0.135738
0.132200
0.139823
0.137358
0.129704
0.129470
0.132600
0.127793
0.141786
0.139550
0.144414
0.137962
0.141779
0.141490
0.123487
0.132092
0.138162
0.143976
0.130843
0.151885
0.153813
0.148659
0.138579
0.142983
0.143053
0.147033
0.137964
0.149682
0.142586
0.141704
0.126349
0.150313
0.150964
0.126455
0.138271
0.128210
0.129330
0.143941
0.134111
0.145686
0.137720
0.145059
0.131157
0.133083
0.145469
0.134917
0.129445
0.123743
0.115712
0.113803
0.137357
0.139876
0.139789
0.132546
0.138998
0.135423
0.152390
0.129355
0.136237
0.129250
0.146804
0.131304
0.133019
0.148333
0.137344
0.150354
0.143004
0.139916
0.133368
0.145108
0.132842
0.136401
0.138912
0.129894
0.145235
0.136994
0.140630
0.137237
0.144631
0.143688
0.150620
0.134572
0.140974
0.140000
0.148602
0.148910
0.143310
0.148588
0.149468
0.140416
0.142283
0.154482
0.144496
0.142054
0.141544
0.152594
0.153654
0.146306
0.154577
0.129327
0.143953
0.139048
0.131514
0.156029
0.151136
0.136252
0.138330
0.147695
0.141814
0.146058
0.145416
0.146161
0.134538
0.161163
0.148391
0.155412
0.154711
0.140978
0.137792
0.148153
0.130160
0.135869
0.153033
0.155837
0.151078
0.148670
0.146504
0.121820
0.149040
0.142253
0.160545
0.153441
0.143623
0.146177
0.137015
0.125916
0.151875
0.144820
0.144061
0.156119
0.156637
0.151498
0.160147
0.157541
0.155338
0.148676
0.146328
0.148473
0.148947
0.154406
0.150988
0.132978
0.137383
0.127689
0.138655
0.151714
0.129242
0.147894
0.159740
0.154560
0.154674
0.152606
0.147572
0.150478
0.143031
0.143318
0.154840
0.155393
0.143186
0.137366
0.156278
0.139052
0.150664
0.155406
0.148110
0.136648
0.148950
0.144437
0.147492
0.159212
0.135448
0.144802
0.162259
0.141772
0.147712
0.160381
0.157377
0.157964
0.155171
0.133917
0.150338
0.135081
0.135528
0.140972
0.130763
0.149479
0.160003
0.151172
0.156888
0.155716
0.158112
0.131532
0.151607
0.156261
0.142171
0.149085
0.154802
0.149074
0.135874
0.134227
0.151475
0.148389
0.141777
0.144293
0.149473
0.145435
0.147064
0.152944
0.159143
0.141509
0.138238
0.143622
0.138335
0.148971
0.145041
0.146733
0.145942
0.153422
0.147262
0.153831
0.163104
0.162046
0.160477
0.170964
0.153517
0.155034
0.147337
0.143466
0.148237
0.147451
0.157250
0.151860
0.137408
0.144170
0.156106
0.145042
0.152821
0.158997
0.143008
0.157630
0.154412
0.162245
0.156934
0.138974
0.162619
0.153062
0.158519
0.153143
0.145005
0.156604
0.152709
0.141803
0.148848
0.153283
0.150534
0.169933
0.154909
0.164199
0.141229
0.166704
0.166093
0.160445
0.164151
0.166445
0.156102
0.156024
0.153909
0.148298
0.152801
0.157027
0.142776
0.142664
0.155808
0.148444
0.130405
0.160933
0.160488
0.160372
0.154066
0.147788
0.152444
0.165191
0.165246
0.161985
0.155236
0.155030
0.149078
0.151692
0.154483
0.139926
0.134225
0.154156
0.157727
0.158684
0.154348
0.153106
0.151245
0.161580
0.164009
0.156091
0.156792
0.150415
0.154924
0.160648
0.151484
0.144754
0.160820
0.160043
0.141554
0.141802
0.126825
0.145826
0.146688
0.154927
0.158913
0.157385
0.154882
0.156818
0.152703
0.151957
0.161520
0.157904
0.150339
0.160847
0.168388
0.147342
0.158332
0.163842
0.168872
0.167609
0.159237
0.147905
0.147804
0.140948
0.163734
0.158246
0.159840
0.145297
0.132506
0.153453
0.166628
0.163394
0.165201
0.155655
0.142094
0.138482
0.146776
0.158437
0.148885
0.137922
0.146526
0.151261
0.164521
0.153085
0.153776
0.151031
0.162302
0.169265
0.158451
0.167416
0.154507
0.144432
0.128661
0.149288
0.142047
0.163616
0.159377
0.150023
0.174577
0.159444
0.150490
0.137889
0.135056
0.151456
0.157965
0.156905
0.147326
0.145242
0.151735
0.132972
0.160714
0.165700
0.168597
0.141194
0.135748
0.148032
0.163483
0.155700
0.160203
0.166093
0.166366
0.162097
0.157680
0.172352
0.168475
0.150432
0.158302
0.150455
0.145885
0.163099
0.146905
0.160995
0.151674
0.156237
0.161775
0.139332
0.143675
0.154725
0.156527
0.159947
0.158849
0.171291
0.146273
0.148613
0.155806
0.158113
0.165443
0.166675
0.159082
0.166085
0.152992
0.145635
0.151808
0.156260
0.157270
0.168474
0.160974
0.166252
0.153861
0.137330
0.146790
0.158038
0.169132
0.153933
0.139976
0.155374
0.148111
0.154912
0.160909
0.165590
0.170093
0.165252
0.148498
0.140202
0.154499
0.167895
0.178051
0.161791
0.163885
0.166226
0.157251
0.173614
0.155033
0.170093
0.159755
0.150747
0.160167
0.157144
0.164387
0.159363
0.168918
0.161076
0.162199
0.165166
0.160310
0.164861
0.160778
0.176258
0.162463
0.153285
0.163328
0.167920
0.164774
0.171126
0.172339
0.174059
0.175085
0.168404
0.164844
0.159309
0.166635
0.179358
0.168176
0.164065
0.173489
0.168208
0.161060
0.154508
0.176832
0.167925
0.163497
0.151795
0.182408
0.156183
0.173938
0.169196
0.168075
0.146589
0.164557
0.170126
0.169208
0.163767
0.166169
0.169751
0.170293
0.167397
0.174677
0.175386
0.170056
0.167241
0.139803
0.164609
0.149716
0.141442
0.159666
0.165914
0.175518
0.166564
0.158834
0.155686
0.176541
0.165156
0.173935
0.165485
0.161645
0.168439
0.157231
0.155912
0.162128
0.145005
0.147773
0.167159
0.166832
0.158688
0.170138
0.177418
0.167176
0.169095
0.154359
0.162879
0.168135
0.161049
0.148252
0.177368
0.168366
0.171855
0.174665
0.170182
0.165328
0.157085
0.174365
0.165325
0.146672
0.172002
0.164677
0.163644
0.169113
0.173033
0.171282
0.172548
0.172462
0.152702
0.171130
0.177277
0.178609
0.168104
0.161655
0.163231
0.144543
0.173004
0.158382
0.170326
0.158514
0.153074
0.161344
0.178994
0.149070
0.159086
0.155400
0.167639
0.160634
0.173739
0.163934
0.163737
0.156192
0.144659
0.144134
0.161356
0.139904
0.145149
0.163417
0.168147
0.160277
0.164346
0.169739
0.146147
0.141761
0.151771
0.160470
0.164654
0.159808
0.180515
0.166893
0.159218
0.159566
0.165112
0.173022
0.176475
0.160790
0.153418
0.153524
0.166380
0.163223
0.154139
0.165849
0.162783
0.167502
0.161320
0.162010
0.154000
0.137856
0.164589
0.170646
0.176609
0.173772
0.160124
0.165701
0.167720
0.165568
0.179677
0.159168
0.161520
0.166629
0.170293
0.171883
0.172468
0.163987
0.167681
0.159026
0.166717
0.139543
0.174572
0.154862
0.171696
0.174710
0.168837
0.163592
0.163970
0.185653
0.168749
0.150225
0.172669
0.177765
0.167237
0.183125
0.166071
0.152214
0.188206
0.160350
0.161248
0.163612
0.164008
0.160505
0.162761
0.153015
0.164850
0.157770
0.173326
0.161743
0.169164
0.180132
0.164272
0.175670
0.166754
0.162883
0.162586
0.176105
0.175460
0.168378
0.173755
0.167589
0.178286
0.175445
0.178393
0.173651
0.186975
0.182402
0.161398
0.166524
0.178672
0.187190
0.185098
0.169376
0.173780
0.181164
0.168011
0.172008
0.188595
0.181156
0.175979
0.172983
0.173789
0.167521
0.176573
0.147767
0.162123
0.174900
0.170576
0.168676
0.175685
0.182172
0.165953
0.155005
0.140718
0.148671
0.164907
0.163312
0.175006
0.161802
0.166303
0.153212
0.182087
0.163406
0.166498
0.164239
0.166985
0.188227
0.175834
0.179695
0.166095
0.175538
0.173953
0.173905
0.165703
0.172789
0.177316
0.186411
0.180031
0.172602
0.186466
0.178143
0.160934
0.172151
0.159116
0.157978
0.144431
0.161054
0.177012
0.171882
0.164905
0.179268
0.160657
0.163541
0.166204
0.167276
0.162119
0.157414
0.174417
0.166614
0.177573
0.183065
0.166625
0.159477
0.149754
0.141783
0.167591
0.185472
0.166387
0.159320
0.179462
0.139613
0.180471
0.169922
0.182029
0.169235
0.162058
0.169743
0.181212
0.164587
0.164958
0.158346
0.168663
0.164637
0.186558
0.185166
0.191175
0.184064
0.174642
0.162657
0.166161
0.148045
0.169081
0.155643
0.183519
0.187019
0.162701
0.161985
0.165198
0.170403
0.189065
0.189374
0.163985
0.160549
0.150977
0.169774
0.164874
0.177355
0.178445
0.169744
0.170961
0.181010
0.175092
0.186026
0.179027
0.173005
0.166143
0.170415
0.170707
0.180899
0.177915
0.171655
0.187490
0.172919
0.185861
0.174353
0.175628
0.176598
0.176636
0.181625
0.175269
0.164200
0.172398
0.160826
0.168461
0.169280
0.181279
0.161321
0.155115
0.182314
0.168449
0.178645
0.174168
0.179001
0.183012
0.167758
0.172575
0.170558
0.179264
0.158851
0.167554
0.179814
0.162850
0.177736
0.177752
0.188339
0.162721
0.188218
0.179465
0.172144
0.187004
0.185294
0.177118
0.166166
0.157227
0.157128
0.174566
0.177750
0.180207
0.148911
0.166834
0.184125
0.184113
0.184408
0.194063
0.189133
0.188852
0.190792
0.143299
0.170262
0.184117
0.185045
0.173941
0.179726
0.170828
0.182041
0.182333
0.183030
0.180365
0.169793
0.173205
0.180973
0.177173
0.180442
0.180982
0.176438
0.163381
0.150889
0.147864
0.171952
0.163107
0.172852
0.170997
0.178437
0.185587
0.174932
0.176958
0.187015
0.185371
0.187105
0.169121
0.164714
0.178106
0.185000
0.182061
0.166956
0.178375
0.167567
0.174152
0.179624
0.172547
0.181602
0.175012
0.171595
0.194227
0.182880
0.189464
0.173532
0.177555
0.178781
0.162441
0.178066
0.163363
0.152069
0.168621
0.187041
0.184502
0.171002
0.171125
0.161092
0.178947
0.189497
0.167179
0.175201
0.168844
0.193700
0.186387
0.187289
0.170106
0.161654
0.180505
0.178963
0.173663
0.175954
0.170256
0.178913
0.162021
0.159070
0.170967
0.160230
0.175590
0.188273
0.183658
0.182457
0.175643
0.186886
0.186893
0.173082
0.189899
0.186682
0.186848
0.182756
0.175598
0.172307
0.166241
0.182401
0.174782
0.176573
0.179292
0.187163
0.177300
0.181763
0.154535
0.150461
0.181210
0.180764
0.171052
0.181304
0.180872
0.156175
0.167873
0.181396
0.171495
0.158719
0.172654
0.176477
0.186000
0.173638
0.180067
0.170131
0.175210
0.174599
0.173571
0.161422
0.171980
0.175077
0.186143
0.191291
0.187391
0.175651
0.175388
0.186277
0.177515
0.160804
0.178431
0.172551
0.175237
0.169663
0.169999
0.188928
0.179503
0.172734
0.177994
0.167521
0.179267
0.190075
0.173060
0.179070
0.146331
0.156088
0.170610
0.184002
0.184225
0.172401
0.174953
0.177815
0.173401
0.172953
0.181364
0.183656
0.182587
0.164602
0.172297
0.157688
0.171534
0.182467
0.167583
0.170173
0.189288
0.186001
0.167814
0.179512
0.171969
0.180519
0.172829
0.187526
0.180521
0.183835
0.195264
0.183567
0.197455
0.171544
0.178239
0.177438
0.176635
0.171078
0.187386
0.174296
0.182681
0.187642
0.185390
0.201692
0.194117
0.177219
0.186422
0.188104
0.178082
0.190619
0.184194
0.179954
0.180369
0.182485
0.176175
0.191959
0.195027
0.197512
0.167806
0.173131
0.187674
0.191872
0.177835
0.186160
0.184377
0.183085
0.159912
0.164302
0.164238
0.181265
0.173704
0.197400
0.193869
0.187048
0.185730
0.174069
0.182510
0.187715
0.189935
0.184798
0.173660
0.180998
0.188799
0.187786
0.189804
0.179129
0.192559
0.180950
0.191572
0.173390
0.193628
0.178633
0.196775
0.182761
0.185488
0.177840
0.198066
0.188341
0.191120
0.176070
0.179497
0.203117
0.182192
0.184271
0.186615
0.185535
0.179241
0.155647
0.163857
0.173478
0.171340
0.183249
0.171701
0.176202
0.176709
0.174855
0.180417
0.183858
0.185600
0.174948
0.167004
0.193425
0.178056
0.170770
0.178618
0.182449
0.185675
0.155403
0.169332
0.194776
0.170931
0.184931
0.170088
0.175461
0.193299
0.177038
0.190199
0.186170
0.188180
0.184242
0.153622
0.190728
0.190474
0.177123
0.186070
0.187154
0.184770
0.181510
0.179713
0.173425
0.185014
0.196094
0.169230
0.168225
0.184747
0.185221
0.181972
0.172669
0.191273
0.185520
0.196511
0.185064
0.190253
0.195627
0.187662
0.188919
0.177403
0.174081
0.172191
0.163063
0.174215
0.185470
0.169330
0.180519
0.177249
0.176428
0.185043
0.180458
0.161314
0.175464
0.175836
0.165449
0.183016
0.182685
0.193749
0.188718
0.166837
0.180813
0.180414
0.165718
0.193512
0.193101
0.189660
0.176277
0.176653
0.187792
0.178029
0.192861
0.187618
0.173787
0.168413
0.174783
0.182594
0.183965
0.176974
0.187365
0.183652
0.177229
0.192051
0.189785
0.183187
0.186670
0.189545
0.181039
0.176751
0.175121
0.172222
0.187707
0.177117
0.183006
0.178425
0.196566
0.190990
0.186427
0.187707
0.185850
0.165059
0.179573
0.185775
0.173776
0.167229
0.151150
0.187866
0.170361
0.196881
0.191596
0.178630
0.191280
0.187571
0.184357
0.177027
0.160332
0.177951
0.176786
0.172505
0.187275
0.197999
0.169249
0.186428
0.176488
0.192097
0.171303
0.175824
0.177795
0.191925
0.189345
0.180513
0.169169
0.196873
0.186673
0.181645
0.180080
0.192335
0.188572
0.194225
0.191169
0.194228
0.194614
0.190230
0.179353
0.192523
0.184600
0.190006
0.166958
0.166892
0.188455
0.180346
0.171091
0.179102
0.197830
0.190108
0.185553
0.177132
0.172437
0.179392
0.180650
0.172538
0.173673
0.171674
0.174910
0.169414
0.170930
0.160665
0.196366
0.165207
0.168673
0.166746
0.183266
0.176752
0.171497
0.178948
0.189238
0.180659
0.180194
0.185297
0.169922
0.179961
0.189134
0.178365
0.184877
0.191390
0.183377
0.165421
0.183622
0.185014
0.176519
0.192115
0.170469
0.187201
0.185300
0.162507
0.163156
0.174998
0.195994
0.192110
0.182993
0.197643
0.169598
0.175137
0.161015
0.168359
0.175841
0.179144
0.178980
0.179958
0.172871
0.183602
0.171484
0.171759
0.188157
0.181754
0.178851
0.174581
0.186849
0.185109
0.167654
0.186612
0.192926
0.172726
0.187195
0.197294
0.174696
0.197393
0.193106
0.203072
0.193904
0.191521
0.173281
0.185068
0.198171
0.192265
0.185541
0.193516
0.170587
0.167811
0.186573
0.182933
0.181826
0.198632
0.196310
0.179663
0.176095
0.176922
0.182629
0.177813
0.186952
0.196130
0.176220
0.183933
0.173517
0.177310
0.171651
0.191274
0.184641
0.189098
0.188895
0.182587
0.205038
0.197410
0.189777
0.197109
0.182385
0.194541
0.196935
0.178650
0.184661
0.190042
0.194570
0.181959
0.192006
0.177431
0.189163
0.160456
0.192164
0.190079
0.176475
0.160963
0.161110
0.170795
0.178884
0.160730
0.161384
0.157452
0.173607
0.168444
0.170227
0.160086
0.175286
0.187701
0.194944
0.202539
0.199619
0.196170
0.185426
0.194086
0.198314
0.192443
0.186484
0.184995
0.180115
0.198733
0.185069
0.189199
0.183991
0.198055
0.179135
0.191492
0.202338
0.202980
0.189920
0.170779
0.185777
0.189445
0.179991
0.204168
0.186265
0.185678
0.175136
0.193178
0.186161
0.186255
0.180948
0.187593
0.199063
0.181800
0.191961
0.181714
0.186317
0.178970
0.185819
0.183779
0.180200
0.189326
0.191266
0.189608
0.186892
0.180410
0.173335
0.195700
0.189951
0.181769
0.191712
0.173575
0.180932
0.163104
0.184662
0.191660
0.173599
0.157638
0.164688
0.173724
0.193822
0.177564
0.189324
0.174751
0.179720
0.200075
0.185891
0.188838
0.162804
0.196291
0.169239
0.180169
0.159360
0.165256
0.201509
0.188150
0.198856
0.192760
0.188012
0.179371
0.199172
0.188815
0.186847
0.198622
0.169730
0.172103
0.177541
0.198606
0.196144
0.199002
0.202679
0.195898
0.167407
0.188183
0.189839
0.188960
0.186087
0.190894
0.202020
0.190564
0.187634
0.196446
0.186794
0.176701
0.173074
0.167717
0.196940
0.182297
0.190161
0.194025
0.180153
0.186649
0.177721
0.185455
0.197142
0.200208
0.189649
0.191161
0.195523
0.182184
0.207444
0.187108
0.194272
0.180038
0.187124
0.190517
0.180005
0.179342
0.176604
0.166663
0.197559
0.190537
0.173088
0.193449
0.206541
0.204564
0.176479
0.196592
0.172378
0.174411
0.171810
0.179581
0.193814
0.178993
0.191135
0.196184
0.195237
0.193983
0.177214
0.183023
0.183246
0.182903
0.194714
0.184103
0.195362
0.180574
0.203596
0.194305
0.190676
0.185621
0.170460
0.192885
0.189753
0.179714
0.177835
0.199454
0.187296
0.189191
0.200345
0.200831
0.181841
0.197473
0.180331
0.193456
0.204924
0.196990
0.187397
0.180359
0.190234
0.178822
0.179518
0.184259
0.181019
0.181217
0.199598
0.190612
0.185844
0.190194
0.188725
0.190535
0.192914
0.189816
0.206141
0.202034
0.183718
0.182088
0.170234
0.182807
0.194759
0.203711
0.197978
0.194260
0.191881
0.195616
0.190917
0.192754
0.191710
0.195106
0.188833
0.192028
0.187823
0.191333
0.189931
0.182958
0.185486
0.191536
0.181223
0.186900
0.196859
0.203806
0.188674
0.199551
0.186588
0.170755
0.177865
0.185667
0.178221
0.200772
0.195933
0.195592
0.179548
0.203009
0.187767
0.179456
0.200680
0.198101
0.198373
0.191310
0.196760
0.203478
0.197278
0.181571
0.178271
0.182157
0.186291
0.204478
0.206614
0.182697
0.187860
0.189455
0.188962
0.180275
0.172398
0.187371
0.185780
0.190427
0.189627
0.183402
0.195671
0.199475
0.183461
0.209051
0.197279
0.177992
0.182948
0.185693
0.184851
0.187023
0.200995
0.179209
0.190824
0.196204
0.187671
0.187663
0.197344
0.199695
0.195399
0.192035
0.176588
0.174996
0.177559
0.174681
0.187100
0.197421
0.198426
0.199235
0.185475
0.190366
0.185377
0.183132
0.183836
0.204182
0.190446
0.184546
0.176246
0.204090
0.195416
0.204184
0.197368
0.185688
0.183767
0.192580
0.201195
0.190925
0.165966
0.191955
0.177902
0.195734
0.199481
0.196346
0.210943
0.194975
0.192726
0.185991
0.203489
0.189312
0.187111
0.169509
0.188128
0.193644
0.189626
0.206578
0.185771
0.185095
0.171921
0.181508
0.175193
0.172498
0.177918
0.175239
0.187945
0.184115
0.205370
0.193324
0.186388
0.182982
0.193938
0.193434
0.182301
0.182882
0.166449
0.181401
0.171305
0.212436
0.195974
0.200364
0.177412
0.174745
0.195665
0.184108
0.211505
0.183520
0.195490
0.189773
0.199109
0.175743
0.197028
0.197376
0.188416
0.210903
0.195634
0.181422
0.187207
0.181751
0.193923
0.194614
0.173648
0.184555
0.191750
0.180071
0.191883
0.196237
0.175548
0.197251
0.190247
0.176551
0.169811
0.175866
0.173915
0.189265
0.209563
0.184795
0.190757
0.186335
0.189245
0.198696
0.201796
0.207833
0.203569
0.185114
0.182657
0.168433
0.187190
0.186628
0.180833
0.164403
0.203949
0.201054
0.195736
0.177025
0.167133
0.179422
0.198228
0.201708
0.195013
0.195058
0.190475
0.180251
0.187662
0.212306
0.187034
0.182633
0.188991
0.197768
0.201670
0.209467
0.176332
0.184283
0.181720
0.182478
0.184960
0.186628
0.193209
0.196443
0.195182
0.161550
0.187620
0.210777
0.204518
0.195347
0.203022
0.194458
0.188560
0.190160
0.193799
0.188630
0.190772
0.189440
0.170054
0.193851
0.209315
0.192441
0.176661
0.197422
0.187282
0.201972
0.191312
0.190239
0.196191
0.206473
0.194910
0.169619
0.179657
0.172865
0.166862
0.196087
0.188549
0.196885
0.191476
0.184549
0.188159
0.186255
0.187930
0.196548
0.174364
0.190947
0.189542
0.190508
0.173607
0.193246
0.183223
0.195851
0.193101
0.176132
0.195872
0.205431
0.199198
0.193843
0.208214
0.200584
0.189950
0.192005
0.199984
0.203362
0.191879
0.192102
0.188431
0.181841
0.185465
0.197820
0.202086
0.194686
0.204408
0.181158
0.189690
0.182213
0.192727
0.198789
0.184225
0.169127
0.186349
0.188450
0.194373
0.199390
0.198113
0.200186
0.200973
0.198468
0.196760
0.195059
0.167005
0.173114
0.171076
0.201880
0.195734
0.205453
0.203965
0.207682
0.192780
0.188723
0.196624
0.195979
0.203428
0.200769
0.188767
0.190529
0.200009
0.181789
0.175822
0.202614
0.189188
0.178043
0.195176
0.203761
0.200141
0.196239
0.191707
0.192026
0.198072
0.197886
0.179436
0.192663
0.189734
0.204765
0.194960
0.191251
0.179677
0.198241
0.165889
0.179836
0.196898
0.203334
0.183964
0.180035
0.190695
0.181452
0.191546
0.195884
0.202099
0.197277
0.192705
0.188241
0.210302
0.198803
0.215890
0.203883
0.182708
0.194205
0.196174
0.200580
0.206372
0.174703
0.206011
0.193497
0.202154
0.197987
0.199251
0.195938
0.187868
0.192938
0.190401
0.192970
0.185190
0.180236
0.174592
0.182051
0.189976
0.197023
0.186495
0.207095
0.197090
0.203880
0.203296
0.203952
0.192305
0.212278
0.196045
0.200689
0.186740
0.186686
0.184516
0.161388
0.174967
0.179322
0.198862
0.184846
0.181332
0.197071
0.184813
0.186113
0.177475
0.193967
0.191400
0.191712
0.180635
0.169958
0.178657
0.165723
0.180421
0.197471
0.181777
0.182403
0.204065
0.176019
0.203357
0.199591
0.194971
0.197867
0.189489
0.191721
0.193675
0.196665
0.199614
0.196608
0.183732
0.176763
0.167222
0.163851
0.193196
0.190701
0.178862
0.180622
0.188752
0.186585
0.182631
0.184107
0.201573
0.187207
0.214846
0.214816
0.193013
0.194749
0.205387
0.190241
0.185061
0.198020
0.185634
0.200405
0.181948
0.186234
0.197678
0.186699
0.197521
0.185114
0.213269
0.190337
0.198769
0.203937
0.201531
0.207139
0.197956
0.204270
0.176882
0.192451
0.194951
0.197782
0.206656
0.191017
0.182245
0.198730
0.207443
0.210370
0.186874
0.189940
0.199909
0.208302
0.194100
0.198144
0.210721
0.195584
0.194031
0.197396
0.199772
0.176291
0.179079
0.174537
0.189293
0.183656
0.198732
0.190621
0.179838
0.183950
0.175894
0.203921
0.180491
0.199864
0.200593
0.196980
0.199306
0.206111
0.195692
0.194179
0.196920
0.199927
0.192290
0.193498
0.191467
0.204763
0.201542
0.203131
0.210026
0.184726
0.182624
0.203971
0.190761
0.203300
0.194404
0.186197
0.209730
0.191731
0.191316
0.185977
0.190759
0.172405
0.185105
0.201863
0.209335
0.179662
0.206425
0.215722
0.198360
0.200117
0.186907
0.185517
0.191980
0.196106
0.209580
0.212279
0.201618
0.187920
0.182930
0.201880
0.200202
0.202165
0.195691
0.204681
0.205253
0.194319
0.205309
0.185078
0.200969
0.209946
0.190829
0.207548
0.199151
0.197005
0.204370
0.199960
0.194894
0.212764
0.206338
0.170989
0.190613
0.207351
0.191776
0.200713
0.214059
0.179836
0.198027
0.205621
0.204497
0.216682
0.187098
0.187042
0.185611
0.215585
0.179787
0.209995
0.216034
0.210046
0.207951
0.205542
0.203051
0.204574
0.192966
0.211713
0.207986
0.203162
0.207098
0.210659
0.213480
0.216076
0.196267
0.194956
0.203382
0.181389
0.193195
0.189480
0.184431
0.162792
0.208026
0.210500
0.179472
0.192528
0.185172
0.181210
0.192396
0.197612
0.190908
0.207384
0.213504
0.201662
0.184313
0.198460
0.199464
0.219903
0.206258
0.205840
0.206931
0.197253
0.188497
0.189619
0.201457
0.177145
0.181243
0.183270
0.210340
0.186175
0.183129
0.196793
0.197455
0.191753
0.176842
0.209192
0.203637
0.210341
0.200152
0.186765
0.202074
0.207876
0.196440
0.202391
0.192140
0.191222
0.200611
0.187709
0.179194
0.186229
0.183952
0.204693
0.210606
0.209964
0.197743
0.205402
0.206786
0.206280
0.214021
0.207265
0.210945
0.203680
0.207442
0.207631
0.204152
0.201308
0.208307
0.194152
0.206848
0.191403
0.187505
0.180776
0.199566
0.203078
0.198304
0.212468
0.189644
0.198326
0.184680
0.183219
0.174788
0.198785
0.205233
0.207639
0.204464
0.194355
0.202782
0.204931
0.204672
0.182191
0.183134
0.211275
0.210559
0.199336
0.203709
0.189180
0.193721
0.199255
0.200052
0.173908
0.206449
0.193252
0.196929
0.207101
0.213711
0.205871
0.199639
0.218506
0.211531
0.206930
0.204831
0.181360
0.195437
0.192906
0.191485
0.186942
0.188445
0.197839
0.203243
0.193789
0.198387
0.203605
0.203769
0.186583
0.195730
0.200714
0.183365
0.187443
0.188391
0.197004
0.179314
0.201809
0.196420
0.192317
0.191921
0.182300
0.193159
0.214420
0.192424
0.208168
0.203079
0.208014
0.189421
0.199518
0.197217
0.180452
0.210799
0.203204
0.190088
0.180295
0.203590
0.176988
0.202011
0.205107
0.203249
0.201094
0.208276
0.213339
0.203350
0.210036
0.211268
0.198195
0.194199
0.187835
0.190284
0.192979
0.214200
0.185981
0.195062
0.207860
0.212839
0.209525
0.191336
0.173422
0.192277
0.209845
0.157492
0.180312
0.180957
0.189642
0.207933
0.189666
0.176426
0.204568
0.206155
0.205512
0.203758
0.206657
0.199875
0.202517
0.209838
0.211304
0.193866
0.185410
0.200806
0.203524
0.195507
0.196693
0.198303
0.199999
0.200648
0.195917
0.191975
0.207900
0.206697
0.210047
0.197274
0.196177
0.193610
0.181608
0.187229
0.202200
0.202742
0.200357
0.210998
0.193959
0.199097
0.203295
0.213531
0.202463
0.193410
0.196371
0.182162
0.191991
0.207623
0.205198
0.185140
0.201271
0.183596
0.193237
0.173274
0.200833
0.183455
0.172935
0.170211
0.181002
0.174069
0.177201
0.174140
0.211560
0.186590
0.202612
0.183178
0.221334
0.201596
0.213521
0.212704
0.213157
0.191934
0.203409
0.215861
0.209247
0.205502
0.183084
0.204389
0.206598
0.208341
0.217073
0.208798
0.216533
0.198487
0.210895
0.194464
0.195212
0.202289
0.209915
0.182231
0.189940
0.208643
0.216136
0.202838
0.204376
0.208756
0.220446
0.224085
0.190098
0.202432
0.207573
0.184321
0.214544
0.198914
0.217228
0.208667
0.188789
0.185730
0.203258
0.178100
0.183501
0.216937
0.194446
0.197563
0.198320
0.202476
0.199619
0.200923
0.217009
0.201492
0.193617
0.203518
0.199061
0.206821
0.203851
0.208191
0.201588
0.200812
0.188430
0.211038
0.204863
0.205539
0.214794
0.199046
0.207957
0.199052
0.195654
0.196265
0.217156
0.212359
0.201335
0.198837
0.199517
0.186742
0.205368
0.205604
0.207309
0.189019
0.193251
0.193708
0.179802
0.190499
0.209940
0.211930
0.217177
0.212552
0.191522
0.195695
0.204537
0.212345
0.202510
0.214372
0.204093
0.180056
0.210724
0.209853
0.201935
0.204243
0.204901
0.200082
0.216261
0.189366
0.206223
0.204776
0.218334
0.181606
0.211380
0.194169
0.210252
0.212244
0.183042
0.188989
0.180190
0.179887
0.207447
0.224151
0.215962
0.191508
0.197143
0.203881
0.206295
0.192490
0.200230
0.194769
0.209075
0.193114
0.188575
0.201703
0.207841
0.218053
0.203582
0.198428
0.187644
0.181171
0.193042
0.214263
0.212190
0.202910
0.218128
0.209292
0.211608
0.212505
0.195905
0.197767
0.197886
0.204835
0.210532
0.204206
0.204945
0.212918
0.192975
0.181180
0.206698
0.198653
0.199848
0.196946
0.200887
0.213655
0.209115
0.198276
0.212237
0.200570
0.212039
0.192362
0.199866
0.200209
0.210364
0.204571
0.210927
0.204437
0.192071
0.208911
0.193397
0.194893
0.191778
0.195292
0.190422
0.184197
0.198476
0.200483
0.196334
0.209691
0.204134
0.205691
0.202695
0.211453
0.210033
0.221113
0.216527
0.199698
0.194470
0.192425
0.184003
0.202166
0.214859
0.211009
0.217457
0.204851
0.218375
0.208064
0.211880
0.200185
0.206554
0.197872
0.201259
0.201762
0.196392
0.202111
0.194922
0.168024
0.170433
0.200557
0.198876
0.186325
0.198722
0.181323
0.178843
0.216886
0.212854
0.204582
0.201425
0.189304
0.207668
0.222966
0.213780
0.205996
0.209145
0.218707
0.200576
0.197091
0.209043
0.198960
0.209025
0.206474
0.206233
0.197993
0.203884
0.195155
0.196947
0.191764
0.194360
0.199559
0.202208
0.220361
0.218668
0.190593
0.194516
0.187001
0.186522
0.206194
0.199495
0.196885
0.190192
0.199135
0.203765
0.204687
0.196961
0.212760
0.222940
0.186261
0.208520
0.208068
0.200424
0.201055
0.182015
0.178798
0.212560
0.207944
0.205044
0.211015
0.202749
0.190418
0.205271
0.214177
0.217299
0.214258
0.209033
0.211325
0.214001
0.189687
0.176207
0.191013
0.202691
0.209695
0.213241
0.197854
0.202001
0.221052
0.217019
0.210472
0.212316
0.202539
0.205377
0.216356
0.212368
0.199668
0.212604
0.224676
0.194808
0.215440
0.211209
0.204463
0.207230
0.215120
0.200988
0.197226
0.196228
0.216847
0.200975
0.210223
0.196902
0.195750
0.221686
0.200824
0.201945
0.212199
0.220716
0.209368
0.187575
0.194585
0.197219
0.201390
0.210814
0.213889
0.212033
0.217010
0.213392
0.199779
0.219836
0.207441
0.173033
0.181103
0.210537
0.198352
0.185283
0.186546
0.190164
0.214876
0.210924
0.208174
0.207922
0.204005
0.192667
0.209555
0.200128
0.204177
0.211516
0.193142
0.200646
0.190187
0.209310
0.206037
0.207436
0.203077
0.210332
0.197082
0.211287
0.211251
0.224799
0.193387
0.200742
0.199055
0.196365
0.175730
0.181609
0.214105
0.219258
0.215397
0.201732
0.184948
0.211057
0.209481
0.217818
0.202651
0.183559
0.202514
0.197176
0.228294
0.202281
0.207316
0.206000
0.211165
0.216917
0.198768
0.180193
0.187724
0.208523
0.196639
0.199108
0.215391
0.195632
0.213011
0.223253
0.202336
0.212466
0.223213
0.203371
0.221223
0.205091
0.202947
0.221085
0.217630
0.191111
0.193762
0.202057
0.199655
0.188603
0.212399
0.208292
0.190067
0.199765
0.210044
0.211097
0.208688
0.205648
0.212217
0.207411
0.209631
0.204417
0.208269
0.220205
0.201795
0.211174
0.217989
0.196103
0.196384
0.215202
0.214332
0.200552
0.200541
0.211978
0.199227
0.192417
0.190506
0.197438
0.195087
0.210558
0.190906
0.196935
0.218234
0.218875
0.210393
0.210099
0.195807
0.219465
0.215706
0.219879
0.202178
0.214339
0.218539
0.216871
0.204193
0.204999
0.182617
0.183676
0.197901
0.217536
0.199950
0.188592
0.177252
0.194626
0.207377
0.200667
0.221373
0.216500
0.212947
0.199910
0.196568
0.214231
0.215304
0.203657
0.189869
0.212343
0.214690
0.193014
0.198803
0.185747
0.213242
0.214315
0.185789
0.217689
0.199117
0.203353
0.199088
0.197751
0.197358
0.193416
0.218028
0.196924
0.192346
0.199345
0.196519
0.213570
0.211651
0.215514
0.210417
0.212249
0.214809
0.196307
0.196046
0.185166
0.216662
0.197741
0.218199
0.214132
0.204480
0.215898
0.208934
0.217278
0.209522
0.207362
0.184272
0.192450
0.201492
0.208969
0.211046
0.209444
0.218272
0.188267
0.183809
0.182401
0.198733
0.206793
0.214839
0.197357
0.206641
0.204116
0.203971
0.195049
0.195866
0.206314
0.211061
0.217221
0.211378
0.217383
0.186374
0.192920
0.202591
0.192041
0.194475
0.196694
0.198543
0.205748
0.217765
0.219628
0.214264
0.189819
0.204574
0.225489
0.218304
0.214299
0.206388
0.215811
0.211961
0.204187
0.216057
0.208405
0.220601
0.213467
0.193094
0.186424
0.200933
0.206674
0.203724
0.200117
0.207386
0.208223
0.200363
0.211436
0.172271
0.203312
0.204667
0.191134
0.200111
0.228010
0.210261
0.211359
0.219162
0.215824
0.204695
0.215153
0.223264
0.202139
0.218389
0.195310
0.195092
0.186178
0.190119
0.212776
0.184324
0.212330
0.187093
0.207306
0.202346
0.219293
0.187427
0.194545
0.205531
0.214876
0.214797
0.221107
0.217961
0.202888
0.204372
0.214884
0.213724
0.200261
0.199343
0.216885
0.217970
0.212450
0.203303
0.193273
0.196122
0.194587
0.188341
0.204631
0.186874
0.178826
0.211826
0.211389
0.211174
0.216314
0.209581
0.219088
0.213759
0.206774
0.207203
0.211387
0.216555
0.204654
0.190756
0.186095
0.194669
0.218921
0.202229
0.210022
0.213015
0.217125
0.207152
0.196840
0.176043
0.188961
0.207058
0.212152
0.212327
0.213987
0.209320
0.211524
0.212767
0.209424
0.214783
0.216030
0.212155
0.206341
0.198875
0.205955
0.210888
0.219025
0.217932
0.196053
0.199379
0.193726
0.209797
0.208474
0.188994
0.211181
0.225595
0.210505
0.222261
0.209943
0.209489
0.208645
0.213373
0.204582
0.185743
0.196130
0.192860
0.202467
0.194835
0.193326
0.182048
0.207617
0.207617
0.213947
0.209540
0.217083
0.198488
0.211326
0.225243
0.190810
0.217464
0.220609
0.197853
0.220571
0.201944
0.219731
0.216022
0.214522
0.217614
0.211917
0.213932
0.216162
0.214766
0.190743
0.186459
0.214839
0.227829
0.216637
0.201268
0.214127
0.218614
0.210981
0.199746
0.206520
0.218963
0.206639
0.194308
0.174222
0.211588
0.224961
0.223380
0.191457
0.189381
0.217743
0.195187
0.190774
0.196551
0.202824
0.220380
0.217236
0.200628
0.208927
0.206680
0.180963
0.204708
0.215213
0.191341
0.206892
0.182405
0.188029
0.199621
0.207727
0.226888
0.225101
0.198863
0.215749
0.214292
0.207338
0.225930
0.207650
0.223649
0.214720
0.198658
0.219801
0.222850
0.213142
0.216028
0.223644
0.224337
0.203736
0.209764
0.205810
0.209080
0.208352
0.203117
0.215501
0.213072
0.195766
0.204964
0.206400
0.197165
0.200006
0.193028
0.183398
0.185248
0.204638
0.202501
0.209579
0.223122
0.222926
0.225303
0.209174
0.213618
0.209425
0.204931
0.188593
0.186153
0.215761
0.206049
0.217247
0.218457
0.222400
0.225250
0.212228
0.210625
0.215206
0.184428
0.187430
0.200852
0.213843
0.199487
0.203407
0.187601
0.204489
0.208010
0.202359
0.179558
0.191152
0.201996
0.192001
0.220586
0.204781
0.199138
0.201296
0.200482
0.199188
0.220321
0.212982
0.214189
0.212056
0.210031
0.217242
0.216954
0.206306
0.215399
0.203321
0.212582
0.210287
0.197014
0.222722
0.202304
0.187909
0.216424
0.210685
0.201980
0.217480
0.228006
0.218721
0.206395
0.205092
0.202524
0.193177
0.192730
0.192350
0.197796
0.213069
0.204816
0.224432
0.214626
0.211611
0.199186
0.215628
0.188357
0.197256
0.196982
0.205002
0.223668
0.221643
0.209151
0.200420
0.218432
0.208587
0.222380
0.208051
0.209523
0.226550
0.225009
0.217832
0.210873
0.213639
0.196299
0.197097
0.203567
0.190796
0.194023
0.214604
0.208999
0.204649
0.219040
0.211958
0.208229
0.207112
0.201830
0.195047
0.195758
0.196378
0.217527
0.202787
0.188189
0.217476
0.207638
0.193746
0.211485
0.224267
0.211530
0.189951
0.213510
0.215766
0.211361
0.213947
0.210384
0.220827
0.221885
0.223534
0.223857
0.210979
0.197671
0.190959
0.207348
0.203181
0.199153
0.209083
0.201325
0.214374
0.217231
0.199543
0.216187
0.209329
0.198763
0.225805
0.213813
0.198030
0.205514
0.191808
0.226881
0.228596
0.226623
0.206240
0.201712
0.219020
0.206407
0.206447
0.229282
0.216663
0.211598
0.195495
0.216616
0.219279
0.222678
0.227150
0.219881
0.198230
0.194227
0.184851
0.217514
0.197189
0.200238
0.195893
0.207018
0.217034
0.214179
0.225821
0.214876
0.222658
0.223307
0.221859
0.213273
0.224434
0.214004
0.216237
0.206388
0.199123
0.202513
0.190342
0.217735
0.229550
0.223264
0.219201
0.196633
0.199040
0.229902
0.220641
0.208300
0.207160
0.215825
0.203880
0.223474
0.211775
0.211656
0.198388
0.202649
0.178443
0.224066
0.206941
0.216570
0.224385
0.212033
0.219674
0.214458
0.212313
0.211661
0.219880
0.211498
0.196462
0.222459
0.212954
0.203974
0.203782
0.209643
0.225999
0.219617
0.208675
0.200792
0.218271
0.227746
0.205078
0.192146
0.188243
0.188048
0.186878
0.202589
0.197891
0.210907
0.213725
0.211721
0.221920
0.218754
0.213783
0.225284
0.204289
0.209313
0.209179
0.222412
0.206904
0.215164
0.220243
0.219423
0.208937
0.216055
0.201521
0.185455
0.211045
0.194856
0.218218
0.218002
0.205395
0.194507
0.192537
0.201729
0.192534
0.212248
0.201835
0.193075
0.192221
0.207502
0.233647
0.233657
0.223289
0.183719
0.182903
0.198160
0.214217
0.226692
0.223597
0.226284
0.221620
0.216360
0.225239
0.227699
0.213066
0.194638
0.217085
0.219506
0.201393
0.215679
0.218211
0.197457
0.212603
0.201815
0.218509
0.201320
0.217550
0.190942
0.214718
0.221126
0.205475
0.208477
0.211821
0.205566
0.206145
0.216761
0.196865
0.210268
0.212671
0.215121
0.223156
0.175495
0.184538
0.191308
0.189476
0.221646
0.204231
0.215741
0.188713
0.219618
0.214971
0.213345
0.205311
0.222884
0.211601
0.208030
0.217225
0.209358
0.223572
0.225748
0.209048
0.207776
0.213718
0.208146
0.205596
0.208917
0.205251
0.195361
0.181633
0.187125
0.211833
0.224988
0.211200
0.215124
0.227111
0.234269
0.222083
0.214674
0.209746
0.225680
0.218734
0.214612
0.207972
0.212088
0.219339
0.211339
0.210034
0.210530
0.208450
0.207408
0.222290
0.205750
0.208039
0.219814
0.208735
0.218463
0.223222
0.215040
0.201957
0.202276
0.199215
0.205484
0.205058
0.198851
0.214577
0.204699
0.212392
0.203156
0.203055
0.212104
0.199900
0.188169
0.205920
0.219012
0.217466
0.199631
0.210785
0.216130
0.218572
0.222097
0.226202
0.230776
0.223073
0.218919
0.221674
0.220245
0.221355
0.217882
0.213461
0.219950
0.204902
0.201101
0.226448
0.195659
0.210334
0.215073
0.201884
0.207314
0.203958
0.205524
0.207115
0.211932
0.194715
0.194429
0.208337
0.210677
0.198835
0.201936
0.211484
0.208162
0.199059
0.203416
0.231835
0.221883
0.224789
0.212800
0.199974
0.209825
0.222396
0.214729
0.210322
0.212084
0.212135
0.216573
0.208246
0.202613
0.198675
0.216555
0.210058
0.213183
0.223994
0.214894
0.204879
0.213218
0.220999
0.212344
0.213748
0.211956
0.227475
0.223437
0.222865
0.208546
0.220244
0.204378
0.200536
0.213580
0.221150
0.215038
0.222169
0.229924
0.215552
0.215250
0.220938
0.224225
0.206302
0.217253
0.198186
0.186757
0.208998
0.214821
0.211290
0.206542
0.213386
0.221510
0.218582
0.216645
0.219327
0.232015
0.225556
0.215869
0.213249
0.198332
0.215226
0.204873
0.207481
0.209592
0.210972
0.185689
0.196976
0.186215
0.198300
0.209545
0.222406
0.210252
0.218544
0.221474
0.224361
0.205702
0.212479
0.217399
0.231711
0.196867
0.230264
0.209792
0.209145
0.197851
0.202769
0.209337
0.203650
0.199637
0.207023
0.206224
0.205809
0.207412
0.203077
0.212599
0.210871
0.221509
0.214393
0.212098
0.221253
0.217300
0.222624
0.211626
0.212713
0.218831
0.214803
0.217273
0.212770
0.205787
0.211180
0.208398
0.213298
0.216108
0.218890
0.201966
0.219291
0.183081
0.192111
0.176673
0.196736
0.224350
0.223878
0.223345
0.210256
0.216565
0.210378
0.199108
0.211485
0.208390
0.198965
0.224797
0.213767
0.227402
0.228521
0.226510
0.220071
0.219975
0.211251
0.219270
0.221489
0.219368
0.200769
0.215474
0.211186
0.220197
0.215419
0.218719
0.210879
0.214161
0.207341
0.219687
0.213974
0.225958
0.204905
0.203483
0.196396
0.209801
0.219946
0.231277
0.208935
0.200822
0.194486
0.214731
0.205768
0.210781
0.222430
0.223278
0.230818
0.222294
0.218572
0.230811
0.229605
0.224725
0.220412
0.216482
0.219417
0.204297
0.210192
0.201720
0.225720
0.224751
0.214644
0.193992
0.192686
0.195275
0.206804
0.222469
0.224816
0.197539
0.204311
0.208212
0.224418
0.221186
0.220573
0.209464
0.200871
0.200011
0.221783
0.209591
0.201058
0.209879
0.212370
0.225912
0.216519
0.224539
0.210623
0.202350
0.219824
0.212147
0.203296
0.225317
0.212454
0.209374
0.212863
0.199839
0.192754
0.185467
0.184586
0.203612
0.208136
0.215880
0.212459
0.189186
0.191917
0.214518
0.224073
0.206922
0.193957
0.199239
0.185677
0.210814
0.225303
0.214979
0.202687
0.213708
0.208522
0.206063
0.227416
0.220169
0.205378
0.197683
0.209219
0.211540
0.210428
0.187410
0.214172
0.200644
0.212001
0.213898
0.209466
0.223206
0.226451
0.213097
0.226810
0.223852
0.224610
0.209396
0.204835
0.208097
0.211409
0.206030
0.198144
0.215333
0.214843
0.220006
0.218755
0.209344
0.219247
0.216170
0.206694
0.203901
0.212787
0.221761
0.204532
0.218232
0.197968
0.210013
0.213821
0.199090
0.197252
0.218122
0.234407
0.219919
0.231230
0.235565
0.225562
0.232705
0.227554
0.215634
0.205743
0.217346
0.222356
0.218816
0.216846
0.220973
0.224840
0.233427
0.213711
0.223269
0.212711
0.222553
0.208491
0.198800
0.204892
0.216411
0.210220
0.215579
0.201607
0.226500
0.226843
0.219196
0.212445
0.233342
0.214353
0.219077
0.214466
0.216931
0.214636
0.216356
0.213285
0.232568
0.216086
0.197607
0.217756
0.216700
0.208948
0.226986
0.200713
0.214320
0.218120
0.222789
0.225502
0.198561
0.213548
0.226607
0.224348
0.217395
0.225243
0.220978
0.222582
0.211288
0.206212
0.198196
0.228898
0.209816
0.226210
0.222015
0.222212
0.216764
0.215845
0.209855
0.220965
0.215582
0.218064
0.209127
0.214136
0.213488
0.214774
0.220767
0.208130
0.214238
0.224667
0.213253
0.225845
0.216432
0.210204
0.191012
0.190572
0.227606
0.209276
0.225917
0.219776
0.216196
0.217400
0.217455
0.204826
0.202918
0.206560
0.235302
0.225825
0.220646
0.223715
0.204738
0.197337
0.227553
0.217729
0.222213
0.221847
0.214143
0.209857
0.210572
0.215958
0.214028
0.226082
0.220244
0.209501
0.209458
0.220543
0.202550
0.198662
0.212160
0.222300
0.207306
0.212122
0.229731
0.203690
0.211647
0.217877
0.199727
0.204714
0.213812
0.220895
0.224884
0.213636
0.215257
0.221962
0.221183
0.219692
0.214178
0.229023
0.220914
0.227950
0.225407
0.222432
0.214251
0.220413
0.222009
0.223212
0.213559
0.194449
0.215762
0.209133
0.225602
0.222328
0.218563
0.213431
0.227263
0.222487
0.223709
0.222455
0.219728
0.225057
0.222502
0.218657
0.200082
0.221077
0.215548
0.230136
0.208505
0.209610
0.225360
0.230742
0.219542
0.199134
0.209214
0.211059
0.233486
0.211681
0.208133
0.222384
0.223642
0.219406
0.215925
0.221438
0.209426
0.210172
0.210022
0.206093
0.209165
0.224446
0.214240
0.219243
0.205436
0.207372
0.209287
0.219370
0.229218
0.197788
0.192310
0.214466
0.218688
0.212266
0.194322
0.198810
0.222336
0.214902
0.225215
0.218613
0.226860
0.225448
0.219653
0.226839
0.228321
0.227262
0.226123
0.212930
0.224526
0.223111
0.228942
0.216814
0.238151
0.234666
0.211457
0.205959
0.229026
0.216790
0.224548
0.229965
0.218141
0.214943
0.224058
0.211871
0.221210
0.215952
0.217143
0.222344
0.219862
0.221992
0.221541
0.210074
0.223425
0.229833
0.230297
0.218042
0.219434
0.223794
0.210821
0.220788
0.203952
0.201831
0.190689
0.227690
0.197577
0.225671
0.216854
0.224814
0.216961
0.205251
0.231990
0.219325
0.203357
0.194958
0.218287
0.200724
0.212727
0.195869
0.223059
0.209460
0.221022
0.212851
0.211690
0.224952
0.209666
0.215308
0.221435
0.199175
0.210996
0.198039
0.216904
0.222037
0.210807
0.207626
0.206805
0.212013
0.226994
0.224043
0.196725
0.195651
0.214975
0.230079
0.212373
0.208172
0.208686
0.218074
0.215265
0.206904
0.204255
0.232792
0.205490
0.196755
0.197163
0.212554
0.231488
0.225551
0.225254
0.215700
0.212775
0.201421
0.224401
0.223473
0.220660
0.208359
0.211158
0.220443
0.236378
0.225247
0.219479
0.212999
0.222644
0.207701
0.189085
0.198259
0.212463
0.226141
0.212583
0.214353
0.214354
0.198596
0.234023
0.215083
0.213313
0.222506
0.214473
0.211826
0.217867
0.203681
0.222927
0.232505
0.235496
0.234458
0.225035
0.215389
0.223605
0.209167
0.219342
0.199914
0.199049
0.221933
0.223992
0.207742
0.199484
0.211498
0.207139
0.201406
0.198380
0.238983
0.222467
0.225030
0.220616
0.228583
0.213249
0.214029
0.210183
0.209905
0.201661
0.209808
0.215489
0.190263
0.191725
0.203005
0.203697
0.227606
0.211980
0.221793
0.205290
0.200106
0.198611
0.219942
0.206072
0.208975
0.215769
0.226086
0.238590
0.232325
0.202626
0.214775
0.196080
0.205052
0.198357
0.195550
0.198440
0.197579
0.234051
0.218854
0.218573
0.204807
0.218463
0.207541
0.219587
0.219847
0.204595
0.205309
0.214913
0.209389
0.209354
0.217071
0.225345
0.211492
0.215357
0.215971
0.198077
0.207701
0.215247
0.212777
0.228294
0.189555
0.202963
0.221830
0.218741
0.213527
0.214142
0.211243
0.220162
0.211753
0.225137
0.210361
0.207683
0.205693
0.214115
0.230649
0.211549
0.214753
0.214765
0.229001
0.216636
0.216542
0.220771
0.200524
0.191025
0.219581
0.206774
0.216804
0.217958
0.226123
0.213901
0.229676
0.227172
0.225088
0.232778
0.202515
0.203118
0.197843
0.204256
0.198759
0.221879
0.220786
0.215527
0.214617
0.207643
0.218387
0.216116
0.217960
0.205212
0.220313
0.218014
0.231121
0.208766
0.230428
0.228188
0.217075
0.223248
0.202151
0.224463
0.221155
0.198951
0.204808
0.196218
0.204894
0.239639
0.224218
0.212119
0.210946
0.214334
0.229918
0.214717
0.196963
0.207849
0.217214
0.219281
0.215645
0.216813
0.217435
0.219217
0.229397
0.197859
0.215705
0.216652
0.217287
0.224354
0.218450
0.226027
0.204309
0.221616
0.197450
0.209975
0.217402
0.206839
0.207143
0.212720
0.223659
0.216429
0.219151
0.218712
0.216671
0.211298
0.226312
0.226030
0.221829
0.223834
0.239784
0.211024
0.202234
0.204594
0.206093
0.220385
0.229420
0.221496
0.222613
0.229061
0.218473
0.219875
0.211610
0.197481
0.207864
0.219354
0.207732
0.233435
0.222152
0.223545
0.224836
0.227743
0.234539
0.219253
0.221236
0.216838
0.206679
0.205491
0.217313
0.221985
0.209512
0.193717
0.221484
0.214838
0.219102
0.228339
0.210199
0.190326
0.197395
0.197744
0.197299
0.198282
0.209805
0.213328
0.220858
0.202565
0.216242
0.233132
0.226779
0.221084
0.208789
0.229206
0.215096
0.219018
0.232403
0.202484
0.223391
0.235034
0.227874
0.228555
0.225301
0.213511
0.215149
0.215324
0.213755
0.225693
0.217784
0.227356
0.217856
0.222046
0.212474
0.199086
0.198383
0.214777
0.224420
0.219464
0.212402
0.218272
0.228374
0.221992
0.218571
0.201885
0.225363
0.218788
0.240118
0.236828
0.223437
0.230115
0.225822
0.216667
0.227890
0.228748
0.228201
0.216827
0.219441
0.215038
0.210868
0.227273
0.219013
0.225024
0.226283
0.206359
0.217856
0.217575
0.213751
0.216038
0.201156
0.189275
0.216287
0.220652
0.224755
0.208050
0.205073
0.216827
0.216932
0.229770
0.230408
0.228930
0.212047
0.227970
0.227059
0.221047
0.210916
0.214865
0.224080
0.216653
0.201066
0.203137
0.213881
0.212325
0.212585
0.222449
0.221808
0.221839
0.224865
0.216376
0.207454
0.204354
0.228604
0.225254
0.203858
0.202171
0.185372
0.195592
0.210565
0.218335
0.207866
0.218123
0.205696
0.190877
0.208095
0.215433
0.201632
0.185331
0.213225
0.213370
0.177723
0.196771
0.205026
0.224829
0.227875
0.226658
0.208846
0.226871
0.219272
0.207585
0.218585
0.235025
0.222575
0.224376
0.212100
0.210852
0.234664
0.209588
0.209854
0.198715
0.194877
0.191691
0.199094
0.212660
0.228504
0.214219
0.217647
0.196452
0.204958
0.226555
0.206712
0.228170
0.228911
0.230425
0.216289
0.223947
0.217456
0.221656
0.228604
0.206092
0.209566
0.215498
0.232048
0.205823
0.227390
0.221743
0.221246
0.211773
0.204263
0.233179
0.231148
0.217682
0.218800
0.217983
0.231655
0.237379
0.231652
0.208667
0.221417
0.206075
0.205612
0.219605
0.232115
0.218482
0.215256
0.221532
0.224804
0.221307
0.216927
0.224760
0.213129
0.207566
0.206576
0.209878
0.215901
0.199062
0.170004
0.216844
0.234816
0.225984
0.240683
0.220215
0.209229
0.219689
0.210266
0.234984
0.229922
0.208253
0.223304
0.209712
0.229874
0.224516
0.223452
0.224542
0.228404
0.225221
0.203659
0.216843
0.234229
0.222415
0.201379
0.215499
0.226770
0.226984
0.213055
0.203735
0.228927
0.232710
0.238681
0.213059
0.206498
0.207049
0.204253
0.210826
0.204515
0.183075
0.221129
0.229792
0.224516
0.215318
0.211241
0.238163
0.236847
0.213751
0.224246
0.202059
0.214744
0.233372
0.222339
0.232726
0.216703
0.211279
0.227151
0.222709
0.221941
0.206877
0.181258
0.226925
0.236624
0.213657
0.233667
0.227312
0.219268
0.220932
0.218882
0.226857
0.211067
0.230150
0.212579
0.212722
0.210011
0.233969
0.205295
0.202846
0.227472
0.238632
0.211949
0.216541
0.212034
0.208529
0.217022
0.218044
0.207353
0.206177
0.225364
0.230563
0.223468
0.197275
0.202977
0.219587
0.229866
0.222074
0.220113
0.225926
0.219978
0.217684
0.186871
0.209585
0.204870
0.205464
0.191048
0.235680
0.212344
0.209703
0.207496
0.196349
0.203271
0.224737
0.228737
0.220053
0.220043
0.226686
0.228309
0.216360
0.225268
0.229837
0.221559
0.230842
0.208594
0.222318
0.224204
0.216920
0.226192
0.223598
0.223904
0.211361
0.210789
0.203376
0.197191
0.186772
0.221333
0.215020
0.219425
0.236894
0.228468
0.197556
0.199646
0.210084
0.206627
0.192439
0.203831
0.199835
0.189425
0.202890
0.213325
0.206910
0.209658
0.222750
0.230970
0.216415
0.214849
0.230653
0.215130
0.227525
0.225188
0.209055
0.229236
0.219429
0.219572
0.226211
0.233208
0.222952
0.223281
0.210796
0.224838
0.227046
0.226585
0.228534
0.211237
0.239031
0.218359
0.217703
0.220897
0.227801
0.223039
0.223041
0.217311
0.207786
0.225512
0.221902
0.228184
0.225341
0.224616
0.216595
0.230978
0.210854
0.189629
0.187636
0.215009
0.236242
0.222276
0.238145
0.209289
0.214266
0.198464
0.222403
0.202162
0.222735
0.212860
0.210888
0.206135
0.208674
0.200281
0.203215
0.231872
0.225112
0.206630
0.214737
0.219420
0.239612
0.228851
0.235482
0.214101
0.213745
0.217070
0.224037
0.196477
0.216460
0.212343
0.226575
0.231100
0.216294
0.214399
0.234838
0.237083
0.234009
0.237079
0.232861
0.231654
0.241788
0.231993
0.228907
0.213975
0.210716
0.194592
0.210132
0.201702
0.231539
0.231126
0.228029
0.223547
0.217637
0.236615
0.214448
0.208501
0.218179
0.221074
0.211353
0.189147
0.210600
0.219427
0.233305
0.225917
0.211447
0.226094
0.225693
0.232761
0.218158
0.212654
0.214901
0.236351
0.229910
0.227187
0.232643
0.217022
0.198304
0.180895
0.210799
0.230199
0.220601
0.229376
0.216611
0.197901
0.225052
0.196738
0.215218
0.207289
0.212495
0.204590
0.209355
0.226662
0.233365
0.221230
0.215209
0.193493
0.224483
0.235303
0.239481
0.238877
0.236512
0.202742
0.205620
0.212832
0.189635
0.228359
0.228117
0.219442
0.214887
0.235254
0.237360
0.209981
0.219251
0.202701
0.206859
0.214168
0.221002
0.207777
0.212349
0.199785
0.223625
0.227828
0.211582
0.235630
0.228201
0.217844
0.213367
0.219053
0.205138
0.206661
0.213984
0.219511
0.215921
0.216157
0.211026
0.232230
0.202564
0.204181
0.223980
0.220241
0.236890
0.235272
0.210864
0.219549
0.215302
0.211454
0.210262
0.227062
0.215135
0.225405
0.228932
0.207227
0.224366
0.239726
0.232351
0.217332
0.234329
0.233766
0.231596
0.225932
0.227271
0.221244
0.204180
0.225035
0.222811
0.229031
0.231347
0.228033
0.223171
0.233871
0.225131
0.231856
0.201427
0.206388
0.227915
0.210844
0.221226
0.204046
0.226473
0.222035
0.230084
0.211861
0.235139
0.232559
0.211082
0.217713
0.232121
0.239934
0.201670
0.195307
0.180682
0.216878
0.231478
0.216977
0.204477
0.237852
0.238338
0.221362
0.229666
0.223410
0.240260
0.236603
0.220647
0.213598
0.211186
0.182051
0.217452
0.219695
0.227087
0.239150
0.229921
0.223085
0.226202
0.204386
0.221507
0.231208
0.219857
0.205834
0.209859
0.231356
0.206510
0.217250
0.226832
0.231270
0.226481
0.234367
0.241387
0.228965
0.219406
0.220727
0.217937
0.224120
0.206217
0.206646
0.218428
0.224475
0.240310
0.231567
0.203627
0.218870
0.231730
0.221807
0.218036
0.217484
0.223233
0.238841
0.223596
0.232130
0.211099
0.228673
0.205071
0.221626
0.235794
0.218031
0.210748
0.214588
0.211583
0.203641
0.232573
0.205350
0.210383
0.211274
0.200272
0.230058
0.236333
0.229839
0.226497
0.203168
0.226726
0.222596
0.226214
0.219629
0.227531
0.224835
0.229819
0.228800
0.210377
0.210435
0.217851
0.214788
0.205847
0.211885
0.235861
0.221629
0.242723
0.218949
0.222475
0.226525
0.206709
0.227980
0.235249
0.228034
0.228408
0.230745
0.226012
0.207797
0.225404
0.209975
0.237694
0.238542
0.230265
0.224712
0.218021
0.209093
0.225173
0.238721
0.226820
0.220802
0.212614
0.190233
0.221975
0.237406
0.233294
0.236492
0.235979
0.231152
0.231303
0.233851
0.231471
0.216631
0.224869
0.242862
0.224460
0.213454
0.234347
0.236515
0.242894
0.200532
0.230739
0.218108
0.217382
0.221325
0.234989
0.230442
0.236814
0.236813
0.232097
0.228108
0.226549
0.221519
0.230346
0.209970
0.215461
0.233235
0.232790
0.229282
0.211316
0.210166
0.216564
0.226751
0.227210
0.198605
0.217398
0.211114
0.211939
0.213119
0.218344
0.220923
0.207709
0.211141
0.205271
0.218617
0.209334
0.207917
0.219437
0.223719
0.237446
0.225343
0.224782
0.213998
0.219270
0.216515
0.213031
0.219359
0.225135
0.237540
0.232542
0.220146
0.221157
0.215763
0.207420
0.208367
0.230355
0.228966
0.207794
0.214380
0.202136
0.218455
0.237883
0.218542
0.212694
0.227751
0.240706
0.201531
0.209037
0.227270
0.221470
0.207174
0.224362
0.224924
0.191280
0.192036
0.192409
0.194353
0.222196
0.222551
0.227086
0.236860
0.224366
0.223056
0.231117
0.211105
0.236972
0.224079
0.230411
0.228118
0.211655
0.221081
0.191698
0.205292
0.194720
0.209521
0.214837
0.224686
0.238434
0.225726
0.226633
0.220717
0.236372
0.216101
0.197652
0.225625
0.210452
0.222453
0.231441
0.224980
0.224503
0.235705
0.232441
0.218094
0.225068
0.231927
0.230301
0.228673
0.225566
0.223055
0.208173
0.208121
0.224856
0.225909
0.222707
0.221013
0.231489
0.221783
0.222908
0.227968
0.231639
0.201013
0.221705
0.229185
0.216979
0.226804
0.222121
0.235224
0.223607
0.217783
0.232589
0.230888
0.231877
0.232213
0.210353
0.200224
0.206279
0.224899
0.211219
0.221396
0.209869
0.224684
0.222155
0.226627
0.229938
0.205108
0.210716
0.229337
0.205423
0.193943
0.209315
0.230836
0.223097
0.229894
0.217214
0.227806
0.229934
0.228870
0.228457
0.212536
0.221219
0.241152
0.225009
0.203429
0.209708
0.213336
0.243652
0.228268
0.221469
0.224151
0.224345
0.237785
0.226476
0.224525
0.215428
0.241550
0.235955
0.231188
0.223097
0.223527
0.223622
0.210315
0.208237
0.217512
0.235409
0.224452
0.234923
0.226518
0.227624
0.208988
0.223972
0.197224
0.201449
0.227476
0.222428
0.218396
0.208903
0.230553
0.231511
0.233675
0.226752
0.221300
0.204216
0.211098
0.224245
0.226133
0.240285
0.211469
0.210153
0.227857
0.217878
0.219667
0.219093
0.221183
0.214918
0.223196
0.216179
0.235120
0.210652
0.202896
0.238648
0.222983
0.200427
0.224915
0.234760
0.232710
0.234865
0.228010
0.223200
0.208245
0.200805
0.218868
0.215531
0.224251
0.214963
0.205427
0.214742
0.209255
0.230111
0.221345
0.216336
0.218067
0.239982
0.224172
0.236189
0.229667
0.229625
0.216392
0.216042
0.208753
0.211552
0.200543
0.218881
0.237835
0.226687
0.231955
0.222111
0.207689
0.207608
0.215855
0.212669
0.221539
0.211545
0.220784
0.218118
0.217054
0.211186
0.230603
0.228138
0.221702
0.207815
0.227240
0.218504
0.228811
0.231457
0.208220
0.220977
0.201214
0.201856
0.222174
0.202762
0.210480
0.234339
0.226260
0.211321
0.212914
0.229910
0.224364
0.209641
0.234067
0.226883
0.222133
0.208168
0.235044
0.229578
0.214924
0.216814
0.237529
0.234068
0.219890
0.231459
0.211463
0.213623
0.234914
0.236636
0.224887
0.220480
0.213475
0.216864
0.225829
0.218383
0.224871
0.208797
0.228391
0.241591
0.217205
0.235619
0.226065
0.236371
0.194505
0.208399
0.214497
0.229172
0.210085
0.206002
0.219111
0.237520
0.234824
0.228689
0.219369
0.209364
0.209971
0.193898
0.217415
0.218473
0.235763
0.219384
0.228246
0.231896
0.221970
0.227842
0.230554
0.226325
0.204640
0.206948
0.226203
0.230239
0.229149
0.213795
0.205107
0.232371
0.210184
0.218396
0.228095
0.226298
0.232968
0.235253
0.230329
0.237563
0.227589
0.216936
0.223586
0.200116
0.217670
0.223275
0.225499
0.244358
0.233188
0.228167
0.230914
0.226240
0.228741
0.236941
0.232730
0.228786
0.227220
0.216194
0.219615
0.210498
0.216425
0.214945
0.202413
0.216326
0.205009
0.197661
0.226474
0.217653
0.237948
0.213736
0.222944
0.210630
0.226874
0.232815
0.233037
0.222451
0.232652
0.237354
0.225420
0.211757
0.216333
0.214186
0.233513
0.214626
0.199115
0.221848
0.221609
0.230136
0.228234
0.225533
0.207537
0.224084
0.227381
0.224681
0.232143
0.224425
0.205360
0.212898
0.194040
0.202236
0.233097
0.233818
0.220617
0.225943
0.233276
0.233327
0.224427
0.228329
0.226545
0.220900
0.221818
0.219901
0.218323
0.206429
0.231951
0.231028
0.230471
0.224644
0.225139
0.215024
0.215757
0.223730
0.215183
0.228839
0.227064
0.213714
0.231539
0.219504
0.215585
0.198092
0.235227
0.214692
0.240937
0.238791
0.228013
0.216313
0.234275
0.212126
0.230945
0.224858
0.217151
0.220527
0.234021
0.232621
0.212510
0.216737
0.206110
0.207930
0.213403
0.222754
0.215888
0.222811
0.231945
0.221590
0.214644
0.233197
0.231532
0.240639
0.218577
0.213447
0.230804
0.226801
0.223639
0.229336
0.237477
0.233608
0.244860
0.226493
0.229043
0.207229
0.225707
0.227743
0.198941
0.212131
0.227738
0.234089
0.220090
0.218421
0.231317
0.232297
0.228399
0.230121
0.240570
0.229566
0.233553
0.221133
0.233276
0.219538
0.210518
0.215607
0.232111
0.234478
0.238646
0.208623
0.191933
0.216496
0.215847
0.207596
0.216290
0.215676
0.231630
0.218026
0.231029
0.232274
0.218527
0.213322
0.225577
0.220004
0.214955
0.230476
0.245084
0.233202
0.236896
0.230511
0.240272
0.219212
0.228815
0.223184
0.220730
0.217281
0.219349
0.232445
0.233637
0.212666
0.222131
0.221999
0.231028
0.220543
0.219066
0.194208
0.216860
0.201840
0.225064
0.230184
0.227434
0.245209
0.207321
0.198696
0.186280
0.205463
0.219367
0.234710
0.228938
0.215623
0.204916
0.220340
0.224363
0.229935
0.235764
0.233638
0.224883
0.201471
0.204901
0.208059
0.230072
0.216734
0.200497
0.202886
0.229647
0.219775
0.208592
0.216323
0.241316
0.238157
0.242717
0.231058
0.236142
0.227199
0.224581
0.227155
0.222917
0.226398
0.233525
0.213124
0.197682
0.209749
0.196206
0.205964
0.234695
0.212679
0.239274
0.214966
0.210389
0.231213
0.224183
0.224017
0.214864
0.218594
0.235575
0.238087
0.229251
0.224862
0.237429
0.238063
0.212693
0.224179
0.237828
0.205778
0.235424
0.229935
0.243094
0.203978
0.208183
0.231331
0.218701
0.235774
0.229017
0.225281
0.232477
0.224312
0.216523
0.192970
0.218594
0.229448
0.220507
0.228277
0.223016
0.213665
0.222969
0.225106
0.208839
0.221258
0.225162
0.232484
0.223879
0.241893
0.210471
0.221888
0.243217
0.227402
0.212184
0.218963
0.235002
0.220012
0.219494
0.222183
0.236116
0.212284
0.198083
0.207799
0.225032
0.212496
0.219776
0.222232
0.217560
0.225252
0.220162
0.223404
0.217504
0.223762
0.213848
0.230249
0.227801
0.220580
0.218482
0.208950
0.211149
0.214826
0.209523
0.232989
0.212668
0.222932
0.210299
0.237309
0.230096
0.236645
0.219715
0.224986
0.212054
0.212048
0.226695
0.211491
0.197261
0.229255
0.226919
0.213101
0.223216
0.225143
0.241068
0.211187
0.225731
0.225825
0.222665
0.227338
0.217750
0.233282
0.242410
0.217256
0.221389
0.210136
0.211904
0.238163
0.229627
0.197452
0.210822
0.218036
0.217510
0.215977
0.207508
0.220791
0.230093
0.235936
0.214648
0.234547
0.217724
0.225069
0.231890
0.214875
0.201848
0.201362
0.232615
0.219748
0.216916
0.228452
0.228371
0.222591
0.235257
0.231726
0.211577
0.226468
0.223028
0.227918
0.243352
0.229124
0.217640
0.219784
0.233989
0.229992
0.227731
0.227566
0.233411
0.208767
0.199933
0.226822
0.218983
0.230900
0.231643
0.231570
0.228149
0.216373
0.213077
0.230413
0.224082
0.240033
0.231828
0.228572
0.214631
0.224003
0.207110
0.187918
0.223235
0.222890
0.220050
0.228219
0.231291
0.224235
0.221737
0.235800
0.236149
0.226934
0.206764
0.233435
0.219382
0.207509
0.228282
0.230406
0.230554
0.218455
0.221984
0.224638
0.225119
0.229870
0.217087
0.235418
0.235510
0.209400
0.211727
0.223515
0.225808
0.219006
0.226101
0.230036
0.233041
0.226628
0.214708
0.209978
0.193568
0.234597
0.237212
0.219765
0.219263
0.224437
0.236116
0.208610
0.231795
0.212203
0.205238
0.206181
0.192654
0.218430
0.206194
0.214716
0.225574
0.232529
0.225526
0.213394
0.216496
0.211756
0.235636
0.214633
0.241409
0.227462
0.237673
0.189376
0.223472
0.224446
0.221982
0.222700
0.206895
0.212013
0.231275
0.226811
0.215396
0.226963
0.242018
0.232541
0.233635
0.229478
0.220447
0.219151
0.231736
0.229427
0.219301
0.226648
0.226529
0.233378
0.229069
0.241052
0.229154
0.224958
0.218181
0.213043
0.233399
0.227945
0.238691
0.235966
0.235491
0.213082
0.221638
0.230772
0.228961
0.231375
0.218618
0.218752
0.217851
0.234402
0.229821
0.213678
0.227585
0.234759
0.220437
0.212287
0.211849
0.206950
0.202057
0.240636
0.227095
0.228057
0.216409
0.223830
0.216410
0.244924
0.244416
0.229903
0.225697
0.231939
0.237479
0.216529
0.210099
0.208528
0.226424
0.211149
0.240193
0.237690
0.236935
0.224368
0.225370
0.228646
0.232998
0.234656
0.224277
0.223522
0.229793
0.239997
0.241032
0.223459
0.225093
0.226256
0.230111
0.241103
0.223573
0.235001
0.212498
0.224386
0.237073
0.236066
0.228694
0.238167
0.208671
0.215203
0.232801
0.211029
0.211936
0.230476
0.227314
0.240331
0.234626
0.217481
0.220202
0.222449
0.226871
0.223680
0.238800
0.220754
0.225888
0.206587
0.211997
0.215195
0.218970
0.219071
0.226970
0.234091
0.219559
0.213847
0.221774
0.225345
0.221105
0.224372
0.224577
0.232491
0.224823
0.228833
0.223946
0.216577
0.233059
0.237505
0.222638
0.224346
0.231252
0.225061
0.210537
0.225315
0.228571
0.213293
0.226438
0.215177
0.210630
0.233626
0.227931
0.236737
0.237051
0.235423
0.224860
0.208525
0.237897
0.230519
0.229190
0.216167
0.237374
0.232612
0.216476
0.217731
0.216244
0.208916
0.237337
0.234954
0.232857
0.224928
0.234904
0.232844
0.236634
0.206880
0.209416
0.220702
0.207956
0.235397
0.219624
0.220375
0.225795
0.232472
0.219845
0.217484
0.223917
0.226061
0.227411
0.215828
0.209518
0.232269
0.226039
0.211732
0.224782
0.240487
0.215809
0.234968
0.235811
0.218564
0.226582
0.223034
0.237099
0.224225
0.210308
0.221007
0.221193
0.230541
0.233903
0.224271
0.223373
0.232127
0.212060
0.217779
0.214216
0.226038
0.209221
0.212143
0.227827
0.232984
0.224400
0.221562
0.219119
0.208569
0.225078
0.223037
0.226157
0.224322
0.228926
0.243045
0.217919
0.236048
0.223067
0.212720
0.238239
0.233299
0.237522
0.238015
0.227889
0.203186
0.194865
0.195618
0.197445
0.229841
0.237447
0.232833
0.223270
0.223588
0.213251
0.218710
0.221655
0.241751
0.243880
0.234612
0.238694
0.240279
0.218698
0.196513
0.229268
0.230333
0.218990
0.218891
0.217544
0.220271
0.229815
0.229411
0.217996
0.228065
0.214347
0.233166
0.226958
0.228389
0.224384
0.214739
0.210702
0.215271
0.227594
0.231422
0.245991
0.213453
0.220490
0.233040
0.203566
0.219327
0.234421
0.213072
0.212208
0.195229
0.227492
0.230234
0.232384
0.234266
0.226197
0.238718
0.212088
0.208651
0.226436
0.231551
0.237201
0.224212
0.213127
0.228782
0.234251
0.214301
0.231509
0.230647
0.235625
0.233365
0.232670
0.220201
0.233459
0.236032
0.218721
0.209302
0.217860
0.229861
0.236196
0.220925
0.208284
0.226542
0.235630
0.236820
0.237928
0.216652
0.225857
0.227943
0.227321
0.205023
0.212840
0.234594
0.227996
0.212064
0.216169
0.207159
0.227960
0.229105
0.240681
0.232926
0.235134
0.219850
0.223759
0.221550
0.237414
0.239684
0.234940
0.245622
0.225356
0.236083
0.225553
0.222457
0.220154
0.216438
0.224311
0.223884
0.237722
0.218197
0.207991
0.226874
0.223484
0.235350
0.222097
0.235359
0.226197
0.233247
0.232284
0.230939
0.231407
0.235200
0.223170
0.228426
0.240896
0.243824
0.222921
0.218436
0.219064
0.226779
0.227568
0.247301
0.232699
0.212118
0.212470
0.224447
0.213368
0.221380
0.233439
0.223378
0.223043
0.247321
0.239253
0.220808
0.196172
0.222959
0.239238
0.236590
0.244475
0.229241
0.224599
0.218391
0.232056
0.227214
0.214526
0.198561
0.235577
0.203997
0.205843
0.219015
0.221482
0.226308
0.223936
0.223155
0.222761
0.230674
0.235189
0.218570
0.227920
0.235455
0.226739
0.234204
0.229308
0.203936
0.223625
0.243268
0.226956
0.231890
0.228724
0.236440
0.230911
0.224337
0.211459
0.239148
0.223752
0.236327
0.241170
0.230538
0.230121
0.224710
0.227338
0.231180
0.229500
0.230913
0.232564
0.231930
0.233470
0.240321
0.237823
0.233598
0.222594
0.223161
0.236714
0.208918
0.213508
0.219947
0.209504
0.218356
0.209809
0.217908
0.217383
0.226478
0.226354
0.211745
0.229783
0.230575
0.209093
0.209721
0.211894
0.205755
0.223161
0.207010
0.203863
0.229199
0.226337
0.215091
0.232058
0.217912
0.217900
0.203484
0.228895
0.216177
0.211960
0.234970
0.227370
0.227221
0.242506
0.235947
0.234820
0.228229
0.215995
0.238792
0.233411
0.212241
0.221871
0.216970
0.237257
0.216930
0.225724
0.224230
0.230709
0.219030
0.233260
0.245273
0.224051
0.229085
0.230269
0.226411
0.234828
0.238649
0.224196
0.238789
0.232595
0.210390
0.221112
0.223787
0.224885
0.219656
0.203452
0.208201
0.211348
0.243239
0.233501
0.237343
0.221294
0.213851
0.200394
0.211494
0.225869
0.217894
0.230083
0.232648
0.233207
0.232587
0.237436
0.244031
0.232388
0.209581
0.221571
0.226670
0.231570
0.220171
0.219247
0.231203
0.217821
0.238518
0.236696
0.234845
0.217377
0.212750
0.218664
0.210269
0.213477
0.219493
0.215333
0.210605
0.237022
0.214856
0.225899
0.229543
0.228776
0.240388
0.226332
0.222596
0.210223
0.231373
0.236912
0.223882
0.216238
0.232407
0.232501
0.224641
0.241488
0.234933
0.229696
0.234553
0.214975
0.235531
0.233663
0.214822
0.234077
0.209330
0.225680
0.233456
0.239273
0.225469
0.233427
0.217222
0.226835
0.224184
0.222322
0.226815
0.238500
0.223806
0.212759
0.216394
0.222189
0.236158
0.210392
0.232864
0.230545
0.240126
0.233129
0.223460
0.210532
0.223783
0.230070
0.238722
0.214074
0.201131
0.230211
0.232076
0.232487
0.226659
0.239062
0.236345
0.231045
0.242989
0.233663
0.242604
0.212642
0.229840
0.243764
0.232462
0.232244
0.230164
0.235185
0.227980
0.235576
0.226018
0.237122
0.223836
0.215751
0.222206
0.240791
0.219790
0.216640
0.213263
0.220838
0.217657
0.232012
0.228929
0.215070
0.232515
0.219780
0.223621
0.224777
0.232050
0.232396
0.218847
0.227623
0.244693
0.243970
0.226761
0.228134
0.241544
0.225786
0.228199
0.209756
0.220638
0.242418
0.229223
0.228280
0.218728
0.216002
0.219370
0.228501
0.218470
0.226334
0.234745
0.230852
0.242333
0.231661
0.233935
0.198094
0.228705
0.232115
0.213423
0.202553
0.224807
0.239472
0.227623
0.239999
0.229245
0.230444
0.238307
0.242015
0.227131
0.215555
0.226157
0.233232
0.239462
0.231600
0.237390
0.238657
0.210182
0.227235
0.227682
0.208500
0.224156
0.232629
0.226470
0.232207
0.235809
0.201838
0.224367
0.221401
0.244684
0.227017
0.230983
0.228570
0.232940
0.231303
0.216443
0.240111
0.221571
0.202560
0.201031
0.236630
0.238050
0.231715
0.211595
0.228476
0.234170
0.222161
0.214248
0.228622
0.222793
0.216210
0.202981
0.221482
0.219888
0.223452
0.229611
0.233838
0.234168
0.231732
0.240942
0.224732
0.226867
0.231872
0.234315
0.229718
0.243426
0.237514
0.227734
0.237119
0.227940
0.229556
0.210163
0.219384
0.232741
0.225969
0.221877
0.221004
0.219641
0.227699
0.227783
0.230248
0.239649
0.221850
0.219266
0.205576
0.236671
0.227366
0.233331
0.225194
0.225665
0.213506
0.216109
0.218041
0.226941
0.234526
0.240334
0.206602
0.213314
0.231860
0.233345
0.241571
0.239085
0.233123
0.228684
0.198396
0.210419
0.231779
0.219375
0.217249
0.237267
0.227164
0.209486
0.244005
0.244472
0.241301
0.217463
0.236382
0.238358
0.239932
0.231894
0.216149
0.236534
0.212407
0.229043
0.236506
0.233365
0.208888
0.210966
0.219696
0.235818
0.235752
0.220877
0.243314
0.234526
0.222428
0.244992
0.234375
0.235897
0.217359
0.237889
0.230486
0.248421
0.227586
0.216312
0.234797
0.222117
0.229309
0.226193
0.208768
0.194735
0.165802
0.195888
0.199967
0.217297
0.231294
0.232565
0.231170
0.226193
0.232755
0.200541
0.204534
0.234621
0.237217
0.219835
0.227034
0.234939
0.221947
0.236516
0.228950
0.233423
0.226515
0.229035
0.214677
0.219793
0.235826
0.217954
0.206344
0.221806
0.221835
0.221917
0.223700
0.228725
0.195248
0.219450
0.219133
0.219932
0.220035
0.207494
0.229091
0.235602
0.238381
0.236118
0.230602
0.209638
0.234288
0.218233
0.219302
0.227168
0.226090
0.227997
0.216502
0.221851
0.199130
0.205138
0.208057
0.232883
0.230928
0.221229
0.224652
0.228043
0.229748
0.229659
0.229534
0.222214
0.226479
0.210241
0.214358
0.238248
0.219112
0.212341
0.225770
0.234337
0.238152
0.230964
0.219894
0.229332
0.233310
0.227061
0.241534
0.233240
0.224977
0.210580
0.218465
0.219769
0.219994
0.221125
0.212796
0.201607
0.238357
0.227777
0.227030
0.242626
0.242542
0.231388
0.228158
0.239207
0.229174
0.231695
0.239806
0.227864
0.227571
0.212935
0.224687
0.221440
0.239735
0.214245
0.236979
0.234021
0.227725
0.239333
0.228180
0.228239
0.231156
0.233901
0.234169
0.227201
0.223034
0.229080
0.221782
0.233175
0.228959
0.217112
0.215817
0.222852
0.233536
0.223134
0.228185
0.210078
0.231627
0.230668
0.224077
0.219098
0.215270
0.208580
0.221958
0.239394
0.213040
0.215344
0.215609
0.216850
0.209334
0.219612
0.227651
0.209496
0.208785
0.226767
0.225736
0.224920
0.213282
0.226216
0.207804
0.222169
0.211688
0.200593
0.201362
0.209684
0.220657
0.230354
0.233355
0.208740
0.223483
0.224860
0.222936
0.230667
0.226436
0.237220
0.233876
0.217320
0.223275
0.233083
0.223991
0.214339
0.212223
0.194304
0.215758
0.230197
0.217671
0.230392
0.227748
0.216944
0.224047
0.223766
0.202527
0.219973
0.229557
0.222042
0.229590
0.235307
0.221001
0.236930
0.248859
0.242152
0.240710
0.231916
0.234287
0.220898
0.244211
0.238030
0.225234
0.232179
0.237313
0.230040
0.241421
0.236659
0.229656
0.231025
0.239852
0.222628
0.227359
0.235330
0.232957
0.231619
0.234198
0.232109
0.233309
0.211392
0.205818
0.206749
0.214876
0.238658
0.220699
0.229238
0.234403
0.233429
0.232969
0.235469
0.211541
0.202332
0.222693
0.241741
0.230694
0.225687
0.223795
0.237280
0.241372
0.227571
0.243705
0.239252
0.210668
0.226367
0.216245
0.228285
0.222797
0.225325
0.236357
0.209050
0.221886
0.212643
0.214690
0.208550
0.236041
0.239444
0.233762
0.242652
0.227499
0.212451
0.194994
0.219379
0.224083
0.217493
0.235509
0.229374
0.225570
0.223101
0.234650
0.232397
0.237990
0.215121
0.243719
0.228437
0.223340
0.219971
0.207795
0.226885
0.222029
0.222078
0.216502
0.217478
0.232556
0.233682
0.228783
0.222626
0.216334
0.236964
0.241977
0.233136
0.223833
0.225842
0.242947
0.225379
0.227271
0.238937
0.206539
0.212332
0.213224
0.229060
0.243672
0.217226
0.237803
0.229196
0.240155
0.211944
0.229548
0.234828
0.240115
0.236471
0.238721
0.243711
0.237593
0.225069
0.233753
0.213344
0.223324
0.212085
0.215272
0.228589
0.245245
0.234393
0.232277
0.226666
0.210693
0.221534
0.213909
0.240410
0.229989
0.207905
0.214385
0.241859
0.224998
0.216954
0.230955
0.201217
0.225027
0.217453
0.231464
0.221328
0.228758
0.218498
0.199024
0.226851
0.229705
0.235038
0.244662
0.220074
0.234653
0.225740
0.218996
0.233736
0.243854
0.242738
0.242332
0.249228
0.237811
0.245587
0.237402
0.232129
0.212520
0.227732
0.230445
0.224604
0.233079
0.237993
0.230841
0.230089
0.219583
0.218918
0.224913
0.235202
0.233368
0.232736
0.224498
0.211795
0.231459
0.246579
0.214658
0.222812
0.228041
0.225129
0.199651
0.221770
0.238721
0.225257
0.209991
0.211610
0.232475
0.245837
0.237144
0.231667
0.233166
0.224192
0.236220
0.226325
0.222432
0.227700
0.225066
0.220540
0.204697
0.236120
0.201774
0.236822
0.224468
0.228720
0.219966
0.208075
0.223006
0.222240
0.224744
0.214627
0.208779
0.221766
0.227795
0.213163
0.207089
0.231721
0.237326
0.239118
0.217060
0.213883
0.231700
0.222672
0.223620
0.196539
0.236484
0.227234
0.216089
0.208489
0.214687
0.214311
0.214566
0.189382
0.233225
0.202714
0.209107
0.240554
0.228290
0.241275
0.244061
0.243070
0.226404
0.234618
0.245362
0.236505
0.214905
0.236467
0.230240
0.228089
0.232509
0.221669
0.234875
0.229588
0.241538
0.241037
0.232757
0.232723
0.239982
0.217499
0.241249
0.241389
0.237022
0.239108
0.235174
0.237773
0.235182
0.232016
0.233084
0.230592
0.217819
0.200307
0.201859
0.227511
0.235886
0.235862
0.223457
0.233969
0.241394
0.238268
0.227321
0.228694
0.229958
0.213791
0.206799
0.228681
0.232772
0.217405
0.219128
0.221508
0.229261
0.201894
0.199490
0.226185
0.212560
0.200903
0.229774
0.233486
0.215572
0.229814
0.220778
0.235777
0.241103
0.225668
0.222035
0.226329
0.226523
0.239980
0.240427
0.228817
0.204627
0.222695
0.218964
0.210544
0.216540
0.215645
0.208795
0.237821
0.232519
0.237501
0.231600
0.229666
0.211426
0.242492
0.233972
0.209789
0.206099
0.228004
0.227214
0.210130
0.200284
0.217040
0.215831
0.224335
0.217745
0.237648
0.216952
0.223020
0.238955
0.221560
0.237949
0.228361
0.239463
0.229287
0.228312
0.238928
0.222231
0.223335
0.228829
0.206749
0.239193
0.232018
0.216781
0.216123
0.226696
0.236632
0.233716
0.230535
0.213812
0.229323
0.222408
0.235853
0.235220
0.244359
0.244366
0.231688
0.237277
0.219074
0.220457
0.225191
0.225120
0.216003
0.235223
0.247248
0.235861
0.226654
0.237138
0.223268
0.240770
0.245847
0.229720
0.208000
0.212519
0.210020
0.215945
0.225751
0.239457
0.244634
0.234904
0.216148
0.210036
0.208307
0.208099
0.219409
0.236885
0.237363
0.235577
0.237674
0.247803
0.229127
0.232194
0.228702
0.225339
0.221445
0.232835
0.223947
0.226276
0.220163
0.215632
0.228152
0.242108
0.247962
0.238930
0.234170
0.225282
0.233227
0.214961
0.217769
0.225335
0.236240
0.229521
0.247363
0.225529
0.227613
0.229428
0.232946
0.237484
0.230150
0.226271
0.214861
0.237190
0.212886
0.210961
0.228793
0.223568
0.231023
0.248223
0.239208
0.228854
0.231293
0.220819
0.238177
0.225342
0.206399
0.215156
0.209052
0.216255
0.223386
0.214278
0.222650
0.230175
0.233847
0.247202
0.223197
0.228386
0.234393
0.232028
0.225612
0.216534
0.219049
0.214516
0.224060
0.223465
0.231726
0.227107
0.246262
0.231076
0.231743
0.243708
0.244185
0.231006
0.225972
0.232656
0.227806
0.249838
0.245436
0.231438
0.241272
0.241220
0.234212
0.231648
0.231399
0.237587
0.229231
0.221859
0.211180
0.228738
0.202319
0.197438
0.212325
0.210169
0.219600
0.222202
0.220344
0.211855
0.200411
0.216136
0.228338
0.209496
0.226284
0.222780
0.216701
0.217652
0.216355
0.220219
0.230679
0.229277
0.225295
0.235186
0.240090
0.219527
0.234503
0.234542
0.233191
0.228308
0.204253
0.233268
0.232536
0.227079
0.213816
0.230336
0.218046
0.239297
0.234616
0.230277
0.220660
0.231848
0.226153
0.223137
0.232103
0.240592
0.232603
0.221138
0.224403
0.231161
0.230786
0.230476
0.234473
0.224439
0.235617
0.230314
0.233625
0.247838
0.228910
0.243274
0.233715
0.220617
0.225734
0.220292
0.216287
0.220421
0.231580
0.231241
0.228639
0.228175
0.224935
0.224371
0.230498
0.224423
0.210921
0.225047
0.250023
0.243037
0.228732
0.233352
0.232859
0.229750
0.235570
0.227864
0.231019
0.231082
0.250056
0.237849
0.219586
0.238331
0.224221
0.234954
0.219820
0.217659
0.228408
0.207979
0.222692
0.219758
0.242656
0.240361
0.229546
0.229269
0.217979
0.215989
0.198652
0.234078
0.229554
0.213983
0.235688
0.228831
0.222268
0.238688
0.230679
0.249237
0.216038
0.206119
0.228335
0.233653
0.207450
0.228529
0.232075
0.220528
0.223810
0.219110
0.232233
0.216017
0.227185
0.233137
0.225469
0.229723
0.224309
0.235720
0.250201
0.231614
0.205213
0.246969
0.226737
0.221440
0.233156
0.234427
0.208623
0.220598
0.228527
0.230078
0.236084
0.218306
0.231639
0.238833
0.231683
0.208974
0.225063
0.213869
0.239529
0.202568
0.209176
0.211117
0.218632
0.213956
0.226776
0.236628
0.235794
0.242832
0.231084
0.220421
0.229622
0.224535
0.229556
0.223606
0.245225
0.226669
0.228009
0.217823
0.240254
0.235027
0.226942
0.227772
0.217596
0.236524
0.224496
0.220142
0.225314
0.233938
0.223215
0.204782
0.235842
0.238949
0.218164
0.237283
0.232324
0.224258
0.215179
0.207592
0.218234
0.201127
0.205001
0.228173
0.238728
0.232757
0.197951
0.192318
0.224147
0.209149
0.218608
0.216967
0.231211
0.243598
0.245227
0.214604
0.226531
0.243166
0.239980
0.218066
0.220339
0.205647
0.236144
0.214769
0.232731
0.233542
0.216390
0.218620
0.213184
0.215455
0.219484
0.237134
0.239376
0.207934
0.207383
0.219596
0.237545
0.236847
0.237020
0.225968
0.237654
0.240248
0.236603
0.236087
0.234739
0.224079
0.216307
0.232108
0.226420
0.233995
0.240429
0.229919
0.228765
0.229829
0.210102
0.206613
0.225046
0.217924
0.233992
0.229625
0.239151
0.242189
0.247484
0.237653
0.227161
0.224650
0.216972
0.240160
0.232506
0.225778
0.223578
0.230748
0.227165
0.233403
0.212055
0.210936
0.213864
0.211611
0.216775
0.243570
0.223434
0.238785
0.247679
0.242066
0.227441
0.225910
0.225425
0.232665
0.237534
0.223274
0.241007
0.220946
0.242213
0.231476
0.237292
0.219501
0.230116
0.218154
0.226844
0.241953
0.206218
0.222846
0.206311
0.217825
0.216630
0.233478
0.232924
0.220635
0.235264
0.220981
0.233058
0.230858
0.234678
0.239090
0.242924
0.230583
0.231477
0.235111
0.204272
0.230025
0.232608
0.227513
0.232405
0.245860
0.229875
0.234944
0.226127
0.228169
0.215239
0.240296
0.220167
0.237180
0.206707
0.226517
0.234152
0.235085
0.215049
0.224722
0.240166
0.240308
0.249826
0.245877
0.245796
0.224853
0.237202
0.239713
0.235317
0.210380
0.226709
0.225151
0.220557
0.227893
0.220975
0.227884
0.226324
0.242153
0.226609
0.238508
0.242776
0.211444
0.223216
0.222613
0.249703
0.232581
0.230359
0.215706
0.243004
0.233952
0.243486
0.240449
0.245653
0.231278
0.223035
0.236080
0.242636
0.215655
0.235881
0.215492
0.216206
0.237281
0.235893
0.226555
0.214298
0.218252
0.216076
0.215099
0.224661
0.210818
0.213172
0.233174
0.229556
0.237263
0.242543
0.234763
0.239048
0.243550
0.247112
0.237609
0.223149
0.245196
0.232668
0.229209
0.236759
0.225808
0.242774
0.239156
0.232385
0.225268
0.237385
0.230842
0.232955
0.220965
0.244913
0.223933
0.228303
0.236124
0.249598
0.228376
0.230382
0.233537
0.230202
0.235888
0.239401
0.221978
0.233262
0.238064
0.238783
0.217667
0.230954
0.245807
0.228999
0.227956
0.210294
0.238440
0.233983
0.224214
0.216654
0.221363
0.224255
0.234009
0.211510
0.230550
0.226117
0.215328
0.210532
0.221674
0.227293
0.235948
0.211547
0.214508
0.223243
0.229957
0.230082
0.233982
0.224459
0.223624
0.215011
0.204117
0.232921
0.242420
0.229380
0.221262
0.230095
0.240083
0.237327
0.244773
0.237296
0.228075
0.230812
0.247210
0.235942
0.228675
0.242695
0.236341
0.234673
0.229729
0.236097
0.235379
0.239527
0.235668
0.235899
0.212653
0.234333
0.200042
0.226296
0.238163
0.241973
0.233023
0.241571
0.243347
0.232711
0.235815
0.230564
0.220475
0.211488
0.223673
0.228875
0.231649
0.220970
0.231625
0.219117
0.217318
0.231045
0.227689
0.215665
0.240585
0.243843
0.234570
0.238296
0.232958
0.219240
0.216406
0.220478
0.195977
0.202251
0.230600
0.231579
0.229251
0.233708
0.234627
0.243216
0.240394
0.235984
0.215227
0.244360
0.241565
0.245050
0.223102
0.217338
0.215401
0.232129
0.238583
0.238783
0.234485
0.243358
0.219436
0.239904
0.231557
0.224547
0.232480
0.230215
0.228626
0.226924
0.236425
0.223988
0.230928
0.217047
0.242387
0.236489
0.238831
0.235677
0.236792
0.235235
0.211883
0.200365
0.229187
0.218820
0.241293
0.210350
0.234166
0.208458
0.235814
0.217101
0.226184
0.212488
0.236192
0.236244
0.215764
0.238890
0.223390
0.230620
0.223829
0.229927
0.224346
0.231775
0.219219
0.226099
0.222013
0.215818
0.228001
0.229695
0.200001
0.220429
0.212222
0.212695
0.225187
0.225718
0.228745
0.218838
0.204571
0.222856
0.230648
0.247898
0.237848
0.222039
0.219520
0.233679
0.226662
0.223906
0.228965
0.218266
0.230892
0.223700
0.228531
0.218213
0.238064
0.217373
0.223467
0.233276
0.229695
0.220014
0.227826
0.247851
0.223382
0.234424
0.239166
0.242044
0.231219
0.223738
0.250264
0.221319
0.229005
0.232624
0.242067
0.251401
0.240777
0.226068
0.216506
0.213517
0.220198
0.232129
0.225098
0.222933
0.229306
0.213482
0.196593
0.234928
0.222746
0.225788
0.238814
0.233323
0.218891
0.213029
0.232634
0.239273
0.239797
0.225570
0.223885
0.218299
0.240546
0.232661
0.221967
0.210920
0.206175
0.212915
0.213534
0.219557
0.218665
0.217614
0.225565
0.211626
0.241714
0.232888
0.214319
0.233204
0.232563
0.242458
0.235126
0.239756
0.221306
0.223774
0.234038
0.226222
0.238751
0.240512
0.233138
0.226992
0.218543
0.230845
0.237809
0.233026
0.240370
0.209114
0.209793
0.219646
0.234691
0.217355
0.218008
0.217202
0.224977
0.236606
0.214628
0.233093
0.230652
0.241958
0.225867
0.231637
0.228021
0.231737
0.234232
0.236314
0.250277
0.200469
0.237952
0.246937
0.245262
0.247718
0.242264
0.225107
0.230679
0.234270
0.227550
0.233037
0.235102
0.227992
0.238032
0.225713
0.235515
0.229083
0.205668
0.228272
0.215331
0.203444
0.204051
0.237780
0.249562
0.229534
0.246189
0.234872
0.231420
0.215237
0.231954
0.226026
0.218625
0.245767
0.216436
0.234685
0.231275
0.232621
0.238821
0.206204
0.213685
0.227251
0.240201
0.220284
0.238972
0.206532
0.200586
0.229645
0.205447
0.207271
0.227802
0.229874
0.232914
0.240789
0.206424
0.222140
0.219084
0.220310
0.194941
0.223480
0.235059
0.238767
0.239602
0.228888
0.226497
0.233476
0.236668
0.228311
0.234722
0.236782
0.241325
0.237082
0.217306
0.215717
0.236181
0.226934
0.231445
0.223952
0.248669
0.242026
0.238284
0.234875
0.236037
0.218630
0.215711
0.239061
0.220609
0.232713
0.214850
0.218563
0.230227
0.248194
0.236289
0.230316
0.232863
0.222025
0.235797
0.231819
0.229694
0.220951
0.225387
0.228680
0.229822
0.222800
0.212090
0.225208
0.226585
0.235322
0.233516
0.245692
0.224536
0.225610
0.218671
0.227418
0.230357
0.232630
0.228971
0.243788
0.238728
0.225199
0.227944
0.227895
0.220773
0.237133
0.232304
0.207365
0.235010
0.229851
0.213028
0.228990
0.225804
0.234865
0.230528
0.233913
0.227619
0.227540
0.233476
0.214799
0.238545
0.243735
0.237703
0.215171
0.214697
0.220061
0.229683
0.249420
0.239466
0.222467
0.220184
0.217866
0.220780
0.210244
0.244258
0.230786
0.240422
0.239850
0.239744
0.222342
0.239825
0.243353
0.229489
0.212825
0.223504
0.220142
0.236749
0.242303
0.214923
0.206566
0.211610
0.218826
0.205607
0.196982
0.246219
0.231149
0.227264
0.233973
0.237763
0.245877
0.238659
0.232953
0.235843
0.239510
0.237865
0.242614
0.243316
0.231653
0.242322
0.243610
0.205467
0.218577
0.235476
0.232583
0.217570
0.232495
0.230421
0.221951
0.215618
0.224526
0.232983
0.243486
0.242129
0.243123
0.243951
0.240875
0.231843
0.236745
0.231880
0.224894
0.207601
0.211465
0.216085
0.209051
0.220530
0.234444
0.208595
0.211755
0.220226
0.238607
0.213278
0.186832
0.225838
0.233546
0.227695
0.227640
0.235959
0.234078
0.233443
0.242912
0.215847
0.219701
0.204715
0.231210
0.220992
0.243348
0.246885
0.227997
0.219112
0.210680
0.224116
0.237486
0.234647
0.244265
0.223466
0.222993
0.241846
0.242036
0.232600
0.243742
0.247765
0.243090
0.239892
0.222347
0.213482
0.223227
0.243505
0.246926
0.235094
0.220112
0.220737
0.231248
0.227934
0.248232
0.217962
0.222604
0.243478
0.237512
0.233253
0.237474
0.243614
0.217519
0.228347
0.226215
0.190473
0.229106
0.220777
0.225590
0.229804
0.236736
0.236886
0.229008
0.242977
0.212729
0.208098
0.205703
0.239307
0.234721
0.238692
0.220895
0.215115
0.227171
0.238376
0.232723
0.241738
0.232660
0.228946
0.240022
0.233851
0.221652
0.227834
0.238105
0.239417
0.223790
0.231415
0.229652
0.218007
0.221260
0.227760
0.223250
0.244668
0.237399
0.229388
0.224572
0.235347
0.248930
0.241574
0.241952
0.235175
0.238626
0.232555
0.222719
0.221734
0.232148
0.220498
0.231072
0.227741
0.240268
0.218340
0.240591
0.238808
0.251655
0.236134
0.219573
0.220285
0.248044
0.229186
0.226767
0.240977
0.230918
0.241807
0.243323
0.234252
0.230181
0.236286
0.225666
0.220804
0.224157
0.237826
0.248455
0.237862
0.234601
0.247228
0.244781
0.240397
0.239342
0.240662
0.243294
0.224170
0.226198
0.223394
0.219556
0.227106
0.217708
0.235738
0.231672
0.228708
0.240029
0.247333
0.228894
0.225783
0.237503
0.232321
0.233008
0.206901
0.225122
0.229350
0.227834
0.224052
0.242710
0.252299
0.232750
0.237951
0.244998
0.241788
0.244289
0.231863
0.206750
0.210714
0.235572
0.234483
0.217631
0.224307
0.239381
0.248465
0.240575
0.242261
0.228906
0.238872
0.221173
0.197751
0.225441
0.246736
0.242106
0.249339
0.214979
0.231068
0.241106
0.247020
0.247227
0.227988
0.243071
0.237333
0.240006
0.219905
0.237161
0.229835
0.218166
0.225223
0.232507
0.249033
0.243562
0.208105
0.223381
0.215891
0.232433
0.211037
0.244972
0.226743
0.222197
0.216766
0.238399
0.238391
0.232606
0.224172
0.241479
0.239225
0.239773
0.235639
0.247175
0.232926
0.230525
0.216883
0.215502
0.235473
0.230700
0.221789
0.228009
0.202384
0.221063
0.240627
0.224221
0.236232
0.204769
0.231640
0.220384
0.233896
0.226961
0.239175
0.244960
0.239247
0.237641
0.243127
0.244139
0.220868
0.234785
0.238017
0.244460
0.244905
0.230447
0.220257
0.244508
0.229378
0.228737
0.246270
0.245401
0.225622
0.229836
0.243766
0.234903
0.240012
0.228314
0.207856
0.218245
0.231744
0.242616
0.241928
0.230172
0.239581
0.239658
0.238592
0.230147
0.231091
0.228203
0.208473
0.237861
0.229324
0.217179
0.220327
0.243007
0.242281
0.231298
0.216667
0.235546
0.237092
0.232411
0.208893
0.245100
0.232188
0.215805
0.244644
0.228750
0.230496
0.238790
0.233150
0.232642
0.224446
0.235446
0.228342
0.234541
0.243052
0.239193
0.238995
0.241290
0.248159
0.239058
0.234261
0.224988
0.237938
0.221319
0.216858
0.230935
0.223346
0.231616
0.244870
0.226914
0.232911
0.225913
0.215322
0.224763
0.236158
0.221674
0.226632
0.209841
0.201602
0.222154
0.219190
0.232796
0.225285
0.230343
0.235699
0.230507
0.244902
0.242200
0.230376
0.237583
0.224198
0.215409
0.219874
0.219895
0.219804
0.230641
0.225085
0.242976
0.245321
0.232606
0.241362
0.227000
0.225532
0.234327
0.236191
0.217153
0.211182
0.228805
0.207585
0.231119
0.234651
0.233894
0.238238
0.239818
0.226651
0.237672
0.222887
0.230513
0.249124
0.241769
0.224168
0.223577
0.232669
0.223414
0.203588
0.197542
0.199220
0.205504
0.212654
0.220291
0.226329
0.231144
0.231962
0.236480
0.232050
0.226109
0.230813
0.225937
0.216620
0.220705
0.222836
0.226546
0.225453
0.231765
0.248546
0.243120
0.239643
0.226407
0.241969
0.231217
0.216494
0.220201
0.234940
0.225538
0.205078
0.226226
0.217501
0.225417
0.222032
0.227922
0.234652
0.247348
0.233126
0.226345
0.215761
0.224665
0.215052
0.237025
0.227285
0.237693
0.226895
0.230457
0.243548
0.236542
0.172494
0.200820
0.234272
0.211039
0.207141
0.240806
0.230807
0.242464
0.238800
0.235723
0.245135
0.226670
0.231871
0.216789
0.219898
0.207809
0.223463
0.230650
0.241729
0.249718
0.251340
0.234632
0.249469
0.240598
0.235976
0.240098
0.244996
0.233212
0.233356
0.223487
0.220329
0.240162
0.225557
0.204395
0.227141
0.238444
0.237492
0.233023
0.223250
0.239441
0.219457
0.246487
0.230420
0.227331
0.237760
0.231687
0.223206
0.218274
0.222707
0.210996
0.233504
0.215028
0.221311
0.235066
0.217406
0.221434
0.239619
0.215545
0.232653
0.232824
0.220438
0.244857
0.229659
0.222532
0.231485
0.234815
0.227656
0.243310
0.223831
0.217107
0.232623
0.243016
0.223132
0.221974
0.207736
0.207379
0.208968
0.197850
0.229346
0.220796
0.227293
0.211724
0.236264
0.243462
0.232331
0.237206
0.234918
0.238576
0.238810
0.235564
0.213942
0.218792
0.233437
0.237286
0.221750
0.206420
0.216554
0.210925
0.241080
0.244706
0.226574
0.224887
0.230275
0.225716
0.206133
0.213733
0.216650
0.213546
0.232821
0.230595
0.243280
0.229720
0.220667
0.218958
0.225400
0.235799
0.231553
0.228690
0.234460
0.233281
0.235801
0.236227
0.220247
0.234508
0.226122
0.213872
0.229482
0.222629
0.216861
0.233462
0.229506
0.238693
0.236350
0.242826
0.249251
0.249966
0.228291
0.228494
0.230611
0.222376
0.216853
0.231508
0.238784
0.241639
0.226073
0.214982
0.233931
0.233744
0.231581
0.233460
0.234833
0.216173
0.239628
0.227437
0.228343
0.235729
0.241934
0.249397
0.225220
0.231027
0.226981
0.228368
0.239270
0.240965
0.230742
0.217425
0.242763
0.242504
0.247350
0.223408
0.249560
0.239085
0.236474
0.207288
0.216237
0.226707
0.225134
0.236310
0.248748
0.241292
0.238795
0.242582
0.238217
0.221658
0.220335
0.208946
0.212512
0.231778
0.235775
0.244168
0.243854
0.216221
0.215412
0.243558
0.243887
0.242236
0.236658
0.241879
0.235084
0.236263
0.225607
0.236861
0.238547
0.244032
0.245482
0.239086
0.241638
0.245316
0.229998
0.213061
0.214293
0.192394
0.244013
0.239626
0.236477
0.239214
0.206786
0.230990
0.216791
0.237892
0.239208
0.241070
0.216079
0.235440
0.235433
0.225172
0.239096
0.218537
0.190744
0.213243
0.239739
0.229047
0.238267
0.239449
0.221215
0.221233
0.213609
0.228386
0.240304
0.246353
0.237715
0.236035
0.242183
0.235708
0.226369
0.220367
0.215301
0.228623
0.251513
0.238221
0.236255
0.231294
0.224585
0.245969
0.247900
0.242306
0.223629
0.239045
0.234791
0.241221
0.219655
0.223079
0.216929
0.223874
0.227460
0.217457
0.212644
0.222348
0.219553
0.212163
0.222488
0.213326
0.235454
0.222898
0.215066
0.232676
0.246524
0.229300
0.218536
0.225688
0.217600
0.245671
0.243240
0.239969
0.236809
0.242476
0.248847
0.240729
0.226730
0.224825
0.208036
0.202684
0.203964
0.220193
0.238092
0.230776
0.233362
0.226679
0.219594
0.221300
0.236375
0.227565
0.229663
0.230166
0.210800
0.242181
0.237467
0.239405
0.232644
0.222661
0.219117
0.237266
0.249238
0.230273
0.233906
0.228444
0.241180
0.228360
0.237267
0.225930
0.223597
0.229835
0.237323
0.237421
0.235812
0.227848
0.224072
0.232859
0.223230
0.235915
0.210888
0.222119
0.217601
0.216133
0.244252
0.226946
0.246053
0.236827
0.227414
0.220617
0.253350
0.226798
0.228721
0.221335
0.210206
0.242674
0.231742
0.242852
0.237421
0.233217
0.237361
0.191330
0.239750
0.234215
0.228325
0.221631
0.226004
0.219771
0.231837
0.231235
0.239750
0.210757
0.236060
0.232575
0.238137
0.244466
0.223484
0.227525
