0.280898
0.286025
0.291092
0.294046
0.297410
0.300345
0.301291
0.302485
0.301857
0.302498
0.303049
0.304987
0.304995
0.305053
0.305393
0.306045
0.305921
0.305882
0.305926
0.305594
0.305485
0.305144
0.305072
0.304382
0.304667
0.304903
0.305143
0.304875
0.304686
0.304938
0.304941
0.304410
0.304203
0.304386
0.304561
0.304663
0.304544
0.304619
0.304404
0.304368
0.304198
0.304173
0.304192
0.304254
0.304310
0.304322
0.304190
0.303892
0.303807
0.303863
0.304087
0.303857
0.304069
0.303939
0.304104
0.304015
0.304082
0.304075
0.303888
0.303921
0.303857
0.303665
0.303588
0.303604
0.303634
0.303811
0.303780
0.303504
0.303687
0.303647
0.303600
0.303197
0.303115
0.303023
0.303701
0.303522
0.303842
0.303689
0.303608
0.303423
0.303448
0.303415
0.303778
0.303646
0.303240
0.303402
0.303220
0.303306
0.303308
0.303382
0.303396
0.303246
0.303442
0.303266
0.303200
0.302938
0.303073
0.302986
0.303164
0.302890
0.303160
0.303077
0.303118
0.302959
0.303207
0.302702
0.302642
0.303103
0.302813
0.303030
0.302982
0.303006
0.302589
0.302959
0.302421
0.302193
0.302462
0.302268
0.302307
0.302463
0.302346
0.302387
0.302217
0.302422
0.302336
0.302319
0.302473
0.302759
0.302628
0.302640
0.302771
0.303024
0.302568
0.302636
0.302747
0.302614
0.302482
0.303145
0.303079
0.302657
0.302817
0.302493
0.302365
0.302475
0.302547
0.302566
0.302577
0.302481
0.302450
0.302713
0.302419
0.302510
0.302455
0.302542
0.302559
0.302488
0.302791
0.302685
0.302780
0.302987
0.302789
0.303148
0.302420
0.302460
0.302889
0.302608
0.302687
0.302597
0.302637
0.302600
0.302730
0.302555
0.302508
0.302629
0.302353
0.302769
0.302477
0.302821
0.302814
0.302614
0.302359
0.302436
0.302501
0.302472
0.302773
0.302644
0.302597
0.302534
0.302562
0.302571
0.302782
0.302546
0.302489
0.302667
0.302802
0.303101
0.302791
0.302617
0.302626
0.302739
0.302640
0.302580
0.302832
0.302735
0.302662
0.302557
0.302675
0.302610
0.302661
0.302810
0.302603
0.302593
0.302565
0.302694
0.302773
0.302679
0.302470
0.302558
0.302323
0.302452
0.302549
0.302521
0.302394
0.302411
0.302522
0.302903
0.302469
0.302378
0.302406
0.302466
0.302370
0.302592
0.302764
0.302432
0.302416
0.302407
0.302769
0.302624
0.302858
0.302884
0.302831
0.302686
0.302618
0.302626
0.302597
0.302541
0.302374
0.302515
0.302592
0.302564
0.302528
0.302620
0.302747
0.302501
0.302540
0.302383
0.302305
0.302365
0.302548
0.302597
0.302828
0.302572
0.302626
0.302607
0.302585
0.302646
0.302622
0.302362
0.302488
0.302741
0.302868
0.302722
0.302610
0.302853
0.302726
0.302762
0.302637
0.303293
0.302987
0.302843
0.302744
0.302693
0.302778
0.303364
0.302640
0.303185
0.302833
0.303100
0.302874
0.302989
0.303101
0.302871
0.302814
0.302897
0.302737
0.302984
0.302707
0.303207
0.303177
0.302995
0.302737
0.303022
0.303143
0.302926
0.303075
0.302819
0.302878
0.302844
0.302803
0.302777
0.302792
0.302787
0.302959
0.302844
0.302793
0.302831
0.302898
0.303358
0.303501
0.303163
0.303087
0.303272
0.303028
0.303203
0.302968
0.303533
0.303081
0.302954
0.302987
0.303140
0.303169
0.303108
0.303234
0.302981
0.303083
0.302802
0.303000
0.303172
0.302976
0.303321
0.303126
0.302970
0.303174
0.302971
0.302661
0.302829
0.302791
0.302839
0.303071
0.303393
0.303346
0.303451
0.303143
0.303240
0.303156
0.303035
0.302797
0.302860
0.303024
0.303132
0.303397
0.303353
0.303297
0.303082
0.303066
0.303222
0.303278
0.303003
0.303078
0.303098
0.303370
0.302910
0.302649
0.302762
0.302808
0.302788
0.302737
0.302742
0.302981
0.303110
0.303066
0.302819
0.302822
0.302850
0.303004
0.302958
0.303031
0.302922
0.303198
0.302879
0.303246
0.303097
0.303251
0.303339
0.303224
0.303291
0.303123
0.302991
0.302977
0.303079
0.303149
0.303289
0.303337
0.303058
0.303182
0.303070
0.303261
0.303099
0.303184
0.303026
0.302972
0.302651
0.303207
0.303318
0.303155
0.302985
0.303091
0.303172
0.303243
0.302962
0.302803
0.303137
0.302950
0.303163
0.303456
0.303303
0.303403
0.303030
0.303121
0.303338
0.303326
0.302989
0.303314
0.303443
0.303445
0.302933
0.303058
0.303231
0.303148
0.303119
0.302988
0.303153
0.303245
0.302911
0.302881
0.303196
0.303049
0.303092
0.303092
0.303514
0.303039
0.303074
0.303290
0.303238
0.303118
0.302962
0.303783
0.303423
0.303115
0.303252
0.303230
0.303065
0.303380
0.303633
0.303410
0.302833
0.303080
0.303108
0.302812
0.303032
0.303460
0.303268
0.303042
0.302981
0.302964
0.303322
0.303122
0.303501
0.303316
0.303355
0.303300
0.303273
0.303223
0.303317
0.303263
0.303450
0.303292
0.303117
0.303230
0.303447
0.303284
0.303418
0.303520
0.303553
0.303182
0.303359
0.303199
0.303614
0.303309
0.303432
0.303605
0.303493
0.303520
0.303598
0.303289
0.303599
0.303483
0.303166
0.303213
0.303292
0.303435
0.303253
0.303458
0.303305
0.303390
0.303600
0.303262
0.303101
0.303274
0.303361
0.303331
0.303392
0.303554
0.303313
0.303502
0.303514
0.303600
0.303635
0.303298
0.303334
0.303394
0.303350
0.303222
0.303303
0.303767
0.303594
0.303457
0.303528
0.303870
0.303206
0.303230
0.303568
0.303441
0.303719
0.303605
0.303640
0.303915
0.303915
0.303518
0.303713
0.303146
0.303547
0.303310
0.303128
0.303322
0.303244
0.303236
0.303240
0.303386
0.303152
0.303611
0.303259
0.303230
0.303207
0.303305
0.303539
0.303493
0.303597
0.303661
0.303280
0.303415
0.303546
0.303495
0.303614
0.303537
0.303810
0.303543
0.303630
0.303499
0.303780
0.303890
0.303604
0.303491
0.303533
0.303412
0.303497
0.303440
0.304006
0.303559
0.303899
0.303984
0.303614
0.303615
0.303589
0.303396
0.303447
0.303443
0.303348
0.303588
0.303642
0.303740
0.303486
0.303535
0.304056
0.303684
0.303499
0.303701
0.304009
0.303853
0.304238
0.303796
0.303324
0.303687
0.304056
0.304091
0.303657
0.303705
0.303817
0.304088
0.303670
0.303716
0.303602
0.303864
0.303517
0.303695
0.303609
0.303729
0.303549
0.304257
0.303865
0.303662
0.303665
0.303459
0.303634
0.304091
0.303587
0.303793
0.303800
0.303555
0.303749
0.303846
0.304029
0.303796
0.303424
0.303708
0.303404
0.303426
0.303520
0.303717
0.303856
0.303867
0.303781
0.303722
0.303743
0.303546
0.303925
0.304315
0.303698
0.303947
0.303865
0.303797
0.303866
0.303861
0.304242
0.304662
0.303749
0.303825
0.303896
0.304409
0.304129
0.304519
0.304265
0.303825
0.304139
0.304624
0.304464
0.303811
0.303993
0.303902
0.304103
0.303919
0.304025
0.303952
0.303752
0.304094
0.304120
0.304076
0.303869
0.303797
0.303818
0.303668
0.304054
0.304063
0.304061
0.303806
0.303898
0.303995
0.303879
0.303876
0.303879
0.303704
0.304126
0.304097
0.303835
0.303952
0.304046
0.304276
0.304060
0.304181
0.303975
0.304018
0.304146
0.303973
0.303996
0.304053
0.304371
0.303970
0.304125
0.304033
0.304175
0.303778
0.303772
0.303877
0.303943
0.304022
0.304069
0.303926
0.304248
0.303727
0.303907
0.304059
0.304328
0.303893
0.303823
0.304357
0.303810
0.304032
0.304282
0.303864
0.303941
0.303956
0.304037
0.304001
0.304122
0.304132
0.304002
0.303911
0.304354
0.304482
0.304561
0.304514
0.304101
0.303953
0.304122
0.304050
0.304227
0.304077
0.303773
0.304251
0.304116
0.304444
0.303808
0.304209
0.304059
0.303726
0.304129
0.303892
0.304310
0.304334
0.304474
0.304039
0.304371
0.304299
0.304069
0.304394
0.303855
0.304176
0.304179
0.304073
0.304144
0.304102
0.303910
0.304170
0.304066
0.303964
0.304119
0.303956
0.304123
0.304114
0.303801
0.304078
0.303961
0.303776
0.304118
0.304292
0.304303
0.303984
0.303854
0.303979
0.303815
0.304341
0.304233
0.304203
0.304254
0.304198
0.304144
0.304194
0.304058
0.304118
0.304161
0.304226
0.304202
0.304144
0.304434
0.303924
0.303940
0.303956
0.304104
0.304279
0.304518
0.304239
0.304540
0.304306
0.304075
0.304011
0.304033
0.304070
0.304087
0.304818
0.304261
0.304374
0.303781
0.303986
0.304473
0.304352
0.304513
0.304557
0.304155
0.304338
0.304609
0.303978
0.304022
0.304101
0.303922
0.303951
0.303940
0.304209
0.304299
0.304323
0.304134
0.304259
0.303998
0.304648
0.304542
0.304810
0.304343
0.304008
0.304669
0.304178
0.304148
0.304336
0.304196
0.304003
0.304359
0.304078
0.304446
0.304208
0.304016
0.304164
0.304391
0.304117
0.303954
0.304326
0.304557
0.304119
0.304558
0.304520
0.304162
0.304158
0.304241
0.303910
0.304462
0.304494
0.304122
0.304584
0.304580
0.304007
0.304175
0.304115
0.304153
0.304874
0.304257
0.304745
0.304671
0.304473
0.304271
0.304085
0.304094
0.304324
0.304182
0.304236
0.304039
0.304530
0.304523
0.304355
0.304449
0.304333
0.304139
0.304204
0.304754
0.304592
0.304277
0.304187
0.304634
0.304768
0.304704
0.304802
0.304690
0.304289
0.304115
0.304408
0.304547
0.304670
0.304684
0.304486
0.304346
0.304406
0.304377
0.304123
0.304337
0.304390
0.304100
0.304359
0.304287
0.303973
0.304348
0.304466
0.304590
0.304612
0.304551
0.304919
0.304474
0.304595
0.304995
0.304817
0.304548
0.304385
0.304312
0.304505
0.304747
0.304432
0.304488
0.304151
0.304491
0.304645
0.304470
0.304820
0.304349
0.304385
0.304703
0.304447
0.304583
0.304580
0.304602
0.304661
0.304625
0.304194
0.304448
0.304413
0.304745
0.304237
0.304378
0.304468
0.304467
0.304435
0.304560
0.304387
0.304642
0.304860
0.304515
0.304519
0.304828
0.304982
0.304671
0.304972
0.305540
0.304474
0.304371
0.304422
0.304447
0.304566
0.304472
0.304358
0.304480
0.304490
0.304553
0.304749
0.304738
0.304704
0.304572
0.304714
0.304773
0.304548
0.304556
0.304572
0.304716
0.304524
0.304423
0.304343
0.304258
0.304687
0.304611
0.304685
0.304492
0.304397
0.304538
0.304742
0.304421
0.304340
0.304565
0.304527
0.304938
0.304671
0.304878
0.304559
0.304535
0.304498
0.304496
0.304412
0.304489
0.304536
0.304306
0.304633
0.304448
0.304361
0.304339
0.304623
0.304688
0.304572
0.304172
0.304270
0.304448
0.304711
0.304645
0.304772
0.304255
0.304353
0.304483
0.304937
0.305009
0.304466
0.304296
0.304274
0.304325
0.304631
0.305215
0.305160
0.305150
0.304632
0.304742
0.304827
0.304849
0.304670
0.304462
0.304457
0.304570
0.304806
0.304442
0.304209
0.304605
0.304344
0.304525
0.304769
0.304941
0.304707
0.304644
0.304378
0.304349
0.304750
0.304006
0.304317
0.304586
0.304682
0.304709
0.304522
0.304603
0.304691
0.304891
0.304918
0.305043
0.305041
0.304664
0.304448
0.304153
0.304869
0.304946
0.304780
0.304634
0.304752
0.304578
0.304421
0.304373
0.304590
0.304377
0.304140
0.304195
0.304706
0.304625
0.304893
0.304911
0.304375
0.304736
0.304546
0.304678
0.304614
0.304415
0.304651
0.304985
0.304598
0.304715
0.304583
0.304755
0.304391
0.304961
0.304806
0.304666
0.304570
0.304360
0.304539
0.304748
0.304529
0.304814
0.304915
0.304968
0.304804
0.304582
0.304393
0.304840
0.304673
0.304960
0.305059
0.304851
0.304822
0.304545
0.304616
0.304970
0.304803
0.304876
0.304627
0.304458
0.304423
0.304330
0.304505
0.304963
0.304929
0.304892
0.304570
0.304273
0.304676
0.304453
0.304516
0.304728
0.304309
0.304892
0.304518
0.304492
0.304642
0.304533
0.304833
0.304752
0.304953
0.304484
0.304613
0.304801
0.304734
0.305006
0.304707
0.304854
0.304425
0.304680
0.304924
0.304811
0.304730
0.304642
0.304490
0.304701
0.304492
0.304505
0.304627
0.304686
0.304908
0.304554
0.304471
0.304760
0.304724
0.304510
0.304705
0.304838
0.304832
0.304490
0.304886
0.305299
0.305097
0.304418
0.304822
0.304489
0.304579
0.304685
0.304989
0.304584
0.304640
0.304895
0.304925
0.304827
0.304790
0.304685
0.304651
0.304566
0.304646
0.304847
0.304905
0.305128
0.304740
0.304969
0.305274
0.304882
0.304728
0.304668
0.304736
0.305013
0.305078
0.304571
0.304768
0.304529
0.304817
0.304938
0.304754
0.304931
0.304943
0.304832
0.305049
0.305271
0.305302
0.304600
0.304744
0.304540
0.304561
0.304998
0.304843
0.305063
0.304990
0.304804
0.304824
0.305011
0.304658
0.304778
0.304636
0.304560
0.304722
0.304855
0.305119
0.304755
0.304910
0.305119
0.304731
0.304989
0.304858
0.304861
0.304951
0.304956
0.304901
0.305055
0.305327
0.304944
0.304730
0.304564
0.304743
0.304986
0.304940
0.305388
0.304594
0.305248
0.304910
0.304908
0.305139
0.305102
0.304511
0.304821
0.304911
0.305366
0.304881
0.305101
0.304927
0.304826
0.305091
0.305115
0.305613
0.305553
0.305121
0.305379
0.305505
0.305044
0.304927
0.305094
0.305143
0.304853
0.305386
0.305413
0.305424
0.304981
0.304945
0.304917
0.304739
0.304945
0.305344
0.305090
0.304910
0.304762
0.304846
0.305008
0.305189
0.305373
0.305316
0.305115
0.305279
0.305141
0.305083
0.304987
0.305143
0.304972
0.305298
0.305842
0.305266
0.304955
0.304923
0.304972
0.305461
0.305227
0.305129
0.305187
0.304890
0.305264
0.304998
0.305099
0.304991
0.304857
0.304937
0.305184
0.304899
0.305107
0.305283
0.305480
0.304868
0.305277
0.304977
0.304818
0.305211
0.305286
0.305076
0.304701
0.304950
0.305181
0.304889
0.304787
0.305057
0.304740
0.305203
0.305422
0.304690
0.305149
0.305283
0.305121
0.305472
0.305358
0.305164
0.305359
0.305063
0.305258
0.305065
0.305343
0.305186
0.304984
0.305348
0.304975
0.305095
0.305288
0.305136
0.305129
0.304928
0.305036
0.304884
0.305210
0.304940
0.305088
0.305022
0.305163
0.304907
0.304894
0.305441
0.305249
0.304874
0.304798
0.304743
0.305106
0.305054
0.304985
0.305159
0.305077
0.304890
0.304849
0.305132
0.305174
0.305002
0.305262
0.304916
0.305344
0.305181
0.305253
0.305101
0.305183
0.304940
0.304828
0.305028
0.305374
0.305666
0.305532
0.305402
0.305396
0.305102
0.305206
0.305414
0.305341
0.304908
0.305327
0.304991
0.305396
0.305445
0.304909
0.305054
0.305056
0.305268
0.305067
0.305053
0.305085
0.305169
0.305324
0.305238
0.304806
0.304901
0.305165
0.304777
0.305035
0.305501
0.305188
0.305433
0.305374
0.305292
0.305145
0.305047
0.305069
0.305281
0.304831
0.305381
0.305293
0.305418
0.305507
0.305486
0.305453
0.304945
0.305218
0.304992
0.304951
0.305266
0.305507
0.305675
0.305921
0.305145
0.304875
0.305198
0.305531
0.305118
0.305713
0.304955
0.305261
0.304959
0.305110
0.305389
0.305055
0.304910
0.305283
0.305260
0.305459
0.305425
0.305166
0.304892
0.304991
0.304936
0.305081
0.304986
0.305187
0.305290
0.305919
0.305371
0.305423
0.305295
0.304887
0.305483
0.305581
0.305228
0.305274
0.305028
0.304907
0.305341
0.305326
0.305665
0.305134
0.305268
0.305383
0.305007
0.305364
0.305201
0.305096
0.305447
0.304998
0.305050
0.305258
0.305514
0.305285
0.305363
0.305130
0.305004
0.305232
0.305148
0.305507
0.304948
0.305386
0.305117
0.305121
0.305233
0.305179
0.305227
0.305467
0.305287
0.305557
0.305341
0.305408
0.305303
0.305346
0.305571
0.305118
0.305507
0.305361
0.305385
0.305293
0.305183
0.305497
0.305161
0.305379
0.305204
0.305648
0.305113
0.305150
0.305611
0.305353
0.305210
0.305136
0.305309
0.305110
0.305110
0.305377
0.305076
0.305295
0.305155
0.305358
0.305429
0.305645
0.305278
0.305242
0.305061
0.305508
0.305558
0.305103
0.305252
0.305271
0.305024
0.305092
0.305193
0.305094
0.305872
0.305334
0.305113
0.305142
0.305376
0.305332
0.305476
0.305091
0.305322
0.305340
0.305350
0.305626
0.305537
0.305178
0.305121
0.305490
0.305224
0.305448
0.305782
0.306051
0.306077
0.305621
0.305691
0.305453
0.305369
0.305290
0.305360
0.305488
0.305365
0.305301
0.305107
0.305290
0.305593
0.305604
0.305362
0.305144
0.305436
0.305768
0.305468
0.305499
0.305612
0.305498
0.305538
0.305398
0.305480
0.305577
0.305166
0.305307
0.305411
0.305587
0.305572
0.305704
0.305831
0.305477
0.305688
0.306191
0.305736
0.305351
0.305401
0.305553
0.305621
0.305980
0.305605
0.305324
0.305571
0.305805
0.305982
0.305295
0.305401
0.305352
0.305610
0.305647
0.305383
0.305554
0.305493
0.305528
0.305520
0.305502
0.305841
0.305821
0.305785
0.306013
0.305862
0.305321
0.305428
0.305450
0.305519
0.305304
0.305389
0.305673
0.305342
0.305272
0.305332
0.305472
0.305531
0.305545
0.305744
0.305347
0.305605
0.305638
0.305457
0.305323
0.305472
0.305416
0.305879
0.305980
0.305623
0.305552
0.305659
0.305514
0.305527
0.306139
0.305771
0.305574
0.305770
0.306149
0.305891
0.305656
0.305631
0.305568
0.305646
0.305926
0.305787
0.305669
0.305727
0.306037
0.305802
0.305651
0.305520
0.305491
0.305328
0.305490
0.305559
0.305501
0.305673
0.305896
0.305768
0.305811
0.305618
0.305666
0.305843
0.305506
0.305552
0.305829
0.305583
0.305699
0.305680
0.305361
0.305629
0.305678
0.306079
0.306207
0.305895
0.305796
0.305425
0.305838
0.305959
0.305831
0.305747
0.305771
0.305854
0.305728
0.305488
0.306066
0.305715
0.306150
0.305971
0.305701
0.305931
0.305844
0.305374
0.305363
0.306055
0.305632
0.305930
0.305619
0.305848
0.305475
0.305833
0.305762
0.305435
0.305681
0.305388
0.305987
0.305600
0.305633
0.305698
0.306089
0.305619
0.305810
0.305655
0.305460
0.305524
0.305293
0.305433
0.305925
0.305660
0.305640
0.305745
0.305397
0.305726
0.305804
0.305684
0.305652
0.305892
0.305530
0.305400
0.305387
0.306066
0.306108
0.305630
0.305393
0.305706
0.305622
0.305647
0.305500
0.305874
0.305872
0.305834
0.305573
0.305961
0.305380
0.305483
0.305569
0.305560
0.305980
0.305774
0.305629
0.305562
0.305548
0.305785
0.305974
0.305609
0.305533
0.305691
0.306112
0.305504
0.305871
0.305687
0.305737
0.305599
0.305878
0.305519
0.305634
0.305559
0.305729
0.305522
0.305637
0.305515
0.305749
0.305781
0.305349
0.305803
0.305698
0.305759
0.305712
0.305797
0.306277
0.306094
0.306053
0.305891
0.305574
0.305847
0.305816
0.305741
0.305825
0.305705
0.305787
0.305714
0.306037
0.306322
0.305492
0.305797
0.305882
0.305877
0.305834
0.305791
0.306235
0.306182
0.305578
0.306034
0.305700
0.306005
0.305875
0.305498
0.305619
0.305706
0.305519
0.305609
0.305739
0.306444
0.305692
0.305684
0.305917
0.305630
0.305680
0.305893
0.305809
0.305782
0.306109
0.305874
0.305633
0.306431
0.306203
0.305989
0.305937
0.305906
0.306088
0.305758
0.305739
0.305738
0.305773
0.305605
0.305619
0.305802
0.305764
0.305715
0.305976
0.305970
0.306280
0.305818
0.305806
0.305996
0.305936
0.305703
0.306077
0.305842
0.306087
0.306081
0.306010
0.305990
0.306181
0.305775
0.305791
0.305560
0.305746
0.305860
0.305859
0.306019
0.305894
0.305843
0.305611
0.305856
0.306112
0.305967
0.305846
0.305813
0.305913
0.305862
0.306190
0.306406
0.306197
0.306204
0.305893
0.305968
0.305859
0.305784
0.306010
0.305775
0.305867
0.306137
0.305832
0.305734
0.305904
0.305964
0.306015
0.306316
0.305698
0.305922
0.305782
0.305995
0.305610
0.305745
0.305693
0.305824
0.305965
0.306225
0.305895
0.305878
0.306065
0.306090
0.306323
0.306093
0.306128
0.305597
0.305901
0.306133
0.305704
0.305974
0.306044
0.306186
0.306542
0.305974
0.306208
0.306171
0.305869
0.305580
0.306212
0.305870
0.306106
0.305807
0.305966
0.306015
0.306017
0.305710
0.305791
0.305896
0.306039
0.305796
0.305911
0.305985
0.305799
0.305834
0.306070
0.305741
0.305763
0.305767
0.305759
0.305891
0.306054
0.305788
0.305813
0.306015
0.306114
0.306297
0.305785
0.306003
0.306633
0.306562
0.305982
0.305993
0.305926
0.306417
0.306271
0.305963
0.306148
0.306063
0.306323
0.306431
0.306353
0.306651
0.306425
0.306739
0.305829
0.306491
0.306326
0.306207
0.305999
0.306089
0.306072
0.306095
0.305879
0.306113
0.306174
0.306173
0.306413
0.306244
0.306101
0.306183
0.306048
0.305799
0.305996
0.306183
0.305993
0.306129
0.306155
0.306000
0.306215
0.306045
0.305873
0.306421
0.306353
0.306181
0.305937
0.305969
0.306139
0.305886
0.306255
0.306359
0.306451
0.306452
0.306354
0.306234
0.306196
0.306038
0.306312
0.306352
0.306437
0.306163
0.306134
0.306329
0.306297
0.306202
0.306057
0.306247
0.306613
0.306107
0.305964
0.306099
0.305888
0.305875
0.306282
0.305691
0.305777
0.305673
0.305882
0.305881
0.306207
0.306151
0.305759
0.305869
0.305828
0.305995
0.306483
0.306465
0.305925
0.306335
0.306161
0.305748
0.305877
0.306314
0.306261
0.306115
0.306109
0.306279
0.306067
0.305992
0.306207
0.306033
0.306159
0.306491
0.306359
0.306133
0.306088
0.306008
0.306099
0.306139
0.305801
0.305933
0.306067
0.306130
0.306005
0.306081
0.305851
0.306065
0.306134
0.305915
0.305862
0.306244
0.305945
0.306188
0.306113
0.306442
0.305927
0.306225
0.306214
0.306509
0.306451
0.306258
0.306131
0.306475
0.306658
0.306570
0.306262
0.306268
0.306287
0.306556
0.306629
0.306136
0.305881
0.305797
0.305920
0.305918
0.306201
0.306093
0.305879
0.306103
0.306197
0.306258
0.306344
0.305846
0.306042
0.306042
0.306244
0.305823
0.306339
0.306005
0.305834
0.305749
0.306080
0.306236
0.306108
0.306014
0.305989
0.305868
0.305986
0.306045
0.306702
0.306397
0.306376
0.306362
0.306228
0.306100
0.305772
0.306146
0.306230
0.306068
0.306045
0.306150
0.306325
0.306066
0.306155
0.306206
0.305970
0.306085
0.306073
0.306257
0.306413
0.305875
0.306050
0.306282
0.306132
0.306306
0.306167
0.306604
0.306235
0.306169
0.306631
0.307042
0.306714
0.306388
0.306084
0.306301
0.306218
0.306627
0.306321
0.305877
0.306345
0.306234
0.306573
0.306221
0.306575
0.306257
0.306820
0.306477
0.305940
0.306095
0.306168
0.306271
0.306236
0.306364
0.306100
0.306166
0.306157
0.306065
0.306508
0.306834
0.306347
0.306172
0.306090
0.306108
0.305952
0.306121
0.306474
0.306335
0.306430
0.306410
0.306427
0.306368
0.305943
0.306251
0.306275
0.305963
0.306238
0.306288
0.306501
0.306637
0.306017
0.306235
0.306224
0.306215
0.306527
0.306115
0.306436
0.306116
0.306112
0.306326
0.306301
0.306178
0.306108
0.306328
0.305944
0.306325
0.306162
0.306543
0.306300
0.306262
0.306412
0.306316
0.306447
0.306517
0.306143
0.306321
0.306642
0.306178
0.306096
0.306139
0.306478
0.306147
0.306595
0.306379
0.306583
0.306521
0.306328
0.306578
0.306276
0.306304
0.306229
0.306393
0.306628
0.306302
0.306381
0.306289
0.306229
0.306261
0.306218
0.306294
0.306102
0.306237
0.306416
0.306523
0.306603
0.306410
0.306382
0.306400
0.306485
0.306216
0.306471
0.306404
0.306154
0.306237
0.306241
0.306210
0.306366
0.306148
0.305960
0.306089
0.306354
0.306271
0.306189
0.306505
0.306428
0.306318
0.306260
0.306287
0.306091
0.306180
0.306172
0.306208
0.306363
0.306430
0.306250
0.306198
0.306098
0.306071
0.306273
0.306373
0.306690
0.306359
0.306388
0.306134
0.306324
0.306504
0.306266
0.306120
0.306236
0.306205
0.306297
0.306453
0.306364
0.306319
0.306391
0.306245
0.306216
0.306294
0.306305
0.306336
0.306555
0.306435
0.306108
0.306049
0.306227
0.306046
0.306263
0.306541
0.306500
0.306340
0.306506
0.306085
0.306230
0.306259
0.306481
0.306141
0.306467
0.306539
0.306232
0.306191
0.306155
0.306487
0.306169
0.306043
0.306261
0.306392
0.306433
0.306392
0.306337
0.306114
0.306134
0.306511
0.306519
0.306229
0.306443
0.306526
0.306688
0.306494
0.306605
0.306657
0.306365
0.306510
0.306242
0.306326
0.306664
0.306058
0.306254
0.306652
0.306546
0.306446
0.306603
0.306432
0.306180
0.306647
0.306462
0.306355
0.306558
0.306531
0.306353
0.306274
0.306161
0.306341
0.306489
0.306554
0.306305
0.306641
0.306177
0.306074
0.306125
0.306199
0.306454
0.306406
0.306283
0.306381
0.306515
0.306163
0.306401
0.306350
0.306575
0.306150
0.306354
0.306011
0.306159
0.306423
0.306341
0.306265
0.306164
0.306225
0.306888
0.306505
0.306773
0.306299
0.306176
0.306321
0.305988
0.306254
0.306414
0.306352
0.306249
0.306475
0.306392
0.306474
0.306390
0.306292
0.306685
0.306173
0.306632
0.306596
0.306630
0.306405
0.306755
0.307022
0.306484
0.306588
0.306444
0.306589
0.306021
0.306423
0.306305
0.306629
0.306452
0.306286
0.306548
0.306530
0.306667
0.306418
0.306490
0.306034
0.306244
0.306293
0.306858
0.306762
0.306241
0.306366
0.306088
0.306609
0.306686
0.306328
0.306050
0.306501
0.306276
0.306228
0.306338
0.306058
0.306226
0.306573
0.306736
0.306656
0.306601
0.306339
0.306788
0.306671
0.306513
0.306598
0.306402
0.306444
0.306923
0.306276
0.306533
0.306714
0.306995
0.306760
0.306886
0.306625
0.306136
0.306588
0.306319
0.306381
0.306558
0.306295
0.306423
0.306144
0.306190
0.306574
0.306580
0.306893
0.306619
0.306494
0.306782
0.306996
0.306187
0.306356
0.306452
0.306687
0.306918
0.306877
0.306326
0.306302
0.306338
0.306369
0.306416
0.306663
0.306542
0.306151
0.306518
0.306611
0.306359
0.306468
0.306382
0.306259
0.306640
0.306555
0.306560
0.306603
0.306678
0.306721
0.306545
0.306364
0.306366
0.307142
0.306682
0.306246
0.306208
0.306454
0.306340
0.306441
0.306608
0.306685
0.306390
0.306461
0.306702
0.306508
0.307029
0.306367
0.306159
0.306281
0.306725
0.306308
0.306493
0.306335
0.306542
0.306676
0.306407
0.306314
0.306547
0.307011
0.306665
0.306769
0.307266
0.306549
0.306765
0.306492
0.306578
0.306782
0.306576
0.306802
0.306755
0.306570
0.306822
0.306546
0.306642
0.306635
0.306982
0.306538
0.306674
0.306817
0.306673
0.307014
0.306452
0.306243
0.306381
0.306574
0.306257
0.306401
0.306678
0.306602
0.306392
0.306370
0.306540
0.306743
0.306700
0.306809
0.306696
0.306483
0.306492
0.306683
0.306530
0.306760
0.306706
0.306764
0.306643
0.306623
0.306866
0.307068
0.306685
0.306720
0.306439
0.306459
0.306663
0.306529
0.306381
0.306447
0.306673
0.306609
0.307048
0.306730
0.306940
0.306404
0.306576
0.306483
0.306698
0.306507
0.306840
0.306788
0.306574
0.306357
0.306451
0.306478
0.306551
0.306546
0.306492
0.306867
0.306918
0.306551
0.306727
0.306838
0.306567
0.306368
0.306550
0.306589
0.306624
0.306705
0.306423
0.306609
0.306910
0.306548
0.306814
0.306431
0.306528
0.306632
0.306843
0.306484
0.306865
0.306833
0.306544
0.306513
0.306933
0.307048
0.306772
0.306936
0.306632
0.306688
0.306469
0.306597
0.306544
0.306767
0.306425
0.306635
0.306304
0.306488
0.306800
0.306805
0.306739
0.306493
0.306419
0.306919
0.306524
0.306781
0.306552
0.306660
0.306606
0.306528
0.306708
0.306652
0.306748
0.306588
0.306967
0.306686
0.306862
0.307058
0.306744
0.306528
0.306591
0.306512
0.306753
0.306473
0.306602
0.306625
0.306692
0.306422
0.306426
0.306550
0.306799
0.306821
0.306794
0.307215
0.306863
0.306719
0.306604
0.306708
0.306926
0.306697
0.306945
0.306775
0.306721
0.306548
0.306577
0.306691
0.306706
0.307007
0.306794
0.307171
0.306787
0.306433
0.306629
0.306893
0.306494
0.306518
0.306352
0.306529
0.306836
0.306656
0.306842
0.306570
0.306524
0.306687
0.306612
0.306561
0.306771
0.306916
0.307096
0.307046
0.306583
0.306598
0.306927
0.306980
0.306947
0.306837
0.306883
0.306828
0.306518
0.306720
0.306197
0.306179
0.306357
0.306450
0.306299
0.306822
0.306798
0.306676
0.306838
0.306535
0.306608
0.306607
0.306511
0.306853
0.306439
0.306499
0.306285
0.306485
0.306417
0.306329
0.306472
0.306372
0.306619
0.306474
0.306667
0.306584
0.306664
0.306701
0.306311
0.306801
0.306952
0.306668
0.306545
0.306380
0.306670
0.306665
0.306661
0.306267
0.306581
0.306685
0.306288
0.306490
0.306704
0.306707
0.306599
0.306945
0.306876
0.307207
0.306730
0.306776
0.306702
0.306647
0.306846
0.306916
0.306999
0.306535
0.307028
0.306522
0.306587
0.306451
0.306644
0.306300
0.306607
0.306554
0.306541
0.306697
0.306572
0.306616
0.306845
0.306304
0.306531
0.306511
0.306319
0.306940
0.306634
0.306420
0.306932
0.306509
0.306772
0.306709
0.306280
0.306575
0.306599
0.306850
0.306666
0.307131
0.306956
0.306408
0.306374
0.306797
0.306385
0.306344
0.306675
0.306480
0.306779
0.306712
0.306816
0.306441
0.306304
0.306337
0.306632
0.306817
0.307021
0.306619
0.306506
0.306462
0.306804
0.306613
0.306359
0.306789
0.306550
0.306585
0.306494
0.306319
0.306629
0.306463
0.306637
0.306719
0.306524
0.306589
0.306531
0.306315
0.306523
0.306882
0.306778
0.306454
0.306751
0.306526
0.306311
0.306684
0.306634
0.306508
0.306512
0.306358
0.306844
0.306722
0.306849
0.306308
0.306770
0.306511
0.306320
0.306388
0.306363
0.306521
0.306645
0.306614
0.306914
0.306615
0.306422
0.306593
0.306408
0.306758
0.306473
0.306458
0.306646
0.306783
0.306446
0.306774
0.306723
0.306797
0.306905
0.307576
0.306373
0.306516
0.307163
0.306811
0.306833
0.306934
0.306633
0.306500
0.306581
0.306607
0.306442
0.306706
0.306838
0.306794
0.306724
0.306302
0.306594
0.306545
0.306552
0.306506
0.307005
0.306935
0.306684
0.307084
0.306927
0.306798
0.306472
0.307130
0.307261
0.307007
0.307001
0.306654
0.307057
0.306491
0.306816
0.306423
0.306732
0.306996
0.306781
0.306613
0.306577
0.306796
0.306794
0.306734
0.306693
0.306893
0.306907
0.306939
0.306770
0.306675
0.306515
0.306506
0.306706
0.306633
0.306761
0.306629
0.306477
0.306696
0.306673
0.306640
0.306640
0.306559
0.306588
0.306818
0.306591
0.306690
0.306617
0.306905
0.307192
0.307078
0.306787
0.306819
0.306798
0.306594
0.306793
0.306670
0.307012
0.307022
0.307376
0.306810
0.306600
0.306459
0.306539
0.306851
0.306643
0.306558
0.306742
0.307033
0.306925
0.306566
0.306575
0.306643
0.306697
0.306821
0.306717
0.306677
0.306686
0.307039
0.306732
0.306771
0.306864
0.306473
0.306424
0.306583
0.306783
0.306512
0.306529
0.306639
0.306785
0.307180
0.306719
0.306919
0.307174
0.306985
0.306761
0.306742
0.306760
0.306881
0.306837
0.306788
0.306735
0.306954
0.307129
0.306774
0.307061
0.306883
0.306981
0.306850
0.307199
0.306986
0.307025
0.307199
0.307300
0.307408
0.306821
0.306738
0.307196
0.306734
0.306774
0.306670
0.307130
0.306762
0.307087
0.307390
0.306705
0.307017
0.307112
0.307142
0.306896
0.307724
0.306941
0.306865
0.306916
0.306916
0.306863
0.306614
0.306841
0.306742
0.306754
0.307067
0.307050
0.307190
0.307128
0.307041
0.306725
0.307329
0.307094
0.306862
0.306791
0.307008
0.306873
0.307326
0.307142
0.306766
0.307363
0.307230
0.307092
0.307142
0.306795
0.307244
0.307344
0.306827
0.306784
0.306951
0.306970
0.306853
0.306998
0.306974
0.306529
0.306468
0.306642
0.307037
0.306899
0.306780
0.307076
0.306629
0.306734
0.306733
0.306624
0.306718
0.306790
0.306667
0.306502
0.306600
0.306740
0.306688
0.306862
0.306990
0.307164
0.306588
0.306666
0.306886
0.306569
0.306849
0.306714
0.306604
0.306440
0.306491
0.306809
0.306603
0.306658
0.306667
0.306425
0.306637
0.306978
0.306751
0.306936
0.306885
0.307164
0.306622
0.307052
0.307224
0.307495
0.307009
0.307256
0.306968
0.307035
0.306553
0.307000
0.306701
0.307211
0.306389
0.306835
0.306468
0.306505
0.306518
0.306987
0.306698
0.306414
0.306582
0.306676
0.306887
0.306702
0.306513
0.306551
0.306386
0.306499
0.306384
0.306987
0.306584
0.306914
0.306859
0.306645
0.306458
0.306951
0.306886
0.306555
0.306430
0.306636
0.306807
0.306628
0.306338
0.306333
0.307033
0.306843
0.306732
0.306841
0.306468
0.306701
0.306510
0.306472
0.306785
0.307142
0.306668
0.307557
0.306938
0.306440
0.306848
0.306782
0.306789
0.306652
0.306629
0.306896
0.306454
0.306773
0.307089
0.306875
0.306944
0.306520
0.306933
0.306616
0.306677
0.306794
0.307112
0.306542
0.306739
0.306589
0.306554
0.306972
0.306735
0.306861
0.307046
0.306993
0.306501
0.306535
0.306771
0.306965
0.307035
0.307412
0.306801
0.306678
0.306753
0.306881
0.306968
0.307021
0.307224
0.307010
0.306817
0.306522
0.306491
0.306615
0.307078
0.307075
0.306741
0.306691
0.306857
0.306538
0.306670
0.307106
0.306781
0.306583
0.306755
0.306934
0.306904
0.306779
0.306552
0.307033
0.306794
0.306935
0.306580
0.307280
0.306601
0.306890
0.306656
0.306787
0.307325
0.307254
0.307385
0.307353
0.306994
0.306555
0.306662
0.307278
0.306851
0.306790
0.306833
0.307189
0.307209
0.307081
0.306650
0.306985
0.307051
0.306849
0.306775
0.306701
0.306934
0.306962
0.307107
0.307440
0.307138
0.306683
0.306781
0.306885
0.306675
0.306689
0.306742
0.306730
0.307090
0.306936
0.307129
0.307011
0.306954
0.306883
0.306984
0.306837
0.307032
0.307331
0.306989
0.307199
0.307061
0.306954
0.307018
0.306800
0.306867
0.306970
0.306661
0.306944
0.306819
0.307129
0.306932
0.307041
0.306863
0.306883
0.306998
0.306743
0.307195
0.306804
0.306846
0.306989
0.306817
0.307015
0.307172
0.307301
0.306955
0.307034
0.307084
0.306986
0.307146
0.306994
0.307076
0.306828
0.306947
0.306696
0.306903
0.307103
0.307119
0.307391
0.307236
0.306889
0.306719
0.306770
0.306743
0.306857
0.306744
0.307092
0.306825
0.306901
0.306778
0.307054
0.307157
0.307011
0.307106
0.306841
0.307022
0.307669
0.307968
0.307295
0.307157
0.307373
0.306784
0.307185
0.307264
0.306724
0.306700
0.306943
0.307145
0.307202
0.306918
0.306643
0.306977
0.306995
0.306931
0.306679
0.306954
0.306962
0.306943
0.306982
0.307072
0.306805
0.307024
0.307023
0.306983
0.307166
0.306971
0.307334
0.307029
0.307089
0.306828
0.306610
0.306643
0.307538
0.307119
0.307027
0.307171
0.306986
0.307111
0.307147
0.307259
0.306974
0.307026
0.307004
0.307166
0.306773
0.306598
0.307185
0.306874
0.306813
0.306887
0.306819
0.307758
0.307562
0.306813
0.306990
0.307014
0.306866
0.306952
0.307141
0.306948
0.306811
0.306785
0.306881
0.307115
0.306903
0.306871
0.307332
0.307440
0.307114
0.307152
0.306761
0.306658
0.306997
0.307032
0.306676
0.306760
0.306783
0.306776
0.306960
0.306909
0.306763
0.306799
0.306882
0.306906
0.306688
0.307095
0.306735
0.306882
0.307117
0.306731
0.306778
0.306954
0.307168
0.307113
0.306904
0.306816
0.307006
0.307171
0.307299
0.306723
0.307100
0.307019
0.306897
0.306619
0.306933
0.307376
0.307142
0.307117
0.306952
0.306788
0.306750
0.306748
0.306697
0.306783
0.306999
0.306749
0.306964
0.307616
0.307304
0.306871
0.306972
0.307208
0.307287
0.307188
0.306801
0.306976
0.306991
0.306864
0.306926
0.307107
0.306728
0.307045
0.306976
0.306654
0.307033
0.306969
0.307033
0.306903
0.307260
0.306866
0.307011
0.306718
0.306965
0.306698
0.306769
0.306724
0.307161
0.306962
0.307364
0.307525
0.307528
0.307493
0.306780
0.306752
0.307060
0.307139
0.307288
0.306872
0.306922
0.306820
0.306917
0.307389
0.306799
0.306896
0.306567
0.306921
0.306807
0.307063
0.306694
0.306746
0.307059
0.307350
0.307392
0.307119
0.307342
0.307012
0.306777
0.306851
0.306851
0.306637
0.307072
0.306914
0.306809
0.307444
0.306919
0.307091
0.306866
0.306790
0.306813
0.307280
0.307345
0.307177
0.307282
0.307364
0.307065
0.307151
0.307322
0.307164
0.306872
0.306881
0.306961
0.306888
0.306837
0.307074
0.306926
0.306977
0.306911
0.306777
0.307147
0.306845
0.306865
0.307086
0.307011
0.306868
0.306801
0.307293
0.307063
0.306917
0.307051
0.307096
0.307057
0.307370
0.307440
0.307012
0.307178
0.307091
0.306892
0.306805
0.307037
0.307199
0.307311
0.306759
0.306864
0.306850
0.307252
0.306958
0.307129
0.306962
0.307193
0.307271
0.307276
0.307286
0.307201
0.306790
0.306943
0.307124
0.307471
0.307100
0.306838
0.306903
0.306833
0.306916
0.307005
0.307033
0.307302
0.306787
0.306885
0.307032
0.307561
0.306976
0.306962
0.307267
0.307230
0.307419
0.306959
0.306964
0.307398
0.306938
0.307106
0.307207
0.307234
0.307133
0.307292
0.307143
0.306859
0.307231
0.307501
0.307367
0.307204
0.306946
0.306932
0.306937
0.307013
0.306894
0.307030
0.307225
0.307172
0.307632
0.306919
0.307377
0.306940
0.306943
0.307437
0.306863
0.307049
0.306857
0.307041
0.307020
0.307497
0.307293
0.307077
0.307161
0.307012
0.307014
0.306877
0.307468
0.307683
0.307529
0.307281
0.307023
0.307039
0.307105
0.306992
0.307123
0.307109
0.307161
0.307256
0.307172
0.307119
0.306909
0.306961
0.306877
0.307653
0.307369
0.307377
0.307483
0.307504
0.307401
0.307262
0.307309
0.306998
0.306838
0.306920
0.307401
0.307138
0.306779
0.306960
0.306968
0.307099
0.306962
0.307101
0.307050
0.306963
0.307117
0.306914
0.306894
0.307213
0.307248
0.307151
0.307165
0.307315
0.307095
0.307054
0.307366
0.307268
0.307113
0.307937
0.307318
0.307304
0.307608
0.307310
0.306733
0.306875
0.306938
0.306885
0.306852
0.307148
0.307091
0.306781
0.307297
0.306939
0.307548
0.307565
0.307409
0.307295
0.307300
0.307584
0.307043
0.307401
0.306950
0.307083
0.306970
0.307376
0.307308
0.307094
0.307039
0.307133
0.306824
0.306949
0.307248
0.307313
0.307038
0.306935
0.307183
0.307302
0.306840
0.306971
0.307128
0.307228
0.307686
0.307605
0.307539
0.307655
0.307470
0.307606
0.307712
0.307233
0.307185
0.307242
0.307111
0.306935
0.306884
0.306960
0.307153
0.307283
0.307202
0.306944
0.307190
0.307502
0.307347
0.307322
0.307013
0.307105
0.307212
0.306957
0.306921
0.307188
0.307257
0.307834
0.307466
0.307016
0.307109
0.307082
0.306963
0.306920
0.307003
0.306865
0.307036
0.307142
0.307066
0.307142
0.307746
0.307784
0.307274
0.306899
0.306930
0.306827
0.307084
0.307451
0.307486
0.307238
0.307141
0.307458
0.307107
0.306749
0.306949
0.306953
0.307080
0.307094
0.307036
0.307022
0.307306
0.307500
0.307240
0.307442
0.307374
0.307604
0.307572
0.307605
0.307277
0.307001
0.307048
0.307433
0.307149
0.307409
0.307082
0.306981
0.307645
0.306896
0.306876
0.307483
0.307043
0.307229
0.307002
0.307136
0.307073
0.307108
0.307100
0.307177
0.307170
0.307116
0.307339
0.307638
0.307215
0.307007
0.307106
0.307164
0.307260
0.307058
0.307046
0.307263
0.307341
0.306913
0.307384
0.307420
0.307694
0.307151
0.306909
0.306970
0.307570
0.307574
0.307245
0.307624
0.307493
0.307433
0.307230
0.307026
0.307099
0.307525
0.307477
0.307460
0.308021
0.307687
0.307122
0.307413
0.307746
0.308348
0.308207
0.307805
0.307246
0.307025
0.307044
0.307242
0.307186
0.307209
0.307176
0.306949
0.307303
0.307043
0.307189
0.307600
0.307026
0.306952
0.307138
0.307138
0.306970
0.306983
0.307495
0.307400
0.307351
0.307186
0.307282
0.307337
0.307022
0.307113
0.307337
0.307446
0.307218
0.307270
0.307345
0.307327
0.307642
0.307591
0.307379
0.307374
0.307262
0.307077
0.306970
0.307016
0.307268
0.307101
0.307252
0.307236
0.307681
0.307606
0.307297
0.307339
0.307155
0.307135
0.307082
0.307142
0.307391
0.307330
0.307161
0.307843
0.307621
0.307239
0.307649
0.307724
0.307355
0.307615
0.307568
0.307203
0.307326
0.307690
0.307420
0.307323
0.307579
0.307234
0.307429
0.307392
0.307375
0.307534
0.307551
0.307009
0.307123
0.306997
0.307060
0.307075
0.307205
0.307307
0.307467
0.307176
0.307326
0.307097
0.307230
0.307639
0.307031
0.307251
0.307480
0.307173
0.307195
0.307516
0.307250
0.306989
0.307343
0.307413
0.307351
0.307450
0.307783
0.307756
0.307722
0.307302
0.307126
0.307174
0.306951
0.307162
0.307112
0.307389
0.307144
0.307442
0.307338
0.307305
0.307439
0.307025
0.307215
0.307341
0.307470
0.307172
0.307357
0.307038
0.307220
0.307408
0.307015
0.307028
0.307088
0.307311
0.307236
0.307587
0.307654
0.307223
0.307444
0.307481
0.307480
0.307351
0.307556
0.307035
0.307283
0.307312
0.307492
0.307400
0.307714
0.307555
0.307604
0.307332
0.307444
0.307643
0.307272
0.307408
0.307327
0.307297
0.307095
0.307225
0.307731
0.307466
0.307313
0.307221
0.307278
0.307347
0.307145
0.307155
0.307014
0.307025
0.307097
0.307562
0.307835
0.307415
0.307248
0.307235
0.307229
0.307150
0.307326
0.307253
0.307466
0.307124
0.307444
0.307688
0.306981
0.307181
0.307648
0.307578
0.307628
0.307063
0.307002
0.307010
0.307110
0.307353
0.307201
0.307374
0.307538
0.307119
0.307290
0.307511
0.307884
0.307153
0.307048
0.307080
0.307019
0.307174
0.307362
0.307523
0.307682
0.307323
0.307701
0.307609
0.307773
0.307454
0.307367
0.307280
0.307007
0.307032
0.307034
0.307116
0.307059
0.307302
0.306998
0.307226
0.307037
0.307221
0.307448
0.307453
0.307678
0.307132
0.306986
0.307059
0.307026
0.307544
0.307515
0.306910
0.307066
0.307095
0.307369
0.307277
0.307172
0.307114
0.307322
0.307227
0.307383
0.307368
0.307962
0.306930
0.307408
0.307189
0.307183
0.307257
0.307307
0.307353
0.307446
0.307262
0.307141
0.307298
0.307476
0.307087
0.307284
0.307391
0.307323
0.307234
0.307054
0.307148
0.307441
0.307408
0.307261
0.306999
0.307452
0.307489
0.307761
0.307741
0.307587
0.307475
0.307598
0.307311
0.307326
0.307233
0.307174
0.307084
0.307222
0.307069
0.307463
0.307335
0.307263
0.307052
0.307600
0.307267
0.307117
0.307095
0.307441
0.307285
0.307491
0.307648
0.307355
0.307662
0.307184
0.307308
0.307205
0.307421
0.307536
0.307393
0.307548
0.307257
0.307548
0.308120
0.307684
0.307224
0.306933
0.306935
0.307113
0.307861
0.307755
0.307485
0.307291
0.306979
0.307052
0.306984
0.307220
0.307214
0.307043
0.307053
0.307320
0.307479
0.307126
0.307025
0.307484
0.307253
0.307351
0.307852
0.307507
0.307513
0.307228
0.307491
0.307207
0.307445
0.307214
0.307183
0.307220
0.307507
0.307395
0.307510
0.307526
0.307166
0.307584
0.307287
0.307289
0.307307
0.307122
0.308071
0.308042
0.308028
0.308027
0.307118
0.307439
0.307153
0.307614
0.307246
0.307249
0.307299
0.307379
0.307131
0.307437
0.307546
0.307390
0.307498
0.307178
0.307196
0.307509
0.307639
0.307420
0.307430
0.307379
0.307494
0.307557
0.307671
0.307971
0.307856
0.307309
0.307125
0.307432
0.307279
0.307019
0.306987
0.307200
0.307428
0.307469
0.307209
0.307224
0.307400
0.307218
0.307526
0.307411
0.307437
0.307525
0.307366
0.307493
0.307377
0.307415
0.307657
0.307398
0.307173
0.307154
0.307274
0.307241
0.307491
0.307674
0.307619
0.307535
0.307444
0.307416
0.307721
0.307415
0.307531
0.307262
0.307489
0.307348
0.307306
0.307363
0.307520
0.307758
0.307377
0.307434
0.307648
0.307195
0.307338
0.307107
0.307204
0.307037
0.307157
0.307184
0.307425
0.307243
0.307219
0.307241
0.307392
0.307349
0.307323
0.307554
0.307503
0.307186
0.307648
0.307226
0.307355
0.307636
0.307442
0.307510
0.307355
0.307216
0.307534
0.307795
0.307618
0.307451
0.307285
0.307325
0.307536
0.307355
0.307558
0.307616
0.307776
0.307099
0.307374
0.307250
0.307691
0.307672
0.307381
0.307293
0.307473
0.307476
0.307458
0.307263
0.307297
0.307464
0.307463
0.307563
0.307416
0.307365
0.307292
0.307196
0.307236
0.307522
0.307580
0.307370
0.307400
0.307561
0.307546
0.307272
0.307278
0.307188
0.307456
0.307342
0.307385
0.307558
0.307403
0.307395
0.307702
0.307316
0.307153
0.307412
0.307492
0.307392
0.307148
0.307422
0.307323
0.307481
0.307696
0.307746
0.307391
0.307649
0.307745
0.307604
0.307555
0.307477
0.307352
0.307356
0.307084
0.307259
0.307381
0.307282
0.307716
0.307303
0.307401
0.307427
0.307257
0.307297
0.307930
0.307676
0.308180
0.307758
0.307477
0.307304
0.307568
0.307268
0.307530
0.307270
0.307728
0.307471
0.307349
0.307232
0.307693
0.307252
0.307508
0.307638
0.307691
0.307520
0.307624
0.307710
0.307747
0.307634
0.307714
0.307581
0.307630
0.307773
0.307595
0.307645
0.307417
0.307407
0.307579
0.307290
0.307403
0.307546
0.307693
0.307575
0.307414
0.307485
0.307411
0.307513
0.307599
0.307518
0.307660
0.307497
0.307623
0.307422
0.307517
0.307444
0.308153
0.307796
0.308305
0.308033
0.307465
0.307479
0.307490
0.307528
0.307584
0.307532
0.307620
0.307495
0.307725
0.307733
0.307291
0.307555
0.307267
0.307300
0.307245
0.307288
0.307422
0.307564
0.307386
0.307455
0.307555
0.307693
0.307418
0.307574
0.307457
0.307472
0.307355
0.307454
0.307497
0.307659
0.307435
0.307754
0.307265
0.307563
0.307538
0.307735
0.307571
0.307373
0.307330
0.307725
0.307771
0.307826
0.307560
0.307695
0.307512
0.307303
0.307439
0.307256
0.307416
0.307578
0.307159
0.307372
0.307425
0.307401
0.307460
0.307396
0.307528
0.307687
0.308009
0.307431
0.307442
0.307727
0.307800
0.307938
0.307924
0.307792
0.307328
0.307373
0.307678
0.307567
0.307824
0.307405
0.307591
0.307267
0.307409
0.307718
0.307658
0.307501
0.307524
0.307559
0.307558
0.307660
0.307426
0.307651
0.307491
0.307417
0.307518
0.307352
0.307511
0.307730
0.307311
0.307649
0.307557
0.307428
0.307944
0.308020
0.308531
0.308459
0.307722
0.307596
0.307546
0.307567
0.308142
0.308384
0.307500
0.307440
0.307632
0.308187
0.308119
0.308357
0.307987
0.307406
0.307630
0.307955
0.307656
0.307703
0.307778
0.307338
0.307324
0.307501
0.307688
0.307606
0.307653
0.307634
0.308105
0.307523
0.307780
0.307597
0.307532
0.307603
0.307510
0.307323
0.307646
0.307301
0.307510
0.307428
0.307637
0.307754
0.307742
0.307609
0.307618
0.307857
0.307458
0.307594
0.307612
0.307510
0.307878
0.307782
0.307653
0.307580
0.308154
0.307765
0.307425
0.307684
0.307563
0.308086
0.307971
0.307766
0.307735
0.308006
0.307532
0.307297
0.307750
0.307323
0.307267
0.307409
0.307326
0.307291
0.307652
0.307933
0.307456
0.307459
0.307588
0.307433
0.307545
0.307578
0.307381
0.307715
0.307487
0.307871
0.307553
0.307823
0.308046
0.307838
0.307841
0.307792
0.307537
0.308011
0.307509
0.307384
0.307586
0.307639
0.307366
0.307685
0.307652
0.307750
0.307609
0.307673
0.307433
0.307563
0.307462
0.307773
0.308001
0.307625
0.307774
0.307739
0.307485
0.307725
0.307668
0.307586
0.307646
0.307445
0.307981
0.307704
0.307449
0.307439
0.307524
0.307514
0.307574
0.307444
0.307892
0.307914
0.308162
0.307464
0.307660
0.307421
0.307612
0.307399
0.307560
0.307580
0.307930
0.307713
0.307627
0.307613
0.307659
0.307656
0.307668
0.307624
0.307559
0.307646
0.307748
0.307555
0.307579
0.307445
0.307570
0.307614
0.308030
0.308068
0.307467
0.307831
0.307413
0.307712
0.307855
0.307557
0.307809
0.307747
0.307765
0.307865
0.307358
0.307392
0.307794
0.307819
0.307812
0.307917
0.307406
0.307656
0.307495
0.307641
0.307879
0.307825
0.307909
0.307759
0.307611
0.307528
0.307610
0.307718
0.307730
0.307714
0.307987
0.308243
0.307916
0.307686
0.307812
0.307563
0.307362
0.307950
0.307774
0.307641
0.308152
0.307918
0.308046
0.307554
0.307822
0.307739
0.307681
0.307722
0.307730
0.307588
0.307511
0.307413
0.307468
0.307481
0.307586
0.307495
0.307756
0.307615
0.307556
0.307576
0.307695
0.308061
0.307717
0.308108
0.307613
0.307637
0.307677
0.307834
0.307827
0.307684
0.307602
0.307648
0.307577
0.307518
0.307643
0.307788
0.307859
0.307568
0.307481
0.307489
0.307872
0.308041
0.307667
0.307418
0.307849
0.307983
0.308105
0.308005
0.307465
0.307729
0.307864
0.307640
0.307690
0.307475
0.307660
0.307625
0.307853
0.307983
0.307796
0.307857
0.307708
0.307530
0.307727
0.307611
0.307686
0.307673
0.307596
0.307595
0.307479
0.307941
0.308074
0.307601
0.307603
0.307750
0.307960
0.307841
0.307671
0.307622
0.307576
0.307812
0.307638
0.307646
0.307741
0.307596
0.307750
0.307661
0.307570
0.307724
0.307493
0.307556
0.307498
0.308102
0.307372
0.307521
0.307758
0.308017
0.307653
0.307747
0.307650
0.307687
0.307650
0.307726
0.307810
0.307776
0.307713
0.307812
0.307744
0.307615
0.307566
0.307445
0.307755
0.307932
0.307588
0.307661
0.307434
0.307588
0.307575
0.307585
0.307832
0.307874
0.307796
0.307915
0.307954
0.307674
0.308444
0.307737
0.307991
0.307964
0.307763
0.308169
0.307526
0.307586
0.307901
0.308121
0.307591
0.308005
0.307854
0.308255
0.307508
0.307681
0.307783
0.307998
0.307851
0.307519
0.307916
0.307794
0.307594
0.308080
0.308089
0.308124
0.307635
0.307636
0.307786
0.308115
0.308022
0.307783
0.307588
0.307713
0.307947
0.308137
0.308071
0.307713
0.308107
0.308168
0.308066
0.307801
0.307620
0.307921
0.307789
0.307409
0.307979
0.308091
0.308038
0.307712
0.307559
0.307615
0.307553
0.307815
0.307902
0.308132
0.307720
0.307589
0.307570
0.307871
0.307895
0.307811
0.307432
0.307657
0.307798
0.307662
0.307580
0.307862
0.308303
0.308278
0.307761
0.307671
0.307929
0.308027
0.308111
0.308737
0.307467
0.307880
0.307903
0.307878
0.308022
0.308029
0.307695
0.307826
0.307649
0.307505
0.307555
0.307477
0.307681
0.307878
0.307780
0.307991
0.307709
0.308096
0.308495
0.307726
0.307927
0.308061
0.307975
0.307816
0.307999
0.308336
0.308029
0.307482
0.307665
0.307716
0.307916
0.307620
0.308024
0.307911
0.308010
0.308156
0.308181
0.308008
0.307903
0.308428
0.308475
0.308208
0.308152
0.307769
0.308158
0.307634
0.307856
0.308145
0.308110
0.307817
0.308134
0.308131
0.307942
0.307792
0.307477
0.307561
0.308203
0.307888
0.308175
0.307939
0.307975
0.308111
0.307968
0.308167
0.307537
0.307742
0.307865
0.307955
0.307803
0.307989
0.307832
0.307862
0.308210
0.308188
0.308064
0.307981
0.308009
0.307717
0.307676
0.307844
0.307805
0.307812
0.308225
0.307877
0.308028
0.307909
0.307562
0.308413
0.308080
0.307660
0.307757
0.307881
0.307954
0.307956
0.307713
0.307838
0.307817
0.308018
0.307943
0.307902
0.307962
0.307682
0.307966
0.307846
0.307892
0.307663
0.307722
0.307773
0.307756
0.307773
0.307957
0.307769
0.307982
0.307898
0.307768
0.307639
0.308010
0.307825
0.307614
0.307657
0.307527
0.308117
0.308132
0.308236
0.308150
0.308153
0.307721
0.307987
0.307780
0.307966
0.307830
0.307764
0.307673
0.307777
0.307968
0.307754
0.307683
0.307668
0.308123
0.307675
0.307651
0.307774
0.307903
0.308283
0.307759
0.308023
0.308426
0.308270
0.307935
0.307895
0.307485
0.307774
0.308104
0.308049
0.307787
0.307802
0.307878
0.308105
0.307939
0.307919
0.307708
0.307904
0.307938
0.307782
0.307735
0.307610
0.308188
0.307765
0.307878
0.307932
0.307925
0.307770
0.307572
0.307974
0.307704
0.308060
0.308055
0.307703
0.308328
0.307792
0.308230
0.307765
0.308009
0.307776
0.308046
0.307863
0.307909
0.307575
0.307756
0.307798
0.307775
0.307505
0.307917
0.307913
0.307956
0.308239
0.307876
0.307669
0.307936
0.307978
0.307759
0.307783
0.307894
0.308185
0.307957
0.308172
0.308010
0.308024
0.307577
0.307692
0.307937
0.307762
0.307658
0.307642
0.307744
0.307735
0.307715
0.307986
0.308180
0.308174
0.307953
0.307995
0.308527
0.307880
0.307813
0.308019
0.307753
0.308187
0.309091
0.308449
0.308306
0.308410
0.308267
0.308005
0.308040
0.307875
0.308282
0.307756
0.307575
0.307778
0.307983
0.307942
0.307716
0.308017
0.307993
0.307662
0.308174
0.307807
0.307655
0.307729
0.307665
0.307719
0.307938
0.307827
0.307849
0.307854
0.307886
0.308113
0.307845
0.307932
0.307691
0.307932
0.308207
0.308192
0.307818
0.307802
0.307874
0.307949
0.308117
0.307906
0.307610
0.307921
0.308137
0.307751
0.307775
0.307526
0.307660
0.307750
0.307642
0.307732
0.308024
0.307878
0.307756
0.307902
0.308058
0.307760
0.307922
0.307978
0.307649
0.307896
0.307678
0.307722
0.307974
0.307957
0.308024
0.307878
0.307887
0.308319
0.308649
0.308044
0.307935
0.307931
0.308123
0.308069
0.307861
0.308133
0.307730
0.307866
0.307834
0.308025
0.307776
0.307727
0.307845
0.307968
0.308224
0.307816
0.307889
0.308347
0.308235
0.308124
0.308057
0.308140
0.307825
0.307971
0.307949
0.307688
0.308305
0.308119
0.308524
0.307887
0.308004
0.308265
0.308373
0.308880
0.308568
0.308249
0.307994
0.307959
0.307925
0.308187
0.308352
0.308294
0.308272
0.308393
0.308383
0.308188
0.308097
0.308707
0.308375
0.308250
0.308014
0.307766
0.307900
0.307993
0.307811
0.308120
0.308161
0.307829
0.307738
0.308070
0.307988
0.308030
0.308056
0.307886
0.308014
0.307957
0.308279
0.308362
0.308508
0.308412
0.308232
0.307796
0.308339
0.308121
0.308515
0.308081
0.307875
0.308196
0.307934
0.307861
0.307860
0.308062
0.307881
0.308070
0.307868
0.307757
0.308063
0.307834
0.307951
0.307736
0.308366
0.308020
0.308129
0.307955
0.308071
0.308181
0.307822
0.307810
0.307858
0.308048
0.307959
0.307772
0.307747
0.307735
0.308151
0.307987
0.308085
0.308201
0.308083
0.307848
0.308304
0.308384
0.307930
0.307846
0.307959
0.307908
0.307828
0.308190
0.308249
0.308206
0.308337
0.308090
0.308173
0.308776
0.308245
0.307714
0.307979
0.307679
0.308072
0.308004
0.308065
0.308087
0.307731
0.307834
0.308182
0.307952
0.308068
0.307958
0.307960
0.307919
0.307927
0.307917
0.307759
0.308306
0.308312
0.307861
0.307949
0.308163
0.308070
0.307783
0.307776
0.308162
0.308268
0.307895
0.307801
0.307757
0.308220
0.308268
0.308279
0.308557
0.308438
0.308266
0.308944
0.307996
0.307789
0.307878
0.307965
0.308188
0.307701
0.307848
0.308219
0.307977
0.308042
0.308014
0.307729
0.307818
0.307730
0.308168
0.308275
0.308086
0.308113
0.308153
0.308279
0.308730
0.307833
0.307803
0.308269
0.307830
0.307995
0.308284
0.308063
0.308029
0.307911
0.308206
0.307851
0.308100
0.308083
0.308242
0.307788
0.308223
0.308297
0.308021
0.307788
0.308147
0.308070
0.308185
0.308316
0.308129
0.308119
0.308414
0.308485
0.307913
0.307901
0.308160
0.308586
0.308437
0.308269
0.307903
0.308042
0.308241
0.308310
0.308072
0.308374
0.308750
0.308281
0.308310
0.308236
0.308390
0.307813
0.308299
0.308289
0.308220
0.308484
0.308416
0.307972
0.307954
0.307998
0.307994
0.307945
0.307980
0.308190
0.308104
0.308003
0.308058
0.307857
0.308404
0.307953
0.308005
0.308342
0.308006
0.307993
0.307967
0.308297
0.308328
0.308598
0.308414
0.308615
0.308055
0.308186
0.308060
0.307974
0.308081
0.308650
0.308620
0.308165
0.308155
0.308645
0.308314
0.308328
0.308435
0.308262
0.308141
0.308244
0.308227
0.308105
0.307821
0.308147
0.308049
0.307916
0.308265
0.307955
0.308053
0.308409
0.308001
0.308304
0.308152
0.307903
0.307991
0.308163
0.308156
0.308169
0.307964
0.308106
0.308113
0.308047
0.308223
0.307781
0.308053
0.308022
0.308126
0.308008
0.308056
0.308056
0.308027
0.308204
0.307920
0.308122
0.307836
0.308037
0.308162
0.308166
0.307953
0.308109
0.308526
0.308667
0.308379
0.307892
0.308092
0.307989
0.308274
0.308227
0.308608
0.308197
0.308410
0.308029
0.308202
0.308285
0.308621
0.308534
0.308606
0.308247
0.308115
0.307945
0.308365
0.308256
0.308114
0.307844
0.307867
0.307935
0.308137
0.308303
0.308153
0.308130
0.308437
0.308222
0.308674
0.308243
0.307926
0.308193
0.308300
0.307954
0.307959
0.307914
0.307882
0.307853
0.307888
0.307823
0.307927
0.307986
0.308205
0.308473
0.308621
0.308281
0.308358
0.307950
0.308155
0.308190
0.308014
0.308182
0.307902
0.308207
0.308166
0.308227
0.308310
0.308492
0.309103
0.308574
0.308246
0.308010
0.308191
0.308348
0.307938
0.308070
0.307980
0.308457
0.308596
0.308402
0.307898
0.308139
0.308311
0.307934
0.308118
0.308325
0.308747
0.308409
0.308165
0.308334
0.308058
0.308209
0.308522
0.308050
0.308696
0.308252
0.308387
0.308304
0.308330
0.308144
0.308130
0.307994
0.308118
0.308234
0.308427
0.308293
0.308047
0.307922
0.307917
0.307933
0.308560
0.308535
0.308292
0.308589
0.308101
0.308043
0.308164
0.308420
0.308132
0.307935
0.308555
0.308216
0.308494
0.308468
0.308448
0.308149
0.308370
0.308380
0.308673
0.308413
0.308253
0.308536
0.307957
0.308183
0.308169
0.308446
0.308430
0.308438
0.308725
0.308425
0.308206
0.308350
0.308348
0.308268
0.308032
0.308565
0.308545
0.308227
0.308404
0.308051
0.307959
0.308281
0.308125
0.308358
0.308424
0.308287
0.308003
0.308515
0.308145
0.308161
0.308511
0.308154
0.307961
0.308105
0.308629
0.308201
0.308030
0.308100
0.308292
0.308127
0.308280
0.308645
0.308216
0.308222
0.308211
0.308189
0.308257
0.308209
0.308094
0.308330
0.308111
0.308614
0.308886
0.308095
0.308212
0.308512
0.308624
0.308241
0.308129
0.308080
0.308279
0.307988
0.308196
0.308806
0.308978
0.308366
0.307971
0.308629
0.308574
0.308993
0.308306
0.308137
0.308340
0.308472
0.308206
0.308091
0.308416
0.308254
0.308357
0.307995
0.307993
0.308408
0.308583
0.308421
0.309194
0.308397
0.308501
0.308312
0.308087
0.308270
0.308324
0.308105
0.308653
0.308300
0.308202
0.308287
0.308453
0.308465
0.308079
0.308497
0.308352
0.308277
0.308180
0.308149
0.308024
0.307985
0.308242
0.308441
0.308290
0.308293
0.308153
0.308463
0.308585
0.308394
0.308239
0.308018
0.308045
0.308734
0.308463
0.308169
0.308411
0.308435
0.308340
0.308514
0.308164
0.308342
0.308163
0.308483
0.308145
0.308824
0.308419
0.308250
0.308234
0.308535
0.308350
0.308731
0.308414
0.308140
0.308760
0.308644
0.308531
0.308560
0.308312
0.308098
0.308081
0.308228
0.308806
0.308406
0.308337
0.308251
0.308238
0.308305
0.308307
0.308291
0.308337
0.308863
0.308862
0.308578
0.308649
0.308510
0.308562
0.308066
0.308235
0.308024
0.308401
0.308235
0.308213
0.308438
0.308199
0.308044
0.308242
0.308216
0.308145
0.308184
0.308346
0.308475
0.308668
0.308098
0.308091
0.308257
0.308521
0.308499
0.308941
0.308480
0.308177
0.308343
0.308481
0.308542
0.308920
0.308440
0.308198
0.308125
0.308123
0.308127
0.308256
0.308276
0.308288
0.308340
0.308501
0.308458
0.308095
0.308268
0.308391
0.308277
0.308146
0.308099
0.308683
0.308278
0.308330
0.308733
0.308507
0.308327
0.308261
0.308216
0.308264
0.308304
0.308338
0.308352
0.308367
0.308251
0.308701
0.308586
0.308277
0.308402
0.308506
0.308605
0.308512
0.308651
0.308319
0.308421
0.308951
0.308646
0.308604
0.308740
0.308609
0.308515
0.308527
0.308630
0.308672
0.308542
0.308465
0.308684
0.308789
0.308461
0.308504
0.308156
0.308255
0.308431
0.308414
0.308608
0.308588
0.308831
0.308613
0.308393
0.308301
0.308536
0.308575
0.308360
0.308907
0.308785
0.308860
0.308444
0.308317
0.308571
0.308815
0.308701
0.308475
0.308334
0.308707
0.308647
0.308455
0.308228
0.308824
0.309101
0.308707
0.308698
0.308837
0.308819
0.308353
0.309007
0.308785
0.308845
0.308945
0.308335
0.308359
0.308496
0.308214
0.308430
0.308331
0.308278
0.308546
0.308213
0.308467
0.308315
0.308396
0.308811
0.308395
0.309138
0.308709
0.308799
0.308607
0.308563
0.308359
0.308195
0.308443
0.308472
0.308523
0.308194
0.308644
0.308843
0.308421
0.308653
0.308497
0.308419
0.308665
0.308475
0.308250
0.308327
0.308391
0.308362
0.308408
0.308430
0.308374
0.308601
0.308564
0.308755
0.308850
0.308568
0.308418
0.308306
0.308364
0.308408
0.308491
0.308406
0.308481
0.308446
0.308835
0.308540
0.308302
0.308900
0.308428
0.308578
0.308255
0.308537
0.308560
0.308301
0.308312
0.308333
0.308379
0.308605
0.308713
0.308541
0.308398
0.308689
0.308546
0.308591
0.308387
0.308351
0.308330
0.308188
0.308830
0.308735
0.308338
0.308948
0.308913
0.308792
0.308268
0.308326
0.308427
0.308672
0.308521
0.308297
0.308287
0.308406
0.308822
0.308583
0.308225
0.308489
0.309015
0.309009
0.308530
0.308148
0.308263
0.308800
0.308565
0.308650
0.308217
0.308660
0.308706
0.308521
0.308148
0.308247
0.308277
0.308480
0.308427
0.308334
0.308393
0.308570
0.308558
0.308320
0.308281
0.308267
0.308272
0.308272
0.308921
0.308400
0.308552
0.308896
0.308420
0.308503
0.308726
0.308816
0.308378
0.308417
0.308378
0.308402
0.308405
0.308919
0.308720
0.308375
0.308360
0.308218
0.308662
0.308765
0.308441
0.308634
0.308649
0.308649
0.308592
0.308737
0.308543
0.308397
0.308252
0.308823
0.308604
0.308302
0.308529
0.308799
0.308607
0.308330
0.308303
0.308369
0.308387
0.308289
0.308646
0.308552
0.308526
0.308899
0.308647
0.308661
0.308889
0.308714
0.308642
0.308291
0.308769
0.308518
0.308577
0.308229
0.308616
0.308294
0.308449
0.308459
0.308592
0.308606
0.308772
0.308731
0.309020
0.308735
0.308384
0.308469
0.308519
0.308467
0.308576
0.308534
0.308572
0.308502
0.308479
0.308679
0.308483
0.308566
0.308677
0.308779
0.308448
0.308522
0.308426
0.308890
0.308433
0.308670
0.308561
0.308452
0.308863
0.308708
0.308848
0.308762
0.308465
0.308862
0.308745
0.308400
0.308459
0.308645
0.308642
0.308382
0.308489
0.308660
0.308351
0.308538
0.308609
0.308977
0.308401
0.308526
0.308555
0.308589
0.308289
0.308357
0.308420
0.308543
0.308820
0.308616
0.308302
0.308308
0.308544
0.308681
0.308822
0.308666
0.308514
0.308580
0.308662
0.308829
0.308495
0.308252
0.308564
0.308258
0.308417
0.308368
0.308740
0.308651
0.308648
0.308401
0.308682
0.308601
0.308555
0.308413
0.308343
0.308365
0.308733
0.308661
0.308769
0.308914
0.308602
0.308743
0.308314
0.308589
0.308536
0.308553
0.308679
0.308494
0.308423
0.308442
0.309028
0.309059
0.308447
0.308385
0.308487
0.308864
0.309013
0.308433
0.308717
0.308637
0.308410
0.308601
0.308494
0.308490
0.308426
0.308470
0.308570
0.308687
0.308506
0.308842
0.308861
0.308626
0.308511
0.308212
0.308286
0.308490
0.308469
0.308524
0.308665
0.308302
0.308553
0.308459
0.308610
0.308955
0.308607
0.308922
0.308699
0.308613
0.308991
0.308439
0.308686
0.308971
0.308556
0.308822
0.308392
0.308745
0.308518
0.308626
0.308718
0.308556
0.308468
0.308551
0.308486
0.308310
0.308530
0.308641
0.308592
0.308655
0.308281
0.308924
0.309098
0.308577
0.308753
0.308451
0.308552
0.308421
0.308645
0.308552
0.308526
0.308622
0.308397
0.308528
0.308896
0.308895
0.309068
0.308977
0.308397
0.308418
0.308372
0.308467
0.308298
0.308340
0.308531
0.308521
0.308690
0.308727
0.308554
0.308541
0.308766
0.308783
0.308418
0.308462
0.308710
0.308838
0.308706
0.308934
0.308782
0.308842
0.308958
0.308481
0.308461
0.308554
0.308635
0.308673
0.308542
0.309038
0.308469
0.308987
0.308272
0.308308
0.308323
0.308486
0.308408
0.308658
0.308507
0.308580
0.308714
0.308752
0.308508
0.308548
0.308617
0.308564
0.308813
0.308824
0.308640
0.308653
0.308795
0.308615
0.308417
0.308592
0.308763
0.308441
0.308303
0.308305
0.308606
0.308826
0.308417
0.308724
0.308775
0.308605
0.308482
0.308509
0.308259
0.308475
0.308470
0.308888
0.308691
0.308378
0.308989
0.309193
0.308826
0.308419
0.308461
0.308946
0.308337
0.308503
0.308532
0.308571
0.308301
0.308355
0.308443
0.308732
0.308366
0.308645
0.308760
0.308539
0.308318
0.308479
0.308516
0.309055
0.309044
0.308852
0.308575
0.308864
0.308768
0.308894
0.308443
0.308640
0.308606
0.308593
0.308773
0.309013
0.308575
0.308598
0.308674
0.308576
0.308281
0.308478
0.308414
0.308565
0.308426
0.308736
0.308556
0.308638
0.308707
0.308529
0.308745
0.308468
0.308637
0.308868
0.308785
0.308681
0.308405
0.308567
0.308649
0.309003
0.308732
0.308986
0.308520
0.308487
0.308486
0.308284
0.308992
0.308883
0.308906
0.308826
0.308534
0.308523
0.308554
0.308857
0.308980
0.308836
0.308520
0.308554
0.308432
0.308616
0.308852
0.309132
0.308910
0.308872
0.308598
0.308733
0.308931
0.308971
0.308516
0.308586
0.308960
0.308647
0.308371
0.308476
0.308434
0.308578
0.308433
0.308614
0.309033
0.308986
0.308493
0.308649
0.308528
0.308827
0.308965
0.309098
0.309178
0.308964
0.308464
0.308756
0.308469
0.308894
0.308999
0.308452
0.308660
0.308606
0.308682
0.308835
0.308482
0.308352
0.308670
0.308628
0.308353
0.308413
0.308841
0.308713
0.308552
0.309030
0.308552
0.308427
0.308383
0.308847
0.309009
0.308446
0.308759
0.308482
0.308579
0.308680
0.308561
0.308599
0.309009
0.309025
0.308894
0.308708
0.308869
0.308424
0.308795
0.308851
0.308657
0.308497
0.308653
0.308697
0.308538
0.308477
0.308637
0.308400
0.308818
0.308715
0.308367
0.308705
0.308771
0.308885
0.308507
0.308470
0.308737
0.308707
0.308661
0.308885
0.309039
0.309269
0.308745
0.308836
0.308888
0.308822
0.308646
0.308671
0.308575
0.308714
0.308840
0.308738
0.308957
0.308722
0.308724
0.308793
0.308751
0.308854
0.309062
0.308881
0.309009
0.308548
0.308849
0.308646
0.308926
0.308710
0.308684
0.308583
0.308813
0.308654
0.308932
0.308804
0.308904
0.309024
0.309185
0.308588
0.308747
0.308872
0.308620
0.308635
0.308465
0.308945
0.308712
0.308679
0.308587
0.308589
0.308877
0.308948
0.308397
0.308717
0.308770
0.308691
0.308769
0.308526
0.308534
0.309132
0.308754
0.308603
0.308659
0.308687
0.308980
0.308692
0.308586
0.308555
0.309097
0.308740
0.309070
0.308932
0.308787
0.308907
0.309054
0.309044
0.308561
0.308847
0.308716
0.308615
0.308725
0.308746
0.308626
0.308779
0.309327
0.308717
0.308627
0.308657
0.308399
0.308594
0.308685
0.308712
0.308447
0.308814
0.308634
0.308666
0.308586
0.308932
0.309038
0.308701
0.308918
0.308627
0.308597
0.308738
0.308563
0.308836
0.309108
0.308729
0.308681
0.308484
0.308497
0.308708
0.308959
0.308824
0.309219
0.309404
0.308774
0.308845
0.308782
0.308670
0.308676
0.308688
0.308651
0.308522
0.308473
0.308859
0.309088
0.308576
0.308768
0.308989
0.308729
0.308679
0.308853
0.308832
0.308851
0.308750
0.308677
0.308532
0.308761
0.308649
0.308515
0.308955
0.308846
0.308684
0.308695
0.309047
0.308931
0.308820
0.308682
0.308762
0.309195
0.308991
0.309497
0.308589
0.308524
0.308855
0.308798
0.308762
0.308558
0.308983
0.308650
0.308867
0.309120
0.309069
0.309194
0.308652
0.309413
0.309138
0.308655
0.308582
0.308821
0.308849
0.308925
0.308967
0.308483
0.308670
0.308567
0.308621
0.308527
0.309262
0.308721
0.308626
0.308668
0.308867
0.309082
0.308802
0.308599
0.308773
0.308863
0.308786
0.308471
0.308664
0.308608
0.308664
0.308930
0.309089
0.308985
0.308744
0.308728
0.308575
0.308533
0.308652
0.308986
0.308522
0.308716
0.308832
0.308912
0.308916
0.308595
0.309037
0.308578
0.308556
0.308692
0.308831
0.308687
0.308678
0.308694
0.308754
0.308820
0.308782
0.308999
0.308514
0.308563
0.308718
0.308801
0.308572
0.308848
0.308858
0.308962
0.309248
0.309575
0.308451
0.308915
0.308747
0.308738
0.308666
0.308902
0.308495
0.308518
0.308730
0.308776
0.309015
0.308633
0.308889
0.308901
0.309055
0.308799
0.308947
0.308573
0.308586
0.308650
0.308756
0.308638
0.308776
0.308515
0.308571
0.308693
0.308794
0.308665
0.308678
0.308705
0.308912
0.308860
0.308706
0.308607
0.308476
0.308733
0.308743
0.309037
0.308979
0.308597
0.308585
0.308852
0.308654
0.309131
0.308950
0.308627
0.308939
0.309033
0.308679
0.308803
0.308592
0.308625
0.308976
0.308885
0.308795
0.308715
0.308706
0.308569
0.308717
0.308667
0.309022
0.308866
0.309077
0.308840
0.308839
0.308772
0.308728
0.309088
0.309095
0.308804
0.308844
0.308874
0.308760
0.308732
0.308782
0.308838
0.308661
0.309103
0.309098
0.308728
0.308745
0.309349
0.308842
0.308692
0.308827
0.309118
0.308768
0.308832
0.309067
0.308849
0.308879
0.309192
0.308695
0.308726
0.308811
0.308650
0.308628
0.308762
0.309148
0.308668
0.308740
0.308758
0.308905
0.308630
0.308780
0.308993
0.308904
0.308859
0.309063
0.308643
0.308729
0.308749
0.308821
0.308880
0.308756
0.308762
0.309244
0.309269
0.308823
0.309187
0.308747
0.308751
0.308994
0.308945
0.308717
0.309102
0.309111
0.309019
0.308942
0.308872
0.309045
0.309155
0.308823
0.308938
0.308960
0.308932
0.308664
0.308983
0.308693
0.308728
0.309047
0.308971
0.308921
0.308605
0.308912
0.309117
0.308882
0.309085
0.308806
0.308887
0.308996
0.309114
0.309037
0.309194
0.309183
0.309230
0.308987
0.309067
0.309209
0.308857
0.308820
0.309152
0.308960
0.309430
0.309312
0.309206
0.308996
0.309035
0.308901
0.308828
0.308661
0.309199
0.308762
0.308833
0.308984
0.308775
0.308809
0.308779
0.308752
0.308835
0.309306
0.309403
0.309463
0.309406
0.308762
0.308667
0.308755
0.308992
0.309299
0.309278
0.308821
0.309078
0.308588
0.308591
0.308676
0.308636
0.308743
0.308831
0.309328
0.308928
0.308818
0.308803
0.308850
0.309190
0.309103
0.308896
0.308787
0.308844
0.308768
0.309008
0.308899
0.308773
0.308811
0.308865
0.309022
0.309204
0.309178
0.308944
0.308945
0.308653
0.309008
0.309044
0.308954
0.309152
0.309136
0.308644
0.309119
0.309131
0.309528
0.308910
0.308926
0.308800
0.308851
0.309040
0.308751
0.309335
0.309015
0.309147
0.308740
0.308814
0.308972
0.308917
0.308815
0.308810
0.308873
0.308870
0.308897
0.308801
0.308735
0.308991
0.308821
0.308790
0.308681
0.308995
0.308987
0.309052
0.309159
0.308815
0.308912
0.309037
0.308806
0.309167
0.309077
0.308872
0.309409
0.309029
0.308898
0.308766
0.309123
0.309478
0.308723
0.308977
0.309231
0.308951
0.309233
0.308922
0.308934
0.308788
0.308885
0.308772
0.309119
0.309061
0.309100
0.308774
0.308775
0.308708
0.308658
0.309095
0.308853
0.309180
0.308892
0.308925
0.309047
0.308974
0.308862
0.308767
0.308917
0.309282
0.308826
0.309164
0.308883
0.309052
0.308704
0.308916
0.308846
0.309049
0.308861
0.308796
0.309125
0.309092
0.309068
0.308784
0.308641
0.309010
0.309196
0.309026
0.308925
0.308725
0.308593
0.308811
0.308922
0.309173
0.308938
0.308954
0.309145
0.309000
0.308916
0.308990
0.308605
0.308764
0.309107
0.309491
0.309042
0.308721
0.308944
0.308682
0.308959
0.308978
0.308926
0.308932
0.308836
0.309233
0.309237
0.308762
0.309270
0.309347
0.309265
0.309114
0.309108
0.309140
0.308999
0.309006
0.308871
0.308762
0.309201
0.308905
0.308889
0.308898
0.308860
0.308840
0.309275
0.309065
0.308728
0.308933
0.308918
0.309031
0.308777
0.308833
0.309299
0.309230
0.308688
0.309140
0.308861
0.308857
0.308925
0.309045
0.309031
0.309072
0.308853
0.309041
0.308911
0.308832
0.308769
0.308769
0.308765
0.308955
0.308787
0.309220
0.308828
0.308814
0.309354
0.309091
0.308934
0.309167
0.309056
0.309274
0.309118
0.309094
0.308914
0.308975
0.309228
0.309122
0.308917
0.309357
0.309256
0.309080
0.309367
0.308994
0.309389
0.309326
0.309414
0.309328
0.309555
0.308896
0.309159
0.309237
0.309236
0.308801
0.309278
0.309096
0.308817
0.308919
0.308969
0.308704
0.308704
0.308873
0.308981
0.309062
0.308813
0.308905
0.309150
0.309071
0.309186
0.309006
0.309176
0.309008
0.308880
0.308848
0.308927
0.308761
0.308753
0.309252
0.309072
0.308941
0.309212
0.309034
0.308778
0.309104
0.308771
0.308773
0.308967
0.309005
0.309064
0.309057
0.309083
0.309339
0.309499
0.309420
0.308824
0.309145
0.308934
0.309084
0.309260
0.309594
0.309261
0.308860
0.309216
0.308950
0.308889
0.308797
0.309144
0.308877
0.308850
0.308933
0.309149
0.309132
0.309079
0.309018
0.309145
0.309166
0.308967
0.309104
0.308963
0.308839
0.308802
0.309180
0.309182
0.309053
0.309192
0.309022
0.309144
0.309501
0.309580
0.308860
0.309296
0.309310
0.309321
0.309014
0.308792
0.309001
0.309243
0.309339
0.309148
0.308899
0.309092
0.309085
0.309004
0.308981
0.309199
0.308797
0.308790
0.308962
0.308820
0.309403
0.309030
0.308951
0.309407
0.308887
0.309229
0.309143
0.308981
0.308794
0.309018
0.309004
0.308871
0.309076
0.309155
0.309212
0.309076
0.308902
0.309141
0.309186
0.309214
0.309058
0.308998
0.309554
0.308998
0.309040
0.308935
0.308929
0.309411
0.309399
0.309120
0.308903
0.308955
0.309176
0.309402
0.309003
0.309030
0.308884
0.308880
0.308814
0.308886
0.309148
0.308759
0.308988
0.308872
0.309216
0.308914
0.308956
0.309035
0.308891
0.308967
0.308953
0.308898
0.309047
0.309243
0.309028
0.309132
0.309364
0.309337
0.308901
0.309387
0.309203
0.309258
0.309319
0.309255
0.308893
0.308908
0.309191
0.309148
0.309074
0.309128
0.309211
0.308913
0.308953
0.309336
0.309218
0.308856
0.308849
0.309145
0.309040
0.308805
0.309299
0.309237
0.309423
0.309032
0.308757
0.309064
0.309141
0.309273
0.309253
0.309224
0.309172
0.309403
0.309265
0.309079
0.309162
0.308792
0.309172
0.309252
0.309594
0.309180
0.309262
0.309543
0.309450
0.309066
0.308835
0.308926
0.308944
0.309008
0.308996
0.308896
0.308881
0.309085
0.309341
0.309164
0.309070
0.308960
0.309119
0.309015
0.308983
0.309595
0.309377
0.309193
0.309583
0.309162
0.308886
0.308921
0.308941
0.308899
0.309441
0.309033
0.309172
0.308763
0.308983
0.309283
0.309065
0.308895
0.309100
0.309237
0.308894
0.309120
0.309249
0.309516
0.308876
0.309193
0.309129
0.309464
0.309081
0.309029
0.309290
0.309260
0.309150
0.309010
0.309210
0.309525
0.309113
0.309305
0.309060
0.309118
0.309015
0.308911
0.309137
0.308911
0.309052
0.309086
0.308950
0.308877
0.309033
0.308849
0.309119
0.308911
0.308886
0.309132
0.309120
0.309466
0.309182
0.308858
0.309186
0.309381
0.309393
0.309398
0.309347
0.309137
0.308914
0.308984
0.309150
0.309128
0.309295
0.308961
0.309041
0.308935
0.308955
0.309020
0.309391
0.309473
0.309375
0.309093
0.309073
0.308887
0.309670
0.309391
0.309335
0.309123
0.308828
0.308895
0.308875
0.309014
0.309562
0.309413
0.309052
0.309297
0.309329
0.308953
0.309135
0.309251
0.308884
0.308856
0.308963
0.309269
0.308995
0.308854
0.308858
0.309017
0.309305
0.309025
0.309618
0.309099
0.308869
0.309004
0.309295
0.309417
0.309197
0.308992
0.309055
0.309171
0.308867
0.309168
0.309260
0.308838
0.309220
0.309055
0.309360
0.309170
0.309198
0.308774
0.309099
0.309538
0.308904
0.309275
0.309094
0.309049
0.309563
0.309690
0.310416
0.309341
0.309358
0.309356
0.309177
0.309131
0.308895
0.309219
0.308985
0.309856
0.309723
0.309175
0.308911
0.309568
0.309089
0.308982
0.309116
0.308951
0.308986
0.309040
0.309053
0.309055
0.309322
0.309153
0.309036
0.309372
0.309603
0.309347
0.309303
0.309070
0.309230
0.309117
0.309669
0.309294
0.309277
0.309357
0.309243
0.309338
0.309180
0.308945
0.309040
0.309127
0.309192
0.309719
0.309065
0.309502
0.309323
0.309238
0.309291
0.309180
0.309484
0.309311
0.309515
0.309516
0.309360
0.308963
0.309160
0.309102
0.309172
0.309283
0.309147
0.309269
0.309126
0.309170
0.309092
0.309535
0.309584
0.308994
0.309226
0.309198
0.309159
0.309069
0.308902
0.309011
0.309181
0.309084
0.309083
0.309224
0.308963
0.309046
0.309138
0.309119
0.309259
0.309142
0.309136
0.309432
0.309703
0.309614
0.308918
0.309087
0.309139
0.308935
0.308860
0.308987
0.309438
0.308978
0.309154
0.309321
0.308896
0.308994
0.309081
0.309358
0.309225
0.309198
0.308897
0.309350
0.309136
0.309196
0.309005
0.308971
0.309189
0.309037
0.309259
0.309066
0.309000
0.309075
0.309123
0.309245
0.309221
0.309112
0.309167
0.309290
0.309130
0.309054
0.308902
0.309148
0.308936
0.309207
0.309209
0.309004
0.309162
0.309241
0.309432
0.309478
0.309103
0.308978
0.309350
0.309423
0.309762
0.309433
0.309802
0.309202
0.309200
0.309558
0.309786
0.309301
0.309268
0.309371
0.309558
0.309297
0.309367
0.309292
0.309554
0.309676
0.309853
0.309461
0.309507
0.309067
0.309133
0.309455
0.309258
0.309255
0.309384
0.309026
0.309039
0.309167
0.309012
0.309685
0.309533
0.308947
0.309217
0.309386
0.309401
0.309470
0.309406
0.309155
0.309484
0.309156
0.309114
0.309194
0.309294
0.309370
0.309630
0.309228
0.309126
0.309220
0.309199
0.309158
0.309263
0.309094
0.308839
0.308956
0.309061
0.309129
0.309113
0.309185
0.308950
0.308976
0.309100
0.309033
0.308974
0.309067
0.308954
0.309207
0.309395
0.309254
0.308930
0.309328
0.309118
0.309069
0.309113
0.309018
0.309011
0.308906
0.308985
0.309448
0.309784
0.310041
0.309562
0.308983
0.309213
0.309076
0.309025
0.309003
0.309121
0.308974
0.309386
0.309563
0.309507
0.308937
0.309095
0.309134
0.309189
0.308999
0.309059
0.309174
0.308950
0.308928
0.309622
0.309213
0.309199
0.309190
0.309320
0.309231
0.309024
0.309345
0.309386
0.309340
0.309376
0.309546
0.309192
0.309018
0.309091
0.308981
0.309153
0.309422
0.309629
0.309279
0.309136
0.309384
0.309099
0.309152
0.309168
0.309194
0.309064
0.309248
0.309025
0.309466
0.308915
0.309215
0.309248
0.309447
0.309669
0.309121
0.309223
0.309267
0.309158
0.309212
0.309161
0.309058
0.309281
0.309033
0.309360
0.309203
0.309022
0.309188
0.309167
0.309329
0.308928
0.309389
0.309292
0.308963
0.309554
0.309203
0.309257
0.309089
0.309008
0.309275
0.308942
0.309051
0.308988
0.309396
0.309146
0.309061
0.309049
0.308989
0.309038
0.308922
0.308914
0.309297
0.309190
0.309670
0.309662
0.309739
0.309311
0.309025
0.309058
0.309167
0.309252
0.309261
0.309716
0.309440
0.309635
0.308984
0.309081
0.309356
0.309525
0.308990
0.309233
0.309316
0.309190
0.309358
0.309423
0.309479
0.309259
0.309164
0.309172
0.309177
0.309855
0.309305
0.309275
0.309099
0.308916
0.309257
0.309023
0.309382
0.309132
0.309016
0.308935
0.308945
0.309014
0.308896
0.309095
0.308992
0.309097
0.309136
0.309658
0.309369
0.309107
0.309291
0.309140
0.309171
0.309124
0.309019
0.309360
0.309451
0.309405
0.309260
0.309148
0.309130
0.309210
0.309364
0.309114
0.309007
0.309376
0.309360
0.309148
0.309289
0.309583
0.309460
0.309129
0.309449
0.309713
0.309702
0.309248
0.309039
0.309057
0.309149
0.309083
0.309374
0.309062
0.309399
0.309390
0.309199
0.309223
0.309522
0.309748
0.309103
0.309806
0.309212
0.309330
0.309309
0.309483
0.309654
0.309401
0.309353
0.309219
0.309345
0.309461
0.309498
0.309594
0.309549
0.309465
0.309136
0.308995
0.309098
0.309428
0.309419
0.309141
0.309374
0.309168
0.309798
0.309134
0.309149
0.309303
0.309436
0.309271
0.309402
0.309492
0.309860
0.309133
0.309600
0.309651
0.309091
0.309308
0.308978
0.309026
0.309061
0.309275
0.309125
0.309090
0.309198
0.309686
0.309142
0.309233
0.309288
0.309211
0.309417
0.309104
0.309388
0.309019
0.309141
0.309158
0.309220
0.309170
0.309458
0.309174
0.309039
0.309096
0.309103
0.309176
0.309206
0.309094
0.309451
0.309348
0.309174
0.309698
0.309681
0.309902
0.309315
0.309150
0.309261
0.309269
0.309235
0.308979
0.309224
0.309267
0.309293
0.309083
0.309444
0.309646
0.309232
0.309349
0.309240
0.309358
0.309106
0.309121
0.309524
0.309609
0.309341
0.309610
0.309717
0.309187
0.309313
0.309467
0.309067
0.309575
0.309202
0.309195
0.309382
0.309319
0.309288
0.309224
0.309149
0.309067
0.309178
0.309491
0.309300
0.309277
0.309759
0.309821
0.309766
0.310035
0.309252
0.309276
0.308999
0.309075
0.309082
0.309458
0.308977
0.309034
0.309583
0.309732
0.309413
0.309601
0.309740
0.309690
0.309650
0.309761
0.309295
0.309680
0.309099
0.309582
0.309420
0.309149
0.309384
0.309162
0.309167
0.309053
0.309373
0.309393
0.309085
0.309325
0.309188
0.309177
0.309372
0.309147
0.309336
0.309578
0.309508
0.309383
0.309130
0.309188
0.309171
0.309375
0.309172
0.309367
0.309203
0.309193
0.309167
0.309171
0.309296
0.309280
0.309471
0.309564
0.309272
0.309356
0.309389
0.309362
0.308986
0.309389
0.309323
0.309058
0.309139
0.309011
0.309020
0.309477
0.309467
0.309405
0.309553
0.309492
0.309438
0.309107
0.309159
0.309193
0.309277
0.309373
0.309356
0.309265
0.309287
0.309086
0.309130
0.309162
0.309159
0.308994
0.309367
0.309143
0.309327
0.309361
0.309417
0.309315
0.309340
0.309386
0.309384
0.309570
0.309458
0.309031
0.308996
0.309150
0.309207
0.309242
0.309189
0.309549
0.309476
0.309621
0.309132
0.309268
0.309013
0.309321
0.309376
0.309281
0.309229
0.309179
0.309233
0.309388
0.309612
0.309187
0.309579
0.309500
0.309479
0.309499
0.309285
0.309003
0.309105
0.309271
0.309183
0.309521
0.309281
0.309300
0.309658
0.309485
0.309483
0.309306
0.309249
0.309567
0.309244
0.309139
0.309368
0.308985
0.309466
0.309373
0.309195
0.309228
0.309402
0.309446
0.309231
0.309451
0.309308
0.309206
0.309155
0.309314
0.308980
0.309316
0.309200
0.309006
0.309100
0.309135
0.309335
0.309429
0.309374
0.308967
0.309000
0.309310
0.309111
0.309182
0.309360
0.309280
0.309314
0.309116
0.309239
0.309394
0.309425
0.309189
0.309831
0.309705
0.309565
0.309737
0.309504
0.309371
0.309443
0.309496
0.309825
0.309690
0.309593
0.309771
0.309569
0.309440
0.309502
0.309356
0.309814
0.309555
0.309309
0.309419
0.309788
0.309077
0.309150
0.309388
0.309241
0.309179
0.309255
0.309158
0.309557
0.309271
0.309129
0.309111
0.309482
0.309331
0.309821
0.309196
0.309140
0.309254
0.309345
0.309249
0.309317
0.309477
0.309271
0.309161
0.309421
0.309533
0.309490
0.309439
0.309366
0.309341
0.309382
0.309381
0.309253
0.309302
0.309205
0.308992
0.309510
0.309024
0.309203
0.309374
0.309205
0.309330
0.309335
0.309399
0.309148
0.309163
0.309165
0.309390
0.309402
0.309342
0.309301
0.309220
0.309500
0.309383
0.308995
0.309136
0.309521
0.309612
0.309246
0.309305
0.309334
0.309238
0.309232
0.309226
0.309000
0.309236
0.309423
0.309167
0.309461
0.309279
0.309434
0.309441
0.309368
0.309960
0.309566
0.309592
0.309130
0.309121
0.309390
0.309463
0.309524
0.309374
0.309593
0.309292
0.309195
0.309611
0.309230
0.309292
0.309577
0.309186
0.309337
0.309042
0.309814
0.309853
0.309427
0.309167
0.309542
0.309339
0.309354
0.309399
0.309261
0.309305
0.309450
0.309747
0.309533
0.309261
0.309409
0.309307
0.309294
0.309148
0.308993
0.309284
0.309867
0.309046
0.309311
0.309621
0.309352
0.309151
0.309572
0.309397
0.309581
0.309472
0.309286
0.309644
0.309273
0.309234
0.309217
0.309612
0.309493
0.309470
0.309287
0.309918
0.309746
0.309802
0.309725
0.309682
0.309961
0.309175
0.309195
0.309039
0.309237
0.309357
0.309415
0.309700
0.309376
0.309303
0.309108
0.309284
0.309374
0.309425
0.309117
0.309200
0.309307
0.309498
0.309552
0.309443
0.309380
0.309463
0.309494
0.309193
0.309399
0.309900
0.309396
0.309254
0.309437
0.309134
0.309307
0.309477
0.309421
0.309750
0.309330
0.309955
0.309770
0.309569
0.309313
0.309289
0.309906
0.310157
0.309654
0.309659
0.309785
0.309746
0.309369
0.309146
0.309097
0.309542
0.309432
0.309243
0.309284
0.309722
0.309649
0.309700
0.309161
0.309763
0.309397
0.309434
0.309658
0.309591
0.309581
0.309862
0.309496
0.309212
0.309293
0.309944
0.309948
0.309602
0.309208
0.309281
0.309202
0.309313
0.309189
0.309251
0.309267
0.309352
0.309633
0.309327
0.309621
0.309559
0.309405
0.309249
0.309175
0.309223
0.309425
0.309261
0.309678
0.309573
0.309458
0.309572
0.309408
0.309482
0.309283
0.309286
0.309156
0.309213
0.309401
0.309329
0.309743
0.309241
0.309383
0.309346
0.309640
0.309407
0.309239
0.309464
0.309540
0.309636
0.309571
0.309794
0.309614
0.309268
0.309354
0.309291
0.309190
0.309324
0.309580
0.309604
0.309490
0.309436
0.309354
0.309634
0.309268
0.309834
0.309271
0.309470
0.309329
0.309702
0.309313
0.309612
0.309404
0.309179
0.309586
0.309577
0.309774
0.309778
0.309662
0.309414
0.309523
0.309539
0.309196
0.309506
0.309450
0.309426
0.309370
0.309241
0.309240
0.309264
0.309259
0.309253
0.309582
0.309234
0.309354
0.309366
0.309341
0.309148
0.309378
0.309254
0.309621
0.309442
0.309684
0.309164
0.309601
0.309292
0.309897
0.309461
0.309328
0.309380
0.309763
0.309623
0.309396
0.309282
0.309133
0.309204
0.309213
0.309569
0.309258
0.309327
0.309381
0.309799
0.309660
0.309556
0.309632
0.309463
0.309506
0.309529
0.309379
0.309407
0.309611
0.309588
0.309231
0.309858
0.309627
0.309651
0.309160
0.309464
0.309635
0.309872
0.309257
0.309489
0.309374
0.309361
0.309313
0.309372
0.309464
0.309272
0.309232
0.309546
0.309195
0.309469
0.309626
0.309265
0.309280
0.309384
0.309680
0.309507
0.309749
0.309541
0.309533
0.309769
0.309688
0.309354
0.309390
0.309235
0.309160
0.309202
0.309207
0.309166
0.309188
0.309278
0.309325
0.309267
0.309407
0.309468
0.309232
0.309498
0.309206
0.309315
0.309395
0.309554
0.309348
0.309598
0.309439
0.309875
0.309115
0.309308
0.309416
0.309296
0.309124
0.309529
0.309550
0.309634
0.309471
0.309365
0.309297
0.309506
0.309531
0.309271
0.309234
0.309630
0.309253
0.309232
0.309317
0.309212
0.309808
0.309315
0.309325
0.309663
0.309563
0.309523
0.309615
0.309508
0.309964
0.309444
0.309505
0.309607
0.309790
0.309687
0.309545
0.309447
0.309803
0.309713
0.310004
0.309719
0.309799
0.309479
0.309597
0.309621
0.309779
0.310103
0.309443
0.309376
0.309509
0.309582
0.309487
0.309252
0.309479
0.309320
0.309249
0.309294
0.309326
0.309204
0.309511
0.309679
0.309314
0.309558
0.309349
0.309566
0.309604
0.309538
0.309360
0.309249
0.309496
0.309742
0.309357
0.309934
0.309452
0.309459
0.309462
0.309346
0.309269
0.309226
0.309353
0.309502
0.309401
0.309543
0.309742
0.309616
0.309709
0.309516
0.309770
0.309380
0.309523
0.309655
0.309619
0.309579
0.309706
0.309317
0.309251
0.309249
0.309391
0.309515
0.309846
0.309838
0.309910
0.309980
0.309987
0.309500
0.309514
0.309348
0.309378
0.309295
0.309195
0.309383
0.309384
0.309482
0.309284
0.309226
0.309207
0.309540
0.309974
0.309730
0.309372
0.309344
0.309345
0.309587
0.309385
0.309420
0.309240
0.309474
0.309576
0.309399
0.309403
0.309583
0.309504
0.309288
0.309718
0.309621
0.309852
0.309226
0.309353
0.309343
0.309527
0.309384
0.309307
0.310181
0.310258
0.309546
0.309922
0.309459
0.310193
0.309383
0.309945
0.309597
0.309712
0.309830
0.309819
0.309503
0.309483
0.309675
0.309420
0.309590
0.309620
0.309536
0.309470
0.309768
0.309443
0.309555
0.309468
0.309491
0.309837
0.309592
0.309515
0.310087
0.309789
0.309969
0.309836
0.309584
0.309686
0.309503
0.309933
0.309994
0.309633
0.309539
0.309277
0.309413
0.309679
0.309844
0.309458
0.309573
0.309595
0.309490
0.309630
0.309400
0.309487
0.309465
0.309977
0.309360
0.309747
0.309582
0.309393
0.309491
0.310006
0.309502
0.309345
0.309764
0.309714
0.309653
0.309688
0.309444
0.309660
0.309255
0.309676
0.309505
0.309420
0.309374
0.309233
0.309544
0.309906
0.310014
0.310045
0.309735
0.309508
0.309786
0.309789
0.309579
0.309986
0.310105
0.309482
0.309583
0.309575
0.309470
0.309525
0.309855
0.310029
0.309435
0.309293
0.309538
0.309830
0.309749
0.309915
0.309357
0.309684
0.309890
0.309857
0.310094
0.309961
0.310087
0.309996
0.309848
0.309871
0.309508
0.309694
0.309343
0.309417
0.309920
0.309423
0.309567
0.309348
0.309407
0.309514
0.309761
0.309776
0.309640
0.309525
0.309387
0.309548
0.309618
0.309671
0.309695
0.309553
0.309557
0.309476
0.309474
0.309807
0.310092
0.309856
0.309533
0.309964
0.310145
0.310041
0.309797
0.309461
0.310052
0.309595
0.309663
0.309568
0.309711
0.309633
0.309630
0.309530
0.309443
0.309463
0.309383
0.310245
0.309599
0.309420
0.309386
0.309433
0.309567
0.309754
0.309625
0.309499
0.309686
0.309518
0.309584
0.309684
0.309525
0.309665
0.309598
0.309513
0.310330
0.309785
0.309871
0.310054
0.310104
0.309564
0.309290
0.309474
0.309414
0.309375
0.309518
0.309873
0.309556
0.309714
0.309791
0.309371
0.309888
0.309567
0.309393
0.309482
0.309445
0.310003
0.309974
0.309508
0.309480
0.309564
0.309445
0.310006
0.310202
0.309509
0.310162
0.309938
0.309677
0.309490
0.309506
0.309468
0.310118
0.309705
0.310039
0.309593
0.310074
0.309554
0.309404
0.309667
0.309509
0.309478
0.309663
0.309658
0.309657
0.309761
0.309501
0.309581
0.309416
0.309472
0.309858
0.309884
0.309715
0.309705
0.309860
0.310219
0.309359
0.309492
0.309602
0.309663
0.309486
0.309789
0.309839
0.309389
0.309710
0.309529
0.310010
0.309857
0.309848
0.309455
0.309595
0.309549
0.309544
0.309622
0.309514
0.309710
0.309561
0.309838
0.309610
0.309848
0.309607
0.309730
0.310064
0.309824
0.309862
0.309800
0.309518
0.309385
0.309917
0.309870
0.309995
0.309798
0.309691
0.309566
0.309621
0.309426
0.309498
0.309514
0.309653
0.309682
0.309870
0.309571
0.309610
0.309853
0.309721
0.309614
0.310064
0.309822
0.309755
0.309539
0.309625
0.309611
0.309698
0.309727
0.309674
0.309734
0.309638
0.309518
0.309798
0.309697
0.309831
0.309722
0.309747
0.309423
0.309573
0.309883
0.309904
0.309881
0.309840
0.309902
0.309510
0.309536
0.309545
0.309487
0.309597
0.309714
0.309486
0.309459
0.309481
0.309917
0.309662
0.310034
0.309902
0.309418
0.309701
0.309875
0.310098
0.309785
0.309883
0.309845
0.309496
0.309552
0.309617
0.309529
0.309489
0.309486
0.309600
0.309580
0.309557
0.309446
0.309487
0.309422
0.309404
0.309541
0.309529
0.309521
0.310387
0.310096
0.309687
0.309565
0.310070
0.309707
0.309685
0.309879
0.310040
0.310154
0.309521
0.309388
0.309494
0.309439
0.309451
0.309465
0.309754
0.309597
0.309708
0.309822
0.310006
0.309949
0.309893
0.310070
0.309848
0.309661
0.310164
0.309634
0.309757
0.309677
0.309930
0.310367
0.309982
0.309819
0.309610
0.309922
0.309739
0.309596
0.309695
0.309513
0.309997
0.309896
0.310174
0.309506
0.309699
0.309606
0.309505
0.309756
0.309858
0.309939
0.309986
0.309552
0.309535
0.309417
0.309766
0.309725
0.309473
0.309407
0.309472
0.309454
0.309371
0.309511
0.309556
0.309856
0.309847
0.309620
0.309508
0.309445
0.309701
0.309720
0.309805
0.309565
0.309720
0.309476
0.309982
0.309941
0.309500
0.309580
0.309647
0.309562
0.309543
0.309991
0.309688
0.309802
0.310315
0.309795
0.309832
0.309748
0.309691
0.309675
0.309752
0.309714
0.309463
0.310016
0.309825
0.310005
0.309419
0.309427
0.309437
0.309840
0.309983
0.309728
0.309526
0.309641
0.309433
0.309823
0.309820
0.309830
0.309783
0.310021
0.309874
0.309622
0.309510
0.309874
0.309588
0.309787
0.309877
0.309741
0.309693
0.309778
0.309582
0.309617
0.309821
0.309602
0.309480
0.309406
0.309489
0.309672
0.309716
0.309577
0.309569
0.309842
0.309688
0.309607
0.309779
0.309661
0.309739
0.309556
0.309839
0.309551
0.309617
0.309388
0.309583
0.309842
0.309753
0.309441
0.309896
0.309940
0.309566
0.309815
0.309478
0.309525
0.309689
0.309616
0.309675
0.309676
0.309624
0.309682
0.309507
0.309463
0.309662
0.309584
0.309599
0.309560
0.309575
0.309526
0.309455
0.309455
0.309776
0.309659
0.309733
0.309814
0.309656
0.309901
0.309544
0.309725
0.309847
0.309619
0.309495
0.309806
0.309752
0.309516
0.309575
0.309757
0.310106
0.309860
0.309857
0.309731
0.309932
0.309500
0.309394
0.309789
0.309521
0.309412
0.309543
0.309488
0.309549
0.310295
0.310211
0.309603
0.309629
0.310394
0.309792
0.309568
0.309519
0.309670
0.309699
0.309709
0.309530
0.309753
0.310206
0.309806
0.309473
0.309683
0.309568
0.309885
0.309701
0.309591
0.309550
0.309458
0.309781
0.309489
0.309691
0.309562
0.310033
0.309687
0.309730
0.309866
0.309923
0.309618
0.309503
0.309648
0.309797
0.309717
0.309869
0.309684
0.309792
0.309559
0.309914
0.309823
0.309883
0.309795
0.309597
0.309700
0.309861
0.309636
0.309568
0.309615
0.310130
0.309802
0.309708
0.309613
0.309956
0.310247
0.309818
0.309934
0.310056
0.309816
0.310308
0.310081
0.309731
0.310012
0.309772
0.310210
0.309878
0.309931
0.309713
0.310005
0.309539
0.309536
0.309709
0.309614
0.309738
0.309501
0.310287
0.309785
0.309530
0.309513
0.309609
0.309790
0.309787
0.309486
0.309687
0.309622
0.309530
0.309543
0.309804
0.309810
0.309701
0.309759
0.309830
0.309833
0.310297
0.310084
0.309928
0.309598
0.309586
0.309791
0.309749
0.309561
0.309665
0.309927
0.309703
0.309659
0.310110
0.309646
0.309767
0.310029
0.309968
0.309795
0.309747
0.309860
0.309912
0.309746
0.309649
0.309802
0.310476
0.309640
0.309767
0.310154
0.309599
0.310072
0.309701
0.309647
0.309640
0.309838
0.309988
0.309773
0.309850
0.309670
0.309470
0.309807
0.309686
0.309710
0.309515
0.309615
0.309725
0.309669
0.309746
0.310002
0.310030
0.309908
0.310098
0.309705
0.309559
0.309943
0.309609
0.309709
0.310108
0.310159
0.309745
0.309798
0.310074
0.310329
0.310279
0.310024
0.310088
0.309854
0.309898
0.309776
0.309709
0.309848
0.309484
0.309569
0.309738
0.309704
0.310081
0.310142
0.310052
0.310013
0.309796
0.310011
0.309781
0.309652
0.309565
0.309673
0.309504
0.309973
0.309761
0.309713
0.309702
0.309959
0.309985
0.309909
0.310251
0.309823
0.309878
0.309694
0.309748
0.309730
0.309844
0.309767
0.310238
0.309966
0.309599
0.309760
0.309831
0.310120
0.309730
0.309762
0.310188
0.310270
0.310143
0.310101
0.309948
0.309911
0.309776
0.309867
0.309723
0.309721
0.309742
0.309841
0.309804
0.309945
0.309904
0.309926
0.309930
0.309933
0.309786
0.309828
0.309611
0.309679
0.309637
0.309855
0.309605
0.309785
0.310159
0.310113
0.309564
0.309869
0.309958
0.309764
0.310052
0.309905
0.309872
0.309903
0.309758
0.309726
0.309721
0.309782
0.309792
0.309891
0.309928
0.309638
0.309948
0.309804
0.309816
0.309790
0.309651
0.309752
0.311155
0.310696
0.309776
0.310186
0.309970
0.309570
0.309943
0.309588
0.309714
0.309742
0.309648
0.309892
0.309826
0.309975
0.309945
0.310219
0.309896
0.309844
0.309712
0.309564
0.309515
0.309735
0.309480
0.309634
0.309628
0.309634
0.309596
0.309639
0.309662
0.309872
0.310005
0.309752
0.309829
0.310157
0.310182
0.309651
0.309712
0.309640
0.309826
0.309766
0.309939
0.309669
0.309835
0.309884
0.309805
0.309728
0.309978
0.310156
0.309901
0.309963
0.309858
0.309978
0.309810
0.309891
0.310128
0.310008
0.309595
0.309992
0.309752
0.309949
0.310130
0.309564
0.309842
0.309916
0.309741
0.309752
0.309780
0.309704
0.309872
0.310022
0.309756
0.309564
0.309953
0.310320
0.310629
0.310513
0.310287
0.310281
0.309966
0.310025
0.309825
0.310309
0.309866
0.309720
0.309863
0.309683
0.309785
0.309898
0.309787
0.309800
0.310391
0.310260
0.310129
0.309689
0.310189
0.310388
0.310010
0.310193
0.309667
0.309638
0.309855
0.310012
0.309808
0.310045
0.310160
0.309961
0.310020
0.310013
0.309960
0.309639
0.309566
0.309874
0.310153
0.310164
0.310014
0.309843
0.309727
0.309928
0.309756
0.309759
0.309947
0.309866
0.309866
0.309760
0.310025
0.310288
0.309741
0.309959
0.310016
0.309896
0.309808
0.309702
0.309707
0.309644
0.309619
0.309540
0.310013
0.310057
0.310167
0.310047
0.310116
0.309903
0.309639
0.309688
0.309822
0.310454
0.309759
0.309929
0.310059
0.309950
0.309750
0.309967
0.309559
0.310141
0.309925
0.309611
0.309704
0.309690
0.310183
0.309808
0.309879
0.309868
0.309753
0.309820
0.309888
0.310189
0.309681
0.309593
0.309549
0.310171
0.309627
0.309622
0.309648
0.310419
0.310115
0.310047
0.309982
0.309782
0.309716
0.309751
0.309852
0.309739
0.309701
0.310005
0.309983
0.309981
0.310117
0.309755
0.309836
0.309588
0.309662
0.309705
0.310190
0.309763
0.309594
0.309718
0.309626
0.309727
0.309830
0.309783
0.310056
0.309681
0.309643
0.309831
0.309756
0.309820
0.309744
0.309612
0.309805
0.310124
0.310123
0.310490
0.309594
0.309866
0.309756
0.309699
0.310312
0.309853
0.310207
0.309786
0.309946
0.309959
0.310293
0.309863
0.309963
0.310111
0.310001
0.310215
0.310673
0.310320
0.309763
0.309952
0.309923
0.309673
0.309821
0.310063
0.310199
0.310075
0.309864
0.309820
0.309825
0.310105
0.309698
0.309741
0.309995
0.309788
0.310177
0.310237
0.309584
0.309812
0.309896
0.309861
0.309991
0.309670
0.309681
0.309741
0.310392
0.309681
0.309873
0.309837
0.310273
0.310263
0.310172
0.309934
0.309948
0.310202
0.310305
0.310133
0.310496
0.310506
0.309805
0.309984
0.309960
0.310241
0.310465
0.310023
0.309755
0.310041
0.310009
0.309889
0.310022
0.309659
0.309689
0.309710
0.309860
0.310040
0.309655
0.309739
0.309948
0.309923
0.310386
0.310509
0.310552
0.310426
0.309772
0.309835
0.309954
0.310034
0.310133
0.309929
0.309928
0.310196
0.310018
0.310089
0.310117
0.309687
0.309739
0.309869
0.309831
0.310102
0.310213
0.309669
0.309604
0.310170
0.309747
0.309838
0.309765
0.309963
0.309847
0.309985
0.310204
0.309971
0.309732
0.309862
0.309998
0.309937
0.310079
0.310106
0.310242
0.309751
0.310518
0.310189
0.310302
0.310279
0.309759
0.310134
0.309736
0.309726
0.310116
0.310023
0.309605
0.310016
0.310140
0.310439
0.310498
0.309727
0.309827
0.309897
0.309958
0.309907
0.309852
0.310373
0.309855
0.309833
0.309997
0.310049
0.309846
0.310050
0.309829
0.309963
0.309728
0.310205
0.309914
0.309887
0.309773
0.309811
0.310097
0.310070
