0.283860
0.294636
0.301329
0.303664
0.305860
0.309163
0.309419
0.309329
0.310518
0.312500
0.313104
0.312938
0.313014
0.312891
0.312885
0.312565
0.312934
0.313389
0.313345
0.313578
0.313729
0.313756
0.313767
0.313696
0.313632
0.313591
0.313443
0.313443
0.313270
0.313047
0.312733
0.312712
0.313034
0.312731
0.312972
0.313076
0.313155
0.312990
0.313346
0.313381
0.313363
0.313333
0.313384
0.313252
0.313299
0.312986
0.313106
0.313125
0.313175
0.313094
0.313057
0.312951
0.312827
0.312791
0.312750
0.312755
0.313153
0.313263
0.313125
0.313067
0.313067
0.313091
0.313079
0.313079
0.313294
0.313309
0.313396
0.313396
0.313454
0.313390
0.313405
0.313393
0.313454
0.313454
0.313364
0.313456
0.313346
0.313435
0.313456
0.313457
0.313321
0.313336
0.313411
0.313424
0.313520
0.313513
0.313572
0.313541
0.313572
0.313539
0.313657
0.313441
0.313451
0.313508
0.313522
0.313499
0.313712
0.313739
0.313820
0.313902
0.314052
0.314128
0.314118
0.314153
0.314219
0.314219
0.314231
0.314207
0.314407
0.314407
0.314464
0.314556
0.314556
0.314800
0.314802
0.314758
0.314914
0.314891
0.314891
0.314943
0.314993
0.314974
0.314986
0.315004
0.315003
0.315164
0.315280
0.315283
0.315321
0.315319
0.315319
0.315440
0.315485
0.315485
0.315507
0.315499
0.315499
0.315522
0.315464
0.315583
0.315607
0.315878
0.315950
0.315852
0.315871
0.315896
0.315920
0.316037
0.316059
0.316134
0.316134
0.316237
0.316307
0.316388
0.316333
0.316349
0.316415
0.316423
0.316426
0.316601
0.316732
0.316895
0.316898
0.316898
0.316929
0.316966
0.316935
0.316935
0.316940
0.316940
0.316959
0.316968
0.317071
0.317108
0.317112
0.317113
0.317113
0.317134
0.317197
0.317176
0.317208
0.317188
0.317241
0.317261
0.317271
0.317285
0.317341
0.317352
0.317366
0.317380
0.317383
0.317450
0.317501
0.317510
0.317562
0.317583
0.317639
0.317718
0.317758
0.317779
0.317873
0.317889
0.317889
0.317895
0.317972
0.317988
0.318005
0.318106
0.318120
0.318233
0.318255
0.318343
0.318357
0.318387
0.318513
0.318598
0.318628
0.318670
0.318678
0.318730
0.318777
0.318750
0.318810
0.318817
0.318979
0.318981
0.319048
0.319059
0.319065
0.319116
0.319143
0.319177
0.319194
0.319194
0.319202
0.319309
0.319351
0.319434
0.319467
0.319467
0.319467
0.319665
0.319674
0.319691
0.319745
0.319795
0.319933
0.319933
0.319933
0.320071
0.320072
0.320072
0.320072
0.320120
0.320120
0.320162
0.320162
0.320171
0.320175
0.320175
0.320175
0.320175
0.320231
0.320288
0.320352
0.320375
0.320420
0.320420
0.320420
0.320516
0.320511
0.320525
0.320525
0.320608
0.320698
0.320730
0.320734
0.320752
0.320811
0.320828
0.320830
0.320909
0.320929
0.320932
0.321028
0.320982
0.320993
0.321056
0.321144
0.321192
0.321174
0.321174
0.321311
0.321418
0.321491
0.321495
0.321545
0.321550
0.321588
0.321651
0.321651
0.321651
0.321680
0.321799
0.321799
0.321862
0.321878
0.321878
0.321942
0.322000
0.322077
0.322082
0.322082
0.322147
0.322147
0.322201
0.322282
0.322323
0.322360
0.322360
0.322450
0.322489
0.322489
0.322489
0.322646
0.322666
0.322672
0.322766
0.322824
0.322897
0.322931
0.322952
0.323048
0.323122
0.323130
0.323255
0.323299
0.323343
0.323345
0.323336
0.323369
0.323446
0.323475
0.323566
0.323578
0.323578
0.323578
0.323645
0.323769
0.323810
0.323798
0.323764
0.323764
0.323788
0.323844
0.323995
0.324145
0.324185
0.324209
0.324230
0.324212
0.324219
0.324224
0.324436
0.324524
0.324490
0.324611
0.324602
0.324690
0.324705
0.324621
0.324680
0.324680
0.324696
0.324910
0.324909
0.324926
0.324910
0.324940
0.324940
0.324978
0.324985
0.325025
0.325025
0.325078
0.325078
0.325077
0.325117
0.325117
0.325194
0.325194
0.325274
0.325341
0.325390
0.325383
0.325374
0.325374
0.325393
0.325489
0.325522
0.325522
0.325539
0.325566
0.325646
0.325666
0.325670
0.325747
0.325798
0.325871
0.325874
0.325874
0.325917
0.325920
0.325954
0.326020
0.326025
0.326047
0.326123
0.326132
0.326181
0.326181
0.326202
0.326222
0.326208
0.326229
0.326246
0.326246
0.326247
0.326247
0.326247
0.326297
0.326297
0.326336
0.326336
0.326320
0.326350
0.326380
0.326448
0.326494
0.326494
0.326615
0.326672
0.326677
0.326654
0.326740
0.326754
0.326763
0.326821
0.326831
0.326895
0.326937
0.326966
0.326979
0.327000
0.327019
0.327131
0.327158
0.327158
0.327199
0.327229
0.327289
0.327313
0.327321
0.327358
0.327357
0.327413
0.327443
0.327449
0.327534
0.327534
0.327536
0.327545
0.327591
0.327578
0.327572
0.327609
0.327748
0.327787
0.327787
0.327793
0.327791
0.327791
0.327808
0.327828
0.327879
0.327892
0.327944
0.327949
0.327965
0.327973
0.327993
0.327987
0.328002
0.328036
0.328112
0.328112
0.328106
0.328123
0.328167
0.328214
0.328216
0.328310
0.328353
0.328355
0.328355
0.328449
0.328499
0.328503
0.328531
0.328635
0.328656
0.328714
0.328736
0.328750
0.328789
0.328826
0.328870
0.328922
0.328929
0.328942
0.328942
0.328992
0.329015
0.329035
0.329035
0.329128
0.329153
0.329160
0.329160
0.329248
0.329302
0.329313
0.329340
0.329346
0.329360
0.329421
0.329478
0.329512
0.329504
0.329505
0.329524
0.329598
0.329598
0.329653
0.329680
0.329710
0.329710
0.329712
0.329712
0.329739
0.329739
0.329778
0.329843
0.329881
0.329879
0.329940
0.329944
0.329950
0.329959
0.329997
0.329986
0.330016
0.330026
0.330050
0.330064
0.330048
0.330060
0.330100
0.330121
0.330134
0.330178
0.330193
0.330237
0.330258
0.330281
0.330315
0.330342
0.330348
0.330365
0.330446
0.330455
0.330458
0.330513
0.330532
0.330569
0.330569
0.330570
0.330574
0.330591
0.330591
0.330650
0.330690
0.330687
0.330698
0.330709
0.330734
0.330728
0.330750
0.330780
0.330903
0.330903
0.330986
0.330986
0.330976
0.331004
0.331036
0.331043
0.331056
0.331056
0.331066
0.331066
0.331148
0.331187
0.331187
0.331185
0.331235
0.331235
0.331241
0.331256
0.331281
0.331280
0.331280
0.331299
0.331303
0.331320
0.331348
0.331363
0.331408
0.331417
0.331422
0.331428
0.331452
0.331485
0.331500
0.331573
0.331577
0.331583
0.331583
0.331593
0.331593
0.331593
0.331618
0.331632
0.331641
0.331667
0.331667
0.331685
0.331710
0.331771
0.331781
0.331781
0.331834
0.331838
0.331858
0.331858
0.331881
0.331902
0.331905
0.331921
0.331921
0.331933
0.331933
0.331931
0.331931
0.332015
0.332042
0.332049
0.332104
0.332107
0.332107
0.332107
0.332111
0.332111
0.332135
0.332138
0.332175
0.332187
0.332186
0.332188
0.332236
0.332249
0.332256
0.332277
0.332279
0.332279
0.332318
0.332327
0.332356
0.332356
0.332355
0.332355
0.332399
0.332438
0.332447
0.332520
0.332520
0.332542
0.332560
0.332565
0.332680
0.332729
0.332765
0.332825
0.332856
0.332864
0.332864
0.332886
0.332895
0.332936
0.332945
0.333077
0.333116
0.333152
0.333164
0.333172
0.333188
0.333257
0.333272
0.333278
0.333282
0.333282
0.333319
0.333337
0.333352
0.333396
0.333412
0.333443
0.333470
0.333470
0.333470
0.333527
0.333535
0.333537
0.333578
0.333590
0.333702
0.333722
0.333725
0.333746
0.333729
0.333729
0.333790
0.333796
0.333819
0.333828
0.333889
0.333918
0.333945
0.333945
0.333945
0.333978
0.333992
0.334003
0.334010
0.334037
0.334050
0.334067
0.334091
0.334137
0.334137
0.334158
0.334158
0.334184
0.334203
0.334203
0.334244
0.334272
0.334308
0.334308
0.334325
0.334325
0.334330
0.334320
0.334352
0.334358
0.334394
0.334411
0.334451
0.334487
0.334497
0.334533
0.334578
0.334596
0.334614
0.334614
0.334615
0.334634
0.334654
0.334662
0.334658
0.334668
0.334669
0.334672
0.334725
0.334753
0.334756
0.334769
0.334769
0.334781
0.334781
0.334783
0.334793
0.334818
0.334843
0.334854
0.334854
0.334894
0.334894
0.334914
0.334922
0.334922
0.334922
0.334922
0.334922
0.334931
0.334950
0.334950
0.334970
0.334970
0.334973
0.335013
0.335013
0.335042
0.335060
0.335070
0.335082
0.335099
0.335102
0.335102
0.335119
0.335119
0.335122
0.335131
0.335138
0.335149
0.335158
0.335176
0.335171
0.335179
0.335194
0.335237
0.335273
0.335288
0.335288
0.335343
0.335417
0.335412
0.335416
0.335393
0.335393
0.335393
0.335420
0.335420
0.335463
0.335499
0.335542
0.335542
0.335559
0.335579
0.335594
0.335692
0.335718
0.335734
0.335774
0.335814
0.335832
0.335856
0.335856
0.335866
0.335866
0.335873
0.335900
0.335911
0.335929
0.335929
0.335956
0.335974
0.335980
0.335989
0.335994
0.335994
0.336012
0.336039
0.336053
0.336062
0.336080
0.336107
0.336099
0.336099
0.336101
0.336160
0.336171
0.336216
0.336256
0.336271
0.336327
0.336340
0.336340
0.336336
0.336344
0.336369
0.336383
0.336399
0.336443
0.336465
0.336465
0.336479
0.336479
0.336525
0.336525
0.336525
0.336613
0.336613
0.336613
0.336640
0.336676
0.336699
0.336699
0.336812
0.336832
0.336838
0.336845
0.336867
0.336867
0.336873
0.336876
0.336910
0.336925
0.336962
0.336968
0.336984
0.336990
0.336999
0.336999
0.337006
0.337096
0.337113
0.337122
0.337122
0.337138
0.337143
0.337213
0.337249
0.337249
0.337254
0.337254
0.337254
0.337255
0.337270
0.337284
0.337325
0.337356
0.337356
0.337358
0.337368
0.337395
0.337407
0.337407
0.337418
0.337423
0.337471
0.337482
0.337514
0.337525
0.337591
0.337610
0.337648
0.337664
0.337704
0.337759
0.337777
0.337786
0.337786
0.337798
0.337832
0.337864
0.337887
0.337924
0.337926
0.337953
0.337977
0.337981
0.338033
0.338076
0.338076
0.338079
0.338088
0.338101
0.338100
0.338124
0.338124
0.338178
0.338182
0.338208
0.338231
0.338286
0.338303
0.338321
0.338321
0.338321
0.338321
0.338321
0.338365
0.338373
0.338377
0.338414
0.338414
0.338444
0.338444
0.338444
0.338495
0.338516
0.338516
0.338572
0.338574
0.338574
0.338615
0.338599
0.338601
0.338645
0.338703
0.338716
0.338753
0.338784
0.338805
0.338807
0.338845
0.338854
0.338855
0.338883
0.338883
0.338883
0.338879
0.338879
0.338880
0.338893
0.338912
0.338944
0.338944
0.338992
0.339000
0.339029
0.339029
0.339052
0.339063
0.339071
0.339060
0.339067
0.339121
0.339144
0.339144
0.339200
0.339208
0.339210
0.339225
0.339234
0.339263
0.339274
0.339292
0.339294
0.339328
0.339394
0.339412
0.339436
0.339454
0.339460
0.339472
0.339477
0.339477
0.339497
0.339507
0.339507
0.339507
0.339550
0.339558
0.339609
0.339609
0.339610
0.339604
0.339604
0.339605
0.339605
0.339633
0.339654
0.339678
0.339704
0.339725
0.339743
0.339743
0.339760
0.339815
0.339815
0.339818
0.339827
0.339860
0.339867
0.339870
0.339899
0.339910
0.339905
0.339901
0.339916
0.339972
0.339982
0.340011
0.340064
0.340094
0.340109
0.340126
0.340144
0.340170
0.340189
0.340216
0.340244
0.340267
0.340293
0.340293
0.340348
0.340348
0.340418
0.340418
0.340436
0.340465
0.340465
0.340486
0.340530
0.340548
0.340548
0.340548
0.340548
0.340560
0.340574
0.340584
0.340590
0.340607
0.340619
0.340609
0.340612
0.340626
0.340644
0.340664
0.340738
0.340765
0.340779
0.340791
0.340810
0.340817
0.340817
0.340877
0.340903
0.340903
0.340896
0.340896
0.340896
0.340915
0.340993
0.341005
0.341121
0.341129
0.341101
0.341101
0.341101
0.341101
0.341095
0.341095
0.341095
0.341120
0.341141
0.341199
0.341216
0.341231
0.341231
0.341258
0.341272
0.341292
0.341346
0.341390
0.341426
0.341426
0.341443
0.341456
0.341489
0.341489
0.341492
0.341513
0.341513
0.341515
0.341520
0.341529
0.341534
0.341541
0.341556
0.341567
0.341576
0.341576
0.341599
0.341610
0.341629
0.341640
0.341649
0.341649
0.341713
0.341713
0.341713
0.341718
0.341718
0.341740
0.341755
0.341755
0.341769
0.341765
0.341784
0.341783
0.341799
0.341806
0.341827
0.341827
0.341845
0.341874
0.341874
0.341889
0.341891
0.341902
0.341901
0.341918
0.341918
0.341976
0.342017
0.342017
0.342019
0.342027
0.342027
0.342072
0.342097
0.342103
0.342103
0.342115
0.342122
0.342132
0.342141
0.342141
0.342141
0.342146
0.342159
0.342155
0.342183
0.342186
0.342200
0.342200
0.342250
0.342258
0.342258
0.342258
0.342322
0.342343
0.342343
0.342343
0.342355
0.342376
0.342388
0.342391
0.342393
0.342393
0.342421
0.342443
0.342453
0.342493
0.342513
0.342513
0.342515
0.342570
0.342611
0.342609
0.342609
0.342659
0.342667
0.342667
0.342666
0.342674
0.342701
0.342701
0.342710
0.342750
0.342769
0.342769
0.342811
0.342858
0.342873
0.342873
0.342912
0.342933
0.342947
0.342948
0.342950
0.342975
0.342982
0.342985
0.342987
0.343008
0.343037
0.343045
0.343046
0.343046
0.343046
0.343061
0.343137
0.343181
0.343185
0.343184
0.343184
0.343184
0.343192
0.343214
0.343227
0.343230
0.343232
0.343238
0.343238
0.343295
0.343309
0.343351
0.343368
0.343367
0.343396
0.343412
0.343442
0.343468
0.343496
0.343501
0.343529
0.343532
0.343544
0.343571
0.343586
0.343586
0.343588
0.343627
0.343627
0.343635
0.343647
0.343671
0.343671
0.343691
0.343706
0.343709
0.343734
0.343771
0.343799
0.343799
0.343799
0.343799
0.343865
0.343874
0.343874
0.343894
0.343910
0.343910
0.343924
0.343928
0.343928
0.343929
0.343940
0.343940
0.343969
0.343976
0.343998
0.343998
0.343998
0.344024
0.344027
0.344027
0.344033
0.344033
0.344033
0.344033
0.344042
0.344042
0.344040
0.344040
0.344040
0.344040
0.344045
0.344045
0.344040
0.344053
0.344055
0.344056
0.344056
0.344064
0.344069
0.344069
0.344074
0.344074
0.344080
0.344085
0.344085
0.344128
0.344129
0.344129
0.344143
0.344164
0.344182
0.344185
0.344188
0.344195
0.344238
0.344243
0.344239
0.344245
0.344249
0.344249
0.344297
0.344324
0.344348
0.344412
0.344416
0.344444
0.344459
0.344459
0.344461
0.344480
0.344480
0.344485
0.344501
0.344501
0.344524
0.344530
0.344552
0.344556
0.344559
0.344571
0.344577
0.344584
0.344592
0.344594
0.344594
0.344596
0.344599
0.344599
0.344612
0.344635
0.344635
0.344639
0.344676
0.344676
0.344676
0.344706
0.344706
0.344712
0.344710
0.344718
0.344732
0.344732
0.344739
0.344774
0.344774
0.344779
0.344786
0.344794
0.344797
0.344797
0.344819
0.344849
0.344879
0.344882
0.344882
0.344886
0.344885
0.344899
0.344918
0.344958
0.344971
0.344991
0.344991
0.345029
0.345029
0.345029
0.345048
0.345054
0.345051
0.345051
0.345051
0.345063
0.345066
0.345084
0.345092
0.345123
0.345123
0.345135
0.345157
0.345152
0.345179
0.345178
0.345203
0.345203
0.345210
0.345219
0.345219
0.345221
0.345222
0.345232
0.345233
0.345233
0.345235
0.345271
0.345271
0.345305
0.345305
0.345306
0.345306
0.345306
0.345306
0.345321
0.345342
0.345344
0.345345
0.345347
0.345347
0.345347
0.345356
0.345361
0.345361
0.345361
0.345361
0.345367
0.345396
0.345398
0.345398
0.345423
0.345423
0.345441
0.345441
0.345448
0.345458
0.345510
0.345517
0.345519
0.345523
0.345528
0.345593
0.345593
0.345602
0.345608
0.345608
0.345608
0.345614
0.345620
0.345628
0.345628
0.345638
0.345642
0.345672
0.345694
0.345712
0.345718
0.345721
0.345725
0.345730
0.345730
0.345753
0.345761
0.345785
0.345785
0.345802
0.345814
0.345816
0.345816
0.345833
0.345833
0.345836
0.345838
0.345840
0.345841
0.345888
0.345906
0.345913
0.345966
0.345978
0.345978
0.345990
0.346027
0.346028
0.346052
0.346096
0.346103
0.346105
0.346106
0.346127
0.346127
0.346127
0.346131
0.346153
0.346153
0.346157
0.346158
0.346172
0.346202
0.346228
0.346228
0.346236
0.346236
0.346236
0.346236
0.346238
0.346238
0.346242
0.346260
0.346276
0.346276
0.346320
0.346320
0.346319
0.346317
0.346326
0.346326
0.346340
0.346348
0.346348
0.346358
0.346379
0.346406
0.346445
0.346453
0.346462
0.346473
0.346482
0.346485
0.346500
0.346514
0.346518
0.346518
0.346523
0.346526
0.346532
0.346542
0.346555
0.346557
0.346590
0.346597
0.346597
0.346612
0.346619
0.346661
0.346663
0.346666
0.346666
0.346682
0.346716
0.346727
0.346741
0.346757
0.346762
0.346763
0.346785
0.346785
0.346804
0.346805
0.346810
0.346812
0.346830
0.346838
0.346863
0.346870
0.346870
0.346870
0.346873
0.346878
0.346897
0.346923
0.346923
0.346948
0.346954
0.346956
0.346958
0.346973
0.346988
0.346988
0.346991
0.346995
0.346995
0.347025
0.347025
0.347025
0.347025
0.347037
0.347047
0.347054
0.347054
0.347054
0.347054
0.347054
0.347054
0.347056
0.347059
0.347078
0.347078
0.347080
0.347107
0.347127
0.347136
0.347178
0.347190
0.347197
0.347209
0.347209
0.347219
0.347219
0.347225
0.347230
0.347227
0.347242
0.347244
0.347277
0.347277
0.347280
0.347284
0.347284
0.347307
0.347307
0.347307
0.347308
0.347308
0.347308
0.347308
0.347310
0.347319
0.347321
0.347321
0.347321
0.347333
0.347348
0.347361
0.347378
0.347378
0.347448
0.347448
0.347453
0.347453
0.347459
0.347459
0.347468
0.347471
0.347471
0.347471
0.347501
0.347522
0.347536
0.347536
0.347549
0.347598
0.347603
0.347598
0.347615
0.347625
0.347625
0.347628
0.347650
0.347650
0.347650
0.347659
0.347659
0.347662
0.347662
0.347675
0.347679
0.347689
0.347689
0.347705
0.347750
0.347752
0.347763
0.347763
0.347770
0.347786
0.347786
0.347809
0.347813
0.347814
0.347818
0.347897
0.347923
0.347926
0.347952
0.347973
0.347973
0.347981
0.348010
0.348036
0.348043
0.348043
0.348043
0.348050
0.348075
0.348078
0.348077
0.348079
0.348079
0.348079
0.348079
0.348110
0.348110
0.348123
0.348123
0.348130
0.348130
0.348150
0.348150
0.348154
0.348154
0.348156
0.348156
0.348156
0.348156
0.348164
0.348181
0.348181
0.348181
0.348234
0.348248
0.348252
0.348251
0.348258
0.348288
0.348303
0.348306
0.348336
0.348342
0.348393
0.348413
0.348419
0.348419
0.348436
0.348436
0.348436
0.348495
0.348503
0.348541
0.348552
0.348552
0.348552
0.348552
0.348568
0.348569
0.348570
0.348603
0.348630
0.348630
0.348645
0.348653
0.348656
0.348661
0.348661
0.348678
0.348678
0.348678
0.348691
0.348699
0.348699
0.348703
0.348703
0.348703
0.348718
0.348727
0.348734
0.348734
0.348736
0.348777
0.348802
0.348807
0.348827
0.348846
0.348851
0.348856
0.348866
0.348866
0.348868
0.348880
0.348899
0.348931
0.348970
0.348970
0.348970
0.349006
0.349011
0.349020
0.349037
0.349048
0.349048
0.349058
0.349076
0.349093
0.349102
0.349110
0.349113
0.349122
0.349123
0.349131
0.349137
0.349148
0.349148
0.349165
0.349184
0.349188
0.349190
0.349212
0.349221
0.349221
0.349224
0.349224
0.349232
0.349234
0.349234
0.349235
0.349240
0.349240
0.349256
0.349295
0.349297
0.349297
0.349312
0.349328
0.349333
0.349333
0.349360
0.349364
0.349403
0.349416
0.349425
0.349431
0.349446
0.349460
0.349509
0.349509
0.349509
0.349610
0.349611
0.349618
0.349644
0.349647
0.349652
0.349669
0.349671
0.349671
0.349710
0.349710
0.349721
0.349723
0.349725
0.349738
0.349738
0.349753
0.349755
0.349763
0.349805
0.349806
0.349803
0.349817
0.349817
0.349823
0.349835
0.349839
0.349839
0.349866
0.349886
0.349905
0.349952
0.349952
0.349956
0.349983
0.349983
0.350026
0.350048
0.350054
0.350060
0.350066
0.350066
0.350068
0.350068
0.350080
0.350094
0.350097
0.350104
0.350116
0.350136
0.350192
0.350192
0.350198
0.350198
0.350224
0.350263
0.350263
0.350263
0.350269
0.350272
0.350308
0.350312
0.350315
0.350320
0.350320
0.350321
0.350321
0.350355
0.350355
0.350357
0.350362
0.350364
0.350364
0.350396
0.350396
0.350417
0.350417
0.350417
0.350419
0.350420
0.350476
0.350472
0.350491
0.350491
0.350513
0.350526
0.350529
0.350540
0.350536
0.350549
0.350562
0.350573
0.350580
0.350580
0.350574
0.350574
0.350574
0.350574
0.350575
0.350580
0.350594
0.350595
0.350606
0.350606
0.350606
0.350631
0.350631
0.350639
0.350642
0.350655
0.350668
0.350668
0.350682
0.350710
0.350735
0.350733
0.350749
0.350757
0.350764
0.350789
0.350797
0.350836
0.350837
0.350851
0.350861
0.350871
0.350878
0.350882
0.350876
0.350876
0.350885
0.350887
0.350887
0.350890
0.350890
0.350918
0.350928
0.350933
0.350968
0.350968
0.350968
0.350982
0.350982
0.350993
0.350993
0.350993
0.350993
0.350994
0.351037
0.351037
0.351037
0.351061
0.351068
0.351069
0.351069
0.351070
0.351070
0.351080
0.351086
0.351100
0.351107
0.351107
0.351111
0.351111
0.351111
0.351111
0.351111
0.351132
0.351126
0.351129
0.351129
0.351144
0.351144
0.351159
0.351171
0.351171
0.351182
0.351218
0.351221
0.351221
0.351221
0.351222
0.351258
0.351261
0.351274
0.351285
0.351296
0.351301
0.351301
0.351301
0.351301
0.351301
0.351325
0.351330
0.351332
0.351336
0.351336
0.351336
0.351350
0.351350
0.351353
0.351353
0.351406
0.351420
0.351420
0.351435
0.351433
0.351443
0.351486
0.351486
0.351537
0.351548
0.351549
0.351549
0.351550
0.351551
0.351575
0.351602
0.351613
0.351614
0.351614
0.351614
0.351626
0.351632
0.351636
0.351636
0.351664
0.351664
0.351672
0.351680
0.351674
0.351709
0.351720
0.351720
0.351727
0.351727
0.351749
0.351753
0.351743
0.351743
0.351747
0.351747
0.351752
0.351752
0.351770
0.351783
0.351783
0.351796
0.351803
0.351803
0.351842
0.351842
0.351858
0.351866
0.351866
0.351874
0.351874
0.351882
0.351929
0.351929
0.351947
0.351947
0.351947
0.351948
0.351975
0.351975
0.351994
0.352005
0.352021
0.352025
0.352047
0.352057
0.352068
0.352076
0.352091
0.352093
0.352104
0.352104
0.352104
0.352132
0.352132
0.352133
0.352137
0.352137
0.352142
0.352148
0.352157
0.352201
0.352202
0.352222
0.352222
0.352248
0.352248
0.352245
0.352253
0.352316
0.352316
0.352318
0.352324
0.352324
0.352318
0.352324
0.352328
0.352342
0.352347
0.352349
0.352356
0.352371
0.352372
0.352372
0.352372
0.352378
0.352427
0.352427
0.352427
0.352435
0.352435
0.352435
0.352443
0.352464
0.352470
0.352479
0.352479
0.352483
0.352483
0.352489
0.352490
0.352508
0.352524
0.352524
0.352524
0.352525
0.352525
0.352538
0.352546
0.352576
0.352576
0.352563
0.352563
0.352563
0.352564
0.352581
0.352627
0.352689
0.352696
0.352705
0.352726
0.352741
0.352753
0.352757
0.352763
0.352765
0.352775
0.352777
0.352777
0.352777
0.352778
0.352779
0.352779
0.352782
0.352782
0.352784
0.352784
0.352784
0.352811
0.352820
0.352831
0.352831
0.352853
0.352853
0.352853
0.352878
0.352891
0.352935
0.352943
0.352943
0.352955
0.352960
0.352986
0.352986
0.352989
0.352989
0.352993
0.352995
0.353007
0.353010
0.353015
0.353055
0.353084
0.353084
0.353102
0.353123
0.353123
0.353123
0.353131
0.353137
0.353144
0.353144
0.353157
0.353157
0.353169
0.353165
0.353165
0.353170
0.353170
0.353170
0.353182
0.353182
0.353190
0.353203
0.353203
0.353207
0.353207
0.353210
0.353210
0.353223
0.353223
0.353235
0.353260
0.353255
0.353264
0.353280
0.353297
0.353301
0.353359
0.353359
0.353365
0.353398
0.353434
0.353438
0.353441
0.353441
0.353456
0.353456
0.353465
0.353468
0.353469
0.353486
0.353491
0.353491
0.353503
0.353503
0.353533
0.353533
0.353543
0.353543
0.353557
0.353560
0.353562
0.353582
0.353609
0.353609
0.353609
0.353628
0.353637
0.353647
0.353652
0.353660
0.353668
0.353668
0.353700
0.353713
0.353725
0.353725
0.353773
0.353826
0.353826
0.353827
0.353828
0.353844
0.353850
0.353876
0.353891
0.353910
0.353914
0.353914
0.353934
0.353936
0.353936
0.353940
0.353940
0.353957
0.353957
0.353959
0.353995
0.354000
0.354000
0.354000
0.354004
0.354009
0.354023
0.354023
0.354023
0.354047
0.354047
0.354049
0.354052
0.354051
0.354050
0.354053
0.354077
0.354105
0.354114
0.354114
0.354114
0.354118
0.354124
0.354126
0.354128
0.354133
0.354127
0.354132
0.354132
0.354132
0.354148
0.354151
0.354152
0.354152
0.354152
0.354152
0.354154
0.354157
0.354157
0.354171
0.354159
0.354159
0.354159
0.354165
0.354165
0.354173
0.354173
0.354173
0.354176
0.354176
0.354180
0.354181
0.354181
0.354181
0.354181
0.354190
0.354220
0.354222
0.354222
0.354222
0.354232
0.354240
0.354251
0.354256
0.354257
0.354269
0.354276
0.354298
0.354300
0.354300
0.354300
0.354316
0.354327
0.354327
0.354327
0.354357
0.354358
0.354360
0.354360
0.354370
0.354376
0.354376
0.354379
0.354393
0.354399
0.354399
0.354399
0.354410
0.354417
0.354417
0.354417
0.354417
0.354417
0.354440
0.354446
0.354446
0.354483
0.354483
0.354493
0.354492
0.354492
0.354492
0.354492
0.354496
0.354496
0.354504
0.354508
0.354511
0.354516
0.354516
0.354516
0.354529
0.354546
0.354546
0.354544
0.354544
0.354544
0.354543
0.354554
0.354554
0.354562
0.354562
0.354569
0.354569
0.354569
0.354579
0.354580
0.354591
0.354591
0.354601
0.354602
0.354611
0.354611
0.354609
0.354609
0.354610
0.354621
0.354623
0.354623
0.354623
0.354623
0.354623
0.354623
0.354628
0.354635
0.354635
0.354635
0.354635
0.354639
0.354650
0.354655
0.354659
0.354681
0.354681
0.354681
0.354690
0.354691
0.354713
0.354718
0.354756
0.354764
0.354764
0.354764
0.354773
0.354773
0.354773
0.354777
0.354782
0.354786
0.354804
0.354804
0.354804
0.354807
0.354822
0.354822
0.354826
0.354826
0.354826
0.354833
0.354840
0.354843
0.354871
0.354871
0.354871
0.354875
0.354876
0.354894
0.354899
0.354899
0.354899
0.354905
0.354923
0.354932
0.354934
0.354958
0.354963
0.354981
0.354998
0.354998
0.355002
0.355002
0.355017
0.355023
0.355030
0.355030
0.355029
0.355033
0.355043
0.355043
0.355047
0.355049
0.355054
0.355061
0.355076
0.355075
0.355088
0.355097
0.355108
0.355110
0.355111
0.355113
0.355113
0.355124
0.355127
0.355127
0.355142
0.355148
0.355158
0.355160
0.355159
0.355154
0.355154
0.355154
0.355157
0.355158
0.355175
0.355175
0.355210
0.355234
0.355235
0.355235
0.355288
0.355297
0.355323
0.355343
0.355343
0.355339
0.355339
0.355360
0.355363
0.355370
0.355370
0.355377
0.355377
0.355386
0.355386
0.355401
0.355401
0.355420
0.355422
0.355436
0.355439
0.355439
0.355457
0.355457
0.355457
0.355457
0.355475
0.355475
0.355479
0.355477
0.355477
0.355475
0.355497
0.355500
0.355500
0.355540
0.355543
0.355543
0.355551
0.355559
0.355574
0.355574
0.355575
0.355591
0.355593
0.355593
0.355608
0.355608
0.355612
0.355618
0.355618
0.355618
0.355628
0.355632
0.355679
0.355679
0.355685
0.355685
0.355689
0.355696
0.355698
0.355720
0.355721
0.355721
0.355753
0.355759
0.355760
0.355760
0.355765
0.355768
0.355781
0.355795
0.355795
0.355799
0.355800
0.355800
0.355801
0.355801
0.355801
0.355810
0.355810
0.355811
0.355811
0.355814
0.355814
0.355814
0.355814
0.355814
0.355814
0.355840
0.355841
0.355841
0.355841
0.355844
0.355860
0.355862
0.355863
0.355878
0.355889
0.355889
0.355909
0.355909
0.355909
0.355912
0.355914
0.355914
0.355952
0.355956
0.355975
0.355975
0.355976
0.355976
0.355976
0.355976
0.355977
0.355977
0.355972
0.355980
0.355980
0.355993
0.355993
0.356012
0.356019
0.356034
0.356034
0.356041
0.356058
0.356058
0.356079
0.356086
0.356091
0.356091
0.356100
0.356105
0.356116
0.356116
0.356109
0.356111
0.356113
0.356113
0.356113
0.356116
0.356122
0.356122
0.356130
0.356138
0.356138
0.356143
0.356156
0.356156
0.356158
0.356161
0.356180
0.356188
0.356188
0.356191
0.356201
0.356214
0.356236
0.356236
0.356248
0.356233
0.356281
0.356299
0.356302
0.356302
0.356302
0.356310
0.356315
0.356328
0.356328
0.356328
0.356328
0.356328
0.356330
0.356330
0.356345
0.356345
0.356345
0.356354
0.356360
0.356360
0.356360
0.356367
0.356367
0.356367
0.356379
0.356379
0.356400
0.356400
0.356406
0.356410
0.356414
0.356419
0.356429
0.356429
0.356429
0.356432
0.356439
0.356440
0.356440
0.356446
0.356453
0.356474
0.356474
0.356486
0.356487
0.356487
0.356488
0.356508
0.356521
0.356523
0.356529
0.356532
0.356537
0.356534
0.356535
0.356556
0.356560
0.356575
0.356578
0.356572
0.356579
0.356579
0.356579
0.356580
0.356581
0.356581
0.356601
0.356601
0.356602
0.356602
0.356602
0.356602
0.356608
0.356625
0.356625
0.356625
0.356631
0.356647
0.356647
0.356647
0.356648
0.356655
0.356655
0.356655
0.356660
0.356682
0.356685
0.356691
0.356697
0.356700
0.356700
0.356700
0.356700
0.356702
0.356718
0.356728
0.356728
0.356730
0.356737
0.356737
0.356741
0.356748
0.356749
0.356749
0.356751
0.356757
0.356757
0.356763
0.356764
0.356764
0.356764
0.356772
0.356772
0.356783
0.356790
0.356807
0.356811
0.356811
0.356867
0.356867
0.356860
0.356867
0.356869
0.356873
0.356898
0.356898
0.356901
0.356902
0.356903
0.356903
0.356947
0.356955
0.356960
0.356964
0.356970
0.356970
0.356970
0.356972
0.356978
0.357029
0.357038
0.357038
0.357049
0.357049
0.357055
0.357061
0.357061
0.357061
0.357061
0.357065
0.357077
0.357077
0.357077
0.357088
0.357090
0.357094
0.357094
0.357108
0.357108
0.357109
0.357113
0.357125
0.357167
0.357167
0.357179
0.357181
0.357188
0.357188
0.357188
0.357188
0.357190
0.357190
0.357206
0.357206
0.357210
0.357231
0.357233
0.357234
0.357239
0.357242
0.357242
0.357245
0.357245
0.357245
0.357243
0.357242
0.357242
0.357242
0.357238
0.357256
0.357257
0.357257
0.357256
0.357264
0.357278
0.357285
0.357281
0.357281
0.357282
0.357283
0.357283
0.357285
0.357297
0.357301
0.357301
0.357301
0.357303
0.357303
0.357326
0.357338
0.357338
0.357338
0.357351
0.357365
0.357374
0.357374
0.357398
0.357400
0.357397
0.357404
0.357410
0.357410
0.357410
0.357410
0.357425
0.357426
0.357448
0.357451
0.357451
0.357451
0.357457
0.357471
0.357471
0.357471
0.357471
0.357474
0.357478
0.357478
0.357481
0.357485
0.357488
0.357493
0.357493
0.357493
0.357493
0.357495
0.357499
0.357504
0.357504
0.357504
0.357519
0.357525
0.357528
0.357528
0.357528
0.357541
0.357541
0.357557
0.357557
0.357557
0.357570
0.357575
0.357576
0.357581
0.357581
0.357583
0.357583
0.357583
0.357583
0.357590
0.357590
0.357590
0.357591
0.357591
0.357593
0.357593
0.357605
0.357617
0.357629
0.357636
0.357637
0.357688
0.357694
0.357698
0.357698
0.357705
0.357705
0.357705
0.357701
0.357711
0.357720
0.357720
0.357736
0.357736
0.357753
0.357759
0.357760
0.357760
0.357762
0.357762
0.357767
0.357771
0.357776
0.357777
0.357777
0.357789
0.357791
0.357798
0.357798
0.357798
0.357790
0.357790
0.357793
0.357793
0.357800
0.357818
0.357820
0.357841
0.357841
0.357846
0.357854
0.357854
0.357871
0.357894
0.357902
0.357907
0.357907
0.357910
0.357916
0.357916
0.357918
0.357918
0.357928
0.357930
0.357937
0.357942
0.357967
0.357967
0.357979
0.357979
0.357988
0.357988
0.358012
0.358017
0.358017
0.358025
0.358045
0.358045
0.358046
0.358047
0.358072
0.358076
0.358076
0.358078
0.358094
0.358094
0.358104
0.358112
0.358112
0.358113
0.358114
0.358118
0.358118
0.358119
0.358153
0.358157
0.358162
0.358162
0.358170
0.358170
0.358172
0.358175
0.358175
0.358197
0.358197
0.358197
0.358204
0.358205
0.358205
0.358205
0.358205
0.358205
0.358215
0.358219
0.358243
0.358243
0.358252
0.358256
0.358256
0.358271
0.358271
0.358273
0.358273
0.358273
0.358273
0.358273
0.358277
0.358277
0.358277
0.358283
0.358283
0.358286
0.358286
0.358287
0.358287
0.358287
0.358288
0.358294
0.358299
0.358321
0.358321
0.358325
0.358318
0.358319
0.358319
0.358320
0.358343
0.358345
0.358345
0.358345
0.358368
0.358368
0.358371
0.358371
0.358372
0.358373
0.358373
0.358373
0.358373
0.358374
0.358391
0.358401
0.358407
0.358412
0.358412
0.358412
0.358412
0.358430
0.358430
0.358430
0.358439
0.358440
0.358443
0.358444
0.358449
0.358449
0.358454
0.358455
0.358463
0.358464
0.358476
0.358476
0.358476
0.358476
0.358478
0.358483
0.358483
0.358492
0.358493
0.358521
0.358523
0.358534
0.358543
0.358543
0.358553
0.358560
0.358564
0.358564
0.358564
0.358564
0.358564
0.358567
0.358611
0.358612
0.358611
0.358611
0.358611
0.358611
0.358629
0.358629
0.358629
0.358629
0.358632
0.358636
0.358636
0.358636
0.358639
0.358643
0.358643
0.358648
0.358648
0.358648
0.358648
0.358648
0.358650
0.358662
0.358662
0.358662
0.358670
0.358681
0.358681
0.358683
0.358689
0.358689
0.358692
0.358692
0.358695
0.358695
0.358695
0.358695
0.358713
0.358717
0.358716
0.358722
0.358718
0.358722
0.358722
0.358728
0.358728
0.358754
0.358754
0.358758
0.358766
0.358766
0.358767
0.358767
0.358767
0.358778
0.358778
0.358778
0.358778
0.358778
0.358795
0.358795
0.358804
0.358811
0.358811
0.358811
0.358815
0.358815
0.358828
0.358828
0.358829
0.358849
0.358860
0.358881
0.358881
0.358881
0.358881
0.358891
0.358891
0.358913
0.358917
0.358962
0.358962
0.358962
0.358964
0.358972
0.358986
0.358986
0.358986
0.358986
0.358986
0.358986
0.358993
0.359007
0.359007
0.359009
0.359015
0.359019
0.359019
0.359019
0.359019
0.359020
0.359022
0.359022
0.359023
0.359023
0.359031
0.359031
0.359043
0.359043
0.359075
0.359075
0.359078
0.359087
0.359087
0.359088
0.359089
0.359089
0.359089
0.359101
0.359106
0.359106
0.359106
0.359106
0.359106
0.359106
0.359141
0.359162
0.359168
0.359182
0.359202
0.359205
0.359207
0.359206
0.359210
0.359211
0.359211
0.359211
0.359214
0.359214
0.359214
0.359214
0.359214
0.359251
0.359255
0.359255
0.359255
0.359256
0.359261
0.359266
0.359268
0.359287
0.359292
0.359320
0.359315
0.359319
0.359319
0.359359
0.359359
0.359359
0.359359
0.359359
0.359359
0.359380
0.359388
0.359390
0.359390
0.359393
0.359393
0.359400
0.359402
0.359403
0.359403
0.359403
0.359410
0.359409
0.359412
0.359412
0.359415
0.359420
0.359420
0.359420
0.359436
0.359435
0.359436
0.359437
0.359437
0.359437
0.359451
0.359451
0.359457
0.359459
0.359459
0.359462
0.359481
0.359499
0.359499
0.359491
0.359493
0.359493
0.359500
0.359544
0.359561
0.359562
0.359562
0.359574
0.359574
0.359589
0.359589
0.359589
0.359592
0.359598
0.359603
0.359606
0.359608
0.359611
0.359615
0.359615
0.359620
0.359622
0.359624
0.359626
0.359637
0.359637
0.359641
0.359642
0.359645
0.359645
0.359655
0.359655
0.359660
0.359671
0.359672
0.359672
0.359676
0.359713
0.359732
0.359742
0.359742
0.359763
0.359763
0.359763
0.359764
0.359763
0.359763
0.359784
0.359784
0.359786
0.359786
0.359787
0.359787
0.359796
0.359812
0.359813
0.359822
0.359823
0.359823
0.359823
0.359832
0.359848
0.359868
0.359868
0.359871
0.359875
0.359875
0.359876
0.359877
0.359877
0.359906
0.359906
0.359913
0.359947
0.359947
0.359949
0.359949
0.359949
0.359949
0.359949
0.359944
0.359944
0.359949
0.359949
0.359954
0.359955
0.359959
0.359963
0.359963
0.359963
0.359968
0.359968
0.359968
0.359969
0.359969
0.359969
0.359976
0.359976
0.359976
0.359988
0.359998
0.360003
0.360005
0.360008
0.360025
0.360025
0.360029
0.360036
0.360036
0.360037
0.360048
0.360049
0.360050
0.360050
0.360050
0.360050
0.360050
0.360087
0.360099
0.360099
0.360099
0.360101
0.360109
0.360114
0.360116
0.360116
0.360116
0.360119
0.360119
0.360119
0.360129
0.360136
0.360136
0.360136
0.360137
0.360140
0.360140
0.360140
0.360143
0.360143
0.360143
0.360145
0.360145
0.360154
0.360154
0.360154
0.360154
0.360154
0.360154
0.360154
0.360154
0.360154
0.360154
0.360154
0.360154
0.360169
0.360169
0.360172
0.360172
0.360178
0.360184
0.360184
0.360184
0.360184
0.360184
0.360191
0.360205
0.360208
0.360220
0.360220
0.360216
0.360238
0.360252
0.360252
0.360252
0.360264
0.360264
0.360265
0.360265
0.360265
0.360271
0.360271
0.360273
0.360280
0.360282
0.360293
0.360315
0.360326
0.360328
0.360329
0.360329
0.360343
0.360343
0.360363
0.360386
0.360386
0.360415
0.360450
0.360460
0.360463
0.360465
0.360465
0.360468
0.360468
0.360473
0.360474
0.360486
0.360493
0.360493
0.360501
0.360501
0.360501
0.360501
0.360506
0.360506
0.360519
0.360519
0.360523
0.360524
0.360538
0.360538
0.360538
0.360538
0.360550
0.360550
0.360555
0.360562
0.360562
0.360562
0.360563
0.360570
0.360570
0.360570
0.360572
0.360572
0.360574
0.360574
0.360574
0.360574
0.360576
0.360576
0.360576
0.360576
0.360589
0.360590
0.360590
0.360590
0.360595
0.360595
0.360595
0.360595
0.360600
0.360607
0.360607
0.360607
0.360639
0.360642
0.360660
0.360660
0.360660
0.360664
0.360665
0.360667
0.360672
0.360672
0.360688
0.360689
0.360689
0.360691
0.360691
0.360692
0.360692
0.360692
0.360699
0.360699
0.360711
0.360711
0.360711
0.360713
0.360713
0.360715
0.360715
0.360716
0.360716
0.360716
0.360722
0.360722
0.360724
0.360726
0.360737
0.360737
0.360738
0.360746
0.360767
0.360772
0.360772
0.360772
0.360772
0.360772
0.360793
0.360794
0.360794
0.360794
0.360795
0.360800
0.360800
0.360802
0.360801
0.360801
0.360801
0.360811
0.360818
0.360819
0.360834
0.360841
0.360846
0.360871
0.360871
0.360875
0.360882
0.360882
0.360898
0.360898
0.360906
0.360913
0.360936
0.360937
0.360937
0.360941
0.360971
0.360990
0.360989
0.360989
0.361010
0.361010
0.361017
0.360991
0.361001
0.360993
0.360996
0.360996
0.361033
0.361033
0.361037
0.361046
0.361046
0.361046
0.361055
0.361057
0.361057
0.361059
0.361074
0.361075
0.361075
0.361082
0.361088
0.361088
0.361088
0.361088
0.361088
0.361089
0.361089
0.361089
0.361089
0.361089
0.361089
0.361094
0.361100
0.361131
0.361131
0.361131
0.361143
0.361154
0.361157
0.361162
0.361162
0.361162
0.361162
0.361163
0.361163
0.361163
0.361163
0.361185
0.361190
0.361190
0.361190
0.361195
0.361198
0.361199
0.361203
0.361206
0.361210
0.361210
0.361210
0.361227
0.361232
0.361236
0.361248
0.361255
0.361268
0.361268
0.361268
0.361268
0.361266
0.361271
0.361276
0.361279
0.361283
0.361283
0.361283
0.361289
0.361290
0.361290
0.361291
0.361291
0.361295
0.361300
0.361303
0.361303
0.361303
0.361317
0.361321
0.361325
0.361325
0.361329
0.361330
0.361329
0.361330
0.361339
0.361339
0.361351
0.361356
0.361368
0.361368
0.361368
0.361387
0.361408
0.361416
0.361416
0.361440
0.361440
0.361440
0.361440
0.361440
0.361440
0.361440
0.361435
0.361445
0.361445
0.361447
0.361449
0.361453
0.361453
0.361453
0.361461
0.361466
0.361466
0.361466
0.361472
0.361472
0.361472
0.361472
0.361474
0.361476
0.361476
0.361491
0.361491
0.361493
0.361497
0.361497
0.361498
0.361510
0.361511
0.361510
0.361510
0.361514
0.361528
0.361528
0.361528
0.361537
0.361543
0.361553
0.361553
0.361553
0.361553
0.361570
0.361571
0.361572
0.361575
0.361575
0.361578
0.361583
0.361583
0.361591
0.361629
0.361643
0.361658
0.361671
0.361685
0.361705
0.361711
0.361711
0.361716
0.361722
0.361722
0.361723
0.361729
0.361729
0.361733
0.361735
0.361735
0.361737
0.361740
0.361759
0.361766
0.361767
0.361770
0.361772
0.361772
0.361778
0.361779
0.361779
0.361781
0.361793
0.361793
0.361793
0.361793
0.361808
0.361808
0.361808
0.361814
0.361819
0.361839
0.361842
0.361842
0.361844
0.361844
0.361844
0.361844
0.361844
0.361845
0.361845
0.361845
0.361845
0.361845
0.361845
0.361845
0.361845
0.361846
0.361851
0.361851
0.361851
0.361851
0.361851
0.361851
0.361851
0.361851
0.361851
0.361862
0.361862
0.361866
0.361874
0.361882
0.361882
0.361882
0.361883
0.361888
0.361888
0.361888
0.361889
0.361889
0.361889
0.361889
0.361889
0.361923
0.361926
0.361926
0.361917
0.361921
0.361928
0.361937
0.361937
0.361937
0.361943
0.361943
0.361943
0.361943
0.361949
0.361949
0.361958
0.361958
0.361958
0.361960
0.361967
0.361972
0.361983
0.361982
0.361988
0.361988
0.361988
0.361989
0.362000
0.362001
0.362007
0.362011
0.362011
0.362028
0.362031
0.362033
0.362033
0.362033
0.362033
0.362033
0.362051
0.362056
0.362056
0.362058
0.362059
0.362059
0.362059
0.362059
0.362064
0.362065
0.362067
0.362075
0.362075
0.362069
0.362069
0.362071
0.362071
0.362083
0.362083
0.362085
0.362090
0.362090
0.362090
0.362093
0.362114
0.362122
0.362124
0.362128
0.362128
0.362139
0.362141
0.362158
0.362174
0.362171
0.362171
0.362179
0.362209
0.362215
0.362215
0.362215
0.362219
0.362221
0.362228
0.362228
0.362234
0.362235
0.362249
0.362249
0.362248
0.362250
0.362250
0.362254
0.362254
0.362255
0.362259
0.362259
0.362259
0.362259
0.362259
0.362257
0.362257
0.362270
0.362270
0.362270
0.362281
0.362281
0.362295
0.362295
0.362314
0.362331
0.362335
0.362345
0.362345
0.362345
0.362350
0.362351
0.362354
0.362356
0.362357
0.362358
0.362359
0.362369
0.362369
0.362379
0.362379
0.362381
0.362384
0.362382
0.362382
0.362382
0.362383
0.362383
0.362392
0.362394
0.362400
0.362413
0.362413
0.362413
0.362435
0.362437
0.362437
0.362470
0.362470
0.362472
0.362472
0.362473
0.362478
0.362487
0.362490
0.362490
0.362495
0.362495
0.362495
0.362498
0.362498
0.362504
0.362504
0.362504
0.362504
0.362504
0.362510
0.362510
0.362510
0.362514
0.362514
0.362516
0.362524
0.362531
0.362537
0.362537
0.362547
0.362547
0.362547
0.362548
0.362552
0.362552
0.362555
0.362558
0.362562
0.362577
0.362577
0.362578
0.362578
0.362580
0.362580
0.362580
0.362581
0.362581
0.362581
0.362605
0.362620
0.362620
0.362620
0.362620
0.362620
0.362625
0.362625
0.362626
0.362635
0.362643
0.362643
0.362643
0.362645
0.362650
0.362650
0.362654
0.362654
0.362660
0.362661
0.362661
0.362665
0.362673
0.362673
0.362673
0.362673
0.362677
0.362679
0.362679
0.362679
0.362680
0.362681
0.362689
0.362689
0.362689
0.362690
0.362690
0.362708
0.362708
0.362714
0.362714
0.362720
0.362723
0.362722
0.362722
0.362744
0.362744
0.362754
0.362752
0.362752
0.362752
0.362767
0.362765
0.362767
0.362767
0.362789
0.362791
0.362795
0.362801
0.362810
0.362825
0.362825
0.362825
0.362837
0.362854
0.362854
0.362861
0.362862
0.362865
0.362865
0.362865
0.362866
0.362866
0.362876
0.362876
0.362877
0.362877
0.362883
0.362883
0.362887
0.362891
0.362891
0.362892
0.362892
0.362892
0.362901
0.362910
0.362910
0.362922
0.362922
0.362922
0.362924
0.362925
0.362925
0.362925
0.362927
0.362927
0.362927
0.362930
0.362934
0.362934
0.362934
0.362934
0.362937
0.362943
0.362943
0.362943
0.362949
0.362963
0.362968
0.362968
0.362970
0.362976
0.362979
0.362974
0.362974
0.362974
0.362978
0.362980
0.362980
0.362981
0.362984
0.362985
0.363000
0.363001
0.363010
0.363010
0.363013
0.363013
0.363022
0.363023
0.363032
0.363034
0.363034
0.363034
0.363035
0.363037
0.363037
0.363037
0.363047
0.363051
0.363051
0.363052
0.363061
0.363062
0.363062
0.363062
0.363063
0.363063
0.363063
0.363063
0.363077
0.363077
0.363077
0.363077
0.363077
0.363082
0.363082
0.363082
0.363082
0.363082
0.363082
0.363082
0.363082
0.363082
0.363089
0.363089
0.363089
0.363089
0.363090
0.363090
0.363102
0.363106
0.363106
0.363119
0.363119
0.363119
0.363119
0.363119
0.363121
0.363121
0.363121
0.363122
0.363122
0.363122
0.363124
0.363129
0.363129
0.363129
0.363131
0.363131
0.363132
0.363144
0.363144
0.363144
0.363146
0.363146
0.363146
0.363146
0.363153
0.363153
0.363155
0.363164
0.363166
0.363166
0.363176
0.363176
0.363184
0.363187
0.363187
0.363196
0.363199
0.363207
0.363220
0.363220
0.363222
0.363228
0.363225
0.363232
0.363232
0.363233
0.363233
0.363232
0.363244
0.363244
0.363244
0.363249
0.363260
0.363262
0.363262
0.363262
0.363265
0.363267
0.363267
0.363267
0.363271
0.363277
0.363277
0.363279
0.363299
0.363299
0.363307
0.363307
0.363309
0.363309
0.363309
0.363310
0.363309
0.363309
0.363309
0.363315
0.363316
0.363316
0.363320
0.363320
0.363327
0.363327
0.363331
0.363331
0.363336
0.363336
0.363336
0.363341
0.363341
0.363342
0.363350
0.363350
0.363353
0.363353
0.363353
0.363364
0.363376
0.363401
0.363401
0.363406
0.363413
0.363413
0.363413
0.363414
0.363426
0.363430
0.363435
0.363435
0.363438
0.363445
0.363445
0.363449
0.363456
0.363456
0.363458
0.363458
0.363466
0.363466
0.363468
0.363468
0.363468
0.363468
0.363468
0.363468
0.363468
0.363468
0.363469
0.363470
0.363471
0.363471
0.363477
0.363477
0.363477
0.363479
0.363479
0.363487
0.363487
0.363487
0.363487
0.363487
0.363492
0.363493
0.363499
0.363507
0.363507
0.363510
0.363514
0.363520
0.363524
0.363524
0.363550
0.363550
0.363555
0.363556
0.363559
0.363559
0.363560
0.363561
0.363566
0.363568
0.363571
0.363571
0.363575
0.363575
0.363575
0.363575
0.363575
0.363598
0.363602
0.363602
0.363613
0.363621
0.363621
0.363620
0.363620
0.363627
0.363629
0.363636
0.363636
0.363636
0.363639
0.363639
0.363645
0.363647
0.363647
0.363647
0.363649
0.363651
0.363647
0.363647
0.363647
0.363657
0.363657
0.363667
0.363667
0.363667
0.363676
0.363676
0.363676
0.363676
0.363676
0.363675
0.363683
0.363683
0.363683
0.363687
0.363688
0.363689
0.363691
0.363695
0.363695
0.363711
0.363716
0.363719
0.363719
0.363722
0.363729
0.363729
0.363729
0.363733
0.363752
0.363755
0.363755
0.363759
0.363759
0.363764
0.363764
0.363765
0.363765
0.363765
0.363773
0.363775
0.363781
0.363781
0.363781
0.363781
0.363780
0.363780
0.363780
0.363780
0.363780
0.363780
0.363786
0.363787
0.363797
0.363801
0.363807
0.363807
0.363807
0.363805
0.363805
0.363805
0.363820
0.363829
0.363842
0.363842
0.363843
0.363848
0.363853
0.363853
0.363868
0.363868
0.363870
0.363870
0.363871
0.363871
0.363874
0.363871
0.363878
0.363886
0.363886
0.363888
0.363891
0.363899
0.363904
0.363917
0.363938
0.363941
0.363944
0.363944
0.363944
0.363943
0.363948
0.363948
0.363948
0.363960
0.363960
0.363962
0.363962
0.363962
0.363973
0.363976
0.363983
0.363985
0.363985
0.363986
0.363986
0.363992
0.363992
0.363993
0.363993
0.363999
0.364004
0.364004
0.364006
0.364006
0.364006
0.364008
0.364008
0.364008
0.364009
0.364009
0.364019
0.364029
0.364058
0.364070
0.364070
0.364071
0.364071
0.364074
0.364077
0.364082
0.364082
0.364083
0.364084
0.364092
0.364125
0.364127
0.364129
0.364129
0.364129
0.364132
0.364141
0.364142
0.364142
0.364148
0.364148
0.364155
0.364155
0.364155
0.364155
0.364158
0.364164
0.364164
0.364164
0.364173
0.364174
0.364174
0.364174
0.364177
0.364177
0.364177
0.364177
0.364177
0.364181
0.364181
0.364185
0.364185
0.364187
0.364187
0.364191
0.364191
0.364191
0.364193
0.364195
0.364196
0.364196
0.364204
0.364205
0.364215
0.364215
0.364228
0.364228
0.364229
0.364229
0.364229
0.364230
0.364230
0.364235
0.364235
0.364235
0.364235
0.364235
0.364235
0.364235
0.364235
0.364235
0.364235
0.364235
0.364238
0.364238
0.364238
0.364249
0.364249
0.364249
0.364255
0.364255
0.364256
0.364258
0.364258
0.364262
0.364262
0.364275
0.364275
0.364277
0.364277
0.364275
0.364280
0.364280
0.364305
0.364305
0.364312
0.364336
0.364336
0.364337
0.364340
0.364341
0.364342
0.364344
0.364350
0.364350
0.364350
0.364355
0.364358
0.364360
0.364365
0.364367
0.364380
0.364380
0.364380
0.364380
0.364386
0.364386
0.364387
0.364392
0.364392
0.364391
0.364391
0.364391
0.364396
0.364401
0.364406
0.364441
0.364441
0.364441
0.364441
0.364441
0.364449
0.364449
0.364450
0.364455
0.364455
0.364455
0.364464
0.364464
0.364464
0.364470
0.364470
0.364470
0.364474
0.364474
0.364477
0.364478
0.364478
0.364484
0.364486
0.364486
0.364489
0.364500
0.364525
0.364545
0.364549
0.364551
0.364559
0.364559
0.364563
0.364563
0.364574
0.364576
0.364579
0.364582
0.364598
0.364604
0.364605
0.364609
0.364617
0.364617
0.364617
0.364619
0.364621
0.364628
0.364628
0.364628
0.364628
0.364632
0.364632
0.364632
0.364632
0.364632
0.364632
0.364632
0.364641
0.364644
0.364644
0.364650
0.364650
0.364650
0.364650
0.364652
0.364652
0.364652
0.364656
0.364657
0.364657
0.364657
0.364657
0.364657
0.364664
0.364664
0.364684
0.364684
0.364687
0.364692
0.364703
0.364704
0.364704
0.364710
0.364717
0.364717
0.364720
0.364720
0.364721
0.364721
0.364721
0.364721
0.364721
0.364724
0.364724
0.364724
0.364726
0.364737
0.364737
0.364737
0.364737
0.364737
0.364742
0.364743
0.364786
0.364788
0.364788
0.364788
0.364794
0.364798
0.364798
0.364800
0.364800
0.364806
0.364806
0.364808
0.364826
0.364827
0.364829
0.364829
0.364841
0.364851
0.364856
0.364856
0.364860
0.364869
0.364869
0.364870
0.364872
0.364877
0.364896
0.364896
0.364896
0.364897
0.364915
0.364915
0.364915
0.364915
0.364915
0.364936
0.364980
0.364980
0.364990
0.364995
0.364995
0.364995
0.364999
0.365000
0.365009
0.365012
0.365012
0.365012
0.365016
0.365017
0.365022
0.365022
0.365022
0.365022
0.365022
0.365031
0.365031
0.365031
0.365031
0.365029
0.365029
0.365031
0.365035
0.365035
0.365041
0.365041
0.365042
0.365042
0.365057
0.365070
0.365070
0.365070
0.365071
0.365071
0.365078
0.365087
0.365088
0.365088
0.365088
0.365089
0.365089
0.365092
0.365120
0.365120
0.365120
0.365127
0.365127
0.365132
0.365136
0.365138
0.365142
0.365161
0.365168
0.365165
0.365172
0.365182
0.365182
0.365182
0.365184
0.365187
0.365187
0.365187
0.365231
0.365231
0.365231
0.365224
0.365225
0.365227
0.365227
0.365228
0.365239
0.365248
0.365251
0.365261
0.365270
0.365271
0.365271
0.365271
0.365271
0.365273
0.365271
0.365271
0.365271
0.365271
0.365276
0.365276
0.365281
0.365288
0.365288
0.365291
0.365298
0.365302
0.365302
0.365302
0.365303
0.365309
0.365308
0.365308
0.365311
0.365311
0.365313
0.365313
0.365313
0.365313
0.365313
0.365323
0.365330
0.365332
0.365334
0.365350
0.365350
0.365365
0.365365
0.365370
0.365370
0.365372
0.365374
0.365375
0.365375
0.365375
0.365375
0.365375
0.365379
0.365382
0.365384
0.365386
0.365389
0.365394
0.365395
0.365395
0.365395
0.365395
0.365395
0.365395
0.365395
0.365402
0.365405
0.365416
0.365416
0.365419
0.365422
0.365423
0.365423
0.365423
0.365427
0.365430
0.365430
0.365439
0.365444
0.365445
0.365448
0.365448
0.365448
0.365448
0.365453
0.365455
0.365455
0.365458
0.365458
0.365458
0.365452
0.365459
0.365479
0.365481
0.365494
0.365494
0.365495
0.365496
0.365497
0.365504
0.365504
0.365504
0.365520
0.365520
0.365529
0.365530
0.365530
0.365537
0.365537
0.365539
0.365539
0.365539
0.365539
0.365539
0.365543
0.365544
0.365544
0.365545
0.365546
0.365546
0.365546
0.365547
0.365547
0.365547
0.365558
0.365582
0.365586
0.365586
0.365586
0.365586
0.365587
0.365587
0.365607
0.365617
0.365619
0.365619
0.365626
0.365626
0.365627
0.365627
0.365629
0.365629
0.365629
0.365629
0.365626
0.365626
0.365626
0.365627
0.365633
0.365633
0.365639
0.365639
0.365639
0.365639
0.365639
0.365639
0.365639
0.365640
0.365646
0.365649
0.365649
0.365652
0.365652
0.365652
0.365655
0.365658
0.365657
0.365657
0.365657
0.365661
0.365675
0.365675
0.365675
0.365675
0.365679
0.365679
0.365689
0.365708
0.365708
0.365711
0.365725
0.365725
0.365728
0.365731
0.365733
0.365761
0.365763
0.365768
0.365768
0.365768
0.365770
0.365780
0.365780
0.365785
0.365789
0.365790
0.365794
0.365794
0.365795
0.365794
0.365794
0.365796
0.365809
0.365809
0.365809
0.365813
0.365814
0.365814
0.365814
0.365814
0.365823
0.365823
0.365823
0.365827
0.365865
0.365865
0.365871
0.365871
0.365871
0.365872
0.365872
0.365877
0.365877
0.365877
0.365877
0.365878
0.365879
0.365879
0.365879
0.365881
0.365881
0.365881
0.365881
0.365892
0.365892
0.365893
0.365898
0.365898
0.365899
0.365899
0.365909
0.365917
0.365917
0.365920
0.365939
0.365940
0.365946
0.365946
0.365951
0.365957
0.365957
0.365974
0.365974
0.365993
0.365993
0.365993
0.365993
0.365996
0.365996
0.365996
0.365996
0.365996
0.365996
0.366002
0.366002
0.366002
0.366002
0.366003
0.366015
0.366017
0.366022
0.366022
0.366022
0.366019
0.366027
0.366027
0.366027
0.366027
0.366027
0.366026
0.366029
0.366038
0.366039
0.366040
0.366040
0.366041
0.366041
0.366042
0.366043
0.366049
0.366049
0.366061
0.366061
0.366061
0.366061
0.366061
0.366062
0.366064
0.366070
0.366072
0.366087
0.366090
0.366090
0.366091
0.366092
0.366093
0.366093
0.366101
0.366106
0.366106
0.366109
0.366109
0.366109
0.366109
0.366109
0.366113
0.366113
0.366114
0.366114
0.366115
0.366115
0.366115
0.366132
0.366134
0.366135
0.366136
0.366136
0.366146
0.366147
0.366147
0.366153
0.366161
0.366168
0.366168
0.366168
0.366171
0.366171
0.366192
0.366192
0.366211
0.366224
0.366224
0.366224
0.366224
0.366224
0.366228
0.366228
0.366231
0.366239
0.366239
0.366241
0.366241
0.366251
0.366251
0.366265
0.366276
0.366284
0.366286
0.366286
0.366280
0.366284
0.366288
0.366288
0.366290
0.366298
0.366298
0.366298
0.366301
0.366307
0.366307
0.366307
0.366307
0.366307
0.366307
0.366307
0.366313
0.366313
0.366313
0.366313
0.366317
0.366317
0.366318
0.366318
0.366326
0.366334
0.366334
0.366334
0.366334
0.366334
0.366334
0.366336
0.366336
0.366336
0.366351
0.366351
0.366351
0.366354
0.366354
0.366351
0.366351
0.366351
0.366351
0.366358
0.366359
0.366359
0.366360
0.366361
0.366361
0.366366
0.366366
0.366366
0.366366
0.366366
0.366366
0.366366
0.366366
0.366366
0.366366
0.366366
0.366376
0.366379
0.366379
0.366390
0.366391
0.366396
0.366406
0.366410
0.366410
0.366428
0.366432
0.366432
0.366431
0.366436
0.366436
0.366452
0.366454
0.366454
0.366461
0.366466
0.366466
0.366471
0.366478
0.366478
0.366478
0.366478
0.366478
0.366482
0.366482
0.366482
0.366489
0.366490
0.366490
0.366490
0.366491
0.366491
0.366491
0.366491
0.366491
0.366491
0.366499
0.366499
0.366499
0.366508
0.366508
0.366508
0.366508
0.366514
0.366514
0.366514
0.366514
0.366517
0.366517
0.366517
0.366517
0.366519
0.366519
0.366519
0.366530
0.366531
0.366531
0.366535
0.366558
0.366572
0.366573
0.366573
0.366578
0.366578
0.366578
0.366580
0.366584
0.366584
0.366585
0.366586
0.366586
0.366586
0.366586
0.366590
0.366590
0.366590
0.366596
0.366597
0.366597
0.366598
0.366602
0.366602
0.366602
0.366602
0.366601
0.366601
0.366602
0.366602
0.366602
0.366602
0.366603
0.366611
0.366611
0.366618
0.366619
0.366619
0.366622
0.366623
0.366623
0.366623
0.366623
0.366628
0.366631
0.366631
0.366636
0.366636
0.366665
0.366667
0.366667
0.366669
0.366673
0.366673
0.366678
0.366678
0.366678
0.366682
0.366682
0.366682
0.366688
0.366688
0.366706
0.366706
0.366707
0.366707
0.366706
0.366721
0.366728
0.366728
0.366731
0.366731
0.366731
0.366750
0.366750
0.366750
0.366751
0.366751
0.366750
0.366750
0.366768
0.366769
0.366769
0.366771
0.366777
0.366777
0.366780
0.366792
0.366792
0.366798
0.366798
0.366798
0.366803
0.366803
0.366814
0.366814
0.366815
0.366815
0.366817
0.366822
0.366822
0.366822
0.366823
0.366825
0.366825
0.366826
0.366826
0.366826
0.366826
0.366826
0.366826
0.366826
0.366827
0.366847
0.366847
0.366847
0.366853
0.366854
0.366865
0.366869
0.366869
0.366869
0.366870
0.366890
0.366890
0.366892
0.366904
0.366904
0.366904
0.366911
0.366914
0.366922
0.366922
0.366922
0.366928
0.366931
0.366931
0.366931
0.366932
0.366932
0.366937
0.366937
0.366938
0.366938
0.366938
0.366943
0.366942
0.366942
0.366942
0.366942
0.366942
0.366941
0.366943
0.366943
0.366944
0.366946
0.366951
0.366967
0.366967
0.366960
0.366960
0.366989
0.366989
0.366989
0.366990
0.366996
0.366999
0.367000
0.367000
0.367001
0.367001
0.367001
0.367002
0.367007
0.367007
0.367007
0.367007
0.367008
0.367017
0.367017
0.367018
0.367023
0.367023
0.367027
0.367032
0.367032
0.367032
0.367032
0.367033
0.367033
0.367033
0.367033
0.367050
0.367055
0.367080
0.367080
0.367084
0.367110
0.367110
0.367113
0.367113
0.367118
0.367118
0.367118
0.367122
0.367122
0.367137
0.367140
0.367141
0.367142
0.367142
0.367142
0.367146
0.367146
0.367146
0.367146
0.367146
0.367146
0.367146
0.367146
0.367146
0.367150
0.367153
0.367154
0.367166
0.367188
0.367188
0.367188
0.367196
0.367193
0.367193
0.367196
0.367197
0.367198
0.367198
0.367198
0.367202
0.367203
0.367224
0.367235
0.367235
0.367234
0.367234
0.367234
0.367236
0.367236
0.367237
0.367237
0.367237
0.367249
0.367254
0.367261
0.367261
0.367261
0.367262
0.367265
0.367270
0.367270
0.367270
0.367270
0.367270
0.367270
0.367270
0.367270
0.367270
0.367271
0.367275
0.367278
0.367278
0.367278
0.367293
0.367293
0.367293
0.367293
0.367293
0.367295
0.367295
0.367295
0.367295
0.367295
0.367296
0.367296
0.367296
0.367300
0.367300
0.367309
0.367309
0.367312
0.367312
0.367312
0.367319
0.367321
0.367321
0.367321
0.367326
0.367326
0.367326
0.367330
0.367331
0.367337
0.367338
0.367338
0.367338
0.367338
0.367339
0.367341
0.367341
0.367341
0.367344
0.367344
0.367345
0.367345
0.367345
0.367352
0.367352
0.367362
0.367365
0.367387
0.367390
0.367390
0.367389
0.367390
0.367390
0.367392
0.367392
0.367395
0.367397
0.367397
0.367397
0.367397
0.367398
0.367416
0.367424
0.367430
0.367430
0.367430
0.367438
0.367440
0.367439
0.367443
0.367449
0.367452
0.367451
0.367451
0.367451
0.367451
0.367451
0.367453
0.367453
0.367453
0.367453
0.367455
0.367469
0.367469
0.367470
0.367468
0.367468
0.367469
0.367469
0.367471
0.367471
0.367471
0.367471
0.367471
0.367473
0.367473
0.367473
0.367482
0.367488
0.367488
0.367492
0.367495
0.367495
0.367495
0.367499
0.367500
0.367500
0.367502
0.367502
0.367502
0.367502
0.367502
0.367502
0.367502
0.367502
0.367502
0.367502
0.367502
0.367502
0.367502
0.367508
0.367508
0.367508
0.367508
0.367509
0.367514
0.367514
0.367514
0.367514
0.367514
0.367520
0.367530
0.367533
0.367534
0.367534
0.367534
0.367534
0.367539
0.367539
0.367540
0.367540
0.367542
0.367542
0.367550
0.367550
0.367550
0.367565
0.367567
0.367571
0.367571
0.367571
0.367572
0.367575
0.367575
0.367575
0.367576
0.367577
0.367577
0.367578
0.367578
0.367578
0.367580
0.367604
0.367612
0.367612
0.367614
0.367615
0.367615
0.367616
0.367616
0.367616
0.367616
0.367616
0.367620
0.367620
0.367630
0.367630
0.367630
0.367630
0.367628
0.367631
0.367634
0.367634
0.367635
0.367635
0.367635
0.367636
0.367637
0.367637
0.367646
0.367646
0.367652
0.367654
0.367661
0.367661
0.367659
0.367667
0.367668
0.367670
0.367672
0.367672
0.367672
0.367674
0.367674
0.367674
0.367675
0.367675
0.367675
0.367675
0.367675
0.367675
0.367675
0.367675
0.367703
0.367703
0.367703
0.367703
0.367703
0.367705
0.367705
0.367705
0.367713
0.367713
0.367714
0.367715
0.367717
0.367717
0.367717
0.367717
0.367717
0.367729
0.367730
0.367735
0.367735
0.367735
0.367735
0.367735
0.367736
0.367736
0.367736
0.367769
0.367769
0.367769
0.367769
0.367769
0.367769
0.367770
0.367770
0.367778
0.367778
0.367778
0.367778
0.367778
0.367778
0.367778
0.367788
0.367789
0.367789
0.367790
0.367790
0.367803
0.367814
0.367814
0.367819
0.367819
0.367833
0.367829
0.367829
0.367834
0.367836
0.367837
0.367839
0.367839
0.367839
0.367839
0.367839
0.367853
0.367855
0.367855
0.367855
0.367859
0.367861
0.367861
0.367863
0.367873
0.367876
0.367876
0.367876
0.367876
0.367880
0.367880
0.367880
0.367883
0.367883
0.367895
0.367903
0.367903
0.367903
0.367910
0.367915
0.367919
0.367919
0.367919
0.367919
0.367919
0.367921
0.367921
0.367921
0.367921
0.367921
0.367921
0.367925
0.367927
0.367927
0.367927
0.367927
0.367930
0.367930
0.367930
0.367930
0.367930
0.367930
0.367931
0.367931
0.367931
0.367939
0.367939
0.367939
0.367939
0.367939
0.367939
0.367954
0.367954
0.367960
0.367964
0.367964
0.367964
0.367966
0.367966
0.367966
0.367966
0.367966
0.367968
0.367968
0.367969
0.367969
0.367969
0.367977
0.367980
0.367980
0.367980
0.367981
0.367981
0.367981
0.367981
0.367981
0.367983
0.367983
0.367983
0.367983
0.367992
0.368001
0.368001
0.368002
0.368002
0.368002
0.368023
0.368026
0.368028
0.368028
0.368033
0.368039
0.368039
0.368039
0.368054
0.368054
0.368068
0.368070
0.368070
0.368084
0.368085
0.368085
0.368094
0.368094
0.368093
0.368093
0.368093
0.368098
0.368098
0.368101
0.368101
0.368103
0.368103
0.368107
0.368107
0.368107
0.368136
0.368136
0.368136
0.368138
0.368141
0.368142
0.368143
0.368143
0.368143
0.368143
0.368143
0.368143
0.368150
0.368149
0.368150
0.368150
0.368159
0.368159
0.368159
0.368162
0.368170
0.368170
0.368227
0.368260
0.368260
0.368260
0.368262
0.368264
0.368269
0.368275
0.368275
0.368275
0.368285
0.368285
0.368285
0.368285
0.368285
0.368287
0.368288
0.368288
0.368288
0.368288
0.368288
0.368290
0.368290
0.368290
0.368290
0.368290
0.368290
0.368290
0.368290
0.368290
0.368292
0.368303
0.368303
0.368303
0.368303
0.368316
0.368316
0.368316
0.368316
0.368317
0.368328
0.368354
0.368354
0.368354
0.368354
0.368354
0.368354
0.368367
0.368368
0.368368
0.368368
0.368380
0.368402
0.368404
0.368404
0.368405
0.368405
0.368409
0.368412
0.368412
0.368412
0.368412
0.368412
0.368412
0.368412
0.368411
0.368411
0.368411
0.368411
0.368419
0.368419
0.368419
0.368430
0.368432
0.368432
0.368432
0.368432
0.368432
0.368434
0.368441
0.368445
0.368445
0.368447
0.368447
0.368447
0.368450
0.368450
0.368453
0.368453
0.368461
0.368474
0.368477
0.368478
0.368487
0.368487
0.368497
0.368497
0.368498
0.368495
0.368498
0.368498
0.368498
0.368500
0.368500
0.368502
0.368502
0.368503
0.368503
0.368503
0.368506
0.368516
0.368517
0.368515
0.368515
0.368524
0.368524
0.368525
0.368530
0.368532
0.368532
0.368532
0.368532
0.368535
0.368535
0.368537
0.368537
0.368537
0.368537
0.368539
0.368539
0.368559
0.368559
0.368559
0.368559
0.368559
0.368559
0.368564
0.368574
0.368574
0.368581
0.368583
0.368584
0.368584
0.368588
0.368588
0.368588
0.368588
0.368588
0.368588
0.368594
0.368606
0.368606
0.368606
0.368616
0.368629
0.368631
0.368631
0.368631
0.368631
0.368631
0.368632
0.368632
0.368632
0.368632
0.368632
0.368632
0.368635
0.368637
0.368658
0.368661
0.368663
0.368663
0.368663
0.368668
0.368668
0.368671
0.368673
0.368673
0.368673
0.368675
0.368675
0.368675
0.368675
0.368675
0.368677
0.368678
0.368678
0.368679
0.368681
0.368681
0.368688
0.368688
0.368688
0.368688
0.368688
0.368688
0.368688
0.368688
0.368688
0.368688
0.368688
0.368688
0.368691
0.368693
0.368693
0.368695
0.368695
0.368702
0.368702
0.368702
0.368700
0.368700
0.368710
0.368710
0.368739
0.368752
0.368752
0.368758
0.368758
0.368758
0.368758
0.368758
0.368769
0.368769
0.368771
0.368771
0.368774
0.368774
0.368775
0.368776
0.368777
0.368777
0.368777
0.368775
0.368780
0.368780
0.368780
0.368780
0.368782
0.368782
0.368781
0.368784
0.368790
0.368790
0.368793
0.368793
0.368793
0.368794
0.368794
0.368806
0.368806
0.368811
0.368811
0.368811
0.368811
0.368812
0.368812
0.368817
0.368817
0.368817
0.368817
0.368817
0.368817
0.368817
0.368817
0.368817
0.368817
0.368817
0.368821
0.368821
0.368821
0.368821
0.368821
0.368832
0.368842
0.368846
0.368847
0.368854
0.368854
0.368855
0.368861
0.368870
0.368870
0.368870
0.368872
0.368878
0.368879
0.368894
0.368894
0.368896
0.368896
0.368897
0.368897
0.368897
0.368897
0.368897
0.368897
0.368897
0.368897
0.368898
0.368898
0.368898
0.368900
0.368900
0.368900
0.368900
0.368903
0.368903
0.368904
0.368911
0.368911
0.368916
0.368916
0.368916
0.368917
0.368917
0.368917
0.368917
0.368918
0.368918
0.368920
0.368929
0.368930
0.368933
0.368933
0.368933
0.368935
0.368935
0.368939
0.368950
0.368956
0.368956
0.368956
0.368957
0.368957
0.368958
0.368958
0.368958
0.368959
0.368959
0.368959
0.368965
0.368966
0.368966
0.368964
0.368981
0.368980
0.368980
0.368982
0.368982
0.368982
0.369006
0.369006
0.369006
0.369006
0.369006
0.369013
0.369013
0.369014
0.369015
0.369015
0.369027
0.369027
0.369030
0.369026
0.369029
0.369029
0.369030
0.369043
0.369043
0.369057
0.369059
0.369059
0.369059
0.369061
0.369084
0.369084
0.369085
0.369086
0.369086
0.369088
0.369088
0.369088
0.369088
0.369092
0.369092
0.369092
0.369094
0.369095
0.369095
0.369102
0.369107
0.369117
0.369117
0.369117
0.369117
0.369123
0.369123
0.369123
0.369123
0.369124
0.369124
0.369124
0.369124
0.369124
0.369124
0.369124
0.369125
0.369125
0.369125
0.369150
0.369150
0.369167
0.369160
0.369160
0.369162
0.369163
0.369163
0.369163
0.369170
0.369172
0.369172
0.369172
0.369174
0.369174
0.369169
0.369169
0.369169
0.369169
0.369174
0.369185
0.369185
0.369185
0.369186
0.369186
0.369189
0.369208
0.369208
0.369209
0.369209
0.369228
0.369228
0.369231
0.369231
0.369239
0.369239
0.369239
0.369239
0.369240
0.369240
0.369240
0.369240
0.369241
0.369241
0.369253
0.369253
0.369253
0.369253
0.369253
0.369255
0.369255
0.369259
0.369259
0.369259
0.369263
0.369274
0.369278
0.369292
0.369308
0.369314
0.369314
0.369314
0.369315
0.369315
0.369315
0.369315
0.369315
0.369322
0.369322
0.369322
0.369322
0.369322
0.369323
0.369324
0.369325
0.369325
0.369325
0.369325
0.369328
0.369331
0.369330
0.369330
0.369330
0.369356
0.369356
0.369356
0.369356
0.369356
0.369362
0.369362
0.369362
0.369362
0.369363
0.369363
0.369364
0.369371
0.369374
0.369374
0.369374
0.369374
0.369374
0.369377
0.369381
0.369381
0.369381
0.369389
0.369391
0.369394
0.369411
0.369412
0.369412
0.369424
0.369426
0.369426
0.369429
0.369429
0.369440
0.369442
0.369442
0.369442
0.369445
0.369445
0.369445
0.369445
0.369445
0.369445
0.369446
0.369447
0.369447
0.369448
0.369448
0.369448
0.369451
0.369451
0.369454
0.369454
0.369454
0.369457
0.369457
0.369465
0.369469
0.369469
0.369469
0.369469
0.369481
0.369482
0.369482
0.369482
0.369482
0.369504
0.369509
0.369510
0.369512
0.369512
0.369512
0.369512
0.369515
0.369515
0.369516
0.369516
0.369516
0.369519
0.369521
0.369521
0.369547
0.369550
0.369550
0.369550
0.369550
0.369550
0.369551
0.369556
0.369556
0.369557
0.369557
0.369572
0.369572
0.369572
0.369574
0.369574
0.369574
0.369574
0.369573
0.369573
0.369577
0.369577
0.369592
0.369599
0.369599
0.369602
0.369602
0.369603
0.369603
0.369603
0.369603
0.369605
0.369607
0.369607
0.369607
0.369608
0.369608
0.369608
0.369610
0.369610
0.369618
0.369619
0.369620
0.369624
0.369624
0.369624
0.369624
0.369640
0.369640
0.369640
0.369640
0.369640
0.369642
0.369645
0.369645
0.369645
0.369645
0.369645
0.369645
0.369652
0.369652
0.369643
0.369647
0.369647
0.369647
0.369647
0.369647
0.369653
0.369653
0.369653
0.369663
0.369663
0.369663
0.369663
0.369663
0.369663
0.369669
0.369669
0.369669
0.369669
0.369669
0.369669
0.369669
0.369669
0.369662
0.369669
0.369675
0.369675
0.369675
0.369681
0.369681
0.369681
0.369681
0.369681
0.369681
0.369681
0.369681
0.369680
0.369680
0.369680
0.369683
0.369683
0.369690
0.369695
0.369696
0.369708
0.369708
0.369708
0.369714
0.369714
0.369714
0.369716
0.369716
0.369725
0.369726
0.369729
0.369731
0.369734
0.369734
0.369734
0.369737
0.369738
0.369738
0.369742
0.369742
0.369748
0.369752
0.369752
0.369754
0.369754
0.369756
0.369756
0.369768
0.369768
0.369768
0.369771
0.369770
0.369776
0.369776
0.369783
0.369785
0.369785
0.369785
0.369785
0.369785
0.369785
0.369785
0.369785
0.369785
0.369802
0.369802
0.369802
0.369806
0.369807
0.369805
0.369810
0.369815
0.369820
0.369821
0.369821
0.369825
0.369825
0.369825
0.369826
0.369826
0.369826
0.369826
0.369829
0.369830
0.369830
0.369830
0.369830
0.369830
0.369830
0.369830
0.369830
0.369835
0.369835
0.369835
0.369835
0.369835
0.369839
0.369847
0.369847
0.369847
0.369847
0.369847
0.369850
0.369850
0.369850
0.369850
0.369851
0.369852
0.369852
0.369852
0.369853
0.369853
0.369853
0.369854
0.369855
0.369857
0.369857
0.369859
0.369859
0.369859
0.369860
0.369860
0.369860
0.369860
0.369897
0.369900
0.369900
0.369900
0.369900
0.369900
0.369907
0.369913
0.369913
0.369913
0.369918
0.369918
0.369920
0.369935
0.369935
0.369939
0.369939
0.369942
0.369942
0.369942
0.369942
0.369942
0.369942
0.369942
0.369942
0.369944
0.369944
0.369944
0.369944
0.369946
0.369950
0.369950
0.369950
0.369950
0.369950
0.369950
0.369950
0.369950
0.369950
0.369951
0.369951
0.369951
0.369951
0.369952
0.369952
0.369952
0.369952
0.369957
0.369963
0.369973
0.369973
0.369973
0.369993
0.369993
0.369995
0.369995
0.369995
0.370001
0.370001
0.370003
0.370003
0.370009
0.370010
0.370010
0.370010
0.370010
0.370010
0.370010
0.370010
0.370010
0.370010
0.370015
0.370015
0.370015
0.370015
0.370015
0.370015
0.370016
0.370021
0.370034
0.370034
0.370034
0.370034
0.370035
0.370035
0.370035
0.370035
0.370035
0.370035
0.370043
0.370043
0.370043
0.370043
0.370043
0.370045
0.370045
0.370045
0.370045
0.370050
0.370063
0.370063
0.370063
0.370065
0.370070
0.370079
0.370081
0.370081
0.370083
0.370085
0.370089
0.370089
0.370093
0.370093
0.370096
0.370096
0.370098
0.370098
0.370098
0.370123
0.370124
0.370129
0.370130
0.370130
0.370134
0.370139
0.370139
0.370155
0.370155
0.370158
0.370157
0.370157
0.370157
0.370157
0.370160
0.370164
0.370165
0.370165
0.370170
0.370170
0.370170
0.370170
0.370170
0.370170
0.370171
0.370171
0.370171
0.370172
0.370173
0.370173
0.370173
0.370184
0.370184
0.370185
0.370185
0.370185
0.370185
0.370196
0.370229
0.370229
0.370229
0.370229
0.370238
0.370249
0.370249
0.370249
0.370249
0.370268
0.370272
0.370272
0.370283
0.370283
0.370286
0.370286
0.370286
0.370286
0.370286
0.370299
0.370299
0.370299
0.370299
0.370299
0.370299
0.370303
0.370303
0.370308
0.370312
0.370312
0.370318
0.370321
0.370321
0.370321
0.370324
0.370344
0.370344
0.370344
0.370345
0.370347
0.370352
0.370355
0.370355
0.370355
0.370362
0.370365
0.370365
0.370365
0.370372
0.370372
0.370386
0.370386
0.370386
0.370387
0.370387
0.370388
0.370388
0.370388
0.370388
0.370388
0.370393
0.370393
0.370393
0.370398
0.370398
0.370398
0.370402
0.370402
0.370406
0.370419
0.370419
0.370421
0.370424
0.370427
0.370427
0.370427
0.370430
0.370431
0.370431
0.370431
0.370431
0.370431
0.370431
0.370431
0.370431
0.370443
0.370443
0.370443
0.370443
0.370443
0.370443
0.370443
0.370443
0.370456
0.370456
0.370459
0.370459
0.370459
0.370459
0.370457
0.370457
0.370460
0.370461
0.370461
0.370475
0.370475
0.370475
0.370478
0.370485
0.370485
0.370492
0.370492
0.370497
0.370498
0.370498
0.370498
0.370501
0.370505
0.370508
0.370508
0.370508
0.370509
0.370509
0.370509
0.370509
0.370509
0.370509
0.370509
0.370517
0.370517
0.370518
0.370518
0.370518
0.370518
0.370518
0.370525
0.370535
0.370535
0.370535
0.370535
0.370535
0.370535
0.370535
0.370535
0.370535
0.370535
0.370535
0.370535
0.370537
0.370543
0.370543
0.370549
0.370558
0.370563
0.370569
0.370570
0.370570
0.370570
0.370575
0.370576
0.370576
0.370577
0.370577
0.370577
0.370581
0.370581
0.370585
0.370587
0.370590
0.370590
0.370590
0.370590
0.370593
0.370593
0.370593
0.370593
0.370593
0.370594
0.370594
0.370594
0.370594
0.370594
0.370603
0.370603
0.370603
0.370603
0.370603
0.370600
0.370603
0.370603
0.370603
0.370617
0.370619
0.370623
0.370623
0.370623
0.370623
0.370625
0.370626
0.370631
0.370631
0.370631
0.370631
0.370631
0.370631
0.370631
0.370633
0.370633
0.370633
0.370633
0.370634
0.370637
0.370637
0.370637
0.370638
0.370638
0.370650
0.370650
0.370650
0.370650
0.370647
0.370647
0.370647
0.370647
0.370647
0.370651
0.370654
0.370654
0.370654
0.370654
0.370654
0.370663
0.370663
0.370667
0.370667
0.370667
0.370667
0.370667
0.370668
0.370668
0.370668
0.370668
0.370668
0.370669
0.370696
0.370701
0.370702
0.370702
0.370703
0.370701
0.370702
0.370703
0.370705
0.370705
0.370705
0.370707
0.370699
0.370699
0.370700
0.370700
0.370700
0.370708
0.370714
0.370714
0.370714
0.370718
0.370718
0.370718
0.370724
0.370726
0.370726
0.370726
0.370725
0.370725
0.370725
0.370725
0.370730
0.370730
0.370730
0.370731
0.370734
0.370734
0.370752
0.370752
0.370748
0.370749
0.370760
0.370762
0.370767
0.370767
0.370769
0.370769
0.370769
0.370772
0.370772
0.370772
0.370773
0.370773
0.370774
0.370774
0.370776
0.370777
0.370777
0.370777
0.370777
0.370777
0.370777
0.370779
0.370779
0.370779
0.370779
0.370779
0.370784
0.370784
0.370784
0.370784
0.370784
0.370784
0.370784
0.370784
0.370786
0.370786
0.370786
0.370787
0.370787
0.370787
0.370788
0.370795
0.370795
0.370800
0.370800
0.370800
0.370800
0.370804
0.370804
0.370809
0.370809
0.370809
0.370809
0.370809
0.370809
0.370812
0.370812
0.370812
0.370817
0.370817
0.370819
0.370819
0.370819
0.370828
0.370830
0.370830
0.370830
0.370832
0.370832
0.370832
0.370835
0.370836
0.370845
0.370845
0.370860
0.370862
0.370863
0.370867
0.370867
0.370867
0.370867
0.370861
0.370861
0.370861
0.370861
0.370861
0.370861
0.370869
0.370869
0.370869
0.370871
0.370881
0.370881
0.370882
0.370882
0.370882
0.370882
0.370885
0.370888
0.370888
0.370888
0.370888
0.370888
0.370888
0.370888
0.370888
0.370888
0.370888
0.370888
0.370888
0.370888
0.370888
0.370888
0.370888
0.370900
0.370900
0.370900
0.370900
0.370900
0.370900
0.370903
0.370903
0.370903
0.370904
0.370904
0.370904
0.370906
0.370910
0.370911
0.370911
0.370911
0.370911
0.370915
0.370918
0.370918
0.370918
0.370918
0.370918
0.370919
0.370919
0.370919
0.370919
0.370919
0.370919
0.370919
0.370919
0.370919
0.370919
0.370940
0.370940
0.370940
0.370943
0.370948
0.370948
0.370949
0.370949
0.370949
0.370949
0.370949
0.370957
0.370958
0.370958
0.370958
0.370958
0.370958
0.370963
0.370963
0.370963
0.370963
0.370963
0.370963
0.370963
0.370963
0.370977
0.370977
0.370977
0.370977
0.370973
0.370979
0.370979
0.370982
0.370982
0.370983
0.370989
0.370989
0.370989
0.370989
0.370989
0.370989
0.370991
0.370991
0.370991
0.370995
0.370995
0.370996
0.370996
0.370997
0.370997
0.370997
0.371000
0.371003
0.371003
0.371005
0.371005
0.371005
0.371005
0.371006
0.371009
0.371009
0.371009
0.371009
0.371009
0.371009
0.371009
0.371008
0.371008
0.371008
0.371008
0.371008
0.371009
0.371009
0.371009
0.371009
0.371020
0.371020
0.371021
0.371021
0.371023
0.371042
0.371046
0.371047
0.371047
0.371047
0.371068
0.371069
0.371069
0.371069
0.371069
0.371078
0.371078
0.371078
0.371091
0.371092
0.371092
0.371092
0.371093
0.371093
0.371093
0.371093
0.371101
0.371101
0.371101
0.371101
0.371101
0.371101
0.371101
0.371101
0.371106
0.371106
0.371107
0.371107
0.371107
0.371107
0.371107
0.371108
0.371108
0.371108
0.371108
0.371118
0.371118
0.371118
0.371118
0.371119
0.371119
0.371119
0.371128
0.371128
0.371129
0.371132
0.371132
0.371132
0.371133
0.371133
0.371139
0.371139
0.371141
0.371141
0.371144
0.371146
0.371146
0.371146
0.371146
0.371146
0.371147
0.371144
0.371145
0.371145
0.371145
0.371146
0.371146
0.371154
0.371156
0.371157
0.371158
0.371158
0.371158
0.371158
0.371163
0.371163
0.371163
0.371161
0.371161
0.371163
0.371163
0.371177
0.371177
0.371177
0.371177
0.371185
0.371185
0.371185
0.371185
0.371195
0.371196
0.371198
0.371198
0.371199
0.371199
0.371199
0.371199
0.371199
0.371199
0.371206
0.371206
0.371206
0.371206
0.371206
0.371206
0.371207
0.371207
0.371207
0.371207
0.371208
0.371208
0.371208
0.371208
0.371209
0.371209
0.371209
0.371209
0.371209
0.371209
0.371209
0.371209
0.371209
0.371210
0.371213
0.371218
0.371218
0.371218
0.371220
0.371220
0.371223
0.371223
0.371223
0.371223
0.371225
0.371240
0.371240
0.371240
0.371240
0.371240
0.371240
0.371247
0.371250
0.371250
0.371250
0.371250
0.371250
0.371253
0.371254
0.371254
0.371254
0.371254
0.371254
0.371254
0.371254
0.371255
0.371255
0.371255
0.371255
0.371261
0.371268
0.371268
0.371268
0.371268
0.371268
0.371269
0.371269
0.371269
0.371271
0.371269
0.371269
0.371269
0.371269
0.371273
0.371278
0.371281
0.371281
0.371281
0.371282
0.371285
0.371289
0.371289
0.371278
0.371278
0.371278
0.371285
0.371286
0.371289
0.371289
0.371289
0.371289
0.371289
0.371289
0.371289
0.371289
0.371289
0.371289
0.371290
0.371290
0.371290
0.371290
0.371292
0.371292
0.371292
0.371292
0.371295
0.371306
0.371306
0.371306
0.371306
0.371310
0.371310
0.371321
0.371321
0.371321
0.371321
0.371344
0.371347
0.371347
0.371354
0.371360
0.371360
0.371360
0.371360
0.371362
0.371385
0.371387
0.371396
0.371396
0.371404
0.371404
0.371404
0.371404
0.371410
0.371410
0.371411
0.371412
0.371412
0.371413
0.371415
0.371415
0.371415
0.371427
0.371427
0.371427
0.371432
0.371432
0.371450
0.371450
0.371450
0.371448
0.371448
0.371449
0.371452
0.371447
0.371447
0.371447
0.371447
0.371451
0.371451
0.371452
0.371453
0.371453
0.371453
0.371456
0.371456
0.371456
0.371456
0.371460
0.371458
0.371469
0.371475
0.371479
0.371479
0.371479
0.371479
0.371479
0.371479
0.371480
0.371481
0.371481
0.371481
0.371481
0.371481
0.371481
0.371503
0.371507
0.371507
0.371508
0.371508
0.371508
0.371508
0.371508
0.371508
0.371524
0.371528
0.371528
0.371528
0.371529
0.371529
0.371531
0.371534
0.371536
0.371536
0.371539
0.371539
0.371539
0.371539
0.371539
0.371539
0.371539
0.371539
0.371539
0.371539
0.371539
0.371545
0.371549
0.371549
0.371549
0.371552
0.371554
0.371554
0.371554
0.371561
0.371564
0.371564
0.371564
0.371564
0.371564
0.371569
0.371571
0.371571
0.371571
0.371571
0.371571
0.371579
0.371590
0.371592
0.371592
0.371593
0.371593
0.371593
0.371593
0.371593
0.371593
0.371593
0.371592
0.371592
0.371601
0.371601
0.371601
0.371601
0.371608
0.371608
0.371608
0.371608
0.371608
0.371608
0.371608
0.371608
0.371609
0.371609
0.371609
0.371618
0.371624
0.371629
0.371643
0.371643
0.371643
0.371643
0.371643
0.371643
0.371643
0.371643
0.371651
0.371656
0.371656
0.371660
0.371660
0.371679
0.371680
0.371680
0.371680
0.371681
0.371678
0.371678
0.371678
0.371679
0.371679
0.371679
0.371684
0.371685
0.371686
0.371686
0.371686
0.371687
0.371688
0.371689
0.371689
0.371691
0.371691
0.371693
0.371710
0.371710
0.371710
0.371710
0.371711
0.371711
0.371713
0.371713
0.371714
0.371718
0.371718
0.371718
0.371718
0.371718
0.371718
0.371720
0.371720
0.371720
0.371720
0.371721
0.371721
0.371721
0.371721
0.371721
0.371721
0.371721
0.371730
0.371736
0.371737
0.371738
0.371738
0.371738
0.371738
0.371738
0.371738
0.371742
0.371742
0.371742
0.371743
0.371743
0.371754
0.371757
0.371757
0.371757
0.371757
0.371759
0.371759
0.371759
0.371759
0.371760
0.371761
0.371761
0.371761
0.371768
0.371768
0.371768
0.371774
0.371774
0.371774
0.371782
0.371782
0.371782
0.371782
0.371782
0.371786
0.371786
0.371786
0.371786
0.371790
0.371790
0.371790
0.371792
0.371793
0.371793
0.371793
0.371794
0.371794
0.371794
0.371794
0.371794
0.371805
0.371805
0.371805
0.371807
0.371807
0.371807
0.371808
0.371808
0.371809
0.371813
0.371813
0.371813
0.371813
0.371813
0.371813
0.371815
0.371815
0.371815
0.371815
0.371816
0.371816
0.371816
0.371816
0.371817
0.371817
0.371817
0.371840
0.371850
0.371850
0.371850
0.371850
0.371850
0.371850
0.371850
0.371850
0.371853
0.371853
0.371853
0.371853
0.371854
0.371854
0.371854
0.371854
0.371855
0.371858
0.371861
0.371882
0.371883
0.371883
0.371883
0.371879
0.371883
0.371887
0.371888
0.371888
0.371888
0.371888
0.371882
0.371884
0.371887
0.371890
0.371895
0.371909
0.371909
0.371909
0.371914
0.371918
0.371918
0.371918
0.371918
0.371930
0.371933
0.371936
0.371936
0.371936
0.371937
0.371938
0.371938
0.371939
0.371939
0.371941
0.371941
0.371941
0.371942
0.371942
0.371946
0.371946
0.371982
0.371982
0.371982
0.371985
0.371985
0.371985
0.371986
0.371986
0.371986
0.371988
0.371988
0.371988
0.371988
0.371985
0.371985
0.371985
0.371985
0.371985
0.371985
0.371985
0.371990
0.371994
0.371994
0.371994
0.371994
0.371995
0.372002
0.372003
0.372006
0.372006
0.372014
0.372015
0.372015
0.372015
0.372020
0.372028
0.372028
0.372028
0.372030
0.372030
0.372030
0.372030
0.372030
0.372030
0.372030
0.372030
0.372030
0.372030
0.372034
0.372034
0.372034
0.372034
0.372034
0.372034
0.372034
0.372034
0.372034
0.372034
0.372034
0.372034
0.372040
0.372047
0.372048
0.372048
0.372050
0.372050
0.372055
0.372064
0.372064
0.372064
0.372064
0.372075
0.372077
0.372077
0.372077
0.372078
0.372084
0.372084
0.372086
0.372091
0.372091
0.372091
0.372091
0.372095
0.372095
0.372129
0.372129
0.372129
0.372129
0.372129
0.372129
0.372129
0.372129
0.372129
0.372129
0.372134
0.372134
0.372139
0.372139
0.372139
0.372139
0.372139
0.372139
0.372139
0.372140
0.372140
0.372140
0.372141
0.372142
0.372144
0.372145
0.372145
0.372148
0.372151
0.372151
0.372151
0.372155
0.372155
0.372155
0.372156
0.372156
0.372167
0.372167
0.372167
0.372167
0.372172
0.372167
0.372167
0.372167
0.372167
0.372173
0.372171
0.372171
0.372173
0.372173
0.372178
0.372178
0.372181
0.372181
0.372181
0.372182
0.372181
0.372194
0.372194
0.372194
0.372194
0.372194
0.372194
0.372193
0.372194
0.372194
0.372195
0.372198
0.372204
0.372204
0.372207
0.372207
0.372207
0.372207
0.372210
0.372223
0.372223
0.372224
0.372224
0.372224
0.372224
0.372224
0.372224
0.372224
0.372224
0.372224
0.372243
0.372243
0.372243
0.372243
0.372243
0.372256
0.372256
0.372258
0.372258
0.372265
0.372265
0.372267
0.372266
0.372266
0.372277
0.372289
0.372289
0.372292
0.372297
0.372316
0.372321
0.372321
0.372321
0.372324
0.372324
0.372324
0.372326
0.372334
0.372334
0.372334
0.372334
0.372334
0.372335
0.372336
0.372336
0.372336
0.372336
0.372339
0.372339
0.372341
0.372342
0.372342
0.372347
0.372347
0.372347
0.372347
0.372347
0.372347
0.372347
0.372348
0.372348
0.372351
0.372351
0.372351
0.372353
0.372354
0.372358
0.372358
0.372358
0.372358
0.372358
0.372358
0.372358
0.372360
0.372361
0.372361
0.372361
0.372365
0.372365
0.372365
0.372365
0.372365
0.372365
0.372379
0.372379
0.372380
0.372381
0.372381
0.372381
0.372382
0.372390
0.372391
0.372400
0.372400
0.372400
0.372400
0.372401
0.372401
0.372401
0.372403
0.372403
0.372403
0.372409
0.372409
0.372409
0.372411
0.372411
0.372411
0.372411
0.372414
0.372414
0.372414
0.372414
0.372416
0.372416
0.372416
0.372422
0.372423
0.372423
0.372424
0.372424
0.372425
0.372425
0.372427
0.372430
0.372434
0.372434
0.372434
0.372438
0.372438
0.372438
0.372438
0.372438
0.372438
0.372438
0.372438
0.372439
0.372439
0.372439
0.372439
0.372439
0.372443
0.372443
0.372443
0.372443
0.372443
0.372443
0.372454
0.372467
0.372467
0.372472
0.372475
0.372475
0.372491
0.372500
0.372500
0.372503
0.372503
0.372503
0.372503
0.372503
0.372503
0.372502
0.372506
0.372515
0.372515
0.372515
0.372547
0.372542
0.372542
0.372555
0.372555
0.372555
0.372562
0.372570
0.372570
0.372570
0.372577
0.372577
0.372584
0.372584
0.372584
0.372588
0.372588
0.372588
0.372589
0.372593
0.372594
0.372594
0.372594
0.372594
0.372594
0.372593
0.372594
0.372599
0.372599
0.372599
0.372599
0.372599
0.372599
0.372599
0.372600
0.372600
0.372600
0.372600
0.372600
0.372603
0.372603
0.372603
0.372604
0.372604
0.372604
0.372604
0.372603
0.372603
0.372603
0.372603
0.372603
0.372603
0.372604
0.372605
0.372605
0.372605
0.372605
0.372605
0.372605
0.372605
0.372605
0.372604
0.372604
0.372605
0.372605
0.372607
0.372607
0.372610
0.372610
0.372621
0.372622
0.372622
0.372622
0.372620
0.372620
0.372629
0.372629
0.372629
0.372629
0.372635
0.372640
0.372643
0.372643
0.372647
0.372648
0.372663
0.372674
0.372674
0.372678
0.372678
0.372685
0.372686
0.372687
0.372687
0.372688
0.372688
0.372688
0.372693
0.372693
0.372693
0.372698
0.372699
0.372699
0.372699
0.372699
0.372699
0.372699
0.372699
0.372701
0.372701
0.372705
0.372705
0.372714
0.372714
0.372714
0.372714
0.372714
0.372714
0.372714
0.372714
0.372715
0.372715
0.372715
0.372715
0.372719
0.372721
0.372723
0.372723
0.372723
0.372725
0.372728
0.372728
0.372750
0.372753
0.372753
0.372753
0.372779
0.372779
0.372771
0.372772
0.372773
0.372779
0.372779
0.372792
0.372792
0.372798
0.372798
0.372798
0.372799
0.372801
0.372801
0.372801
0.372810
0.372811
0.372814
0.372814
0.372815
0.372815
0.372819
0.372819
0.372820
0.372820
0.372820
0.372818
0.372818
0.372820
0.372820
0.372828
0.372830
0.372829
0.372829
0.372829
0.372829
0.372829
0.372830
0.372830
0.372834
0.372834
0.372835
0.372835
0.372835
0.372835
0.372835
0.372835
0.372838
0.372839
0.372843
0.372843
0.372843
0.372843
0.372843
0.372843
0.372843
0.372843
0.372843
0.372843
0.372843
0.372843
0.372843
0.372843
0.372843
0.372843
0.372843
0.372843
0.372843
0.372844
0.372844
0.372844
0.372844
0.372844
0.372844
0.372844
0.372844
0.372841
0.372842
0.372846
0.372846
0.372846
0.372846
0.372848
0.372848
0.372852
0.372851
0.372851
0.372851
0.372866
0.372866
0.372867
0.372867
0.372867
0.372867
0.372867
0.372867
0.372871
0.372871
0.372871
0.372871
0.372871
0.372871
0.372871
0.372871
0.372871
0.372876
0.372879
0.372879
0.372879
0.372880
0.372885
0.372887
0.372901
0.372901
0.372901
0.372914
0.372929
0.372929
0.372932
0.372933
0.372933
0.372948
0.372948
0.372949
0.372949
0.372971
0.372974
0.372976
0.372976
0.372976
0.372978
0.372981
0.372983
0.372983
0.372983
0.372983
0.372983
0.372983
0.372986
0.372991
0.372991
0.372991
0.372991
0.372991
0.372991
0.372995
0.372995
0.372995
0.372995
0.372995
0.372995
0.372995
0.373001
0.373001
0.373002
0.373002
0.373002
0.373002
0.373003
0.373003
0.373031
0.373031
0.373031
0.373023
0.373023
0.373021
0.373052
0.373052
0.373057
0.373066
0.373066
0.373069
0.373068
0.373068
0.373068
0.373068
0.373068
0.373069
0.373070
0.373070
0.373065
0.373065
0.373065
0.373072
0.373072
0.373079
0.373079
0.373078
0.373079
0.373077
0.373077
0.373085
0.373086
0.373086
0.373086
0.373086
0.373109
0.373116
0.373116
0.373116
0.373116
0.373126
0.373126
0.373126
0.373126
0.373125
0.373125
0.373130
0.373130
0.373130
0.373130
0.373130
0.373130
0.373148
0.373148
0.373175
0.373179
0.373180
0.373180
0.373185
0.373186
0.373188
0.373191
0.373191
0.373191
0.373191
0.373191
0.373193
0.373193
0.373194
0.373194
0.373198
0.373198
0.373198
0.373198
0.373202
0.373202
0.373202
0.373202
0.373205
0.373221
0.373221
0.373222
0.373222
0.373244
0.373251
0.373251
0.373251
0.373252
0.373252
0.373252
0.373266
0.373265
0.373267
0.373267
0.373267
0.373268
0.373274
0.373274
0.373274
0.373274
0.373274
0.373274
0.373274
0.373276
0.373276
0.373276
0.373276
0.373276
0.373278
0.373278
0.373280
0.373280
0.373280
0.373280
0.373286
0.373285
0.373285
0.373285
0.373285
0.373287
0.373287
0.373287
0.373287
0.373292
0.373292
0.373292
0.373296
0.373296
0.373296
0.373327
0.373329
0.373329
0.373329
0.373335
0.373336
0.373339
0.373340
0.373340
0.373344
0.373345
0.373345
0.373345
0.373345
0.373345
0.373345
0.373345
0.373345
0.373345
0.373345
0.373345
0.373350
0.373361
0.373361
0.373361
0.373361
0.373375
0.373375
0.373379
0.373379
0.373379
0.373380
0.373385
0.373385
0.373385
0.373386
0.373386
0.373387
0.373387
0.373387
0.373387
0.373390
0.373402
0.373402
0.373402
0.373402
0.373413
0.373413
0.373413
0.373417
0.373417
0.373420
0.373420
0.373420
0.373423
0.373427
0.373427
0.373434
0.373434
0.373446
0.373446
0.373446
0.373446
0.373447
0.373447
0.373449
0.373449
0.373454
0.373463
0.373462
0.373462
0.373465
0.373465
0.373465
0.373465
0.373465
0.373467
0.373467
0.373468
0.373469
0.373469
0.373469
0.373469
0.373469
0.373469
0.373469
0.373471
0.373471
0.373471
0.373472
0.373472
0.373467
0.373467
0.373472
0.373480
0.373481
0.373484
0.373485
0.373485
0.373492
0.373492
0.373497
0.373497
0.373498
0.373505
0.373505
0.373505
0.373506
0.373506
0.373506
0.373506
0.373506
0.373506
0.373506
0.373507
0.373507
0.373507
0.373507
0.373507
0.373507
0.373507
0.373507
0.373507
0.373507
0.373507
0.373507
0.373507
0.373507
0.373508
0.373508
0.373511
0.373511
0.373511
0.373511
0.373512
0.373512
0.373512
0.373504
0.373504
0.373507
0.373518
0.373518
0.373518
0.373522
0.373522
0.373529
0.373529
0.373529
0.373536
0.373538
0.373539
0.373539
0.373539
0.373543
0.373543
0.373543
0.373543
0.373543
0.373543
0.373550
0.373550
0.373553
0.373553
0.373561
0.373562
0.373562
0.373562
0.373565
0.373565
0.373562
0.373565
0.373567
0.373567
0.373567
0.373570
0.373570
0.373572
0.373574
0.373574
0.373574
0.373575
0.373575
0.373575
0.373575
0.373575
0.373575
0.373575
0.373578
0.373578
0.373582
0.373582
0.373588
0.373588
0.373588
0.373588
0.373588
0.373592
0.373592
0.373592
0.373592
0.373592
0.373592
0.373592
0.373592
0.373592
0.373592
0.373596
0.373598
0.373602
0.373602
0.373605
0.373607
0.373607
0.373612
0.373616
0.373616
0.373617
0.373617
0.373628
0.373628
0.373628
0.373628
0.373628
0.373628
0.373628
0.373628
0.373638
0.373638
0.373638
0.373638
0.373638
0.373638
0.373638
0.373638
0.373638
0.373637
0.373637
0.373638
0.373638
0.373638
0.373640
0.373640
0.373645
0.373645
0.373645
0.373645
0.373648
0.373648
0.373648
0.373649
0.373652
0.373652
0.373654
0.373654
0.373664
0.373677
0.373677
0.373684
0.373684
0.373685
0.373698
0.373698
0.373698
0.373698
0.373698
0.373698
0.373700
0.373723
0.373723
0.373723
0.373723
0.373723
0.373727
0.373727
0.373728
0.373728
0.373728
0.373729
0.373732
0.373732
0.373732
0.373732
0.373732
0.373732
0.373732
0.373732
0.373732
0.373732
0.373734
0.373740
0.373743
0.373743
0.373743
0.373743
0.373749
0.373749
0.373763
0.373764
0.373764
0.373765
0.373765
0.373765
0.373765
0.373765
0.373766
0.373766
0.373766
0.373767
0.373767
0.373767
0.373779
0.373779
0.373779
0.373779
0.373779
0.373780
0.373780
0.373780
0.373780
0.373781
0.373787
0.373787
0.373792
0.373792
0.373792
0.373792
0.373792
0.373792
0.373792
0.373802
0.373803
0.373800
0.373800
0.373800
0.373800
0.373801
0.373801
0.373801
0.373803
0.373804
0.373806
0.373806
0.373806
0.373812
0.373813
0.373813
0.373813
0.373813
0.373813
0.373823
0.373823
0.373823
0.373823
0.373823
0.373829
0.373831
0.373831
0.373831
0.373831
0.373831
0.373831
0.373834
0.373834
0.373835
0.373835
0.373836
0.373836
0.373836
0.373836
0.373837
0.373837
0.373839
0.373839
0.373839
0.373839
0.373839
0.373841
0.373841
0.373841
0.373841
0.373841
0.373841
0.373841
0.373841
0.373842
0.373842
0.373842
0.373842
0.373842
0.373842
0.373842
0.373842
0.373842
0.373842
0.373842
0.373842
0.373842
0.373842
0.373844
0.373844
0.373844
0.373849
0.373855
0.373855
0.373857
0.373860
0.373860
0.373864
0.373867
0.373867
0.373867
0.373867
0.373867
0.373867
0.373867
0.373867
0.373867
0.373869
0.373870
0.373870
0.373870
0.373870
0.373870
0.373870
0.373870
0.373870
0.373870
0.373870
0.373870
0.373874
0.373874
0.373874
0.373874
0.373874
0.373882
0.373884
0.373884
0.373884
0.373887
0.373889
0.373889
0.373894
0.373894
0.373894
0.373894
0.373894
0.373895
0.373895
0.373905
0.373905
0.373905
0.373905
0.373905
0.373907
0.373907
0.373907
0.373907
0.373907
0.373907
0.373907
0.373923
0.373923
0.373923
0.373923
0.373923
0.373924
0.373924
0.373924
0.373931
0.373931
0.373933
0.373952
0.373947
0.373947
0.373947
0.373947
0.373947
0.373947
0.373951
0.373951
0.373962
0.373962
0.373962
0.373964
0.373964
0.373968
0.373971
0.373971
0.373971
0.373972
0.373972
0.373972
0.373972
0.373972
0.373972
0.373972
0.373972
0.373972
0.373981
0.373981
0.373981
0.373982
0.373986
0.373986
0.374000
0.373999
0.373999
0.374005
0.374005
0.374005
0.374005
0.374005
0.374005
0.374005
0.374005
0.374005
0.374005
0.374005
0.374005
0.374018
0.374019
0.374019
0.374020
0.374020
0.374029
0.374029
0.374029
0.374029
0.374030
0.374033
0.374033
0.374034
0.374037
0.374037
0.374037
0.374037
0.374037
0.374038
0.374038
0.374038
0.374038
0.374039
0.374039
0.374039
0.374042
0.374042
0.374042
0.374055
0.374055
0.374055
0.374119
0.374120
0.374120
0.374120
0.374135
0.374135
0.374135
0.374135
0.374145
0.374145
0.374145
0.374146
0.374146
0.374146
0.374148
0.374150
0.374150
0.374150
0.374152
0.374152
0.374152
0.374152
0.374152
0.374154
0.374154
0.374154
0.374154
0.374154
0.374154
0.374154
0.374156
0.374156
0.374156
0.374156
0.374177
0.374177
0.374178
0.374178
0.374175
0.374180
0.374180
0.374180
0.374180
0.374183
0.374183
0.374183
0.374183
0.374189
0.374192
0.374192
0.374195
0.374195
0.374195
0.374196
0.374196
0.374196
0.374196
0.374200
0.374200
0.374204
0.374204
0.374210
0.374210
0.374210
0.374210
0.374210
0.374219
0.374219
0.374219
0.374226
0.374226
0.374226
0.374231
0.374231
0.374231
0.374231
0.374231
0.374232
0.374232
0.374232
0.374233
0.374233
0.374233
0.374233
0.374234
0.374234
0.374234
0.374236
0.374236
0.374236
0.374236
0.374236
0.374266
0.374266
0.374271
0.374271
0.374276
0.374282
0.374282
0.374282
0.374282
0.374282
0.374285
0.374290
0.374290
0.374290
0.374292
0.374292
0.374292
0.374292
0.374292
0.374296
0.374296
0.374296
0.374297
0.374297
0.374297
0.374297
0.374300
0.374300
0.374303
0.374303
0.374303
0.374303
0.374303
0.374303
0.374306
0.374306
0.374306
0.374306
0.374307
0.374307
0.374308
0.374308
0.374308
0.374308
0.374309
0.374309
0.374310
0.374310
0.374317
0.374317
0.374317
0.374317
0.374317
0.374316
0.374316
0.374321
0.374321
0.374321
0.374321
0.374325
0.374339
0.374339
0.374339
0.374339
0.374339
0.374339
0.374339
0.374339
0.374339
0.374339
0.374339
0.374339
0.374339
0.374339
0.374339
0.374340
0.374340
0.374345
0.374345
0.374346
0.374347
0.374347
0.374347
0.374361
0.374361
0.374350
0.374353
0.374353
0.374353
0.374363
0.374363
0.374363
0.374363
0.374363
0.374363
0.374363
0.374363
0.374363
0.374363
0.374363
0.374363
0.374363
0.374363
0.374363
0.374374
0.374379
0.374379
0.374379
0.374379
0.374379
0.374382
0.374382
0.374386
0.374386
0.374395
0.374395
0.374403
0.374403
0.374403
0.374403
0.374403
0.374407
0.374407
0.374410
0.374410
0.374410
0.374410
0.374413
0.374416
0.374417
0.374417
0.374418
0.374418
0.374420
0.374420
0.374420
0.374421
0.374421
0.374421
0.374427
0.374427
0.374427
0.374438
0.374440
0.374440
0.374440
0.374440
0.374440
0.374440
0.374441
0.374441
0.374441
0.374443
0.374443
0.374443
0.374447
0.374447
0.374447
0.374447
0.374447
0.374447
0.374447
0.374447
0.374447
0.374447
0.374447
0.374447
0.374447
0.374447
0.374447
0.374447
0.374447
0.374447
0.374447
0.374448
0.374448
0.374454
0.374454
0.374454
0.374479
0.374479
0.374479
0.374479
0.374479
0.374479
0.374480
0.374485
0.374485
0.374486
0.374486
0.374488
0.374488
0.374494
0.374495
0.374495
0.374495
0.374495
0.374495
0.374497
0.374497
0.374497
0.374497
0.374497
0.374512
0.374512
0.374512
0.374512
0.374512
0.374517
0.374517
0.374518
0.374518
0.374518
0.374518
0.374518
0.374518
0.374518
0.374518
0.374521
0.374521
0.374521
0.374522
0.374522
0.374524
0.374531
0.374531
0.374531
0.374531
0.374531
0.374534
0.374534
0.374534
0.374538
0.374538
0.374539
0.374539
0.374539
0.374537
0.374537
0.374537
0.374538
0.374538
0.374545
0.374545
0.374545
0.374545
0.374545
0.374545
0.374545
0.374545
0.374545
0.374545
0.374545
0.374554
0.374554
0.374554
0.374554
0.374554
0.374555
0.374555
0.374555
0.374560
0.374560
0.374560
0.374560
0.374560
0.374560
0.374560
0.374560
0.374560
0.374560
0.374560
0.374560
0.374561
0.374561
0.374561
0.374561
0.374565
0.374565
0.374565
0.374567
0.374567
0.374567
0.374567
0.374567
0.374567
0.374567
0.374571
0.374571
0.374571
0.374571
0.374571
0.374571
0.374575
0.374575
0.374578
0.374578
0.374578
0.374578
0.374580
0.374581
0.374581
0.374583
0.374583
0.374583
0.374586
0.374586
0.374586
0.374586
0.374591
0.374591
0.374591
0.374591
0.374591
0.374595
0.374599
0.374601
0.374606
0.374606
0.374606
0.374606
0.374606
