0.282807
0.292673
0.298639
0.300542
0.302310
0.305250
0.306198
0.306744
0.308012
0.308139
0.308480
0.308258
0.308287
0.308530
0.308872
0.308735
0.308413
0.307814
0.307860
0.307864
0.307925
0.307835
0.308186
0.308241
0.308475
0.308486
0.308633
0.308544
0.308045
0.308095
0.308097
0.307922
0.307945
0.307791
0.307816
0.307873
0.307945
0.307844
0.307809
0.307574
0.307553
0.307465
0.307412
0.307302
0.307332
0.307269
0.307295
0.307338
0.307145
0.306951
0.307020
0.306835
0.306748
0.306733
0.306751
0.306862
0.306974
0.307114
0.306941
0.306591
0.306591
0.306440
0.306330
0.306330
0.306249
0.306236
0.306287
0.306298
0.306216
0.306044
0.306115
0.306261
0.306197
0.306236
0.306138
0.306141
0.305724
0.305789
0.305893
0.305851
0.305766
0.305859
0.305861
0.305894
0.305851
0.305653
0.305695
0.305556
0.305409
0.305435
0.305675
0.305459
0.305413
0.305200
0.305243
0.305243
0.305571
0.305704
0.305596
0.305500
0.305507
0.305323
0.305183
0.305212
0.305160
0.305160
0.305069
0.304805
0.304996
0.304983
0.305045
0.305080
0.305076
0.305296
0.305272
0.305206
0.305212
0.305154
0.305154
0.305129
0.305038
0.305019
0.304990
0.305052
0.305052
0.305062
0.305120
0.305113
0.305113
0.305126
0.305126
0.305113
0.305115
0.305115
0.305076
0.305088
0.305122
0.305122
0.305040
0.305193
0.305223
0.305248
0.305218
0.305166
0.305110
0.305139
0.305097
0.304983
0.305154
0.305267
0.305267
0.305263
0.305108
0.305064
0.305088
0.304939
0.304829
0.304803
0.304803
0.305011
0.304924
0.305141
0.305169
0.305169
0.305213
0.305279
0.305298
0.305298
0.305275
0.305275
0.305211
0.305175
0.305291
0.305234
0.305212
0.305237
0.305237
0.305289
0.305340
0.305211
0.305212
0.305127
0.305134
0.305135
0.305135
0.305126
0.305133
0.305104
0.305046
0.305050
0.305040
0.304993
0.305051
0.305058
0.304955
0.304956
0.304969
0.305037
0.305060
0.305074
0.304940
0.304991
0.305033
0.305039
0.304964
0.304964
0.304816
0.304846
0.304819
0.304777
0.304713
0.304724
0.304694
0.304697
0.304576
0.304713
0.304732
0.304733
0.304806
0.304836
0.304811
0.304831
0.304715
0.304751
0.304780
0.304804
0.304796
0.304796
0.304796
0.304796
0.304730
0.304735
0.304706
0.304706
0.304670
0.304685
0.304619
0.304746
0.304821
0.304795
0.304795
0.304920
0.304807
0.304678
0.304702
0.304571
0.304508
0.304508
0.304508
0.304447
0.304467
0.304467
0.304467
0.304533
0.304533
0.304648
0.304648
0.304676
0.304653
0.304653
0.304653
0.304653
0.304502
0.304553
0.304556
0.304579
0.304624
0.304624
0.304624
0.304466
0.304445
0.304468
0.304468
0.304527
0.304543
0.304547
0.304542
0.304496
0.304527
0.304517
0.304517
0.304487
0.304524
0.304524
0.304512
0.304478
0.304451
0.304395
0.304442
0.304460
0.304451
0.304451
0.304535
0.304447
0.304290
0.304325
0.304376
0.304459
0.304469
0.304621
0.304621
0.304621
0.304659
0.304532
0.304532
0.304597
0.304635
0.304635
0.304674
0.304666
0.304557
0.304545
0.304552
0.304579
0.304579
0.304653
0.304673
0.304684
0.304620
0.304601
0.304614
0.304639
0.304639
0.304639
0.304575
0.304494
0.304560
0.304620
0.304599
0.304645
0.304624
0.304635
0.304651
0.304619
0.304650
0.304640
0.304714
0.304736
0.304733
0.304730
0.304691
0.304673
0.304706
0.304792
0.304732
0.304732
0.304732
0.304771
0.304658
0.304701
0.304707
0.304675
0.304675
0.304592
0.304660
0.304565
0.304530
0.304549
0.304501
0.304581
0.304573
0.304554
0.304540
0.304646
0.304666
0.304689
0.304654
0.304668
0.304688
0.304691
0.304748
0.304779
0.304779
0.304782
0.304751
0.304741
0.304731
0.304682
0.304628
0.304628
0.304605
0.304607
0.304593
0.304593
0.304678
0.304678
0.304677
0.304700
0.304700
0.304750
0.304750
0.304804
0.304828
0.304783
0.304733
0.304729
0.304729
0.304731
0.304765
0.304707
0.304706
0.304600
0.304639
0.304712
0.304690
0.304688
0.304780
0.304851
0.304864
0.304828
0.304828
0.304824
0.304837
0.304862
0.304758
0.304755
0.304735
0.304761
0.304761
0.304833
0.304833
0.304837
0.304842
0.304786
0.304784
0.304803
0.304803
0.304803
0.304803
0.304803
0.304799
0.304799
0.304745
0.304745
0.304789
0.304777
0.304733
0.304722
0.304726
0.304699
0.304767
0.304745
0.304745
0.304808
0.304826
0.304869
0.304847
0.304866
0.304846
0.304799
0.304767
0.304799
0.304773
0.304756
0.304767
0.304816
0.304855
0.304865
0.304861
0.304879
0.304916
0.304920
0.304918
0.304928
0.304939
0.304909
0.304937
0.304937
0.304939
0.304939
0.304936
0.304917
0.304898
0.304889
0.304896
0.304908
0.304897
0.304924
0.304931
0.304942
0.304958
0.304958
0.304859
0.304879
0.304868
0.304861
0.304927
0.304967
0.304965
0.304931
0.304922
0.304883
0.304888
0.304873
0.304929
0.304927
0.304925
0.304925
0.304882
0.304898
0.304908
0.304980
0.304928
0.304922
0.304925
0.305055
0.305063
0.305046
0.304998
0.304988
0.304988
0.305023
0.305059
0.305049
0.305070
0.305040
0.305029
0.305064
0.305094
0.305122
0.305122
0.305087
0.305099
0.305109
0.305109
0.305020
0.305014
0.304975
0.304975
0.305081
0.305174
0.305156
0.305156
0.305123
0.305127
0.305134
0.305113
0.305109
0.305066
0.305052
0.305028
0.305044
0.305045
0.305092
0.305144
0.305234
0.305210
0.305203
0.305203
0.305202
0.305202
0.305178
0.305197
0.305178
0.305186
0.305214
0.305214
0.305248
0.305217
0.305207
0.305191
0.305217
0.305218
0.305222
0.305224
0.305243
0.305227
0.305210
0.305218
0.305226
0.305287
0.305243
0.305166
0.305233
0.305279
0.305236
0.305234
0.305234
0.305240
0.305235
0.305260
0.305260
0.305265
0.305275
0.305235
0.305235
0.305220
0.305212
0.305180
0.305180
0.305216
0.305231
0.305251
0.305218
0.305241
0.305279
0.305308
0.305323
0.305296
0.305308
0.305308
0.305297
0.305297
0.305317
0.305272
0.305278
0.305275
0.305228
0.305228
0.305225
0.305216
0.305289
0.305301
0.305301
0.305322
0.305313
0.305313
0.305328
0.305328
0.305306
0.305332
0.305324
0.305304
0.305304
0.305365
0.305365
0.305332
0.305314
0.305389
0.305361
0.305378
0.305334
0.305331
0.305325
0.305367
0.305367
0.305375
0.305375
0.305394
0.305394
0.305394
0.305409
0.305411
0.305397
0.305400
0.305399
0.305430
0.305430
0.305443
0.305405
0.305405
0.305357
0.305357
0.305345
0.305345
0.305415
0.305419
0.305398
0.305406
0.305406
0.305429
0.305429
0.305403
0.305403
0.305391
0.305336
0.305339
0.305342
0.305334
0.305334
0.305334
0.305374
0.305374
0.305394
0.305395
0.305396
0.305408
0.305418
0.305415
0.305428
0.305377
0.305377
0.305394
0.305399
0.305399
0.305392
0.305374
0.305387
0.305428
0.305432
0.305432
0.305458
0.305471
0.305460
0.305482
0.305451
0.305457
0.305409
0.305463
0.305412
0.305439
0.305527
0.305505
0.305545
0.305541
0.305541
0.305512
0.305539
0.305550
0.305551
0.305514
0.305496
0.305508
0.305537
0.305533
0.305572
0.305681
0.305695
0.305690
0.305718
0.305718
0.305707
0.305676
0.305592
0.305620
0.305691
0.305715
0.305682
0.305700
0.305700
0.305722
0.305702
0.305702
0.305722
0.305759
0.305785
0.305769
0.305778
0.305757
0.305730
0.305730
0.305785
0.305785
0.305759
0.305760
0.305792
0.305790
0.305724
0.305724
0.305724
0.305737
0.305759
0.305785
0.305791
0.305792
0.305793
0.305789
0.305761
0.305790
0.305790
0.305770
0.305770
0.305787
0.305792
0.305786
0.305780
0.305787
0.305810
0.305812
0.305816
0.305816
0.305814
0.305804
0.305800
0.305779
0.305761
0.305761
0.305740
0.305765
0.305778
0.305819
0.305842
0.305829
0.305829
0.305829
0.305842
0.305851
0.305863
0.305837
0.305840
0.305790
0.305781
0.305734
0.305794
0.305792
0.305787
0.305822
0.305822
0.305794
0.305794
0.305793
0.305796
0.305794
0.305790
0.305811
0.305846
0.305870
0.305870
0.305861
0.305845
0.305845
0.305845
0.305848
0.305847
0.305822
0.305840
0.305840
0.305864
0.305864
0.305888
0.305850
0.305850
0.305859
0.305859
0.305864
0.305867
0.305872
0.305876
0.305873
0.305868
0.305868
0.305871
0.305860
0.305866
0.305851
0.305855
0.305876
0.305869
0.305853
0.305859
0.305859
0.305880
0.305891
0.305891
0.305914
0.305876
0.305874
0.305874
0.305822
0.305841
0.305838
0.305841
0.305841
0.305847
0.305867
0.305846
0.305846
0.305848
0.305838
0.305869
0.305835
0.305784
0.305765
0.305759
0.305764
0.305777
0.305759
0.305759
0.305775
0.305775
0.305787
0.305803
0.305802
0.305792
0.305792
0.305752
0.305781
0.305787
0.305818
0.305815
0.305815
0.305821
0.305824
0.305839
0.305833
0.305797
0.305786
0.305802
0.305802
0.305802
0.305789
0.305786
0.305785
0.305797
0.305808
0.305875
0.305881
0.305917
0.305902
0.305906
0.305900
0.305909
0.305915
0.305897
0.305887
0.305887
0.305892
0.305892
0.305883
0.305883
0.305855
0.305866
0.305902
0.305902
0.305924
0.305916
0.305882
0.305882
0.305931
0.305948
0.305955
0.305924
0.305893
0.305893
0.305927
0.305976
0.305983
0.306006
0.306027
0.306039
0.306031
0.306029
0.306041
0.306041
0.306023
0.306023
0.306032
0.306029
0.306029
0.306050
0.306050
0.306025
0.306043
0.306043
0.306042
0.306042
0.306042
0.306042
0.306051
0.306069
0.306068
0.306121
0.306121
0.306121
0.306117
0.306101
0.306099
0.306099
0.306103
0.306099
0.306117
0.306119
0.306138
0.306135
0.306155
0.306146
0.306157
0.306164
0.306251
0.306245
0.306238
0.306249
0.306249
0.306227
0.306199
0.306215
0.306236
0.306241
0.306245
0.306254
0.306252
0.306256
0.306251
0.306250
0.306250
0.306240
0.306250
0.306250
0.306259
0.306289
0.306295
0.306303
0.306304
0.306302
0.306194
0.306200
0.306200
0.306204
0.306211
0.306211
0.306211
0.306211
0.306240
0.306251
0.306245
0.306241
0.306241
0.306219
0.306219
0.306219
0.306247
0.306235
0.306235
0.306223
0.306204
0.306204
0.306139
0.306140
0.306152
0.306198
0.306216
0.306201
0.306198
0.306232
0.306238
0.306207
0.306248
0.306257
0.306257
0.306309
0.306309
0.306309
0.306282
0.306282
0.306273
0.306275
0.306242
0.306266
0.306271
0.306237
0.306215
0.306202
0.306202
0.306221
0.306277
0.306290
0.306287
0.306241
0.306227
0.306240
0.306240
0.306266
0.306266
0.306265
0.306273
0.306311
0.306288
0.306292
0.306283
0.306303
0.306319
0.306314
0.306314
0.306327
0.306338
0.306364
0.306366
0.306361
0.306361
0.306334
0.306348
0.306348
0.306348
0.306369
0.306365
0.306363
0.306292
0.306283
0.306322
0.306322
0.306338
0.306338
0.306375
0.306408
0.306437
0.306396
0.306355
0.306363
0.306363
0.306365
0.306378
0.306395
0.306382
0.306402
0.306390
0.306388
0.306340
0.306348
0.306359
0.306365
0.306371
0.306454
0.306445
0.306481
0.306463
0.306453
0.306439
0.306427
0.306453
0.306466
0.306474
0.306466
0.306467
0.306464
0.306466
0.306509
0.306515
0.306485
0.306485
0.306494
0.306494
0.306507
0.306518
0.306517
0.306529
0.306528
0.306549
0.306546
0.306547
0.306547
0.306538
0.306548
0.306579
0.306571
0.306571
0.306583
0.306586
0.306581
0.306595
0.306562
0.306573
0.306585
0.306608
0.306604
0.306605
0.306618
0.306620
0.306620
0.306641
0.306617
0.306617
0.306611
0.306611
0.306586
0.306601
0.306675
0.306660
0.306680
0.306698
0.306715
0.306715
0.306715
0.306715
0.306706
0.306706
0.306706
0.306713
0.306713
0.306692
0.306685
0.306699
0.306668
0.306673
0.306681
0.306723
0.306756
0.306752
0.306729
0.306729
0.306729
0.306754
0.306750
0.306750
0.306746
0.306775
0.306771
0.306788
0.306777
0.306781
0.306783
0.306791
0.306783
0.306761
0.306752
0.306752
0.306753
0.306798
0.306786
0.306800
0.306775
0.306775
0.306786
0.306786
0.306801
0.306796
0.306793
0.306804
0.306762
0.306762
0.306771
0.306743
0.306738
0.306733
0.306749
0.306749
0.306759
0.306759
0.306768
0.306754
0.306756
0.306769
0.306769
0.306794
0.306802
0.306775
0.306775
0.306779
0.306792
0.306792
0.306800
0.306798
0.306798
0.306819
0.306822
0.306805
0.306799
0.306787
0.306774
0.306745
0.306766
0.306766
0.306766
0.306763
0.306768
0.306751
0.306770
0.306744
0.306735
0.306735
0.306749
0.306755
0.306755
0.306755
0.306769
0.306778
0.306778
0.306778
0.306775
0.306777
0.306775
0.306782
0.306764
0.306764
0.306752
0.306706
0.306745
0.306762
0.306757
0.306757
0.306765
0.306762
0.306766
0.306777
0.306777
0.306756
0.306756
0.306766
0.306764
0.306764
0.306767
0.306746
0.306718
0.306726
0.306726
0.306726
0.306719
0.306755
0.306755
0.306748
0.306774
0.306776
0.306775
0.306775
0.306781
0.306798
0.306799
0.306795
0.306796
0.306797
0.306773
0.306778
0.306772
0.306772
0.306772
0.306775
0.306751
0.306757
0.306759
0.306759
0.306763
0.306763
0.306779
0.306779
0.306783
0.306783
0.306780
0.306784
0.306789
0.306799
0.306786
0.306785
0.306766
0.306764
0.306777
0.306784
0.306822
0.306793
0.306797
0.306770
0.306797
0.306792
0.306800
0.306782
0.306765
0.306765
0.306766
0.306765
0.306756
0.306769
0.306735
0.306743
0.306743
0.306701
0.306701
0.306702
0.306732
0.306693
0.306693
0.306693
0.306693
0.306693
0.306741
0.306757
0.306757
0.306713
0.306696
0.306699
0.306726
0.306731
0.306731
0.306731
0.306741
0.306739
0.306739
0.306726
0.306727
0.306727
0.306740
0.306729
0.306729
0.306729
0.306741
0.306741
0.306741
0.306741
0.306749
0.306749
0.306749
0.306749
0.306749
0.306749
0.306752
0.306752
0.306762
0.306753
0.306745
0.306745
0.306745
0.306753
0.306759
0.306755
0.306755
0.306755
0.306775
0.306775
0.306775
0.306798
0.306796
0.306796
0.306796
0.306804
0.306830
0.306838
0.306838
0.306818
0.306842
0.306839
0.306831
0.306830
0.306833
0.306841
0.306841
0.306867
0.306868
0.306858
0.306858
0.306857
0.306850
0.306850
0.306841
0.306852
0.306852
0.306852
0.306850
0.306850
0.306851
0.306840
0.306862
0.306833
0.306810
0.306832
0.306845
0.306862
0.306872
0.306857
0.306857
0.306874
0.306867
0.306867
0.306845
0.306866
0.306840
0.306849
0.306812
0.306812
0.306812
0.306867
0.306867
0.306880
0.306880
0.306892
0.306880
0.306880
0.306893
0.306908
0.306908
0.306904
0.306904
0.306918
0.306908
0.306908
0.306910
0.306912
0.306909
0.306922
0.306922
0.306939
0.306939
0.306943
0.306936
0.306938
0.306949
0.306955
0.306954
0.306980
0.306980
0.306980
0.306980
0.306980
0.306986
0.306986
0.306986
0.306987
0.306985
0.306986
0.306981
0.306993
0.306994
0.306983
0.306975
0.306992
0.307006
0.307005
0.307009
0.307009
0.306999
0.307004
0.307004
0.307000
0.307014
0.307020
0.307040
0.307040
0.307013
0.307019
0.307019
0.307025
0.307044
0.307047
0.307047
0.307048
0.307048
0.307048
0.307054
0.307054
0.307054
0.307057
0.307057
0.307057
0.307057
0.307050
0.307050
0.307050
0.307050
0.307059
0.307047
0.307046
0.307046
0.307054
0.307054
0.307047
0.307045
0.307057
0.307057
0.307075
0.307070
0.307041
0.307044
0.307045
0.307060
0.307060
0.307064
0.307063
0.307063
0.307063
0.307067
0.307074
0.307073
0.307073
0.307073
0.307080
0.307108
0.307118
0.307138
0.307143
0.307136
0.307140
0.307140
0.307140
0.307140
0.307140
0.307112
0.307112
0.307121
0.307128
0.307139
0.307139
0.307153
0.307153
0.307161
0.307166
0.307169
0.307147
0.307145
0.307143
0.307147
0.307161
0.307149
0.307149
0.307189
0.307208
0.307208
0.307180
0.307180
0.307200
0.307205
0.307205
0.307212
0.307212
0.307212
0.307220
0.307201
0.307201
0.307201
0.307202
0.307203
0.307205
0.307245
0.307245
0.307243
0.307243
0.307238
0.307238
0.307241
0.307241
0.307228
0.307222
0.307202
0.307202
0.307208
0.307208
0.307207
0.307200
0.307207
0.307205
0.307200
0.307215
0.307214
0.307238
0.307209
0.307203
0.307222
0.307235
0.307245
0.307245
0.307252
0.307252
0.307259
0.307253
0.307255
0.307255
0.307246
0.307246
0.307224
0.307224
0.307229
0.307244
0.307211
0.307214
0.307216
0.307239
0.307241
0.307238
0.307240
0.307241
0.307238
0.307260
0.307266
0.307254
0.307233
0.307220
0.307221
0.307236
0.307238
0.307238
0.307245
0.307247
0.307257
0.307256
0.307261
0.307260
0.307260
0.307249
0.307249
0.307188
0.307197
0.307193
0.307210
0.307239
0.307239
0.307241
0.307283
0.307281
0.307286
0.307273
0.307283
0.307283
0.307285
0.307288
0.307288
0.307306
0.307306
0.307300
0.307300
0.307299
0.307252
0.307255
0.307255
0.307255
0.307242
0.307242
0.307245
0.307245
0.307249
0.307277
0.307270
0.307271
0.307285
0.307288
0.307300
0.307311
0.307289
0.307335
0.307342
0.307342
0.307337
0.307337
0.307343
0.307349
0.307338
0.307338
0.307347
0.307326
0.307326
0.307331
0.307357
0.307357
0.307347
0.307347
0.307347
0.307354
0.307352
0.307320
0.307320
0.307330
0.307330
0.307318
0.307318
0.307319
0.307319
0.307294
0.307286
0.307315
0.307315
0.307327
0.307327
0.307327
0.307327
0.307336
0.307336
0.307334
0.307335
0.307346
0.307346
0.307359
0.307351
0.307337
0.307339
0.307324
0.307329
0.307331
0.307335
0.307334
0.307364
0.307364
0.307365
0.307361
0.307361
0.307361
0.307355
0.307355
0.307349
0.307349
0.307348
0.307348
0.307353
0.307353
0.307372
0.307376
0.307388
0.307409
0.307409
0.307413
0.307411
0.307411
0.307411
0.307402
0.307402
0.307405
0.307437
0.307427
0.307427
0.307464
0.307415
0.307415
0.307415
0.307417
0.307394
0.307386
0.307386
0.307386
0.307389
0.307395
0.307390
0.307395
0.307393
0.307393
0.307396
0.307396
0.307419
0.307419
0.307433
0.307433
0.307428
0.307428
0.307433
0.307448
0.307451
0.307451
0.307454
0.307446
0.307446
0.307446
0.307446
0.307446
0.307446
0.307446
0.307455
0.307423
0.307425
0.307417
0.307417
0.307422
0.307416
0.307455
0.307454
0.307454
0.307467
0.307470
0.307470
0.307470
0.307469
0.307469
0.307469
0.307461
0.307462
0.307473
0.307490
0.307490
0.307492
0.307432
0.307380
0.307379
0.307381
0.307389
0.307379
0.307379
0.307389
0.307410
0.307410
0.307416
0.307416
0.307421
0.307432
0.307432
0.307430
0.307445
0.307445
0.307443
0.307443
0.307453
0.307451
0.307437
0.307430
0.307439
0.307445
0.307440
0.307416
0.307446
0.307443
0.307447
0.307422
0.307383
0.307355
0.307355
0.307343
0.307362
0.307419
0.307376
0.307386
0.307381
0.307381
0.307398
0.307408
0.307402
0.307415
0.307402
0.307402
0.307402
0.307377
0.307423
0.307415
0.307415
0.307419
0.307415
0.307412
0.307421
0.307428
0.307428
0.307428
0.307405
0.307402
0.307401
0.307398
0.307391
0.307396
0.307396
0.307386
0.307386
0.307391
0.307404
0.307407
0.307406
0.307402
0.307402
0.307402
0.307399
0.307401
0.307401
0.307360
0.307351
0.307351
0.307351
0.307335
0.307358
0.307337
0.307345
0.307363
0.307360
0.307356
0.307356
0.307359
0.307359
0.307359
0.307387
0.307389
0.307398
0.307365
0.307367
0.307367
0.307368
0.307380
0.307380
0.307397
0.307394
0.307374
0.307370
0.307371
0.307374
0.307370
0.307365
0.307372
0.307360
0.307368
0.307354
0.307342
0.307349
0.307349
0.307350
0.307386
0.307381
0.307349
0.307332
0.307347
0.307359
0.307393
0.307393
0.307392
0.307392
0.307392
0.307408
0.307423
0.307426
0.307425
0.307410
0.307410
0.307407
0.307407
0.307437
0.307446
0.307436
0.307439
0.307417
0.307436
0.307454
0.307463
0.307466
0.307466
0.307468
0.307474
0.307474
0.307474
0.307473
0.307473
0.307453
0.307442
0.307442
0.307459
0.307459
0.307449
0.307456
0.307456
0.307456
0.307478
0.307470
0.307468
0.307468
0.307465
0.307467
0.307480
0.307480
0.307480
0.307492
0.307455
0.307465
0.307470
0.307463
0.307434
0.307437
0.307444
0.307447
0.307458
0.307456
0.307457
0.307461
0.307452
0.307453
0.307453
0.307455
0.307455
0.307455
0.307455
0.307449
0.307451
0.307460
0.307460
0.307460
0.307460
0.307464
0.307469
0.307469
0.307463
0.307460
0.307474
0.307473
0.307473
0.307472
0.307470
0.307486
0.307486
0.307481
0.307482
0.307489
0.307508
0.307513
0.307488
0.307490
0.307474
0.307487
0.307494
0.307505
0.307516
0.307513
0.307513
0.307513
0.307509
0.307509
0.307504
0.307504
0.307493
0.307490
0.307496
0.307512
0.307512
0.307512
0.307521
0.307521
0.307495
0.307495
0.307495
0.307495
0.307499
0.307504
0.307504
0.307501
0.307508
0.307510
0.307512
0.307514
0.307514
0.307514
0.307514
0.307521
0.307515
0.307500
0.307500
0.307500
0.307500
0.307500
0.307500
0.307510
0.307492
0.307490
0.307493
0.307493
0.307507
0.307507
0.307516
0.307516
0.307516
0.307524
0.307519
0.307511
0.307511
0.307511
0.307511
0.307518
0.307518
0.307523
0.307511
0.307511
0.307511
0.307511
0.307511
0.307511
0.307511
0.307519
0.307519
0.307519
0.307517
0.307512
0.307511
0.307511
0.307511
0.307511
0.307511
0.307532
0.307526
0.307526
0.307548
0.307554
0.307562
0.307556
0.307551
0.307554
0.307561
0.307573
0.307573
0.307573
0.307551
0.307552
0.307544
0.307539
0.307556
0.307555
0.307564
0.307570
0.307567
0.307567
0.307567
0.307569
0.307569
0.307566
0.307566
0.307562
0.307573
0.307577
0.307577
0.307582
0.307582
0.307587
0.307586
0.307564
0.307564
0.307569
0.307577
0.307587
0.307587
0.307587
0.307587
0.307587
0.307599
0.307599
0.307599
0.307614
0.307607
0.307596
0.307595
0.307593
0.307594
0.307583
0.307567
0.307592
0.307596
0.307593
0.307593
0.307593
0.307579
0.307567
0.307567
0.307545
0.307552
0.307575
0.307583
0.307585
0.307612
0.307596
0.307608
0.307610
0.307610
0.307608
0.307606
0.307600
0.307610
0.307610
0.307608
0.307616
0.307616
0.307625
0.307628
0.307657
0.307661
0.307660
0.307680
0.307685
0.307682
0.307687
0.307687
0.307690
0.307713
0.307713
0.307717
0.307716
0.307716
0.307716
0.307726
0.307726
0.307741
0.307751
0.307747
0.307743
0.307743
0.307759
0.307759
0.307742
0.307752
0.307754
0.307754
0.307754
0.307746
0.307746
0.307746
0.307757
0.307727
0.307758
0.307764
0.307764
0.307753
0.307753
0.307750
0.307746
0.307705
0.307754
0.307752
0.307752
0.307753
0.307726
0.307735
0.307736
0.307755
0.307755
0.307761
0.307761
0.307767
0.307767
0.307773
0.307768
0.307761
0.307752
0.307765
0.307762
0.307776
0.307789
0.307789
0.307794
0.307792
0.307801
0.307785
0.307785
0.307785
0.307782
0.307782
0.307779
0.307790
0.307790
0.307790
0.307794
0.307808
0.307815
0.307815
0.307809
0.307809
0.307825
0.307825
0.307825
0.307829
0.307845
0.307849
0.307846
0.307846
0.307844
0.307845
0.307843
0.307847
0.307847
0.307852
0.307856
0.307859
0.307860
0.307847
0.307844
0.307854
0.307866
0.307866
0.307867
0.307867
0.307867
0.307867
0.307869
0.307869
0.307875
0.307874
0.307891
0.307891
0.307891
0.307892
0.307892
0.307891
0.307891
0.307891
0.307886
0.307886
0.307880
0.307881
0.307902
0.307917
0.307917
0.307917
0.307917
0.307916
0.307913
0.307914
0.307900
0.307900
0.307915
0.307926
0.307926
0.307897
0.307893
0.307894
0.307895
0.307896
0.307937
0.307937
0.307938
0.307938
0.307958
0.307958
0.307960
0.307962
0.307975
0.307964
0.307948
0.307946
0.307933
0.307933
0.307953
0.307953
0.307955
0.307955
0.307955
0.307943
0.307948
0.307948
0.307970
0.307970
0.307970
0.307970
0.307972
0.307960
0.307952
0.307950
0.307956
0.307961
0.307959
0.307969
0.307957
0.307957
0.307958
0.307978
0.307978
0.307982
0.307996
0.308001
0.308002
0.307974
0.307974
0.307974
0.307985
0.307985
0.307978
0.307983
0.307983
0.307985
0.307985
0.307966
0.307966
0.307970
0.307968
0.307966
0.307962
0.307962
0.307971
0.307978
0.308007
0.308007
0.308007
0.308028
0.308028
0.308025
0.308025
0.308034
0.308038
0.308038
0.308040
0.308024
0.308025
0.308025
0.308025
0.307996
0.308014
0.308012
0.308019
0.308019
0.307983
0.307991
0.307992
0.307992
0.308023
0.308031
0.308031
0.308030
0.308030
0.308030
0.308030
0.308036
0.308036
0.308040
0.308028
0.308028
0.308028
0.308023
0.308023
0.308022
0.308022
0.308022
0.308023
0.308023
0.308023
0.308023
0.308023
0.308023
0.308023
0.308021
0.307999
0.307995
0.307995
0.308013
0.308032
0.308045
0.308046
0.308043
0.308018
0.308019
0.308019
0.308023
0.308024
0.308024
0.308024
0.308037
0.308040
0.308037
0.308037
0.308035
0.308035
0.308036
0.308036
0.308039
0.308047
0.308047
0.308050
0.308049
0.308033
0.308033
0.308040
0.308039
0.308057
0.308057
0.308057
0.308057
0.308054
0.308055
0.308055
0.308055
0.308089
0.308089
0.308082
0.308071
0.308071
0.308064
0.308064
0.308071
0.308086
0.308079
0.308077
0.308065
0.308088
0.308088
0.308088
0.308084
0.308094
0.308080
0.308072
0.308077
0.308077
0.308073
0.308073
0.308080
0.308092
0.308092
0.308088
0.308088
0.308088
0.308088
0.308088
0.308072
0.308072
0.308069
0.308069
0.308074
0.308081
0.308087
0.308087
0.308093
0.308102
0.308105
0.308101
0.308105
0.308105
0.308105
0.308105
0.308109
0.308105
0.308105
0.308105
0.308105
0.308114
0.308113
0.308093
0.308093
0.308096
0.308096
0.308096
0.308097
0.308090
0.308107
0.308107
0.308114
0.308100
0.308110
0.308110
0.308123
0.308123
0.308119
0.308116
0.308116
0.308105
0.308086
0.308086
0.308086
0.308105
0.308105
0.308105
0.308116
0.308112
0.308112
0.308114
0.308114
0.308112
0.308114
0.308114
0.308114
0.308114
0.308112
0.308123
0.308130
0.308130
0.308130
0.308128
0.308149
0.308152
0.308152
0.308170
0.308171
0.308148
0.308149
0.308149
0.308128
0.308128
0.308160
0.308158
0.308168
0.308168
0.308162
0.308166
0.308169
0.308169
0.308170
0.308167
0.308173
0.308183
0.308180
0.308180
0.308177
0.308193
0.308189
0.308177
0.308176
0.308191
0.308191
0.308192
0.308201
0.308200
0.308202
0.308194
0.308198
0.308201
0.308203
0.308203
0.308205
0.308205
0.308211
0.308211
0.308212
0.308212
0.308221
0.308224
0.308224
0.308224
0.308218
0.308225
0.308222
0.308230
0.308230
0.308224
0.308224
0.308246
0.308244
0.308243
0.308243
0.308244
0.308244
0.308250
0.308250
0.308252
0.308252
0.308251
0.308252
0.308252
0.308256
0.308256
0.308253
0.308253
0.308253
0.308253
0.308243
0.308243
0.308247
0.308247
0.308247
0.308264
0.308240
0.308240
0.308240
0.308257
0.308267
0.308267
0.308271
0.308257
0.308273
0.308272
0.308272
0.308263
0.308263
0.308261
0.308264
0.308264
0.308265
0.308265
0.308265
0.308265
0.308265
0.308275
0.308279
0.308279
0.308280
0.308280
0.308281
0.308295
0.308286
0.308288
0.308292
0.308297
0.308307
0.308308
0.308304
0.308304
0.308308
0.308298
0.308305
0.308313
0.308313
0.308330
0.308329
0.308329
0.308329
0.308329
0.308329
0.308334
0.308334
0.308335
0.308335
0.308335
0.308334
0.308332
0.308332
0.308341
0.308341
0.308341
0.308349
0.308353
0.308351
0.308366
0.308366
0.308364
0.308364
0.308364
0.308363
0.308363
0.308363
0.308363
0.308363
0.308367
0.308372
0.308372
0.308357
0.308355
0.308360
0.308360
0.308369
0.308369
0.308369
0.308373
0.308361
0.308361
0.308367
0.308363
0.308363
0.308377
0.308377
0.308373
0.308373
0.308386
0.308386
0.308385
0.308386
0.308414
0.308420
0.308417
0.308401
0.308397
0.308397
0.308396
0.308396
0.308396
0.308376
0.308394
0.308389
0.308392
0.308409
0.308408
0.308403
0.308401
0.308401
0.308388
0.308389
0.308392
0.308394
0.308403
0.308398
0.308394
0.308405
0.308405
0.308405
0.308416
0.308421
0.308443
0.308448
0.308448
0.308447
0.308451
0.308482
0.308498
0.308492
0.308493
0.308493
0.308493
0.308485
0.308485
0.308485
0.308487
0.308487
0.308487
0.308491
0.308491
0.308487
0.308487
0.308487
0.308486
0.308500
0.308500
0.308494
0.308503
0.308499
0.308499
0.308500
0.308505
0.308511
0.308511
0.308512
0.308511
0.308518
0.308517
0.308520
0.308509
0.308509
0.308510
0.308511
0.308511
0.308511
0.308519
0.308518
0.308544
0.308544
0.308548
0.308538
0.308543
0.308543
0.308540
0.308541
0.308541
0.308549
0.308542
0.308542
0.308539
0.308539
0.308537
0.308539
0.308547
0.308551
0.308537
0.308528
0.308543
0.308543
0.308543
0.308543
0.308552
0.308553
0.308553
0.308553
0.308553
0.308553
0.308553
0.308564
0.308558
0.308558
0.308558
0.308563
0.308569
0.308569
0.308569
0.308569
0.308569
0.308569
0.308569
0.308570
0.308560
0.308576
0.308585
0.308583
0.308586
0.308586
0.308586
0.308592
0.308592
0.308598
0.308589
0.308589
0.308588
0.308590
0.308590
0.308594
0.308583
0.308565
0.308565
0.308570
0.308562
0.308566
0.308562
0.308550
0.308550
0.308550
0.308554
0.308554
0.308533
0.308530
0.308541
0.308545
0.308545
0.308542
0.308542
0.308548
0.308548
0.308552
0.308553
0.308554
0.308556
0.308556
0.308542
0.308542
0.308542
0.308578
0.308581
0.308585
0.308572
0.308580
0.308580
0.308580
0.308542
0.308542
0.308532
0.308530
0.308530
0.308567
0.308568
0.308563
0.308564
0.308564
0.308565
0.308565
0.308577
0.308579
0.308579
0.308579
0.308592
0.308592
0.308587
0.308586
0.308569
0.308569
0.308570
0.308570
0.308546
0.308569
0.308569
0.308569
0.308589
0.308592
0.308592
0.308592
0.308592
0.308592
0.308592
0.308594
0.308594
0.308577
0.308587
0.308586
0.308587
0.308587
0.308558
0.308558
0.308560
0.308561
0.308561
0.308563
0.308562
0.308569
0.308569
0.308570
0.308568
0.308565
0.308565
0.308565
0.308568
0.308568
0.308575
0.308574
0.308574
0.308571
0.308575
0.308576
0.308575
0.308576
0.308576
0.308576
0.308576
0.308575
0.308575
0.308570
0.308572
0.308572
0.308576
0.308582
0.308583
0.308583
0.308586
0.308594
0.308591
0.308592
0.308593
0.308564
0.308564
0.308564
0.308564
0.308579
0.308565
0.308546
0.308546
0.308546
0.308546
0.308572
0.308595
0.308595
0.308595
0.308595
0.308584
0.308584
0.308585
0.308575
0.308578
0.308577
0.308580
0.308580
0.308580
0.308580
0.308573
0.308576
0.308577
0.308577
0.308577
0.308577
0.308583
0.308585
0.308585
0.308585
0.308564
0.308564
0.308570
0.308570
0.308570
0.308578
0.308578
0.308579
0.308592
0.308592
0.308610
0.308610
0.308611
0.308611
0.308605
0.308605
0.308605
0.308589
0.308591
0.308590
0.308609
0.308577
0.308607
0.308602
0.308602
0.308612
0.308613
0.308609
0.308630
0.308629
0.308629
0.308629
0.308622
0.308627
0.308627
0.308638
0.308638
0.308598
0.308598
0.308598
0.308599
0.308603
0.308608
0.308608
0.308608
0.308609
0.308608
0.308602
0.308611
0.308611
0.308624
0.308625
0.308624
0.308624
0.308624
0.308620
0.308620
0.308620
0.308620
0.308624
0.308635
0.308643
0.308658
0.308658
0.308648
0.308645
0.308648
0.308645
0.308658
0.308657
0.308652
0.308652
0.308653
0.308653
0.308653
0.308647
0.308647
0.308649
0.308655
0.308658
0.308658
0.308659
0.308659
0.308652
0.308653
0.308652
0.308652
0.308653
0.308653
0.308653
0.308653
0.308655
0.308648
0.308654
0.308654
0.308649
0.308651
0.308657
0.308657
0.308661
0.308661
0.308678
0.308673
0.308667
0.308667
0.308672
0.308686
0.308686
0.308689
0.308693
0.308693
0.308700
0.308700
0.308714
0.308714
0.308714
0.308704
0.308713
0.308718
0.308724
0.308723
0.308724
0.308726
0.308726
0.308727
0.308727
0.308728
0.308733
0.308733
0.308722
0.308717
0.308715
0.308703
0.308703
0.308699
0.308704
0.308710
0.308710
0.308707
0.308702
0.308702
0.308713
0.308713
0.308713
0.308716
0.308716
0.308716
0.308715
0.308715
0.308715
0.308715
0.308717
0.308716
0.308711
0.308713
0.308713
0.308714
0.308717
0.308717
0.308717
0.308722
0.308730
0.308730
0.308730
0.308727
0.308723
0.308723
0.308727
0.308736
0.308736
0.308733
0.308732
0.308732
0.308721
0.308722
0.308730
0.308730
0.308731
0.308735
0.308735
0.308741
0.308740
0.308730
0.308730
0.308730
0.308730
0.308744
0.308740
0.308738
0.308741
0.308743
0.308743
0.308744
0.308747
0.308747
0.308748
0.308748
0.308748
0.308735
0.308738
0.308734
0.308734
0.308739
0.308726
0.308730
0.308730
0.308731
0.308750
0.308750
0.308752
0.308748
0.308751
0.308751
0.308754
0.308754
0.308758
0.308758
0.308781
0.308775
0.308764
0.308764
0.308764
0.308764
0.308758
0.308758
0.308758
0.308758
0.308758
0.308758
0.308758
0.308758
0.308746
0.308701
0.308700
0.308703
0.308703
0.308738
0.308742
0.308746
0.308746
0.308731
0.308731
0.308731
0.308728
0.308721
0.308719
0.308719
0.308724
0.308724
0.308724
0.308719
0.308719
0.308707
0.308707
0.308707
0.308699
0.308702
0.308698
0.308696
0.308709
0.308710
0.308691
0.308697
0.308700
0.308720
0.308721
0.308723
0.308723
0.308723
0.308722
0.308720
0.308720
0.308723
0.308723
0.308721
0.308720
0.308720
0.308718
0.308718
0.308724
0.308746
0.308746
0.308757
0.308758
0.308758
0.308766
0.308766
0.308766
0.308738
0.308739
0.308740
0.308740
0.308739
0.308739
0.308743
0.308744
0.308748
0.308751
0.308773
0.308756
0.308757
0.308769
0.308769
0.308780
0.308780
0.308780
0.308780
0.308780
0.308780
0.308780
0.308774
0.308774
0.308774
0.308775
0.308782
0.308770
0.308770
0.308774
0.308773
0.308775
0.308779
0.308784
0.308776
0.308777
0.308777
0.308790
0.308790
0.308774
0.308774
0.308774
0.308815
0.308815
0.308815
0.308814
0.308814
0.308815
0.308812
0.308812
0.308781
0.308781
0.308781
0.308781
0.308781
0.308799
0.308800
0.308815
0.308817
0.308814
0.308822
0.308822
0.308822
0.308822
0.308825
0.308825
0.308825
0.308825
0.308823
0.308823
0.308823
0.308823
0.308823
0.308823
0.308823
0.308806
0.308800
0.308800
0.308800
0.308801
0.308801
0.308801
0.308847
0.308830
0.308830
0.308830
0.308844
0.308844
0.308844
0.308844
0.308844
0.308844
0.308848
0.308848
0.308848
0.308848
0.308849
0.308849
0.308844
0.308864
0.308869
0.308869
0.308869
0.308870
0.308870
0.308868
0.308868
0.308856
0.308854
0.308854
0.308854
0.308861
0.308861
0.308861
0.308863
0.308867
0.308867
0.308857
0.308857
0.308850
0.308844
0.308844
0.308847
0.308860
0.308856
0.308860
0.308844
0.308844
0.308844
0.308859
0.308872
0.308871
0.308878
0.308878
0.308875
0.308878
0.308873
0.308873
0.308872
0.308870
0.308870
0.308870
0.308876
0.308892
0.308889
0.308886
0.308885
0.308884
0.308884
0.308858
0.308857
0.308862
0.308862
0.308873
0.308873
0.308878
0.308878
0.308887
0.308886
0.308889
0.308892
0.308892
0.308892
0.308894
0.308895
0.308895
0.308895
0.308894
0.308893
0.308892
0.308892
0.308883
0.308887
0.308885
0.308888
0.308888
0.308903
0.308890
0.308890
0.308890
0.308894
0.308903
0.308894
0.308894
0.308890
0.308890
0.308889
0.308890
0.308896
0.308882
0.308882
0.308883
0.308883
0.308883
0.308881
0.308877
0.308878
0.308888
0.308888
0.308888
0.308895
0.308895
0.308895
0.308895
0.308898
0.308898
0.308900
0.308900
0.308900
0.308900
0.308900
0.308906
0.308906
0.308887
0.308899
0.308899
0.308899
0.308907
0.308907
0.308907
0.308906
0.308906
0.308897
0.308898
0.308899
0.308899
0.308899
0.308888
0.308890
0.308902
0.308900
0.308914
0.308914
0.308916
0.308926
0.308926
0.308923
0.308923
0.308924
0.308924
0.308931
0.308932
0.308932
0.308932
0.308938
0.308931
0.308931
0.308928
0.308928
0.308929
0.308930
0.308934
0.308934
0.308934
0.308911
0.308911
0.308912
0.308925
0.308925
0.308927
0.308927
0.308930
0.308929
0.308929
0.308929
0.308926
0.308926
0.308921
0.308921
0.308928
0.308927
0.308927
0.308925
0.308930
0.308931
0.308925
0.308924
0.308924
0.308924
0.308926
0.308926
0.308920
0.308921
0.308921
0.308932
0.308932
0.308929
0.308928
0.308926
0.308926
0.308925
0.308925
0.308929
0.308940
0.308940
0.308938
0.308939
0.308929
0.308936
0.308950
0.308950
0.308950
0.308945
0.308945
0.308942
0.308926
0.308926
0.308937
0.308938
0.308950
0.308949
0.308952
0.308952
0.308953
0.308955
0.308946
0.308949
0.308949
0.308951
0.308959
0.308953
0.308971
0.308971
0.308984
0.308989
0.308989
0.308980
0.308979
0.308981
0.308988
0.308988
0.308991
0.308990
0.308978
0.308985
0.308985
0.308995
0.308995
0.308995
0.308995
0.309008
0.309017
0.309017
0.309017
0.309017
0.309013
0.309013
0.309013
0.309013
0.309013
0.309027
0.309029
0.309029
0.309026
0.309026
0.309026
0.309026
0.309035
0.309035
0.309034
0.309034
0.309033
0.309036
0.309036
0.309036
0.309040
0.309041
0.309041
0.309041
0.309041
0.309044
0.309047
0.309047
0.309047
0.309046
0.309046
0.309046
0.309047
0.309054
0.309054
0.309054
0.309054
0.309052
0.309052
0.309052
0.309053
0.309057
0.309060
0.309056
0.309056
0.309043
0.309043
0.309042
0.309048
0.309058
0.309062
0.309062
0.309062
0.309062
0.309062
0.309063
0.309063
0.309064
0.309064
0.309064
0.309066
0.309056
0.309056
0.309056
0.309063
0.309063
0.309063
0.309064
0.309068
0.309061
0.309064
0.309064
0.309060
0.309060
0.309062
0.309063
0.309062
0.309062
0.309062
0.309060
0.309060
0.309059
0.309045
0.309045
0.309048
0.309066
0.309070
0.309068
0.309071
0.309075
0.309075
0.309075
0.309081
0.309069
0.309069
0.309066
0.309073
0.309077
0.309094
0.309094
0.309094
0.309092
0.309092
0.309092
0.309092
0.309098
0.309090
0.309092
0.309092
0.309089
0.309084
0.309107
0.309134
0.309136
0.309128
0.309115
0.309118
0.309120
0.309111
0.309117
0.309121
0.309116
0.309117
0.309164
0.309164
0.309164
0.309164
0.309164
0.309164
0.309161
0.309156
0.309162
0.309161
0.309167
0.309167
0.309167
0.309167
0.309167
0.309157
0.309147
0.309147
0.309147
0.309153
0.309148
0.309148
0.309148
0.309158
0.309154
0.309154
0.309159
0.309166
0.309166
0.309172
0.309174
0.309175
0.309181
0.309185
0.309185
0.309185
0.309185
0.309181
0.309181
0.309181
0.309181
0.309189
0.309189
0.309201
0.309201
0.309182
0.309181
0.309181
0.309181
0.309181
0.309187
0.309189
0.309180
0.309180
0.309191
0.309191
0.309189
0.309193
0.309198
0.309198
0.309197
0.309197
0.309197
0.309198
0.309198
0.309192
0.309180
0.309180
0.309183
0.309207
0.309213
0.309213
0.309217
0.309207
0.309206
0.309215
0.309213
0.309213
0.309213
0.309211
0.309211
0.309212
0.309214
0.309211
0.309216
0.309215
0.309215
0.309217
0.309217
0.309217
0.309218
0.309229
0.309229
0.309229
0.309219
0.309234
0.309243
0.309243
0.309251
0.309251
0.309251
0.309251
0.309251
0.309251
0.309251
0.309251
0.309251
0.309251
0.309260
0.309251
0.309264
0.309264
0.309264
0.309260
0.309257
0.309257
0.309257
0.309264
0.309264
0.309266
0.309265
0.309267
0.309265
0.309265
0.309271
0.309271
0.309274
0.309272
0.309272
0.309269
0.309279
0.309279
0.309246
0.309246
0.309227
0.309255
0.309255
0.309255
0.309245
0.309254
0.309238
0.309238
0.309238
0.309247
0.309249
0.309258
0.309256
0.309256
0.309254
0.309256
0.309258
0.309258
0.309267
0.309268
0.309271
0.309278
0.309289
0.309286
0.309285
0.309303
0.309303
0.309294
0.309296
0.309294
0.309294
0.309297
0.309297
0.309297
0.309297
0.309297
0.309297
0.309298
0.309298
0.309298
0.309298
0.309298
0.309319
0.309319
0.309315
0.309315
0.309315
0.309315
0.309315
0.309315
0.309315
0.309317
0.309316
0.309316
0.309316
0.309326
0.309327
0.309339
0.309339
0.309339
0.309342
0.309342
0.309342
0.309342
0.309342
0.309343
0.309343
0.309343
0.309343
0.309343
0.309350
0.309350
0.309350
0.309351
0.309349
0.309347
0.309347
0.309347
0.309349
0.309349
0.309350
0.309350
0.309350
0.309349
0.309350
0.309350
0.309345
0.309356
0.309350
0.309350
0.309350
0.309347
0.309347
0.309347
0.309347
0.309347
0.309344
0.309334
0.309334
0.309329
0.309310
0.309310
0.309314
0.309315
0.309315
0.309323
0.309323
0.309323
0.309315
0.309315
0.309315
0.309324
0.309332
0.309332
0.309329
0.309329
0.309329
0.309329
0.309332
0.309332
0.309328
0.309328
0.309315
0.309315
0.309315
0.309316
0.309329
0.309329
0.309321
0.309323
0.309323
0.309323
0.309324
0.309324
0.309303
0.309303
0.309301
0.309301
0.309304
0.309304
0.309304
0.309323
0.309310
0.309316
0.309316
0.309316
0.309326
0.309322
0.309322
0.309323
0.309323
0.309339
0.309328
0.309332
0.309314
0.309310
0.309310
0.309308
0.309315
0.309328
0.309328
0.309328
0.309316
0.309316
0.309319
0.309319
0.309319
0.309322
0.309326
0.309334
0.309330
0.309332
0.309332
0.309331
0.309332
0.309227
0.309228
0.309234
0.309249
0.309249
0.309311
0.309311
0.309312
0.309312
0.309274
0.309274
0.309274
0.309272
0.309298
0.309300
0.309300
0.309297
0.309291
0.309291
0.309291
0.309292
0.309294
0.309309
0.309309
0.309309
0.309309
0.309309
0.309309
0.309309
0.309309
0.309309
0.309316
0.309317
0.309317
0.309315
0.309306
0.309306
0.309313
0.309331
0.309342
0.309339
0.309338
0.309338
0.309338
0.309326
0.309326
0.309320
0.309320
0.309333
0.309345
0.309339
0.309339
0.309339
0.309334
0.309334
0.309333
0.309333
0.309329
0.309328
0.309328
0.309328
0.309316
0.309325
0.309331
0.309320
0.309308
0.309315
0.309316
0.309330
0.309342
0.309342
0.309344
0.309344
0.309344
0.309344
0.309344
0.309340
0.309340
0.309327
0.309327
0.309327
0.309323
0.309325
0.309325
0.309325
0.309339
0.309324
0.309324
0.309324
0.309324
0.309314
0.309325
0.309325
0.309325
0.309325
0.309325
0.309325
0.309328
0.309328
0.309329
0.309329
0.309332
0.309331
0.309331
0.309332
0.309334
0.309319
0.309326
0.309332
0.309331
0.309334
0.309341
0.309345
0.309342
0.309334
0.309337
0.309347
0.309347
0.309345
0.309345
0.309321
0.309340
0.309330
0.309330
0.309334
0.309334
0.309334
0.309334
0.309324
0.309324
0.309323
0.309311
0.309311
0.309310
0.309318
0.309318
0.309318
0.309330
0.309315
0.309315
0.309311
0.309311
0.309313
0.309312
0.309311
0.309311
0.309311
0.309310
0.309310
0.309317
0.309319
0.309300
0.309300
0.309306
0.309318
0.309319
0.309310
0.309313
0.309313
0.309312
0.309333
0.309334
0.309334
0.309329
0.309324
0.309337
0.309337
0.309338
0.309338
0.309339
0.309339
0.309340
0.309341
0.309341
0.309341
0.309338
0.309353
0.309353
0.309353
0.309359
0.309360
0.309361
0.309362
0.309359
0.309359
0.309361
0.309361
0.309361
0.309361
0.309354
0.309354
0.309355
0.309351
0.309351
0.309351
0.309351
0.309351
0.309359
0.309357
0.309357
0.309357
0.309357
0.309367
0.309367
0.309367
0.309367
0.309368
0.309368
0.309368
0.309368
0.309376
0.309377
0.309377
0.309380
0.309381
0.309377
0.309369
0.309371
0.309371
0.309371
0.309371
0.309375
0.309375
0.309375
0.309375
0.309371
0.309372
0.309370
0.309370
0.309372
0.309372
0.309372
0.309377
0.309376
0.309367
0.309388
0.309381
0.309381
0.309381
0.309390
0.309392
0.309392
0.309391
0.309395
0.309398
0.309408
0.309408
0.309409
0.309408
0.309408
0.309408
0.309406
0.309394
0.309394
0.309390
0.309392
0.309403
0.309403
0.309403
0.309403
0.309403
0.309401
0.309401
0.309401
0.309401
0.309401
0.309401
0.309402
0.309402
0.309402
0.309402
0.309402
0.309424
0.309409
0.309411
0.309412
0.309412
0.309409
0.309402
0.309402
0.309402
0.309402
0.309402
0.309402
0.309399
0.309399
0.309389
0.309389
0.309389
0.309392
0.309392
0.309387
0.309387
0.309391
0.309388
0.309388
0.309388
0.309403
0.309403
0.309403
0.309403
0.309401
0.309401
0.309403
0.309403
0.309403
0.309403
0.309403
0.309374
0.309374
0.309374
0.309369
0.309384
0.309386
0.309386
0.309393
0.309393
0.309388
0.309405
0.309405
0.309405
0.309405
0.309405
0.309405
0.309409
0.309409
0.309409
0.309410
0.309409
0.309409
0.309412
0.309411
0.309408
0.309408
0.309409
0.309412
0.309414
0.309414
0.309384
0.309374
0.309383
0.309386
0.309385
0.309407
0.309407
0.309389
0.309384
0.309378
0.309386
0.309384
0.309398
0.309397
0.309397
0.309404
0.309404
0.309405
0.309405
0.309405
0.309403
0.309399
0.309399
0.309399
0.309399
0.309402
0.309402
0.309389
0.309389
0.309393
0.309393
0.309393
0.309398
0.309401
0.309403
0.309403
0.309403
0.309403
0.309405
0.309405
0.309405
0.309406
0.309406
0.309406
0.309411
0.309411
0.309411
0.309411
0.309442
0.309442
0.309442
0.309442
0.309437
0.309437
0.309437
0.309438
0.309438
0.309444
0.309431
0.309431
0.309428
0.309437
0.309437
0.309438
0.309437
0.309441
0.309441
0.309441
0.309457
0.309457
0.309457
0.309457
0.309466
0.309466
0.309466
0.309464
0.309468
0.309460
0.309463
0.309469
0.309474
0.309474
0.309478
0.309478
0.309479
0.309479
0.309487
0.309487
0.309487
0.309492
0.309492
0.309492
0.309491
0.309491
0.309480
0.309491
0.309491
0.309491
0.309491
0.309491
0.309492
0.309493
0.309494
0.309494
0.309494
0.309485
0.309488
0.309501
0.309501
0.309506
0.309504
0.309510
0.309522
0.309521
0.309522
0.309522
0.309522
0.309522
0.309522
0.309517
0.309510
0.309510
0.309508
0.309508
0.309510
0.309513
0.309523
0.309523
0.309523
0.309527
0.309527
0.309527
0.309527
0.309527
0.309527
0.309524
0.309524
0.309531
0.309531
0.309531
0.309537
0.309543
0.309544
0.309549
0.309546
0.309541
0.309545
0.309548
0.309548
0.309548
0.309550
0.309556
0.309556
0.309556
0.309556
0.309558
0.309559
0.309559
0.309559
0.309560
0.309559
0.309560
0.309554
0.309554
0.309554
0.309569
0.309569
0.309569
0.309575
0.309574
0.309575
0.309575
0.309574
0.309567
0.309577
0.309584
0.309585
0.309586
0.309586
0.309584
0.309586
0.309588
0.309588
0.309588
0.309588
0.309588
0.309591
0.309591
0.309591
0.309591
0.309590
0.309590
0.309590
0.309589
0.309591
0.309597
0.309597
0.309597
0.309597
0.309597
0.309597
0.309583
0.309585
0.309592
0.309592
0.309594
0.309595
0.309594
0.309594
0.309599
0.309599
0.309599
0.309599
0.309600
0.309599
0.309594
0.309582
0.309583
0.309594
0.309594
0.309586
0.309598
0.309598
0.309598
0.309598
0.309596
0.309587
0.309587
0.309588
0.309588
0.309585
0.309585
0.309585
0.309585
0.309589
0.309589
0.309590
0.309590
0.309590
0.309581
0.309587
0.309588
0.309586
0.309587
0.309589
0.309589
0.309596
0.309592
0.309592
0.309592
0.309591
0.309602
0.309602
0.309595
0.309595
0.309595
0.309606
0.309606
0.309606
0.309610
0.309612
0.309606
0.309607
0.309622
0.309620
0.309620
0.309620
0.309620
0.309624
0.309616
0.309626
0.309626
0.309626
0.309627
0.309638
0.309645
0.309644
0.309644
0.309651
0.309651
0.309647
0.309646
0.309646
0.309646
0.309647
0.309647
0.309649
0.309649
0.309649
0.309650
0.309642
0.309645
0.309645
0.309645
0.309645
0.309650
0.309647
0.309647
0.309647
0.309647
0.309647
0.309647
0.309647
0.309647
0.309647
0.309649
0.309649
0.309651
0.309657
0.309658
0.309658
0.309658
0.309659
0.309663
0.309667
0.309660
0.309666
0.309666
0.309669
0.309668
0.309670
0.309670
0.309673
0.309673
0.309673
0.309673
0.309673
0.309675
0.309675
0.309660
0.309660
0.309660
0.309660
0.309660
0.309674
0.309674
0.309674
0.309674
0.309681
0.309680
0.309680
0.309681
0.309681
0.309677
0.309682
0.309682
0.309698
0.309696
0.309701
0.309704
0.309704
0.309708
0.309701
0.309696
0.309696
0.309695
0.309714
0.309715
0.309714
0.309709
0.309709
0.309715
0.309720
0.309715
0.309715
0.309715
0.309716
0.309716
0.309717
0.309718
0.309718
0.309722
0.309722
0.309725
0.309725
0.309725
0.309725
0.309724
0.309724
0.309724
0.309727
0.309716
0.309723
0.309723
0.309727
0.309728
0.309728
0.309727
0.309729
0.309730
0.309731
0.309731
0.309731
0.309736
0.309731
0.309731
0.309730
0.309729
0.309708
0.309712
0.309712
0.309715
0.309713
0.309725
0.309725
0.309721
0.309719
0.309722
0.309724
0.309723
0.309721
0.309721
0.309721
0.309714
0.309714
0.309714
0.309722
0.309727
0.309720
0.309726
0.309733
0.309733
0.309734
0.309734
0.309735
0.309735
0.309735
0.309744
0.309746
0.309746
0.309746
0.309745
0.309745
0.309745
0.309746
0.309746
0.309748
0.309743
0.309743
0.309744
0.309744
0.309749
0.309755
0.309755
0.309755
0.309760
0.309760
0.309760
0.309760
0.309760
0.309763
0.309762
0.309762
0.309755
0.309755
0.309755
0.309763
0.309773
0.309773
0.309770
0.309770
0.309779
0.309779
0.309779
0.309779
0.309779
0.309782
0.309782
0.309778
0.309778
0.309797
0.309797
0.309797
0.309798
0.309792
0.309795
0.309802
0.309803
0.309810
0.309810
0.309810
0.309810
0.309810
0.309811
0.309811
0.309811
0.309811
0.309808
0.309808
0.309805
0.309798
0.309791
0.309791
0.309794
0.309775
0.309775
0.309771
0.309781
0.309782
0.309780
0.309807
0.309808
0.309808
0.309806
0.309806
0.309787
0.309787
0.309789
0.309803
0.309807
0.309807
0.309807
0.309806
0.309801
0.309801
0.309801
0.309804
0.309808
0.309808
0.309807
0.309805
0.309805
0.309807
0.309807
0.309810
0.309808
0.309817
0.309816
0.309816
0.309816
0.309821
0.309824
0.309829
0.309829
0.309829
0.309834
0.309834
0.309833
0.309833
0.309837
0.309837
0.309837
0.309837
0.309837
0.309837
0.309850
0.309850
0.309850
0.309850
0.309851
0.309851
0.309849
0.309846
0.309846
0.309848
0.309848
0.309848
0.309849
0.309850
0.309850
0.309855
0.309858
0.309858
0.309858
0.309858
0.309858
0.309858
0.309858
0.309864
0.309864
0.309869
0.309869
0.309873
0.309873
0.309873
0.309874
0.309874
0.309872
0.309884
0.309884
0.309885
0.309885
0.309884
0.309885
0.309882
0.309882
0.309882
0.309891
0.309891
0.309896
0.309892
0.309895
0.309894
0.309894
0.309894
0.309900
0.309900
0.309900
0.309900
0.309902
0.309902
0.309905
0.309905
0.309905
0.309905
0.309908
0.309910
0.309924
0.309924
0.309919
0.309912
0.309914
0.309917
0.309917
0.309917
0.309916
0.309917
0.309915
0.309905
0.309905
0.309906
0.309906
0.309914
0.309896
0.309918
0.309916
0.309916
0.309911
0.309911
0.309911
0.309912
0.309910
0.309914
0.309914
0.309910
0.309913
0.309925
0.309924
0.309922
0.309922
0.309922
0.309910
0.309914
0.309915
0.309915
0.309935
0.309936
0.309935
0.309946
0.309946
0.309946
0.309946
0.309946
0.309948
0.309948
0.309948
0.309948
0.309948
0.309943
0.309940
0.309944
0.309944
0.309944
0.309940
0.309939
0.309939
0.309939
0.309941
0.309941
0.309941
0.309936
0.309936
0.309927
0.309927
0.309927
0.309932
0.309937
0.309939
0.309939
0.309939
0.309939
0.309938
0.309938
0.309931
0.309944
0.309944
0.309942
0.309942
0.309942
0.309942
0.309943
0.309942
0.309942
0.309939
0.309939
0.309939
0.309938
0.309938
0.309935
0.309947
0.309947
0.309957
0.309954
0.309953
0.309953
0.309953
0.309954
0.309954
0.309938
0.309938
0.309946
0.309955
0.309955
0.309947
0.309947
0.309947
0.309947
0.309953
0.309953
0.309954
0.309954
0.309956
0.309956
0.309956
0.309955
0.309955
0.309955
0.309956
0.309952
0.309952
0.309952
0.309964
0.309966
0.309966
0.309969
0.309967
0.309966
0.309966
0.309964
0.309967
0.309967
0.309967
0.309967
0.309960
0.309961
0.309961
0.309961
0.309961
0.309965
0.309965
0.309963
0.309963
0.309963
0.309963
0.309965
0.309965
0.309965
0.309965
0.309965
0.309964
0.309964
0.309964
0.309964
0.309964
0.309966
0.309966
0.309966
0.309967
0.309965
0.309965
0.309965
0.309965
0.309963
0.309963
0.309964
0.309964
0.309964
0.309964
0.309933
0.309933
0.309920
0.309949
0.309943
0.309945
0.309945
0.309949
0.309960
0.309960
0.309961
0.309961
0.309959
0.309959
0.309962
0.309959
0.309959
0.309959
0.309962
0.309964
0.309964
0.309964
0.309965
0.309968
0.309968
0.309968
0.309968
0.309960
0.309966
0.309976
0.309977
0.309977
0.309973
0.309983
0.309982
0.309982
0.309981
0.309981
0.309980
0.309980
0.309982
0.309986
0.309986
0.309986
0.309985
0.309985
0.309985
0.309985
0.309985
0.309990
0.309990
0.309989
0.309989
0.309990
0.309990
0.309990
0.309990
0.309990
0.309995
0.309995
0.309995
0.309985
0.309985
0.309985
0.309987
0.309987
0.309987
0.309989
0.309989
0.309984
0.309993
0.309992
0.309995
0.309995
0.309996
0.310009
0.310009
0.310006
0.310010
0.310005
0.310005
0.310008
0.310008
0.310008
0.310008
0.310008
0.310008
0.310008
0.310008
0.310008
0.310008
0.310010
0.310010
0.310010
0.310010
0.310011
0.310013
0.310016
0.310015
0.310015
0.310017
0.310017
0.310018
0.310018
0.310014
0.309996
0.309996
0.309993
0.309997
0.309996
0.309995
0.309990
0.309990
0.309994
0.309994
0.309995
0.309995
0.309994
0.309984
0.309984
0.309986
0.309985
0.309985
0.309987
0.309991
0.309987
0.309997
0.309997
0.310008
0.310007
0.310007
0.310012
0.310016
0.310006
0.310006
0.310015
0.310024
0.310023
0.310021
0.310021
0.310021
0.310021
0.310007
0.310009
0.310009
0.310016
0.310016
0.310027
0.310027
0.310027
0.310036
0.310036
0.310029
0.310029
0.310031
0.310034
0.310040
0.310040
0.310042
0.310041
0.310047
0.310047
0.310047
0.310046
0.310048
0.310048
0.310048
0.310053
0.310052
0.310052
0.310052
0.310052
0.310052
0.310047
0.310047
0.310047
0.310047
0.310047
0.310054
0.310054
0.310056
0.310053
0.310053
0.310051
0.310053
0.310053
0.310053
0.310067
0.310067
0.310058
0.310054
0.310054
0.310061
0.310061
0.310061
0.310063
0.310065
0.310067
0.310067
0.310067
0.310067
0.310067
0.310067
0.310079
0.310079
0.310086
0.310086
0.310085
0.310085
0.310084
0.310084
0.310084
0.310084
0.310088
0.310088
0.310088
0.310088
0.310087
0.310081
0.310081
0.310081
0.310080
0.310080
0.310086
0.310094
0.310094
0.310099
0.310099
0.310099
0.310109
0.310112
0.310118
0.310118
0.310118
0.310115
0.310115
0.310116
0.310116
0.310116
0.310116
0.310116
0.310113
0.310113
0.310113
0.310113
0.310118
0.310118
0.310120
0.310120
0.310121
0.310121
0.310121
0.310121
0.310123
0.310122
0.310122
0.310122
0.310132
0.310132
0.310135
0.310135
0.310135
0.310141
0.310135
0.310135
0.310134
0.310134
0.310134
0.310135
0.310135
0.310135
0.310135
0.310135
0.310135
0.310135
0.310135
0.310135
0.310140
0.310152
0.310158
0.310158
0.310162
0.310162
0.310163
0.310161
0.310162
0.310162
0.310161
0.310164
0.310164
0.310164
0.310164
0.310164
0.310164
0.310177
0.310177
0.310177
0.310177
0.310177
0.310177
0.310177
0.310177
0.310177
0.310177
0.310175
0.310175
0.310175
0.310175
0.310175
0.310176
0.310187
0.310187
0.310187
0.310187
0.310187
0.310187
0.310184
0.310186
0.310186
0.310185
0.310185
0.310185
0.310185
0.310185
0.310185
0.310185
0.310185
0.310185
0.310187
0.310187
0.310187
0.310192
0.310192
0.310192
0.310185
0.310185
0.310185
0.310185
0.310191
0.310200
0.310198
0.310198
0.310203
0.310204
0.310207
0.310204
0.310204
0.310204
0.310203
0.310213
0.310213
0.310209
0.310212
0.310212
0.310212
0.310229
0.310229
0.310229
0.310225
0.310225
0.310224
0.310225
0.310225
0.310226
0.310226
0.310216
0.310216
0.310216
0.310206
0.310214
0.310221
0.310244
0.310244
0.310246
0.310246
0.310239
0.310239
0.310242
0.310242
0.310239
0.310239
0.310239
0.310223
0.310226
0.310226
0.310226
0.310233
0.310230
0.310230
0.310230
0.310248
0.310248
0.310249
0.310245
0.310245
0.310250
0.310247
0.310249
0.310254
0.310254
0.310259
0.310234
0.310234
0.310235
0.310235
0.310237
0.310237
0.310238
0.310233
0.310234
0.310238
0.310222
0.310224
0.310224
0.310223
0.310235
0.310235
0.310235
0.310227
0.310227
0.310227
0.310230
0.310229
0.310231
0.310231
0.310233
0.310233
0.310245
0.310236
0.310236
0.310237
0.310243
0.310242
0.310242
0.310248
0.310257
0.310257
0.310257
0.310256
0.310256
0.310255
0.310256
0.310256
0.310256
0.310262
0.310262
0.310262
0.310262
0.310261
0.310261
0.310261
0.310265
0.310265
0.310265
0.310265
0.310269
0.310269
0.310269
0.310267
0.310267
0.310267
0.310268
0.310271
0.310271
0.310273
0.310274
0.310273
0.310273
0.310274
0.310277
0.310277
0.310277
0.310277
0.310278
0.310287
0.310291
0.310291
0.310291
0.310273
0.310273
0.310273
0.310276
0.310276
0.310281
0.310281
0.310278
0.310281
0.310281
0.310283
0.310287
0.310287
0.310287
0.310287
0.310286
0.310287
0.310287
0.310287
0.310284
0.310284
0.310284
0.310284
0.310291
0.310291
0.310287
0.310287
0.310287
0.310293
0.310293
0.310295
0.310292
0.310293
0.310293
0.310292
0.310291
0.310291
0.310298
0.310297
0.310297
0.310297
0.310297
0.310297
0.310295
0.310295
0.310295
0.310295
0.310295
0.310295
0.310295
0.310295
0.310301
0.310301
0.310301
0.310301
0.310301
0.310300
0.310300
0.310300
0.310303
0.310303
0.310290
0.310292
0.310287
0.310287
0.310287
0.310283
0.310286
0.310286
0.310286
0.310288
0.310272
0.310272
0.310275
0.310275
0.310280
0.310280
0.310283
0.310283
0.310283
0.310285
0.310268
0.310294
0.310294
0.310294
0.310295
0.310291
0.310290
0.310294
0.310294
0.310296
0.310296
0.310296
0.310296
0.310296
0.310296
0.310296
0.310296
0.310300
0.310308
0.310309
0.310321
0.310314
0.310314
0.310314
0.310327
0.310326
0.310326
0.310324
0.310324
0.310324
0.310324
0.310324
0.310323
0.310322
0.310322
0.310318
0.310319
0.310326
0.310326
0.310326
0.310326
0.310329
0.310329
0.310329
0.310330
0.310330
0.310339
0.310341
0.310341
0.310340
0.310345
0.310345
0.310345
0.310345
0.310347
0.310343
0.310343
0.310344
0.310319
0.310319
0.310314
0.310314
0.310307
0.310312
0.310312
0.310312
0.310323
0.310321
0.310321
0.310321
0.310324
0.310323
0.310323
0.310320
0.310322
0.310326
0.310326
0.310328
0.310328
0.310328
0.310326
0.310328
0.310332
0.310332
0.310332
0.310334
0.310333
0.310342
0.310342
0.310336
0.310345
0.310347
0.310348
0.310350
0.310352
0.310352
0.310355
0.310351
0.310345
0.310345
0.310345
0.310351
0.310351
0.310351
0.310353
0.310353
0.310351
0.310348
0.310348
0.310350
0.310350
0.310350
0.310351
0.310351
0.310351
0.310351
0.310351
0.310351
0.310348
0.310348
0.310352
0.310353
0.310353
0.310350
0.310353
0.310353
0.310353
0.310357
0.310357
0.310357
0.310357
0.310358
0.310358
0.310362
0.310362
0.310362
0.310361
0.310361
0.310361
0.310361
0.310361
0.310357
0.310357
0.310357
0.310354
0.310360
0.310360
0.310356
0.310356
0.310361
0.310341
0.310341
0.310342
0.310345
0.310341
0.310341
0.310341
0.310339
0.310339
0.310339
0.310339
0.310341
0.310341
0.310341
0.310339
0.310339
0.310342
0.310343
0.310343
0.310343
0.310343
0.310343
0.310343
0.310343
0.310343
0.310343
0.310336
0.310336
0.310335
0.310335
0.310340
0.310340
0.310344
0.310344
0.310344
0.310340
0.310338
0.310338
0.310338
0.310341
0.310341
0.310342
0.310342
0.310342
0.310342
0.310344
0.310343
0.310343
0.310349
0.310350
0.310350
0.310347
0.310344
0.310349
0.310349
0.310349
0.310352
0.310355
0.310356
0.310356
0.310355
0.310359
0.310357
0.310357
0.310357
0.310357
0.310356
0.310356
0.310357
0.310358
0.310358
0.310356
0.310364
0.310364
0.310371
0.310378
0.310376
0.310376
0.310377
0.310377
0.310377
0.310377
0.310377
0.310385
0.310385
0.310385
0.310385
0.310385
0.310376
0.310376
0.310376
0.310384
0.310384
0.310383
0.310394
0.310394
0.310394
0.310394
0.310384
0.310384
0.310384
0.310384
0.310386
0.310386
0.310386
0.310386
0.310390
0.310385
0.310385
0.310382
0.310378
0.310378
0.310378
0.310383
0.310383
0.310385
0.310385
0.310385
0.310382
0.310382
0.310382
0.310382
0.310382
0.310382
0.310382
0.310389
0.310382
0.310382
0.310415
0.310415
0.310414
0.310414
0.310414
0.310417
0.310417
0.310414
0.310415
0.310415
0.310418
0.310419
0.310422
0.310424
0.310424
0.310424
0.310418
0.310418
0.310417
0.310417
0.310417
0.310417
0.310413
0.310416
0.310416
0.310416
0.310426
0.310430
0.310430
0.310425
0.310424
0.310423
0.310423
0.310423
0.310423
0.310423
0.310427
0.310434
0.310434
0.310434
0.310434
0.310430
0.310418
0.310418
0.310418
0.310417
0.310417
0.310428
0.310428
0.310428
0.310425
0.310426
0.310426
0.310429
0.310429
0.310429
0.310430
0.310430
0.310435
0.310435
0.310435
0.310435
0.310433
0.310433
0.310431
0.310421
0.310426
0.310428
0.310430
0.310430
0.310431
0.310431
0.310427
0.310427
0.310427
0.310428
0.310427
0.310428
0.310428
0.310428
0.310428
0.310430
0.310430
0.310430
0.310430
0.310430
0.310430
0.310431
0.310431
0.310432
0.310432
0.310432
0.310432
0.310444
0.310444
0.310444
0.310444
0.310444
0.310439
0.310445
0.310445
0.310445
0.310448
0.310451
0.310451
0.310447
0.310447
0.310447
0.310459
0.310457
0.310474
0.310474
0.310474
0.310469
0.310469
0.310469
0.310472
0.310472
0.310468
0.310467
0.310463
0.310469
0.310469
0.310471
0.310474
0.310479
0.310478
0.310478
0.310478
0.310478
0.310478
0.310477
0.310477
0.310474
0.310474
0.310479
0.310479
0.310479
0.310479
0.310479
0.310479
0.310479
0.310479
0.310479
0.310479
0.310479
0.310479
0.310477
0.310477
0.310477
0.310477
0.310480
0.310481
0.310481
0.310488
0.310486
0.310486
0.310486
0.310488
0.310489
0.310488
0.310493
0.310493
0.310501
0.310501
0.310500
0.310498
0.310498
0.310497
0.310497
0.310498
0.310498
0.310498
0.310498
0.310498
0.310498
0.310495
0.310495
0.310491
0.310491
0.310491
0.310502
0.310502
0.310505
0.310505
0.310502
0.310502
0.310501
0.310501
0.310501
0.310503
0.310503
0.310503
0.310503
0.310503
0.310499
0.310500
0.310500
0.310500
0.310500
0.310500
0.310495
0.310495
0.310496
0.310496
0.310494
0.310494
0.310496
0.310493
0.310496
0.310501
0.310515
0.310528
0.310530
0.310537
0.310537
0.310529
0.310528
0.310528
0.310528
0.310528
0.310530
0.310532
0.310532
0.310532
0.310535
0.310535
0.310535
0.310535
0.310535
0.310534
0.310534
0.310534
0.310534
0.310534
0.310534
0.310535
0.310535
0.310537
0.310528
0.310526
0.310526
0.310529
0.310529
0.310529
0.310532
0.310532
0.310537
0.310537
0.310539
0.310551
0.310539
0.310540
0.310540
0.310540
0.310547
0.310547
0.310556
0.310555
0.310555
0.310558
0.310556
0.310560
0.310563
0.310556
0.310556
0.310565
0.310565
0.310564
0.310565
0.310559
0.310559
0.310564
0.310564
0.310564
0.310564
0.310564
0.310559
0.310553
0.310553
0.310553
0.310553
0.310554
0.310550
0.310550
0.310546
0.310546
0.310546
0.310548
0.310548
0.310552
0.310551
0.310551
0.310551
0.310551
0.310551
0.310551
0.310550
0.310547
0.310553
0.310546
0.310546
0.310546
0.310557
0.310557
0.310557
0.310557
0.310557
0.310558
0.310558
0.310542
0.310542
0.310542
0.310552
0.310561
0.310564
0.310568
0.310568
0.310568
0.310568
0.310568
0.310567
0.310567
0.310568
0.310568
0.310565
0.310568
0.310572
0.310572
0.310546
0.310551
0.310551
0.310551
0.310552
0.310552
0.310566
0.310568
0.310575
0.310575
0.310575
0.310572
0.310572
0.310573
0.310573
0.310580
0.310580
0.310580
0.310580
0.310580
0.310580
0.310588
0.310588
0.310587
0.310587
0.310587
0.310585
0.310585
0.310584
0.310584
0.310584
0.310584
0.310582
0.310581
0.310581
0.310581
0.310581
0.310582
0.310592
0.310592
0.310592
0.310593
0.310598
0.310606
0.310606
0.310606
0.310612
0.310612
0.310612
0.310613
0.310610
0.310611
0.310613
0.310615
0.310615
0.310615
0.310615
0.310614
0.310614
0.310615
0.310615
0.310615
0.310615
0.310615
0.310608
0.310608
0.310608
0.310608
0.310608
0.310613
0.310620
0.310620
0.310615
0.310624
0.310624
0.310626
0.310626
0.310626
0.310626
0.310626
0.310626
0.310626
0.310630
0.310630
0.310631
0.310635
0.310636
0.310635
0.310634
0.310634
0.310634
0.310634
0.310637
0.310637
0.310630
0.310630
0.310630
0.310630
0.310630
0.310638
0.310638
0.310638
0.310638
0.310638
0.310638
0.310636
0.310638
0.310638
0.310621
0.310623
0.310616
0.310616
0.310616
0.310616
0.310619
0.310622
0.310623
0.310623
0.310629
0.310632
0.310627
0.310628
0.310627
0.310633
0.310633
0.310635
0.310630
0.310630
0.310631
0.310631
0.310631
0.310636
0.310636
0.310636
0.310636
0.310636
0.310636
0.310640
0.310640
0.310625
0.310626
0.310626
0.310626
0.310626
0.310626
0.310643
0.310643
0.310643
0.310645
0.310646
0.310644
0.310644
0.310644
0.310645
0.310647
0.310647
0.310647
0.310647
0.310647
0.310647
0.310644
0.310648
0.310648
0.310648
0.310649
0.310647
0.310651
0.310651
0.310650
0.310648
0.310648
0.310652
0.310654
0.310653
0.310653
0.310659
0.310659
0.310659
0.310659
0.310659
0.310657
0.310659
0.310667
0.310669
0.310670
0.310665
0.310665
0.310672
0.310672
0.310676
0.310675
0.310674
0.310679
0.310679
0.310679
0.310679
0.310678
0.310681
0.310683
0.310683
0.310683
0.310682
0.310682
0.310682
0.310682
0.310682
0.310683
0.310683
0.310685
0.310686
0.310686
0.310691
0.310691
0.310691
0.310691
0.310688
0.310688
0.310688
0.310688
0.310692
0.310692
0.310692
0.310692
0.310693
0.310692
0.310692
0.310692
0.310691
0.310691
0.310691
0.310691
0.310693
0.310693
0.310693
0.310693
0.310694
0.310694
0.310694
0.310694
0.310695
0.310695
0.310677
0.310677
0.310677
0.310677
0.310679
0.310679
0.310679
0.310679
0.310679
0.310679
0.310675
0.310675
0.310675
0.310675
0.310676
0.310680
0.310680
0.310680
0.310680
0.310679
0.310680
0.310680
0.310680
0.310674
0.310674
0.310679
0.310679
0.310679
0.310681
0.310683
0.310683
0.310683
0.310681
0.310690
0.310689
0.310689
0.310689
0.310689
0.310690
0.310690
0.310692
0.310692
0.310686
0.310686
0.310686
0.310686
0.310686
0.310690
0.310690
0.310688
0.310688
0.310678
0.310678
0.310678
0.310676
0.310689
0.310689
0.310689
0.310701
0.310701
0.310701
0.310701
0.310703
0.310694
0.310694
0.310694
0.310695
0.310701
0.310698
0.310695
0.310695
0.310695
0.310696
0.310702
0.310706
0.310706
0.310706
0.310706
0.310703
0.310706
0.310705
0.310706
0.310706
0.310705
0.310706
0.310706
0.310706
0.310706
0.310706
0.310706
0.310706
0.310706
0.310709
0.310709
0.310709
0.310709
0.310709
0.310709
0.310709
0.310709
0.310709
0.310708
0.310708
0.310708
0.310708
0.310702
0.310700
0.310700
0.310692
0.310703
0.310703
0.310712
0.310706
0.310706
0.310704
0.310704
0.310708
0.310712
0.310712
0.310703
0.310705
0.310708
0.310708
0.310708
0.310708
0.310708
0.310707
0.310708
0.310708
0.310708
0.310708
0.310711
0.310712
0.310713
0.310710
0.310710
0.310710
0.310709
0.310709
0.310708
0.310709
0.310709
0.310709
0.310709
0.310718
0.310715
0.310715
0.310715
0.310715
0.310719
0.310718
0.310719
0.310719
0.310723
0.310722
0.310722
0.310722
0.310722
0.310718
0.310716
0.310716
0.310711
0.310715
0.310715
0.310715
0.310722
0.310721
0.310717
0.310722
0.310722
0.310722
0.310722
0.310722
0.310724
0.310724
0.310725
0.310725
0.310725
0.310725
0.310725
0.310700
0.310700
0.310700
0.310700
0.310697
0.310697
0.310688
0.310688
0.310688
0.310698
0.310700
0.310700
0.310712
0.310713
0.310713
0.310723
0.310723
0.310718
0.310717
0.310716
0.310716
0.310717
0.310700
0.310702
0.310703
0.310703
0.310700
0.310704
0.310704
0.310704
0.310704
0.310705
0.310705
0.310704
0.310715
0.310715
0.310717
0.310714
0.310714
0.310714
0.310714
0.310714
0.310714
0.310716
0.310704
0.310704
0.310700
0.310700
0.310699
0.310699
0.310699
0.310708
0.310708
0.310708
0.310708
0.310708
0.310708
0.310706
0.310706
0.310708
0.310708
0.310708
0.310708
0.310708
0.310708
0.310708
0.310709
0.310709
0.310709
0.310714
0.310715
0.310715
0.310715
0.310717
0.310711
0.310711
0.310711
0.310711
0.310717
0.310714
0.310714
0.310709
0.310709
0.310709
0.310709
0.310709
0.310711
0.310717
0.310717
0.310717
0.310717
0.310716
0.310714
0.310714
0.310719
0.310721
0.310721
0.310719
0.310719
0.310708
0.310711
0.310722
0.310722
0.310722
0.310722
0.310722
0.310722
0.310707
0.310711
0.310716
0.310715
0.310707
0.310710
0.310709
0.310711
0.310711
0.310712
0.310712
0.310713
0.310710
0.310714
0.310714
0.310714
0.310714
0.310714
0.310714
0.310714
0.310714
0.310714
0.310714
0.310714
0.310717
0.310717
0.310727
0.310727
0.310729
0.310729
0.310729
0.310732
0.310724
0.310725
0.310754
0.310754
0.310754
0.310745
0.310745
0.310745
0.310745
0.310749
0.310749
0.310749
0.310754
0.310756
0.310754
0.310754
0.310754
0.310753
0.310753
0.310753
0.310753
0.310754
0.310754
0.310749
0.310749
0.310749
0.310741
0.310741
0.310745
0.310745
0.310745
0.310745
0.310744
0.310744
0.310744
0.310744
0.310744
0.310746
0.310746
0.310746
0.310727
0.310727
0.310727
0.310727
0.310725
0.310736
0.310736
0.310736
0.310736
0.310731
0.310735
0.310735
0.310737
0.310740
0.310736
0.310735
0.310735
0.310726
0.310731
0.310731
0.310734
0.310735
0.310735
0.310735
0.310735
0.310735
0.310735
0.310722
0.310722
0.310718
0.310718
0.310722
0.310722
0.310722
0.310719
0.310719
0.310699
0.310696
0.310696
0.310696
0.310697
0.310697
0.310697
0.310713
0.310713
0.310713
0.310711
0.310711
0.310711
0.310711
0.310711
0.310712
0.310712
0.310712
0.310712
0.310712
0.310712
0.310708
0.310708
0.310708
0.310711
0.310711
0.310713
0.310723
0.310707
0.310707
0.310719
0.310719
0.310718
0.310718
0.310708
0.310691
0.310691
0.310712
0.310718
0.310715
0.310720
0.310720
0.310720
0.310713
0.310713
0.310713
0.310713
0.310712
0.310712
0.310712
0.310714
0.310717
0.310717
0.310717
0.310717
0.310687
0.310687
0.310687
0.310687
0.310687
0.310687
0.310711
0.310711
0.310711
0.310711
0.310711
0.310711
0.310711
0.310711
0.310711
0.310711
0.310711
0.310711
0.310711
0.310711
0.310711
0.310716
0.310726
0.310726
0.310726
0.310726
0.310719
0.310717
0.310717
0.310717
0.310722
0.310723
0.310712
0.310712
0.310718
0.310718
0.310719
0.310725
0.310722
0.310722
0.310722
0.310724
0.310722
0.310729
0.310728
0.310724
0.310720
0.310722
0.310722
0.310722
0.310723
0.310723
0.310729
0.310732
0.310732
0.310732
0.310731
0.310731
0.310731
0.310731
0.310733
0.310733
0.310733
0.310733
0.310733
0.310733
0.310734
0.310734
0.310734
0.310734
0.310728
0.310722
0.310722
0.310726
0.310726
0.310733
0.310733
0.310733
0.310743
0.310743
0.310744
0.310743
0.310743
0.310743
0.310746
0.310750
0.310750
0.310749
0.310752
0.310752
0.310752
0.310754
0.310753
0.310753
0.310754
0.310754
0.310754
0.310757
0.310758
0.310758
0.310758
0.310758
0.310758
0.310758
0.310758
0.310762
0.310762
0.310762
0.310762
0.310762
0.310761
0.310754
0.310754
0.310755
0.310759
0.310759
0.310759
0.310759
0.310761
0.310761
0.310761
0.310755
0.310762
0.310762
0.310762
0.310749
0.310749
0.310749
0.310755
0.310755
0.310754
0.310750
0.310750
0.310750
0.310750
0.310752
0.310756
0.310760
0.310760
0.310760
0.310756
0.310758
0.310757
0.310754
0.310758
0.310758
0.310763
0.310767
0.310767
0.310759
0.310760
0.310763
0.310763
0.310771
0.310772
0.310772
0.310772
0.310771
0.310771
0.310770
0.310771
0.310771
0.310771
0.310774
0.310776
0.310767
0.310767
0.310767
0.310767
0.310767
0.310767
0.310767
0.310767
0.310763
0.310763
0.310763
0.310763
0.310763
0.310763
0.310766
0.310770
0.310771
0.310771
0.310771
0.310771
0.310771
0.310768
0.310759
0.310751
0.310753
0.310757
0.310758
0.310759
0.310758
0.310769
0.310769
0.310774
0.310772
0.310778
0.310778
0.310777
0.310780
0.310780
0.310782
0.310782
0.310782
0.310779
0.310779
0.310780
0.310780
0.310780
0.310780
0.310780
0.310780
0.310780
0.310780
0.310787
0.310787
0.310787
0.310787
0.310784
0.310785
0.310785
0.310785
0.310779
0.310779
0.310779
0.310785
0.310785
0.310782
0.310782
0.310782
0.310776
0.310776
0.310774
0.310774
0.310774
0.310774
0.310779
0.310779
0.310779
0.310772
0.310772
0.310772
0.310772
0.310770
0.310771
0.310776
0.310772
0.310772
0.310772
0.310772
0.310779
0.310781
0.310781
0.310781
0.310781
0.310778
0.310778
0.310778
0.310778
0.310778
0.310778
0.310781
0.310785
0.310785
0.310789
0.310789
0.310782
0.310781
0.310781
0.310779
0.310782
0.310791
0.310795
0.310794
0.310806
0.310808
0.310806
0.310804
0.310804
0.310790
0.310790
0.310790
0.310790
0.310799
0.310799
0.310802
0.310803
0.310802
0.310801
0.310801
0.310801
0.310801
0.310801
0.310802
0.310802
0.310802
0.310803
0.310803
0.310803
0.310803
0.310803
0.310803
0.310803
0.310802
0.310802
0.310802
0.310802
0.310803
0.310803
0.310795
0.310795
0.310795
0.310795
0.310795
0.310795
0.310795
0.310801
0.310807
0.310809
0.310809
0.310809
0.310806
0.310812
0.310812
0.310812
0.310812
0.310802
0.310803
0.310803
0.310802
0.310793
0.310799
0.310799
0.310799
0.310799
0.310799
0.310802
0.310802
0.310803
0.310807
0.310811
0.310811
0.310811
0.310813
0.310813
0.310813
0.310815
0.310814
0.310814
0.310814
0.310820
0.310820
0.310820
0.310820
0.310819
0.310819
0.310819
0.310819
0.310819
0.310819
0.310837
0.310837
0.310831
0.310831
0.310841
0.310839
0.310838
0.310842
0.310842
0.310842
0.310841
0.310841
0.310840
0.310840
0.310840
0.310843
0.310842
0.310842
0.310841
0.310844
0.310845
0.310845
0.310845
0.310845
0.310845
0.310845
0.310845
0.310845
0.310845
0.310845
0.310845
0.310845
0.310844
0.310847
0.310847
0.310847
0.310847
0.310847
0.310844
0.310844
0.310845
0.310856
0.310856
0.310856
0.310856
0.310856
0.310855
0.310858
0.310858
0.310858
0.310864
0.310864
0.310864
0.310866
0.310866
0.310866
0.310866
0.310866
0.310864
0.310866
0.310856
0.310855
0.310855
0.310866
0.310871
0.310871
0.310871
0.310860
0.310860
0.310858
0.310850
0.310845
0.310845
0.310847
0.310854
0.310854
0.310860
0.310864
0.310864
0.310862
0.310861
0.310861
0.310861
0.310861
0.310861
0.310861
0.310861
0.310861
0.310861
0.310861
0.310861
0.310861
0.310866
0.310878
0.310877
0.310871
0.310871
0.310871
0.310871
0.310871
0.310871
0.310878
0.310878
0.310878
0.310876
0.310876
0.310876
0.310876
0.310876
0.310876
0.310876
0.310879
0.310879
0.310861
0.310861
0.310861
0.310861
0.310857
0.310858
0.310858
0.310858
0.310858
0.310858
0.310862
0.310860
0.310860
0.310860
0.310862
0.310862
0.310862
0.310863
0.310863
0.310863
0.310856
0.310856
0.310856
0.310856
0.310856
0.310856
0.310848
0.310848
0.310848
0.310847
0.310847
0.310847
0.310847
0.310847
0.310847
0.310847
0.310857
0.310857
0.310856
0.310847
0.310847
0.310845
0.310848
0.310851
0.310851
0.310850
0.310850
0.310850
0.310849
0.310849
0.310849
0.310854
0.310854
0.310854
0.310854
0.310854
0.310854
0.310849
0.310849
0.310849
0.310845
0.310845
0.310848
0.310852
0.310854
0.310854
0.310854
0.310854
0.310854
0.310856
0.310848
0.310853
0.310853
0.310853
0.310861
0.310859
0.310859
0.310859
0.310859
0.310859
0.310862
0.310862
0.310844
0.310846
0.310844
0.310858
0.310858
0.310855
0.310856
0.310857
0.310840
0.310843
0.310844
0.310860
0.310855
0.310855
0.310855
0.310852
0.310852
0.310852
0.310848
0.310848
0.310848
0.310848
0.310848
0.310846
0.310846
0.310847
0.310847
0.310847
0.310847
0.310846
0.310846
0.310846
0.310842
0.310846
0.310844
0.310847
0.310851
0.310852
0.310850
0.310850
0.310843
0.310843
0.310846
0.310846
0.310846
0.310846
0.310846
0.310845
0.310845
0.310845
0.310845
0.310842
0.310842
0.310842
0.310842
0.310842
0.310843
0.310843
0.310858
0.310861
0.310861
0.310861
0.310861
0.310861
0.310861
0.310867
0.310864
0.310864
0.310870
0.310871
0.310871
0.310871
0.310871
0.310869
0.310869
0.310867
0.310868
0.310877
0.310877
0.310879
0.310882
0.310881
0.310881
0.310881
0.310878
0.310880
0.310880
0.310880
0.310884
0.310884
0.310883
0.310883
0.310883
0.310883
0.310883
0.310886
0.310886
0.310887
0.310887
0.310891
0.310891
0.310891
0.310892
0.310890
0.310890
0.310881
0.310882
0.310881
0.310873
0.310867
0.310878
0.310880
0.310881
0.310880
0.310880
0.310877
0.310877
0.310877
0.310877
0.310869
0.310876
0.310876
0.310876
0.310876
0.310879
0.310879
0.310879
0.310880
0.310880
0.310880
0.310880
0.310873
0.310878
0.310883
0.310883
0.310883
0.310883
0.310883
0.310883
0.310884
0.310884
0.310883
0.310883
0.310883
0.310883
0.310883
0.310883
0.310885
0.310885
0.310885
0.310885
0.310883
0.310883
0.310883
0.310883
0.310886
0.310886
0.310886
0.310886
0.310884
0.310884
0.310884
0.310884
0.310884
0.310886
0.310886
0.310886
0.310886
0.310887
0.310893
0.310886
0.310894
0.310896
0.310896
0.310896
0.310905
0.310923
0.310923
0.310923
0.310924
0.310924
0.310930
0.310931
0.310927
0.310927
0.310927
0.310927
0.310927
0.310901
0.310899
0.310892
0.310892
0.310892
0.310900
0.310900
0.310900
0.310925
0.310925
0.310925
0.310917
0.310920
0.310921
0.310921
0.310921
0.310922
0.310917
0.310918
0.310918
0.310921
0.310921
0.310924
0.310924
0.310924
0.310918
0.310926
0.310926
0.310926
0.310928
0.310929
0.310933
0.310933
0.310933
0.310933
0.310926
0.310926
0.310926
0.310932
0.310931
0.310926
0.310926
0.310926
0.310926
0.310926
0.310926
0.310926
0.310926
0.310922
0.310922
0.310922
0.310922
0.310925
0.310925
0.310925
0.310925
0.310925
0.310925
0.310925
0.310925
0.310925
0.310925
0.310925
0.310942
0.310942
0.310944
0.310944
0.310944
0.310939
0.310940
0.310940
0.310940
0.310932
0.310935
0.310942
0.310942
0.310942
0.310942
0.310942
0.310941
0.310942
0.310942
0.310941
0.310941
0.310941
0.310941
0.310939
0.310939
0.310943
0.310944
0.310944
0.310944
0.310947
0.310943
0.310943
0.310944
0.310948
0.310943
0.310943
0.310943
0.310944
0.310944
0.310944
0.310946
0.310946
0.310946
0.310950
0.310948
0.310948
0.310949
0.310949
0.310950
0.310950
0.310954
0.310954
0.310956
0.310956
0.310956
0.310958
0.310948
0.310948
0.310951
0.310952
0.310952
0.310960
0.310962
0.310962
0.310964
0.310964
0.310966
0.310968
0.310968
0.310967
0.310967
0.310967
0.310966
0.310966
0.310966
0.310963
0.310965
0.310965
0.310964
0.310964
0.310964
0.310968
0.310967
0.310967
0.310968
0.310971
0.310971
0.310971
0.310975
0.310975
0.310975
0.310977
0.310981
0.310975
0.310974
0.310974
0.310974
0.310974
0.310974
0.310974
0.310974
0.310974
0.310974
0.310974
0.310974
0.310974
0.310967
0.310967
0.310967
0.310967
0.310967
0.310967
0.310967
0.310973
0.310973
0.310973
0.310973
0.310973
0.310973
0.310973
0.310973
0.310973
0.310973
0.310973
0.310973
0.310973
0.310978
0.310971
0.310971
0.310972
0.310972
0.310973
0.310973
0.310976
0.310976
0.310976
0.310976
0.310982
0.310981
0.310981
0.310981
0.310985
0.310985
0.310985
0.310985
0.310985
0.310985
0.310986
0.310986
0.310983
0.310983
0.310983
0.310983
0.310983
0.310983
0.310983
0.310985
0.310985
0.310985
0.310985
0.310985
0.310985
0.310985
0.310985
0.310986
0.310986
0.310986
0.310985
0.310985
0.310994
0.310995
0.310995
0.310995
0.310995
0.310995
0.310995
0.310995
0.310996
0.310996
0.310997
0.310999
0.311001
0.310995
0.310995
0.310995
0.310991
0.310996
0.310998
0.311003
0.311003
0.311003
0.310999
0.311008
0.311008
0.311008
0.311008
0.311009
0.311009
0.311028
0.311028
0.311028
0.311031
0.311031
0.311031
0.311031
0.311031
0.311031
0.311030
0.311030
0.311030
0.311030
0.311030
0.311030
0.311030
0.311029
0.311029
0.311029
0.311029
0.311033
0.311031
0.311032
0.311032
0.311032
0.311032
0.311032
0.311032
0.311032
0.311032
0.311021
0.311020
0.311020
0.311020
0.311028
0.311028
0.311027
0.311026
0.311026
0.311026
0.311026
0.311026
0.311026
0.311029
0.311036
0.311036
0.311025
0.311025
0.311025
0.311025
0.311028
0.311031
0.311031
0.311038
0.311038
0.311040
0.311027
0.311027
0.311027
0.311027
0.311027
0.311027
0.311030
0.311028
0.311028
0.311028
0.311027
0.311027
0.311030
0.311035
0.311035
0.311035
0.311033
0.311033
0.311035
0.311035
0.311035
0.311035
0.311035
0.311035
0.311042
0.311042
0.311044
0.311044
0.311044
0.311044
0.311044
0.311044
0.311044
0.311044
0.311044
0.311044
0.311044
0.311044
0.311044
0.311044
0.311039
0.311039
0.311039
0.311044
0.311045
0.311056
0.311056
0.311059
0.311057
0.311057
0.311059
0.311068
0.311067
0.311066
0.311066
0.311066
0.311066
0.311066
0.311066
0.311066
0.311066
0.311062
0.311067
0.311067
0.311067
0.311071
0.311071
0.311071
0.311073
0.311073
0.311073
0.311073
0.311073
0.311070
0.311070
0.311073
0.311074
0.311086
0.311086
0.311084
0.311089
0.311089
0.311089
0.311093
0.311094
0.311094
0.311093
0.311093
0.311093
0.311089
0.311089
0.311089
0.311089
0.311096
0.311095
0.311095
0.311089
0.311087
0.311076
0.311076
0.311076
0.311079
0.311079
0.311084
0.311084
0.311084
0.311085
0.311085
0.311087
0.311073
0.311073
0.311073
0.311074
0.311073
0.311073
0.311081
0.311082
0.311082
0.311080
0.311080
0.311080
0.311080
0.311080
0.311083
0.311078
0.311079
0.311078
0.311079
0.311079
0.311077
0.311078
0.311078
0.311080
0.311080
0.311080
0.311079
0.311079
0.311079
0.311079
0.311081
0.311086
0.311082
0.311081
0.311082
0.311082
0.311084
0.311084
0.311084
0.311087
0.311087
0.311089
0.311089
0.311089
0.311091
0.311091
0.311091
0.311091
0.311093
0.311093
0.311093
0.311093
0.311093
0.311093
0.311093
0.311093
0.311093
0.311093
0.311093
0.311093
0.311098
0.311098
0.311098
0.311098
0.311098
0.311097
0.311098
0.311095
0.311092
0.311092
0.311092
0.311086
0.311086
0.311090
0.311093
0.311102
0.311117
0.311117
0.311117
0.311117
0.311117
0.311119
0.311119
0.311120
0.311120
0.311119
0.311119
0.311120
0.311120
0.311120
0.311120
0.311120
0.311120
0.311120
0.311118
0.311118
0.311116
0.311116
0.311116
0.311118
0.311120
0.311120
0.311106
0.311104
0.311105
0.311108
0.311105
0.311105
0.311112
0.311117
0.311117
0.311117
0.311117
0.311117
0.311117
0.311116
0.311116
0.311117
0.311117
0.311117
0.311117
0.311117
0.311117
0.311117
0.311117
0.311126
0.311128
0.311135
0.311135
0.311131
0.311131
0.311138
0.311138
0.311139
0.311139
0.311139
0.311139
0.311139
0.311140
0.311140
0.311140
0.311140
0.311140
0.311140
0.311142
0.311143
0.311143
0.311141
0.311141
0.311141
0.311141
0.311146
0.311146
0.311141
0.311141
0.311134
0.311138
0.311138
0.311138
0.311142
0.311141
0.311146
0.311148
0.311148
0.311148
0.311148
0.311150
0.311150
0.311150
0.311149
0.311147
0.311147
0.311156
0.311156
0.311156
0.311156
0.311155
0.311155
0.311155
0.311161
0.311160
0.311158
0.311158
0.311158
0.311158
0.311159
0.311162
0.311164
0.311163
0.311163
0.311163
0.311166
0.311167
0.311170
0.311171
0.311171
0.311170
0.311177
0.311177
0.311173
0.311175
0.311175
0.311175
0.311175
0.311175
0.311178
0.311178
0.311179
0.311179
0.311176
0.311176
0.311176
0.311179
0.311179
0.311179
0.311179
0.311178
0.311178
0.311177
0.311177
0.311175
0.311176
0.311176
0.311176
0.311175
0.311175
0.311175
0.311175
0.311175
0.311175
0.311175
0.311173
0.311174
0.311174
0.311175
0.311182
0.311182
0.311182
0.311182
0.311179
0.311179
0.311179
0.311183
0.311183
0.311183
0.311183
0.311183
0.311174
0.311174
0.311174
0.311174
0.311174
0.311174
0.311174
0.311174
0.311174
0.311174
0.311174
0.311174
0.311174
0.311177
0.311177
0.311176
0.311176
0.311176
0.311176
0.311177
0.311177
0.311177
0.311177
0.311176
0.311176
0.311176
0.311174
0.311174
0.311174
0.311175
0.311175
0.311175
0.311176
0.311179
0.311179
0.311178
0.311178
0.311178
0.311178
0.311178
0.311178
0.311178
0.311176
0.311176
0.311176
0.311176
0.311176
0.311174
0.311175
0.311175
0.311175
0.311178
0.311178
0.311178
0.311178
0.311178
0.311178
0.311178
0.311178
0.311178
0.311174
0.311174
0.311174
0.311174
0.311173
0.311165
0.311168
0.311168
0.311168
0.311168
0.311168
0.311168
0.311167
0.311167
0.311163
0.311163
0.311163
0.311156
0.311156
0.311156
0.311157
0.311157
0.311152
0.311160
0.311167
0.311167
0.311174
0.311180
0.311178
0.311177
0.311177
0.311177
0.311177
0.311177
0.311177
0.311177
0.311177
0.311177
0.311177
0.311177
0.311177
0.311177
0.311179
0.311179
0.311179
0.311179
0.311179
0.311179
0.311179
0.311179
0.311179
0.311181
0.311181
0.311183
0.311183
0.311183
0.311183
0.311183
0.311183
0.311177
0.311177
0.311177
0.311177
0.311172
0.311172
0.311172
0.311172
0.311172
0.311172
0.311175
0.311175
0.311175
0.311175
0.311175
0.311175
0.311175
0.311175
0.311175
0.311180
0.311177
0.311176
0.311178
0.311178
0.311178
0.311178
0.311178
0.311178
0.311180
0.311180
0.311180
0.311182
0.311183
0.311183
0.311183
0.311183
0.311183
0.311183
0.311183
0.311184
0.311184
0.311184
0.311184
0.311182
0.311182
0.311182
0.311179
0.311179
0.311183
0.311183
0.311179
0.311179
0.311187
0.311187
0.311187
0.311187
0.311189
0.311189
0.311180
0.311181
0.311187
0.311187
0.311187
0.311189
0.311189
0.311189
0.311196
0.311196
0.311195
0.311195
0.311195
0.311195
0.311195
0.311195
0.311195
0.311195
0.311195
0.311195
0.311196
0.311196
0.311196
0.311196
0.311195
0.311197
0.311197
0.311197
0.311199
0.311201
0.311203
0.311204
0.311204
0.311202
0.311202
0.311202
0.311210
0.311209
0.311209
0.311210
0.311210
0.311210
0.311210
0.311212
0.311212
0.311209
0.311204
0.311206
0.311210
0.311210
0.311210
0.311203
0.311204
0.311205
0.311208
0.311214
0.311212
0.311212
0.311214
0.311214
0.311214
0.311223
0.311223
0.311225
0.311228
0.311229
0.311231
0.311231
0.311232
0.311222
0.311222
0.311222
0.311222
0.311222
0.311229
0.311229
0.311233
0.311233
0.311233
0.311231
0.311231
0.311231
0.311231
0.311231
0.311233
0.311233
0.311235
0.311235
0.311238
0.311238
0.311238
0.311238
0.311239
0.311241
0.311242
0.311242
0.311242
0.311242
0.311242
0.311242
0.311242
0.311242
0.311234
0.311234
0.311234
0.311235
0.311235
0.311240
0.311240
0.311240
0.311241
0.311241
0.311241
0.311234
0.311234
0.311236
0.311236
0.311236
0.311238
0.311240
0.311240
0.311238
0.311239
0.311239
0.311239
0.311236
0.311236
0.311236
0.311236
0.311246
0.311248
0.311248
0.311248
0.311244
0.311244
0.311244
0.311244
0.311244
0.311247
0.311247
0.311247
0.311248
0.311248
0.311248
0.311248
0.311248
0.311249
0.311252
0.311255
0.311256
0.311256
0.311256
0.311264
0.311269
0.311269
0.311270
0.311268
0.311268
0.311273
0.311273
0.311273
0.311273
0.311267
0.311267
0.311267
0.311267
0.311259
0.311259
0.311265
0.311265
0.311265
0.311265
0.311265
0.311259
0.311259
0.311266
0.311266
0.311266
0.311266
0.311266
0.311266
0.311264
0.311264
0.311264
0.311264
0.311265
0.311265
0.311265
0.311265
0.311265
0.311265
0.311265
0.311265
0.311260
0.311260
0.311260
0.311260
0.311260
0.311260
0.311260
0.311261
0.311261
0.311263
0.311263
0.311263
0.311264
0.311268
0.311268
0.311267
0.311270
0.311269
0.311269
0.311269
0.311279
0.311279
0.311279
0.311279
0.311278
0.311278
0.311278
0.311278
0.311278
0.311281
0.311281
0.311286
0.311288
0.311292
0.311292
0.311294
0.311293
0.311293
0.311296
0.311296
0.311298
0.311304
0.311304
0.311304
0.311304
0.311312
0.311299
0.311296
0.311296
0.311302
0.311302
0.311303
0.311305
0.311305
0.311305
0.311305
0.311305
0.311304
0.311304
0.311298
0.311301
0.311301
0.311301
0.311301
0.311300
0.311302
0.311303
0.311303
0.311303
0.311303
0.311303
0.311303
0.311303
0.311296
0.311296
0.311296
0.311297
0.311297
0.311297
0.311297
0.311297
0.311297
0.311297
0.311298
0.311299
0.311299
0.311300
0.311300
0.311300
0.311302
0.311302
0.311302
0.311302
0.311302
0.311303
0.311303
0.311305
0.311305
0.311306
0.311305
0.311305
0.311300
0.311300
0.311300
0.311300
0.311300
0.311300
0.311304
0.311304
0.311304
0.311304
0.311303
0.311303
0.311306
0.311306
0.311306
0.311306
0.311306
0.311306
0.311306
0.311310
0.311310
0.311310
0.311310
0.311313
0.311313
0.311313
0.311310
0.311310
0.311309
0.311309
0.311312
0.311311
0.311311
0.311311
0.311309
0.311308
0.311308
0.311309
0.311318
0.311321
0.311322
0.311322
0.311322
0.311322
0.311322
0.311322
0.311322
0.311322
0.311318
0.311318
0.311318
0.311318
0.311320
0.311320
0.311320
0.311320
0.311320
0.311320
0.311320
0.311320
0.311320
0.311322
0.311322
0.311322
0.311321
0.311321
0.311321
0.311321
0.311321
0.311321
0.311322
0.311322
0.311322
0.311322
0.311322
0.311315
0.311315
0.311320
0.311320
0.311324
0.311323
0.311325
0.311325
0.311325
0.311325
0.311325
0.311324
0.311322
0.311324
0.311324
0.311332
0.311332
0.311333
0.311333
0.311333
0.311336
0.311331
0.311331
0.311333
0.311333
0.311333
0.311333
0.311333
0.311333
0.311334
0.311334
0.311334
0.311334
0.311334
0.311331
0.311331
0.311327
0.311327
0.311329
0.311329
0.311329
0.311329
0.311329
0.311329
0.311335
0.311335
0.311335
0.311336
0.311339
0.311341
0.311341
0.311335
0.311344
0.311344
0.311336
0.311338
0.311338
0.311338
0.311338
0.311338
0.311338
0.311338
0.311338
0.311338
0.311338
0.311340
0.311340
0.311340
0.311342
0.311340
0.311340
0.311340
0.311340
0.311340
0.311340
0.311341
0.311341
0.311342
0.311343
0.311343
0.311343
0.311343
0.311343
0.311343
0.311343
0.311342
0.311339
0.311342
0.311340
0.311340
0.311340
0.311337
0.311337
0.311337
0.311337
0.311337
0.311337
0.311339
0.311341
0.311342
0.311341
0.311341
0.311344
0.311344
0.311344
0.311336
0.311336
0.311335
0.311335
0.311335
0.311335
0.311335
0.311335
0.311335
0.311332
0.311332
0.311332
0.311347
0.311347
0.311350
0.311350
0.311351
0.311346
0.311346
0.311346
0.311340
0.311347
0.311342
0.311342
0.311348
0.311352
0.311352
0.311356
0.311353
0.311354
0.311361
0.311361
0.311361
0.311362
0.311363
0.311362
0.311362
0.311362
0.311362
0.311362
0.311361
0.311361
0.311372
0.311370
0.311370
0.311370
0.311370
0.311370
0.311370
0.311370
0.311371
0.311371
0.311371
0.311371
0.311376
0.311376
0.311376
0.311376
0.311376
0.311375
0.311375
0.311378
0.311379
0.311379
0.311377
0.311379
0.311379
0.311379
0.311379
0.311379
0.311379
0.311379
0.311379
0.311379
0.311379
0.311379
0.311379
0.311379
0.311379
0.311379
0.311379
0.311379
0.311379
0.311379
0.311379
0.311379
0.311379
0.311378
0.311379
0.311379
0.311375
0.311377
0.311377
0.311383
0.311383
0.311383
0.311383
0.311383
0.311383
0.311383
0.311383
0.311383
0.311383
0.311382
0.311382
0.311382
0.311382
0.311381
0.311381
0.311381
0.311380
0.311380
0.311383
0.311386
0.311386
0.311386
0.311390
0.311382
0.311382
0.311383
0.311383
0.311383
0.311383
0.311384
0.311384
0.311386
0.311386
0.311386
0.311386
0.311386
0.311377
0.311377
0.311377
0.311382
0.311382
0.311382
0.311383
0.311383
0.311383
0.311383
0.311383
0.311383
0.311385
0.311385
0.311385
0.311385
0.311385
0.311391
0.311391
0.311381
0.311381
0.311381
0.311384
0.311384
0.311384
0.311377
0.311377
0.311377
0.311383
0.311383
0.311383
0.311383
0.311383
0.311386
0.311387
0.311387
0.311387
0.311387
0.311390
0.311390
0.311389
0.311389
0.311389
0.311390
0.311390
0.311387
0.311389
0.311389
0.311389
0.311389
0.311385
0.311387
0.311386
0.311396
0.311396
0.311396
0.311396
0.311396
0.311394
0.311394
0.311394
0.311395
0.311395
0.311395
0.311395
0.311399
0.311399
0.311399
0.311399
0.311396
0.311398
0.311398
0.311398
0.311398
0.311398
0.311398
0.311399
0.311398
0.311397
0.311397
0.311397
0.311396
0.311396
0.311397
0.311400
0.311400
0.311400
0.311400
0.311400
0.311400
0.311400
0.311400
0.311405
0.311404
0.311404
0.311404
0.311404
0.311404
0.311404
0.311403
0.311403
0.311404
0.311404
0.311404
0.311404
0.311410
0.311410
0.311407
0.311407
0.311407
0.311407
0.311407
0.311408
0.311406
0.311405
0.311405
0.311405
0.311409
0.311411
0.311406
0.311406
0.311402
0.311402
0.311402
0.311405
0.311405
0.311406
0.311406
0.311406
0.311406
0.311406
0.311399
0.311399
0.311399
0.311399
0.311399
0.311399
0.311399
0.311398
0.311398
0.311400
0.311400
0.311403
0.311403
0.311409
0.311409
0.311409
0.311412
0.311412
0.311412
0.311413
0.311413
0.311413
0.311416
0.311412
0.311412
0.311412
0.311412
0.311404
0.311404
0.311404
0.311403
0.311403
0.311403
0.311412
0.311412
0.311412
0.311412
0.311412
0.311409
0.311409
0.311410
0.311410
0.311410
0.311410
0.311410
0.311411
0.311410
0.311410
0.311410
0.311410
0.311410
0.311424
0.311424
0.311424
0.311424
0.311424
0.311424
0.311425
0.311425
0.311426
0.311439
0.311439
0.311439
0.311437
0.311440
0.311434
0.311434
0.311434
0.311434
0.311434
0.311434
0.311434
0.311439
0.311442
0.311442
0.311442
0.311442
0.311442
0.311434
0.311418
0.311418
0.311410
0.311410
0.311410
0.311430
0.311430
0.311433
0.311436
0.311435
0.311433
0.311433
0.311433
0.311433
0.311432
0.311433
0.311433
0.311431
0.311434
0.311434
0.311441
0.311441
0.311441
0.311441
0.311441
0.311441
0.311441
0.311441
0.311441
0.311441
0.311441
0.311441
0.311448
0.311447
0.311447
0.311447
0.311447
0.311447
0.311444
0.311444
0.311444
0.311450
0.311440
0.311440
0.311443
0.311443
0.311443
0.311443
0.311455
0.311455
0.311447
0.311447
0.311447
0.311442
0.311447
0.311447
0.311449
0.311449
0.311449
0.311449
0.311449
0.311449
0.311449
0.311451
0.311452
0.311452
0.311452
0.311452
0.311452
0.311450
0.311450
0.311455
0.311455
0.311455
0.311450
0.311439
0.311439
0.311446
0.311454
0.311454
0.311454
0.311454
0.311454
0.311454
0.311454
0.311454
0.311454
0.311453
0.311453
0.311453
0.311453
0.311453
0.311453
0.311452
0.311452
0.311452
0.311443
0.311444
0.311444
0.311453
0.311453
0.311453
0.311457
0.311457
0.311457
0.311457
0.311450
0.311453
0.311453
0.311452
0.311454
0.311451
0.311451
0.311443
0.311443
0.311450
0.311461
0.311460
0.311460
0.311460
0.311460
0.311460
0.311460
0.311460
0.311460
0.311461
0.311461
0.311461
0.311461
0.311461
0.311461
0.311461
0.311460
0.311462
0.311462
0.311472
0.311472
0.311472
0.311472
0.311472
0.311472
0.311472
0.311472
0.311480
0.311480
0.311480
0.311480
0.311478
0.311472
0.311475
0.311475
0.311475
0.311475
0.311475
0.311468
0.311464
0.311464
0.311464
0.311466
0.311473
0.311475
0.311475
0.311488
0.311488
0.311488
0.311490
0.311490
0.311489
0.311489
0.311491
0.311490
0.311490
0.311488
0.311488
0.311492
0.311493
0.311493
0.311493
0.311493
0.311493
0.311492
0.311493
0.311493
0.311494
0.311494
0.311494
0.311494
0.311494
0.311494
0.311494
0.311494
0.311494
0.311494
0.311502
0.311502
0.311507
0.311507
0.311507
0.311507
0.311507
0.311507
0.311507
0.311507
0.311507
0.311507
0.311507
0.311507
0.311507
0.311506
0.311506
0.311503
0.311503
0.311503
0.311500
0.311499
0.311485
0.311485
0.311485
0.311488
0.311488
0.311488
0.311480
0.311480
0.311480
0.311480
0.311480
0.311480
0.311489
0.311489
0.311489
0.311486
0.311486
0.311486
0.311486
0.311487
0.311488
0.311488
0.311488
0.311488
0.311488
0.311488
0.311486
0.311486
0.311486
0.311489
0.311489
0.311489
0.311489
0.311491
0.311491
0.311491
0.311491
0.311491
0.311491
0.311491
0.311491
0.311492
0.311492
0.311492
0.311490
0.311487
0.311488
0.311488
0.311488
0.311488
0.311488
0.311491
0.311491
0.311491
0.311491
0.311492
0.311492
0.311492
0.311492
0.311490
0.311490
0.311484
0.311473
0.311473
0.311473
0.311473
0.311487
0.311487
0.311491
0.311490
0.311490
0.311492
0.311492
0.311490
0.311490
0.311490
0.311484
0.311484
0.311484
0.311492
0.311492
0.311492
0.311491
0.311490
0.311490
0.311490
0.311495
0.311495
0.311495
0.311498
0.311485
0.311485
0.311483
0.311483
0.311483
0.311495
0.311495
0.311495
0.311495
0.311491
0.311491
0.311491
0.311492
0.311494
0.311494
0.311494
0.311496
0.311496
0.311496
0.311495
0.311495
0.311498
0.311498
0.311498
0.311501
0.311501
0.311501
0.311501
0.311501
0.311500
0.311500
0.311500
0.311500
0.311499
0.311499
0.311489
0.311492
0.311492
0.311492
0.311492
0.311491
0.311495
0.311495
0.311487
0.311487
0.311483
0.311483
0.311483
0.311483
0.311483
0.311486
0.311490
0.311490
0.311490
0.311490
0.311490
0.311490
0.311493
0.311493
0.311493
0.311493
0.311491
0.311491
0.311491
0.311491
0.311491
0.311491
0.311491
0.311491
0.311491
0.311491
0.311491
0.311491
0.311491
0.311491
0.311491
0.311499
0.311498
0.311496
0.311498
0.311500
0.311501
0.311506
0.311506
0.311507
0.311507
0.311507
0.311506
0.311506
0.311505
0.311505
0.311505
0.311505
0.311505
0.311506
0.311506
0.311506
0.311506
0.311506
0.311506
0.311506
0.311506
0.311506
0.311508
0.311508
0.311508
0.311508
0.311508
0.311508
0.311508
0.311508
0.311510
0.311510
0.311510
0.311510
0.311510
0.311510
0.311510
0.311510
0.311510
0.311510
0.311510
0.311505
0.311505
0.311505
0.311505
0.311505
0.311511
0.311511
0.311511
0.311511
0.311511
0.311511
0.311510
0.311510
0.311509
0.311509
0.311513
0.311515
0.311515
0.311529
0.311529
0.311526
0.311526
0.311522
0.311522
0.311522
0.311522
0.311518
0.311520
0.311520
0.311520
0.311523
0.311522
0.311522
0.311521
0.311521
0.311521
0.311521
0.311522
0.311522
0.311522
0.311522
0.311521
0.311521
0.311525
0.311523
0.311518
0.311518
0.311520
0.311520
0.311515
