-0.132756
-0.128739
-0.126995
-0.124809
-0.120778
-0.112259
-0.111585
-0.110893
-0.107002
-0.103421
-0.097553
-0.096919
-0.093698
-0.091187
-0.091309
-0.090374
-0.087420
-0.081836
-0.079105
-0.076437
-0.075782
-0.074901
-0.073482
-0.073175
-0.073314
-0.072941
-0.071936
-0.071025
-0.065377
-0.063971
-0.063543
-0.061443
-0.060386
-0.058567
-0.057862
-0.057645
-0.057364
-0.053416
-0.051841
-0.049912
-0.049529
-0.048984
-0.048285
-0.048001
-0.047896
-0.046010
-0.045284
-0.045174
-0.042338
-0.040312
-0.039935
-0.037888
-0.036640
-0.034295
-0.034091
-0.033385
-0.033272
-0.032957
-0.031712
-0.029195
-0.029195
-0.027074
-0.025652
-0.025652
-0.024444
-0.024415
-0.023438
-0.023117
-0.021450
-0.019474
-0.019400
-0.019124
-0.016958
-0.016867
-0.015438
-0.015149
-0.013149
-0.012458
-0.011986
-0.011329
-0.010767
-0.010102
-0.010023
-0.009912
-0.009437
-0.007731
-0.007507
-0.006855
-0.004249
-0.004041
-0.003762
-0.002341
-0.001693
0.000687
0.000792
0.000792
0.001367
0.001479
0.002327
0.003469
0.003556
0.005117
0.006202
0.006228
0.006679
0.006679
0.007502
0.010108
0.011483
0.011778
0.012065
0.012275
0.012466
0.013174
0.013323
0.013852
0.015115
0.015670
0.015670
0.016180
0.017942
0.018414
0.018791
0.019588
0.019588
0.020661
0.020919
0.020931
0.020931
0.020961
0.020961
0.022027
0.023194
0.023194
0.023786
0.024707
0.024932
0.024932
0.025474
0.025745
0.025774
0.025835
0.027255
0.029321
0.029782
0.030061
0.030854
0.031441
0.032233
0.032372
0.032372
0.033413
0.034377
0.035765
0.035817
0.036708
0.037559
0.037611
0.037611
0.038457
0.038686
0.040768
0.040899
0.040899
0.041013
0.041057
0.041078
0.041078
0.041514
0.041514
0.042281
0.042478
0.042608
0.043334
0.043482
0.043511
0.043511
0.043619
0.043802
0.044304
0.044794
0.046491
0.046589
0.046844
0.046844
0.047064
0.047746
0.048032
0.048302
0.048330
0.048368
0.049365
0.049404
0.049866
0.050639
0.050707
0.051016
0.051509
0.051596
0.051607
0.052777
0.053122
0.053114
0.053192
0.054006
0.054006
0.056042
0.056442
0.056803
0.057237
0.057817
0.058249
0.058363
0.058724
0.059327
0.059962
0.060185
0.060209
0.060358
0.060467
0.060851
0.060869
0.061824
0.061971
0.062277
0.062458
0.063116
0.063116
0.063116
0.063247
0.064062
0.064130
0.064774
0.064774
0.065393
0.065837
0.066233
0.066416
0.066761
0.066871
0.066904
0.067607
0.068508
0.069013
0.069404
0.070010
0.070543
0.070543
0.070543
0.071567
0.071582
0.071582
0.071582
0.071732
0.071732
0.071820
0.071820
0.072133
0.072299
0.072299
0.072299
0.072299
0.072853
0.072928
0.073144
0.073597
0.073668
0.073668
0.073668
0.074472
0.074635
0.074800
0.074800
0.074962
0.075368
0.075585
0.075634
0.076266
0.076708
0.077283
0.077283
0.078034
0.078095
0.078095
0.078355
0.078475
0.079032
0.079408
0.079748
0.080012
0.080170
0.080170
0.080611
0.081465
0.082620
0.082672
0.082827
0.082936
0.083360
0.083706
0.083706
0.083706
0.084117
0.085147
0.085147
0.085212
0.085343
0.085343
0.085385
0.086251
0.086727
0.086754
0.086751
0.087078
0.087078
0.087147
0.087420
0.087748
0.088157
0.088224
0.088515
0.088601
0.088601
0.088601
0.089512
0.089942
0.089982
0.090450
0.090973
0.091053
0.091795
0.091798
0.092456
0.092677
0.092906
0.093301
0.093407
0.093470
0.093481
0.093575
0.093988
0.094367
0.094481
0.094612
0.095032
0.095032
0.095032
0.095220
0.095954
0.096046
0.096320
0.096824
0.096824
0.097156
0.097255
0.098011
0.098535
0.098832
0.098927
0.099076
0.099494
0.099637
0.099748
0.100262
0.100448
0.100779
0.100836
0.100903
0.101013
0.101034
0.101053
0.101181
0.101181
0.101216
0.101443
0.101575
0.101761
0.102127
0.102514
0.102514
0.102945
0.102947
0.103106
0.103106
0.103156
0.103156
0.103158
0.103724
0.103724
0.104011
0.104011
0.104066
0.104120
0.104256
0.104503
0.104645
0.104645
0.104646
0.104731
0.105361
0.105364
0.105939
0.106362
0.106489
0.106573
0.106623
0.106751
0.106818
0.106944
0.107137
0.107137
0.107588
0.107804
0.107819
0.108438
0.108455
0.108614
0.108639
0.108664
0.108692
0.108692
0.108715
0.108843
0.109235
0.109383
0.109507
0.109507
0.109522
0.109522
0.109522
0.109533
0.109533
0.109773
0.109773
0.110350
0.110555
0.110743
0.110988
0.111058
0.111225
0.111536
0.111785
0.111785
0.111847
0.112206
0.112282
0.112537
0.112643
0.112766
0.113039
0.113190
0.113309
0.113575
0.113651
0.113941
0.114271
0.114410
0.114423
0.114467
0.114544
0.114696
0.114781
0.114944
0.114963
0.114959
0.115265
0.115330
0.115330
0.115389
0.115389
0.115406
0.115561
0.115679
0.115789
0.116027
0.116071
0.116777
0.116898
0.116896
0.116928
0.116964
0.116964
0.117465
0.117595
0.117670
0.117687
0.117995
0.118206
0.118258
0.118445
0.118590
0.119044
0.119063
0.119268
0.119711
0.119716
0.119800
0.119800
0.120176
0.120337
0.120537
0.120689
0.121200
0.121207
0.121221
0.121283
0.121321
0.121420
0.121753
0.121828
0.121828
0.122010
0.122342
0.122689
0.122767
0.122930
0.122957
0.123150
0.123146
0.123339
0.123339
0.123726
0.123742
0.123873
0.123873
0.124748
0.124766
0.125065
0.125065
0.125103
0.125175
0.125485
0.125485
0.125601
0.125636
0.125737
0.125840
0.125960
0.126106
0.126187
0.126335
0.126550
0.126615
0.126669
0.126668
0.126786
0.126823
0.127019
0.127019
0.127139
0.127139
0.127387
0.127516
0.127648
0.127671
0.127791
0.127791
0.127835
0.128174
0.128408
0.128498
0.128561
0.128587
0.128625
0.128679
0.128668
0.128784
0.128895
0.128952
0.129009
0.129073
0.129237
0.129590
0.129579
0.129620
0.129716
0.130208
0.130208
0.130274
0.130435
0.130509
0.130509
0.130595
0.130657
0.130972
0.130972
0.131007
0.131018
0.131203
0.131203
0.131326
0.131405
0.131408
0.131524
0.131565
0.131611
0.131594
0.131596
0.131764
0.131928
0.131928
0.132158
0.132158
0.132178
0.132369
0.132568
0.132601
0.132907
0.132907
0.133041
0.133218
0.133330
0.133343
0.133343
0.133472
0.133541
0.133541
0.133619
0.133619
0.133687
0.133748
0.133824
0.133886
0.133892
0.133897
0.133897
0.133965
0.134056
0.134030
0.134217
0.134271
0.134367
0.134453
0.134575
0.134677
0.134677
0.134742
0.134742
0.134814
0.134814
0.134814
0.134846
0.134858
0.134940
0.134949
0.134953
0.135142
0.135158
0.135257
0.135488
0.135488
0.135962
0.135962
0.136072
0.136072
0.136108
0.136231
0.136267
0.136380
0.136380
0.136420
0.136420
0.136634
0.136634
0.136766
0.137190
0.137330
0.137398
0.137529
0.137529
0.137529
0.137650
0.137650
0.137731
0.137754
0.137879
0.137932
0.137927
0.137959
0.138043
0.138198
0.138198
0.138200
0.138260
0.138260
0.138494
0.138593
0.138600
0.138607
0.138641
0.138641
0.138636
0.138658
0.138758
0.138991
0.139169
0.139234
0.139402
0.139530
0.139731
0.139780
0.139913
0.140037
0.140154
0.140205
0.140205
0.140331
0.140337
0.140337
0.140361
0.140775
0.140880
0.140985
0.141071
0.141090
0.141098
0.141232
0.141255
0.141317
0.141472
0.141472
0.141549
0.141662
0.141868
0.141956
0.142006
0.142078
0.142185
0.142221
0.142221
0.142291
0.142421
0.142421
0.142505
0.142544
0.142621
0.142758
0.142749
0.142843
0.142980
0.142980
0.142991
0.142991
0.143104
0.143155
0.143178
0.143298
0.143577
0.143577
0.143577
0.143660
0.143716
0.143810
0.143863
0.143915
0.143927
0.143943
0.144136
0.144178
0.144178
0.144444
0.144444
0.144460
0.144567
0.144573
0.144600
0.144615
0.144634
0.144647
0.144647
0.144647
0.144652
0.144928
0.144971
0.145044
0.145117
0.145117
0.145231
0.145235
0.145238
0.145251
0.145258
0.145379
0.145379
0.145379
0.145371
0.145382
0.145420
0.145535
0.145547
0.145735
0.145754
0.145991
0.146129
0.146157
0.146175
0.146206
0.146206
0.146735
0.146735
0.146738
0.146758
0.146767
0.146857
0.146868
0.146933
0.146939
0.146939
0.147064
0.147118
0.147118
0.147118
0.147118
0.147120
0.147215
0.147198
0.147198
0.147197
0.147197
0.147193
0.147323
0.147323
0.147455
0.147613
0.147718
0.147744
0.147754
0.147759
0.147812
0.147935
0.147935
0.147950
0.147965
0.147981
0.148075
0.148220
0.148286
0.148436
0.148469
0.148464
0.148543
0.148562
0.148614
0.148614
0.148634
0.148773
0.148821
0.148821
0.148941
0.148948
0.148952
0.148975
0.148975
0.149066
0.149109
0.149156
0.149156
0.149262
0.149359
0.149407
0.149851
0.150172
0.150368
0.150405
0.150419
0.150430
0.150509
0.150509
0.150540
0.150540
0.150549
0.150587
0.150656
0.150755
0.150755
0.150963
0.151042
0.151050
0.151258
0.151273
0.151273
0.151310
0.151435
0.151439
0.151470
0.151708
0.151825
0.151890
0.151890
0.151890
0.151951
0.152002
0.152050
0.152054
0.152220
0.152240
0.152247
0.152276
0.152436
0.152526
0.152585
0.152594
0.152598
0.152799
0.152894
0.152894
0.152894
0.152894
0.153209
0.153209
0.153258
0.153347
0.153315
0.153315
0.153333
0.153441
0.153496
0.153497
0.153635
0.153681
0.153724
0.153784
0.154059
0.154059
0.154102
0.154092
0.154208
0.154298
0.154359
0.154353
0.154451
0.154455
0.154461
0.154461
0.154493
0.154596
0.154676
0.154692
0.154692
0.154705
0.154705
0.154874
0.154872
0.154872
0.155019
0.155019
0.155019
0.155025
0.155124
0.155206
0.155298
0.155373
0.155373
0.155373
0.155443
0.155539
0.155576
0.155576
0.155626
0.155647
0.155696
0.155732
0.155796
0.155857
0.155930
0.155993
0.156057
0.156119
0.156170
0.156229
0.156247
0.156300
0.156300
0.156449
0.156524
0.156524
0.156530
0.156552
0.156559
0.156588
0.156742
0.156752
0.156855
0.157079
0.157079
0.157098
0.157232
0.157232
0.157267
0.157260
0.157257
0.157307
0.157311
0.157412
0.157625
0.157721
0.157720
0.157804
0.157810
0.157810
0.157810
0.157810
0.157838
0.157838
0.157868
0.157971
0.157972
0.158067
0.158067
0.158067
0.158136
0.158186
0.158186
0.158646
0.158718
0.158718
0.158989
0.159010
0.159001
0.159132
0.159332
0.159425
0.159605
0.159653
0.159832
0.159983
0.159996
0.160027
0.160027
0.160027
0.160027
0.160027
0.160126
0.160126
0.160156
0.160176
0.160326
0.160456
0.160457
0.160632
0.160726
0.160773
0.160773
0.160861
0.160857
0.160909
0.160929
0.161239
0.161442
0.161506
0.161506
0.161689
0.161690
0.161705
0.161706
0.161758
0.161867
0.161885
0.161972
0.162000
0.162070
0.162158
0.162158
0.162171
0.162193
0.162241
0.162390
0.162440
0.162440
0.162626
0.162689
0.162689
0.162689
0.162751
0.162797
0.163005
0.163155
0.163170
0.163250
0.163250
0.163282
0.163282
0.163381
0.163412
0.163427
0.163624
0.163736
0.163765
0.163765
0.163772
0.163817
0.163826
0.163864
0.163900
0.163930
0.163980
0.164162
0.164214
0.164267
0.164278
0.164304
0.164376
0.164521
0.164648
0.164848
0.164944
0.165160
0.165190
0.165264
0.165305
0.165400
0.165414
0.165416
0.165510
0.165524
0.165536
0.165533
0.165665
0.165665
0.165918
0.165918
0.165945
0.165967
0.165969
0.165979
0.166089
0.166156
0.166162
0.166163
0.166163
0.166216
0.166241
0.166286
0.166317
0.166317
0.166340
0.166350
0.166356
0.166387
0.166659
0.166704
0.166751
0.166813
0.166833
0.166847
0.166852
0.166894
0.166894
0.167038
0.167165
0.167165
0.167313
0.167313
0.167367
0.167377
0.167396
0.167459
0.167677
0.167724
0.167755
0.167755
0.167755
0.167755
0.167765
0.167765
0.167765
0.167883
0.167892
0.167950
0.167972
0.168011
0.168176
0.168255
0.168276
0.168389
0.168456
0.168482
0.168536
0.168536
0.168536
0.168759
0.168789
0.168789
0.168886
0.168919
0.168936
0.168952
0.169072
0.169103
0.169160
0.169239
0.169363
0.169459
0.169528
0.169528
0.169561
0.169600
0.169651
0.169671
0.169761
0.169761
0.169854
0.169854
0.169853
0.169877
0.169883
0.169914
0.170085
0.170085
0.170104
0.170357
0.170496
0.170530
0.170534
0.170534
0.170600
0.170601
0.170679
0.170800
0.170802
0.170837
0.170851
0.170897
0.170957
0.171204
0.171204
0.171218
0.171257
0.171257
0.171326
0.171351
0.171351
0.171378
0.171377
0.171487
0.171501
0.171581
0.171682
0.171767
0.171792
0.171792
0.171792
0.171825
0.171908
0.172037
0.172075
0.172239
0.172283
0.172283
0.172329
0.172347
0.172347
0.172357
0.172420
0.172458
0.172458
0.172458
0.172514
0.172530
0.172583
0.172582
0.172646
0.172646
0.172680
0.172781
0.172789
0.172789
0.172800
0.172800
0.172824
0.173014
0.173013
0.173012
0.173012
0.173156
0.173156
0.173170
0.173178
0.173178
0.173201
0.173227
0.173358
0.173355
0.173355
0.173355
0.173455
0.173497
0.173497
0.173550
0.173553
0.173655
0.173660
0.173660
0.173674
0.173714
0.173721
0.173728
0.173745
0.173829
0.173898
0.173982
0.174016
0.174016
0.174016
0.174033
0.174979
0.175080
0.175083
0.175091
0.175087
0.175087
0.175115
0.175137
0.175222
0.175266
0.175375
0.175419
0.175424
0.175429
0.175573
0.175593
0.175712
0.175732
0.175730
0.175729
0.175823
0.175900
0.175972
0.176065
0.176106
0.176157
0.176171
0.176227
0.176275
0.176275
0.176278
0.176336
0.176396
0.176395
0.176496
0.176521
0.176521
0.176711
0.176711
0.176715
0.176759
0.177001
0.177054
0.177054
0.177054
0.177054
0.177104
0.177142
0.177142
0.177246
0.177321
0.177345
0.177346
0.177349
0.177349
0.177350
0.177392
0.177398
0.177398
0.177427
0.177426
0.177426
0.177439
0.177544
0.177544
0.177544
0.177545
0.177546
0.177546
0.177546
0.177555
0.177555
0.177577
0.177577
0.177577
0.177577
0.177576
0.177576
0.177584
0.177653
0.177688
0.177688
0.177688
0.177704
0.177720
0.177738
0.177738
0.177738
0.177769
0.177771
0.177771
0.177830
0.177833
0.177833
0.177833
0.177868
0.177957
0.177965
0.177965
0.178049
0.178090
0.178131
0.178194
0.178194
0.178196
0.178189
0.178189
0.178250
0.178316
0.178373
0.178373
0.178410
0.178435
0.178435
0.178448
0.178557
0.178557
0.178557
0.178577
0.178577
0.178700
0.178735
0.178766
0.178835
0.178884
0.178920
0.178955
0.178985
0.178994
0.179068
0.179068
0.179082
0.179098
0.179098
0.179162
0.179176
0.179259
0.179327
0.179474
0.179474
0.179474
0.179607
0.179607
0.179722
0.179722
0.179756
0.179795
0.179795
0.179818
0.179897
0.179923
0.179937
0.179937
0.179988
0.180015
0.180015
0.180066
0.180067
0.180116
0.180132
0.180132
0.180128
0.180128
0.180201
0.180283
0.180291
0.180299
0.180306
0.180313
0.180424
0.180424
0.180424
0.180424
0.180434
0.180601
0.180601
0.180601
0.180603
0.180620
0.180618
0.180657
0.180686
0.180687
0.180709
0.180733
0.180740
0.180750
0.180756
0.180797
0.180797
0.180866
0.180913
0.180913
0.180949
0.180967
0.180998
0.180995
0.180995
0.181048
0.181050
0.181050
0.181185
0.181181
0.181217
0.181217
0.181217
0.181217
0.181280
0.181295
0.181295
0.181295
0.181305
0.181305
0.181305
0.181305
0.181320
0.181323
0.181323
0.181323
0.181320
0.181421
0.181520
0.181520
0.181530
0.181530
0.181554
0.181558
0.181566
0.181566
0.181590
0.181644
0.181688
0.181689
0.181702
0.181796
0.181796
0.181812
0.181816
0.181816
0.181816
0.181863
0.181885
0.181936
0.181936
0.181939
0.181947
0.181976
0.182004
0.182039
0.182042
0.182117
0.182119
0.182122
0.182122
0.182158
0.182158
0.182211
0.182211
0.182239
0.182258
0.182264
0.182264
0.182299
0.182299
0.182304
0.182313
0.182342
0.182414
0.182487
0.182523
0.182520
0.182541
0.182627
0.182627
0.182646
0.182639
0.182639
0.182728
0.182781
0.182776
0.182776
0.182780
0.182827
0.182827
0.182827
0.182847
0.182905
0.182905
0.182905
0.182918
0.182941
0.183005
0.183136
0.183136
0.183181
0.183181
0.183195
0.183195
0.183217
0.183217
0.183267
0.183280
0.183319
0.183319
0.183394
0.183394
0.183398
0.183443
0.183454
0.183457
0.183565
0.183617
0.183618
0.183699
0.183769
0.183825
0.183856
0.183856
0.183949
0.184037
0.184044
0.184044
0.184071
0.184081
0.184086
0.184086
0.184100
0.184100
0.184160
0.184166
0.184175
0.184184
0.184328
0.184337
0.184339
0.184367
0.184372
0.184419
0.184430
0.184436
0.184445
0.184477
0.184551
0.184686
0.184887
0.184933
0.184958
0.184961
0.184966
0.184966
0.184990
0.184990
0.184999
0.185001
0.185066
0.185082
0.185149
0.185178
0.185178
0.185303
0.185322
0.185336
0.185369
0.185370
0.185370
0.185417
0.185457
0.185505
0.185503
0.185623
0.185632
0.185632
0.185635
0.185632
0.185632
0.185644
0.185644
0.185656
0.185656
0.185674
0.185892
0.185963
0.185963
0.185963
0.185999
0.185999
0.186116
0.186116
0.186141
0.186138
0.186171
0.186177
0.186192
0.186195
0.186198
0.186241
0.186290
0.186287
0.186391
0.186391
0.186408
0.186408
0.186417
0.186437
0.186489
0.186494
0.186516
0.186665
0.186665
0.186665
0.186682
0.186682
0.186746
0.186747
0.186747
0.186766
0.186770
0.186848
0.186848
0.186850
0.186850
0.186908
0.186908
0.186909
0.186909
0.187321
0.187342
0.187356
0.187356
0.187386
0.187386
0.187386
0.187386
0.187399
0.187399
0.187402
0.187403
0.187400
0.187400
0.187434
0.187497
0.187679
0.187760
0.187869
0.187904
0.187903
0.187903
0.187952
0.187976
0.187976
0.187977
0.188185
0.188185
0.188185
0.188208
0.188208
0.188219
0.188219
0.188243
0.188243
0.188245
0.188245
0.188378
0.188377
0.188383
0.188392
0.188392
0.188406
0.188410
0.188410
0.188436
0.188468
0.188468
0.188470
0.188543
0.188558
0.188559
0.188567
0.188769
0.188769
0.188769
0.188864
0.188963
0.189000
0.189000
0.189000
0.189007
0.189005
0.189101
0.189139
0.189141
0.189141
0.189141
0.189141
0.189188
0.189188
0.189280
0.189280
0.189323
0.189323
0.189379
0.189383
0.189386
0.189386
0.189394
0.189419
0.189419
0.189419
0.189419
0.189419
0.189419
0.189419
0.189418
0.189479
0.189519
0.189530
0.189530
0.189552
0.189595
0.189601
0.189611
0.189649
0.189643
0.189655
0.189655
0.189655
0.189686
0.189686
0.189686
0.189746
0.189778
0.189771
0.189770
0.189770
0.189786
0.189864
0.189971
0.189982
0.189990
0.189996
0.190091
0.190091
0.190156
0.190157
0.190157
0.190193
0.190193
0.190224
0.190230
0.190230
0.190248
0.190244
0.190244
0.190259
0.190259
0.190262
0.190275
0.190361
0.190380
0.190384
0.190401
0.190633
0.190689
0.190699
0.190730
0.190805
0.190864
0.190906
0.191000
0.191000
0.191097
0.191111
0.191090
0.191143
0.191161
0.191234
0.191234
0.191252
0.191337
0.191383
0.191384
0.191449
0.191449
0.191449
0.191508
0.191481
0.191492
0.191601
0.191609
0.191616
0.191623
0.191684
0.191734
0.191734
0.191734
0.191835
0.191845
0.191874
0.191911
0.191927
0.191947
0.191947
0.191973
0.191973
0.191996
0.191996
0.191997
0.192006
0.192013
0.192013
0.192015
0.192081
0.192080
0.192080
0.192154
0.192232
0.192232
0.192232
0.192317
0.192313
0.192439
0.192470
0.192518
0.192561
0.192653
0.192653
0.192759
0.192759
0.192759
0.192753
0.192764
0.192819
0.192994
0.193028
0.193028
0.193038
0.193032
0.193032
0.193085
0.193096
0.193161
0.193184
0.193183
0.193189
0.193215
0.193282
0.193290
0.193319
0.193338
0.193383
0.193404
0.193429
0.193429
0.193431
0.193444
0.193486
0.193567
0.193665
0.193660
0.193665
0.193756
0.193756
0.193761
0.193787
0.193787
0.193832
0.193833
0.193832
0.193833
0.193869
0.193869
0.193881
0.193881
0.193914
0.193920
0.193937
0.193941
0.193980
0.194027
0.194050
0.194046
0.194048
0.194048
0.194075
0.194083
0.194083
0.194083
0.194094
0.194094
0.194169
0.194214
0.194214
0.194238
0.194238
0.194284
0.194295
0.194295
0.194295
0.194308
0.194350
0.194370
0.194370
0.194378
0.194388
0.194400
0.194400
0.194400
0.194426
0.194585
0.194693
0.194697
0.194723
0.194762
0.194769
0.194791
0.194796
0.194820
0.194853
0.194924
0.194926
0.194951
0.194952
0.194952
0.194968
0.194968
0.194968
0.194969
0.195014
0.195021
0.195042
0.195042
0.195042
0.195042
0.195070
0.195106
0.195106
0.195133
0.195142
0.195167
0.195187
0.195186
0.195226
0.195263
0.195327
0.195327
0.195375
0.195391
0.195392
0.195389
0.195389
0.195449
0.195452
0.195504
0.195537
0.195535
0.195555
0.195548
0.195577
0.195577
0.195577
0.195583
0.195583
0.195673
0.195673
0.195693
0.195716
0.195713
0.195725
0.195725
0.195725
0.195734
0.195734
0.195802
0.195802
0.195802
0.195802
0.195829
0.195900
0.195900
0.195903
0.195920
0.195928
0.195929
0.195932
0.195934
0.195934
0.195934
0.195956
0.196001
0.196032
0.196032
0.196032
0.196032
0.196032
0.196032
0.196026
0.196077
0.196085
0.196090
0.196090
0.196092
0.196092
0.196123
0.196139
0.196139
0.196140
0.196176
0.196198
0.196198
0.196198
0.196198
0.196218
0.196218
0.196229
0.196267
0.196273
0.196273
0.196273
0.196273
0.196273
0.196273
0.196268
0.196268
0.196268
0.196274
0.196280
0.196282
0.196282
0.196282
0.196282
0.196282
0.196327
0.196371
0.196371
0.196403
0.196457
0.196495
0.196594
0.196610
0.196636
0.196640
0.196648
0.196648
0.196653
0.196713
0.196721
0.196758
0.196778
0.196779
0.196782
0.196782
0.196796
0.196808
0.196808
0.196808
0.196809
0.196809
0.196824
0.196831
0.196869
0.196920
0.196934
0.196934
0.196946
0.196952
0.196985
0.197004
0.197075
0.197075
0.197076
0.197075
0.197074
0.197074
0.197074
0.197102
0.197102
0.197170
0.197170
0.197170
0.197228
0.197252
0.197298
0.197328
0.197331
0.197373
0.197430
0.197459
0.197518
0.197528
0.197542
0.197542
0.197542
0.197613
0.197642
0.197642
0.197796
0.197799
0.197844
0.197851
0.197855
0.197878
0.197908
0.197916
0.197923
0.197923
0.198044
0.198091
0.198119
0.198169
0.198169
0.198185
0.198222
0.198222
0.198223
0.198227
0.198265
0.198275
0.198282
0.198286
0.198282
0.198322
0.198326
0.198327
0.198346
0.198354
0.198354
0.198362
0.198393
0.198393
0.198393
0.198400
0.198400
0.198434
0.198479
0.198541
0.198672
0.198678
0.198698
0.198698
0.198758
0.198764
0.198766
0.198766
0.198766
0.198801
0.198801
0.198801
0.198801
0.198845
0.198841
0.198840
0.198840
0.198878
0.198878
0.198909
0.198931
0.199032
0.199094
0.199097
0.199097
0.199097
0.199133
0.199149
0.199149
0.199132
0.199132
0.199136
0.199136
0.199177
0.199177
0.199176
0.199195
0.199357
0.199373
0.199428
0.199433
0.199460
0.199479
0.199479
0.199485
0.199496
0.199513
0.199539
0.199539
0.199539
0.199549
0.199549
0.199562
0.199574
0.199574
0.199581
0.199580
0.199595
0.199609
0.199609
0.199622
0.199622
0.199613
0.199613
0.199613
0.199620
0.199635
0.199635
0.199642
0.199642
0.199649
0.199660
0.199668
0.199678
0.199678
0.199680
0.199681
0.199680
0.199703
0.199791
0.199798
0.199840
0.199856
0.199867
0.199868
0.199905
0.199905
0.199905
0.200024
0.200024
0.200031
0.200035
0.200043
0.200043
0.200043
0.200056
0.200056
0.200082
0.200082
0.200082
0.200094
0.200094
0.200126
0.200153
0.200140
0.200155
0.200155
0.200200
0.200200
0.200203
0.200206
0.200263
0.200366
0.200366
0.200403
0.200434
0.200434
0.200568
0.200602
0.200603
0.200631
0.200687
0.200735
0.200735
0.200738
0.200738
0.200760
0.200760
0.200776
0.200776
0.200793
0.200804
0.200823
0.200832
0.200856
0.200856
0.200914
0.200914
0.200946
0.200946
0.200946
0.200984
0.200989
0.200998
0.201021
0.201021
0.201021
0.201021
0.201031
0.201053
0.201071
0.201075
0.201082
0.201078
0.201087
0.201080
0.201127
0.201127
0.201194
0.201265
0.201265
0.201277
0.201304
0.201320
0.201320
0.201363
0.201363
0.201380
0.201380
0.201380
0.201410
0.201411
0.201411
0.201417
0.201417
0.201449
0.201449
0.201445
0.201465
0.201488
0.201501
0.201501
0.201496
0.201501
0.201589
0.201589
0.201589
0.201587
0.201587
0.201608
0.201611
0.201679
0.201705
0.201705
0.201711
0.201748
0.201794
0.201794
0.201794
0.201848
0.201868
0.201872
0.201884
0.201884
0.201951
0.201957
0.201961
0.201961
0.201972
0.202088
0.202100
0.202101
0.202101
0.202101
0.202101
0.202104
0.202104
0.202102
0.202124
0.202124
0.202124
0.202134
0.202134
0.202141
0.202141
0.202141
0.202193
0.202193
0.202193
0.202194
0.202194
0.202194
0.202194
0.202228
0.202266
0.202306
0.202306
0.202325
0.202338
0.202362
0.202366
0.202387
0.202434
0.202438
0.202438
0.202469
0.202470
0.202470
0.202470
0.202484
0.202493
0.202501
0.202501
0.202633
0.202677
0.202677
0.202677
0.202720
0.202720
0.202720
0.202733
0.202741
0.202782
0.202782
0.202793
0.202805
0.202823
0.202823
0.202823
0.202823
0.202831
0.202837
0.202837
0.202837
0.202843
0.202843
0.202891
0.202935
0.202935
0.202958
0.202958
0.202980
0.202984
0.203026
0.203028
0.203080
0.203094
0.203094
0.203094
0.203126
0.203131
0.203158
0.203215
0.203215
0.203215
0.203252
0.203254
0.203278
0.203293
0.203293
0.203356
0.203356
0.203356
0.203356
0.203356
0.203421
0.203421
0.203432
0.203436
0.203436
0.203498
0.203509
0.203509
0.203539
0.203556
0.203557
0.203563
0.203568
0.203573
0.203573
0.203573
0.203596
0.203606
0.203606
0.203606
0.203606
0.203613
0.203661
0.203737
0.203737
0.203744
0.203744
0.203744
0.203766
0.203801
0.203849
0.203849
0.203853
0.203907
0.203936
0.203936
0.203937
0.203937
0.203963
0.203994
0.203998
0.204050
0.204093
0.204093
0.204093
0.204101
0.204101
0.204101
0.204112
0.204117
0.204117
0.204127
0.204129
0.204147
0.204147
0.204147
0.204147
0.204147
0.204150
0.204213
0.204222
0.204222
0.204222
0.204238
0.204263
0.204271
0.204275
0.204280
0.204289
0.204360
0.204389
0.204389
0.204479
0.204479
0.204520
0.204563
0.204573
0.204573
0.204622
0.204629
0.204647
0.204647
0.204646
0.204677
0.204674
0.204679
0.204724
0.204725
0.204785
0.204800
0.204849
0.204883
0.204884
0.204893
0.204893
0.204943
0.204947
0.204956
0.204954
0.205000
0.205012
0.205027
0.205036
0.205036
0.205039
0.205039
0.205068
0.205068
0.205090
0.205090
0.205110
0.205218
0.205218
0.205218
0.205245
0.205272
0.205297
0.205314
0.205314
0.205342
0.205342
0.205443
0.205446
0.205455
0.205455
0.205455
0.205455
0.205476
0.205476
0.205486
0.205486
0.205509
0.205516
0.205517
0.205560
0.205560
0.205572
0.205572
0.205572
0.205572
0.205642
0.205642
0.205639
0.205654
0.205654
0.205648
0.205821
0.205825
0.205825
0.205877
0.205882
0.205882
0.205890
0.205933
0.205946
0.205952
0.205952
0.205995
0.205995
0.206010
0.206008
0.206008
0.206043
0.206043
0.206043
0.206043
0.206051
0.206053
0.206118
0.206118
0.206119
0.206119
0.206128
0.206181
0.206207
0.206225
0.206253
0.206260
0.206276
0.206303
0.206320
0.206320
0.206321
0.206361
0.206389
0.206393
0.206393
0.206401
0.206410
0.206410
0.206414
0.206414
0.206414
0.206435
0.206435
0.206441
0.206441
0.206441
0.206442
0.206444
0.206444
0.206453
0.206453
0.206468
0.206503
0.206521
0.206529
0.206519
0.206535
0.206545
0.206545
0.206545
0.206566
0.206567
0.206567
0.206567
0.206567
0.206566
0.206580
0.206580
0.206614
0.206621
0.206629
0.206629
0.206646
0.206646
0.206646
0.206645
0.206662
0.206662
0.206670
0.206681
0.206681
0.206681
0.206681
0.206802
0.206802
0.206809
0.206809
0.206820
0.206824
0.206812
0.206823
0.206851
0.206900
0.206936
0.206952
0.206955
0.206955
0.206955
0.207018
0.207012
0.207027
0.207032
0.207070
0.207088
0.207109
0.207113
0.207119
0.207172
0.207174
0.207176
0.207238
0.207244
0.207271
0.207296
0.207374
0.207374
0.207374
0.207385
0.207383
0.207379
0.207396
0.207396
0.207416
0.207417
0.207523
0.207601
0.207610
0.207611
0.207611
0.207611
0.207640
0.207672
0.207672
0.207674
0.207674
0.207674
0.207675
0.207675
0.207799
0.207799
0.207799
0.207802
0.207796
0.207796
0.207819
0.207828
0.207854
0.207854
0.207893
0.207896
0.207936
0.207936
0.207936
0.207960
0.207977
0.207990
0.208010
0.208027
0.208027
0.208032
0.208053
0.208089
0.208089
0.208112
0.208133
0.208158
0.208158
0.208165
0.208225
0.208226
0.208226
0.208237
0.208236
0.208248
0.208262
0.208275
0.208275
0.208297
0.208297
0.208350
0.208353
0.208372
0.208376
0.208408
0.208582
0.208586
0.208586
0.208586
0.208586
0.208581
0.208601
0.208601
0.208604
0.208605
0.208605
0.208605
0.208672
0.208692
0.208692
0.208692
0.208692
0.208707
0.208707
0.208710
0.208710
0.208718
0.208718
0.208719
0.208743
0.208764
0.208767
0.208771
0.208778
0.208783
0.208783
0.208783
0.208804
0.208805
0.208808
0.208845
0.208845
0.208854
0.208866
0.208866
0.208867
0.208906
0.208954
0.208954
0.208962
0.208983
0.208997
0.209016
0.209030
0.209030
0.209030
0.209040
0.209040
0.209100
0.209114
0.209111
0.209108
0.209108
0.209127
0.209127
0.209132
0.209143
0.209146
0.209151
0.209154
0.209164
0.209164
0.209195
0.209195
0.209195
0.209184
0.209186
0.209201
0.209226
0.209237
0.209237
0.209237
0.209309
0.209309
0.209334
0.209338
0.209338
0.209317
0.209327
0.209343
0.209361
0.209361
0.209369
0.209369
0.209387
0.209399
0.209399
0.209399
0.209415
0.209415
0.209462
0.209465
0.209565
0.209565
0.209565
0.209565
0.209605
0.209665
0.209665
0.209665
0.209672
0.209691
0.209696
0.209696
0.209696
0.209696
0.209696
0.209707
0.209707
0.209786
0.209851
0.209861
0.209861
0.209861
0.209965
0.209965
0.209966
0.209966
0.209966
0.209978
0.209992
0.209985
0.209985
0.210003
0.210018
0.210046
0.210046
0.210046
0.210052
0.210052
0.210064
0.210068
0.210068
0.210078
0.210105
0.210105
0.210107
0.210107
0.210107
0.210107
0.210107
0.210122
0.210122
0.210132
0.210135
0.210135
0.210137
0.210138
0.210169
0.210169
0.210183
0.210197
0.210201
0.210201
0.210207
0.210255
0.210255
0.210255
0.210255
0.210281
0.210337
0.210409
0.210410
0.210411
0.210411
0.210417
0.210410
0.210410
0.210414
0.210415
0.210439
0.210440
0.210441
0.210480
0.210485
0.210499
0.210503
0.210503
0.210503
0.210503
0.210515
0.210527
0.210531
0.210531
0.210531
0.210536
0.210553
0.210558
0.210558
0.210558
0.210644
0.210644
0.210667
0.210667
0.210667
0.210688
0.210688
0.210687
0.210715
0.210715
0.210725
0.210725
0.210726
0.210726
0.210747
0.210764
0.210764
0.210802
0.210820
0.210833
0.210858
0.210944
0.210958
0.210976
0.210976
0.211000
0.211012
0.211052
0.211070
0.211071
0.211071
0.211071
0.211124
0.211150
0.211150
0.211180
0.211180
0.211256
0.211256
0.211257
0.211269
0.211272
0.211280
0.211292
0.211292
0.211320
0.211330
0.211365
0.211367
0.211367
0.211394
0.211397
0.211405
0.211405
0.211405
0.211432
0.211432
0.211432
0.211432
0.211467
0.211501
0.211531
0.211573
0.211573
0.211599
0.211605
0.211603
0.211644
0.211660
0.211665
0.211692
0.211692
0.211696
0.211696
0.211696
0.211726
0.211726
0.211748
0.211746
0.211747
0.211747
0.211749
0.211749
0.211769
0.211771
0.211773
0.211773
0.211871
0.211871
0.211871
0.211871
0.211882
0.211907
0.211911
0.211911
0.211928
0.211932
0.211937
0.211937
0.211944
0.211944
0.211936
0.211945
0.211971
0.211971
0.211972
0.211989
0.211989
0.211989
0.212015
0.212015
0.212023
0.212023
0.212041
0.212041
0.212041
0.212067
0.212067
0.212146
0.212167
0.212168
0.212181
0.212180
0.212180
0.212182
0.212182
0.212182
0.212183
0.212184
0.212274
0.212283
0.212306
0.212335
0.212335
0.212373
0.212381
0.212383
0.212383
0.212387
0.212394
0.212394
0.212394
0.212394
0.212394
0.212418
0.212418
0.212418
0.212420
0.212421
0.212421
0.212421
0.212423
0.212433
0.212472
0.212478
0.212478
0.212476
0.212479
0.212479
0.212479
0.212484
0.212499
0.212499
0.212499
0.212507
0.212532
0.212532
0.212538
0.212543
0.212543
0.212578
0.212580
0.212580
0.212610
0.212612
0.212612
0.212612
0.212626
0.212630
0.212630
0.212654
0.212654
0.212685
0.212685
0.212685
0.212685
0.212681
0.212703
0.212707
0.212712
0.212718
0.212718
0.212720
0.212723
0.212723
0.212733
0.212735
0.212735
0.212775
0.212779
0.212787
0.212787
0.212829
0.212854
0.212866
0.212867
0.212877
0.212881
0.212881
0.212900
0.212904
0.212902
0.212902
0.212901
0.212901
0.212911
0.212911
0.212902
0.212925
0.212950
0.212950
0.212950
0.212950
0.213037
0.213037
0.213037
0.213037
0.213037
0.213038
0.213038
0.213038
0.213061
0.213429
0.213443
0.213444
0.213444
0.213448
0.213458
0.213458
0.213458
0.213480
0.213480
0.213482
0.213515
0.213529
0.213533
0.213533
0.213534
0.213534
0.213534
0.213552
0.213552
0.213609
0.213609
0.213609
0.213724
0.213744
0.213781
0.213793
0.213822
0.213823
0.213907
0.213909
0.213915
0.213993
0.213992
0.214022
0.214023
0.214023
0.214056
0.214059
0.214059
0.214087
0.214087
0.214111
0.214114
0.214114
0.214117
0.214117
0.214119
0.214113
0.214113
0.214115
0.214116
0.214116
0.214126
0.214126
0.214127
0.214192
0.214216
0.214233
0.214233
0.214234
0.214234
0.214240
0.214249
0.214262
0.214262
0.214260
0.214278
0.214278
0.214280
0.214280
0.214288
0.214291
0.214291
0.214291
0.214291
0.214291
0.214291
0.214372
0.214372
0.214372
0.214371
0.214377
0.214441
0.214441
0.214445
0.214447
0.214449
0.214449
0.214451
0.214470
0.214536
0.214536
0.214556
0.214556
0.214598
0.214602
0.214602
0.214652
0.214652
0.214652
0.214654
0.214654
0.214671
0.214680
0.214696
0.214750
0.214750
0.214750
0.214750
0.214750
0.214751
0.214761
0.214798
0.214800
0.214821
0.214830
0.214834
0.214835
0.214835
0.214838
0.214838
0.214839
0.214841
0.214851
0.214851
0.214851
0.214852
0.214858
0.214858
0.214858
0.214953
0.214962
0.214977
0.214977
0.214991
0.214991
0.215019
0.214994
0.215030
0.215030
0.215030
0.215042
0.215042
0.215042
0.215042
0.215042
0.215042
0.215056
0.215056
0.215056
0.215056
0.215056
0.215056
0.215093
0.215091
0.215088
0.215088
0.215088
0.215106
0.215122
0.215125
0.215125
0.215252
0.215285
0.215285
0.215285
0.215285
0.215285
0.215285
0.215286
0.215306
0.215306
0.215331
0.215331
0.215372
0.215403
0.215403
0.215405
0.215413
0.215479
0.215477
0.215550
0.215551
0.215551
0.215552
0.215583
0.215584
0.215591
0.215591
0.215621
0.215621
0.215632
0.215632
0.215633
0.215666
0.215666
0.215669
0.215668
0.215671
0.215684
0.215733
0.215754
0.215765
0.215765
0.215801
0.215835
0.215854
0.215854
0.215864
0.215864
0.215899
0.215899
0.215910
0.215911
0.215920
0.215933
0.215961
0.215961
0.215965
0.215964
0.215964
0.215964
0.215966
0.215976
0.215980
0.215980
0.215994
0.215997
0.216006
0.216017
0.216017
0.216025
0.216042
0.216060
0.216060
0.216058
0.216058
0.216075
0.216080
0.216125
0.216125
0.216127
0.216127
0.216128
0.216153
0.216153
0.216152
0.216152
0.216155
0.216160
0.216170
0.216173
0.216183
0.216183
0.216183
0.216188
0.216188
0.216189
0.216189
0.216213
0.216213
0.216213
0.216213
0.216213
0.216213
0.216213
0.216219
0.216219
0.216302
0.216292
0.216292
0.216292
0.216311
0.216311
0.216311
0.216353
0.216353
0.216385
0.216387
0.216389
0.216389
0.216445
0.216489
0.216512
0.216507
0.216517
0.216530
0.216530
0.216528
0.216520
0.216520
0.216528
0.216529
0.216533
0.216533
0.216533
0.216568
0.216568
0.216568
0.216566
0.216595
0.216595
0.216602
0.216614
0.216615
0.216624
0.216624
0.216624
0.216624
0.216697
0.216697
0.216705
0.216716
0.216718
0.216730
0.216730
0.216733
0.216736
0.216736
0.216736
0.216746
0.216746
0.216754
0.216754
0.216759
0.216768
0.216768
0.216778
0.216775
0.216775
0.216802
0.216805
0.216805
0.216805
0.216804
0.216804
0.216839
0.216842
0.216842
0.216846
0.216846
0.216900
0.216919
0.216923
0.216923
0.216930
0.216930
0.216929
0.216952
0.216952
0.216957
0.216965
0.216998
0.217019
0.217032
0.217032
0.217032
0.217050
0.217050
0.217056
0.217090
0.217090
0.217108
0.217108
0.217117
0.217144
0.217144
0.217148
0.217147
0.217172
0.217207
0.217299
0.217299
0.217316
0.217309
0.217459
0.217514
0.217514
0.217523
0.217538
0.217538
0.217551
0.217560
0.217562
0.217558
0.217558
0.217570
0.217579
0.217619
0.217624
0.217624
0.217626
0.217626
0.217626
0.217629
0.217625
0.217635
0.217635
0.217635
0.217637
0.217642
0.217642
0.217642
0.217642
0.217642
0.217661
0.217660
0.217660
0.217677
0.217677
0.217677
0.217677
0.217678
0.217678
0.217691
0.217691
0.217693
0.217694
0.217694
0.217694
0.217699
0.217707
0.217707
0.217707
0.217707
0.217726
0.217740
0.217740
0.217740
0.217748
0.217753
0.217753
0.217755
0.217796
0.217798
0.217798
0.217798
0.217812
0.217812
0.217812
0.217840
0.217836
0.217834
0.217844
0.217844
0.217871
0.217871
0.217874
0.217869
0.217862
0.217894
0.217894
0.217894
0.217894
0.217894
0.217913
0.217913
0.217916
0.217916
0.217916
0.217914
0.217937
0.217938
0.217938
0.217942
0.217942
0.217942
0.217983
0.217983
0.218014
0.218019
0.218019
0.218029
0.218029
0.218040
0.218087
0.218112
0.218112
0.218112
0.218119
0.218119
0.218131
0.218180
0.218180
0.218180
0.218219
0.218257
0.218259
0.218257
0.218255
0.218255
0.218254
0.218260
0.218308
0.218313
0.218337
0.218337
0.218356
0.218367
0.218367
0.218367
0.218370
0.218372
0.218375
0.218375
0.218370
0.218419
0.218430
0.218430
0.218436
0.218450
0.218473
0.218494
0.218513
0.218525
0.218549
0.218552
0.218570
0.218591
0.218601
0.218602
0.218636
0.218644
0.218667
0.218667
0.218690
0.218693
0.218693
0.218693
0.218716
0.218739
0.218743
0.218765
0.218765
0.218765
0.218765
0.218766
0.218767
0.218786
0.218802
0.218802
0.218802
0.218802
0.218811
0.218811
0.218811
0.218804
0.218809
0.218809
0.218819
0.218836
0.218836
0.218844
0.218845
0.218847
0.218847
0.218845
0.218845
0.218845
0.218845
0.218861
0.218861
0.218861
0.218861
0.218862
0.218862
0.218853
0.218853
0.218907
0.218909
0.218909
0.218924
0.218924
0.218932
0.218937
0.219011
0.219011
0.219011
0.219011
0.219012
0.219010
0.219012
0.219012
0.219015
0.219015
0.219016
0.219021
0.219021
0.219032
0.219082
0.219082
0.219081
0.219090
0.219112
0.219112
0.219122
0.219133
0.219161
0.219171
0.219176
0.219176
0.219177
0.219260
0.219268
0.219268
0.219284
0.219312
0.219319
0.219327
0.219328
0.219331
0.219333
0.219333
0.219333
0.219327
0.219327
0.219327
0.219393
0.219397
0.219389
0.219389
0.219391
0.219391
0.219391
0.219391
0.219391
0.219391
0.219391
0.219391
0.219401
0.219401
0.219405
0.219429
0.219427
0.219427
0.219427
0.219434
0.219446
0.219446
0.219446
0.219459
0.219464
0.219461
0.219462
0.219461
0.219469
0.219473
0.219471
0.219471
0.219471
0.219480
0.219480
0.219487
0.219516
0.219516
0.219586
0.219586
0.219624
0.219621
0.219621
0.219621
0.219685
0.219685
0.219826
0.219826
0.219826
0.219833
0.219835
0.219835
0.219871
0.219884
0.219891
0.219895
0.220035
0.220035
0.220036
0.220064
0.220067
0.220109
0.220115
0.220124
0.220141
0.220146
0.220146
0.220159
0.220160
0.220176
0.220176
0.220176
0.220176
0.220176
0.220186
0.220186
0.220186
0.220374
0.220374
0.220374
0.220393
0.220415
0.220413
0.220413
0.220428
0.220428
0.220428
0.220428
0.220428
0.220428
0.220428
0.220432
0.220434
0.220434
0.220434
0.220445
0.220485
0.220496
0.220496
0.220496
0.220498
0.220498
0.220498
0.220498
0.220498
0.220500
0.220500
0.220500
0.220500
0.220500
0.220501
0.220501
0.220501
0.220514
0.220538
0.220576
0.220582
0.220582
0.220581
0.220581
0.220584
0.220584
0.220584
0.220585
0.220589
0.220589
0.220602
0.220600
0.220611
0.220611
0.220611
0.220651
0.220651
0.220651
0.220651
0.220651
0.220666
0.220680
0.220680
0.220694
0.220773
0.220774
0.220775
0.220810
0.220810
0.220855
0.220867
0.220867
0.220906
0.220906
0.220906
0.220906
0.220906
0.220906
0.220909
0.220909
0.220909
0.220909
0.220939
0.220939
0.220944
0.220945
0.220989
0.220989
0.220989
0.220990
0.220983
0.220983
0.221009
0.221009
0.221009
0.221009
0.221009
0.221019
0.221056
0.221056
0.221059
0.221059
0.221059
0.221059
0.221059
0.221043
0.221068
0.221066
0.221066
0.221066
0.221058
0.221064
0.221064
0.221072
0.221072
0.221076
0.221105
0.221110
0.221147
0.221175
0.221175
0.221178
0.221179
0.221198
0.221198
0.221198
0.221228
0.221228
0.221241
0.221241
0.221241
0.221244
0.221277
0.221271
0.221405
0.221404
0.221404
0.221412
0.221418
0.221536
0.221540
0.221547
0.221547
0.221547
0.221514
0.221514
0.221524
0.221524
0.221576
0.221576
0.221576
0.221585
0.221566
0.221572
0.221572
0.221591
0.221600
0.221600
0.221600
0.221618
0.221623
0.221633
0.221633
0.221633
0.221633
0.221633
0.221633
0.221633
0.221634
0.221634
0.221636
0.221685
0.221685
0.221702
0.221714
0.221714
0.221721
0.221727
0.221729
0.221736
0.221738
0.221738
0.221743
0.221793
0.221793
0.221834
0.221834
0.221843
0.221844
0.221888
0.221888
0.221888
0.221895
0.221895
0.221931
0.221932
0.221947
0.221974
0.221974
0.221974
0.221987
0.221983
0.221990
0.222075
0.222094
0.222110
0.222111
0.222115
0.222123
0.222123
0.222122
0.222147
0.222159
0.222159
0.222159
0.222213
0.222213
0.222230
0.222230
0.222230
0.222243
0.222250
0.222250
0.222250
0.222246
0.222274
0.222274
0.222274
0.222274
0.222288
0.222291
0.222291
0.222291
0.222291
0.222291
0.222292
0.222321
0.222321
0.222338
0.222338
0.222355
0.222364
0.222364
0.222363
0.222366
0.222420
0.222430
0.222430
0.222440
0.222467
0.222476
0.222476
0.222487
0.222499
0.222514
0.222509
0.222509
0.222513
0.222513
0.222598
0.222606
0.222668
0.222668
0.222671
0.222672
0.222672
0.222672
0.222688
0.222688
0.222689
0.222713
0.222713
0.222715
0.222722
0.222722
0.222722
0.222730
0.222754
0.222755
0.222800
0.222800
0.222800
0.222814
0.222860
0.222864
0.222864
0.222875
0.222875
0.222875
0.222877
0.222937
0.222937
0.222941
0.222932
0.222954
0.223030
0.223052
0.223052
0.223058
0.223065
0.223068
0.223068
0.223098
0.223120
0.223121
0.223121
0.223125
0.223125
0.223132
0.223133
0.223134
0.223190
0.223190
0.223190
0.223227
0.223258
0.223258
0.223258
0.223257
0.223261
0.223260
0.223261
0.223264
0.223264
0.223267
0.223267
0.223267
0.223268
0.223279
0.223279
0.223292
0.223297
0.223297
0.223297
0.223297
0.223297
0.223298
0.223318
0.223318
0.223328
0.223328
0.223334
0.223340
0.223342
0.223344
0.223344
0.223344
0.223344
0.223344
0.223377
0.223376
0.223376
0.223382
0.223384
0.223398
0.223427
0.223435
0.223435
0.223435
0.223448
0.223455
0.223455
0.223454
0.223454
0.223471
0.223474
0.223480
0.223480
0.223480
0.223480
0.223480
0.223483
0.223483
0.223517
0.223514
0.223527
0.223527
0.223527
0.223547
0.223552
0.223552
0.223561
0.223573
0.223578
0.223584
0.223584
0.223592
0.223601
0.223601
0.223601
0.223607
0.223635
0.223635
0.223642
0.223646
0.223651
0.223651
0.223651
0.223651
0.223651
0.223653
0.223653
0.223653
0.223653
0.223653
0.223653
0.223653
0.223653
0.223653
0.223653
0.223653
0.223685
0.223729
0.223727
0.223728
0.223728
0.223751
0.223782
0.223782
0.223782
0.223782
0.223782
0.223782
0.223801
0.223801
0.223829
0.223829
0.223829
0.223827
0.223827
0.223888
0.223896
0.223897
0.223902
0.223902
0.223902
0.223960
0.223990
0.223990
0.223990
0.223992
0.223992
0.224001
0.224001
0.224001
0.224001
0.224001
0.224040
0.224041
0.224041
0.224052
0.224064
0.224068
0.224068
0.224064
0.224064
0.224089
0.224086
0.224087
0.224087
0.224097
0.224097
0.224097
0.224106
0.224106
0.224106
0.224111
0.224112
0.224112
0.224115
0.224116
0.224130
0.224130
0.224132
0.224137
0.224139
0.224139
0.224184
0.224219
0.224216
0.224217
0.224223
0.224219
0.224223
0.224249
0.224255
0.224263
0.224268
0.224274
0.224272
0.224274
0.224274
0.224271
0.224271
0.224273
0.224273
0.224273
0.224276
0.224285
0.224285
0.224285
0.224298
0.224299
0.224299
0.224331
0.224331
0.224334
0.224334
0.224334
0.224334
0.224334
0.224342
0.224342
0.224342
0.224342
0.224343
0.224343
0.224343
0.224344
0.224344
0.224351
0.224353
0.224354
0.224376
0.224376
0.224386
0.224386
0.224386
0.224386
0.224395
0.224395
0.224395
0.224408
0.224408
0.224427
0.224478
0.224478
0.224490
0.224483
0.224483
0.224483
0.224484
0.224486
0.224486
0.224486
0.224489
0.224489
0.224489
0.224489
0.224507
0.224507
0.224507
0.224512
0.224548
0.224578
0.224577
0.224577
0.224593
0.224610
0.224608
0.224608
0.224612
0.224612
0.224614
0.224614
0.224614
0.224615
0.224615
0.224615
0.224617
0.224617
0.224673
0.224673
0.224678
0.224678
0.224678
0.224678
0.224683
0.224684
0.224683
0.224684
0.224684
0.224699
0.224709
0.224704
0.224704
0.224706
0.224708
0.224704
0.224703
0.224708
0.224712
0.224712
0.224713
0.224713
0.224713
0.224730
0.224786
0.224786
0.224800
0.224800
0.224802
0.224800
0.224827
0.224827
0.224827
0.224829
0.224829
0.224829
0.224829
0.224829
0.224829
0.224835
0.224835
0.224840
0.224840
0.224840
0.224836
0.224857
0.224878
0.224873
0.224878
0.224892
0.224893
0.224898
0.224898
0.224905
0.224918
0.224922
0.224922
0.224926
0.224926
0.224924
0.224924
0.224924
0.224926
0.224932
0.224939
0.224941
0.224948
0.224948
0.224948
0.224958
0.224958
0.224958
0.224972
0.224979
0.224996
0.224996
0.224999
0.225007
0.225016
0.225018
0.225025
0.225028
0.225028
0.225053
0.225064
0.225071
0.225071
0.225071
0.225071
0.225073
0.225071
0.225071
0.225071
0.225071
0.225072
0.225072
0.225072
0.225076
0.225075
0.225083
0.225083
0.225083
0.225083
0.225083
0.225083
0.225129
0.225129
0.225129
0.225129
0.225137
0.225137
0.225144
0.225144
0.225161
0.225161
0.225161
0.225161
0.225163
0.225164
0.225184
0.225198
0.225197
0.225197
0.225197
0.225231
0.225228
0.225232
0.225232
0.225240
0.225245
0.225269
0.225280
0.225283
0.225283
0.225319
0.225328
0.225328
0.225328
0.225334
0.225334
0.225351
0.225351
0.225351
0.225434
0.225435
0.225435
0.225443
0.225443
0.225444
0.225444
0.225438
0.225444
0.225444
0.225444
0.225450
0.225461
0.225461
0.225494
0.225494
0.225494
0.225504
0.225504
0.225504
0.225515
0.225537
0.225557
0.225558
0.225562
0.225600
0.225600
0.225600
0.225600
0.225604
0.225612
0.225655
0.225655
0.225663
0.225662
0.225662
0.225670
0.225672
0.225672
0.225668
0.225668
0.225717
0.225727
0.225727
0.225727
0.225750
0.225750
0.225752
0.225752
0.225752
0.225753
0.225766
0.225777
0.225777
0.225777
0.225781
0.225778
0.225786
0.225786
0.225786
0.225786
0.225786
0.225786
0.225786
0.225786
0.225786
0.225792
0.225792
0.225791
0.225785
0.225791
0.225791
0.225791
0.225791
0.225819
0.225815
0.225842
0.225850
0.225851
0.225853
0.225855
0.225861
0.225861
0.225866
0.225866
0.225866
0.225879
0.225879
0.225878
0.225878
0.225911
0.225911
0.225911
0.225911
0.225911
0.225925
0.225925
0.225925
0.225925
0.225934
0.225937
0.225937
0.225940
0.225940
0.226005
0.226032
0.226032
0.226039
0.226054
0.226051
0.226061
0.226061
0.226057
0.226085
0.226097
0.226097
0.226104
0.226099
0.226099
0.226103
0.226119
0.226119
0.226132
0.226130
0.226138
0.226138
0.226139
0.226140
0.226140
0.226144
0.226144
0.226144
0.226141
0.226141
0.226148
0.226150
0.226159
0.226159
0.226163
0.226163
0.226163
0.226166
0.226232
0.226235
0.226235
0.226232
0.226232
0.226232
0.226234
0.226249
0.226248
0.226250
0.226250
0.226250
0.226274
0.226299
0.226300
0.226307
0.226313
0.226338
0.226336
0.226336
0.226341
0.226355
0.226349
0.226367
0.226379
0.226391
0.226392
0.226394
0.226396
0.226397
0.226397
0.226397
0.226412
0.226414
0.226414
0.226419
0.226422
0.226448
0.226478
0.226488
0.226488
0.226504
0.226504
0.226513
0.226513
0.226515
0.226539
0.226542
0.226542
0.226542
0.226545
0.226551
0.226552
0.226552
0.226552
0.226565
0.226582
0.226583
0.226583
0.226583
0.226608
0.226623
0.226623
0.226623
0.226629
0.226629
0.226629
0.226629
0.226629
0.226626
0.226630
0.226630
0.226640
0.226640
0.226640
0.226637
0.226636
0.226636
0.226644
0.226644
0.226637
0.226637
0.226637
0.226637
0.226637
0.226639
0.226639
0.226648
0.226648
0.226637
0.226637
0.226637
0.226638
0.226650
0.226657
0.226663
0.226679
0.226692
0.226692
0.226707
0.226707
0.226707
0.226707
0.226707
0.226715
0.226715
0.226721
0.226721
0.226741
0.226753
0.226762
0.226762
0.226762
0.226818
0.226818
0.226835
0.226831
0.226831
0.226834
0.226827
0.226826
0.226826
0.226831
0.226831
0.226883
0.226883
0.226883
0.226891
0.226899
0.226899
0.226899
0.226922
0.226951
0.226951
0.226951
0.226953
0.226954
0.226954
0.226960
0.226968
0.226968
0.226969
0.226969
0.226971
0.226979
0.227020
0.227021
0.227021
0.227021
0.227029
0.227070
0.227069
0.227069
0.227069
0.227097
0.227097
0.227104
0.227104
0.227103
0.227103
0.227103
0.227103
0.227108
0.227108
0.227116
0.227119
0.227119
0.227120
0.227123
0.227123
0.227133
0.227157
0.227157
0.227179
0.227179
0.227179
0.227179
0.227183
0.227183
0.227184
0.227187
0.227187
0.227187
0.227189
0.227198
0.227198
0.227198
0.227196
0.227196
0.227191
0.227191
0.227187
0.227187
0.227187
0.227187
0.227187
0.227189
0.227214
0.227216
0.227215
0.227215
0.227223
0.227227
0.227231
0.227231
0.227231
0.227239
0.227239
0.227247
0.227253
0.227268
0.227269
0.227269
0.227305
0.227303
0.227303
0.227303
0.227303
0.227302
0.227302
0.227317
0.227317
0.227317
0.227317
0.227332
0.227335
0.227348
0.227354
0.227364
0.227380
0.227380
0.227379
0.227379
0.227379
0.227394
0.227394
0.227397
0.227412
0.227412
0.227430
0.227430
0.227449
0.227486
0.227479
0.227484
0.227484
0.227493
0.227493
0.227493
0.227493
0.227498
0.227508
0.227508
0.227517
0.227521
0.227525
0.227526
0.227534
0.227546
0.227546
0.227587
0.227589
0.227590
0.227590
0.227575
0.227574
0.227623
0.227641
0.227641
0.227641
0.227641
0.227659
0.227658
0.227658
0.227658
0.227662
0.227662
0.227668
0.227678
0.227679
0.227679
0.227681
0.227689
0.227690
0.227690
0.227690
0.227690
0.227690
0.227690
0.227703
0.227703
0.227725
0.227725
0.227725
0.227722
0.227721
0.227725
0.227725
0.227725
0.227725
0.227727
0.227727
0.227757
0.227758
0.227758
0.227777
0.227777
0.227777
0.227777
0.227777
0.227784
0.227784
0.227798
0.227798
0.227798
0.227803
0.227803
0.227822
0.227816
0.227816
0.227814
0.227818
0.227828
0.227828
0.227828
0.227836
0.227836
0.227868
0.227868
0.227890
0.227890
0.227890
0.227910
0.227910
0.227916
0.227916
0.227915
0.227915
0.227917
0.227917
0.227914
0.227914
0.227915
0.227921
0.227921
0.227921
0.227921
0.227926
0.227926
0.227926
0.227933
0.227941
0.227941
0.227942
0.227946
0.227948
0.227948
0.227950
0.227949
0.227949
0.227949
0.227949
0.227956
0.227956
0.227956
0.227957
0.227957
0.227956
0.227956
0.227959
0.227959
0.227959
0.227965
0.227965
0.227965
0.227970
0.227970
0.227970
0.227982
0.227982
0.227982
0.227982
0.227987
0.227990
0.227990
0.227990
0.227991
0.228003
0.228003
0.228003
0.228004
0.228010
0.228010
0.228018
0.228018
0.228018
0.228018
0.228066
0.228066
0.228093
0.228095
0.228128
0.228140
0.228140
0.228138
0.228134
0.228134
0.228134
0.228136
0.228140
0.228143
0.228142
0.228148
0.228148
0.228148
0.228148
0.228146
0.228146
0.228146
0.228148
0.228153
0.228153
0.228153
0.228154
0.228169
0.228172
0.228169
0.228169
0.228169
0.228175
0.228191
0.228193
0.228193
0.228196
0.228196
0.228202
0.228202
0.228204
0.228200
0.228202
0.228202
0.228208
0.228208
0.228208
0.228209
0.228209
0.228215
0.228215
0.228216
0.228217
0.228219
0.228219
0.228219
0.228219
0.228219
0.228214
0.228214
0.228214
0.228252
0.228252
0.228252
0.228259
0.228259
0.228259
0.228261
0.228261
0.228291
0.228286
0.228307
0.228307
0.228309
0.228309
0.228306
0.228306
0.228318
0.228320
0.228331
0.228331
0.228336
0.228337
0.228338
0.228338
0.228341
0.228341
0.228341
0.228341
0.228343
0.228343
0.228352
0.228352
0.228352
0.228352
0.228352
0.228374
0.228381
0.228382
0.228382
0.228411
0.228411
0.228426
0.228426
0.228436
0.228459
0.228459
0.228477
0.228483
0.228484
0.228485
0.228502
0.228502
0.228512
0.228512
0.228513
0.228513
0.228516
0.228538
0.228538
0.228551
0.228570
0.228570
0.228569
0.228569
0.228580
0.228592
0.228594
0.228619
0.228620
0.228620
0.228621
0.228641
0.228655
0.228655
0.228654
0.228665
0.228673
0.228678
0.228678
0.228678
0.228678
0.228739
0.228739
0.228739
0.228735
0.228735
0.228736
0.228736
0.228736
0.228747
0.228749
0.228767
0.228767
0.228767
0.228765
0.228780
0.228780
0.228784
0.228805
0.228809
0.228809
0.228809
0.228813
0.228823
0.228824
0.228824
0.228827
0.228832
0.228832
0.228832
0.228832
0.228832
0.228839
0.228839
0.228839
0.228839
0.228839
0.228839
0.228839
0.228844
0.228857
0.228857
0.228859
0.228868
0.228868
0.228868
0.228906
0.228906
0.228919
0.228925
0.228926
0.228935
0.228935
0.228935
0.228939
0.228940
0.228943
0.228943
0.228943
0.228943
0.228943
0.228943
0.228942
0.228942
0.228938
0.228938
0.228940
0.228940
0.228953
0.228953
0.228953
0.228956
0.228962
0.228962
0.228962
0.228962
0.228966
0.228998
0.229007
0.229007
0.229020
0.229020
0.229022
0.229039
0.229039
0.229046
0.229046
0.229046
0.229041
0.229064
0.229077
0.229077
0.229077
0.229083
0.229089
0.229091
0.229091
0.229092
0.229092
0.229092
0.229095
0.229095
0.229095
0.229095
0.229097
0.229097
0.229100
0.229100
0.229106
0.229106
0.229106
0.229110
0.229115
0.229136
0.229136
0.229136
0.229168
0.229168
0.229165
0.229165
0.229165
0.229172
0.229192
0.229192
0.229195
0.229195
0.229195
0.229197
0.229197
0.229198
0.229198
0.229198
0.229198
0.229198
0.229198
0.229198
0.229246
0.229249
0.229250
0.229250
0.229254
0.229254
0.229262
0.229281
0.229318
0.229320
0.229341
0.229351
0.229351
0.229353
0.229353
0.229353
0.229353
0.229361
0.229361
0.229361
0.229361
0.229361
0.229361
0.229361
0.229361
0.229361
0.229361
0.229369
0.229369
0.229369
0.229369
0.229369
0.229370
0.229381
0.229382
0.229382
0.229382
0.229382
0.229382
0.229395
0.229395
0.229395
0.229407
0.229407
0.229407
0.229407
0.229413
0.229413
0.229413
0.229413
0.229413
0.229412
0.229412
0.229412
0.229426
0.229426
0.229426
0.229439
0.229440
0.229440
0.229440
0.229441
0.229453
0.229455
0.229455
0.229454
0.229464
0.229494
0.229511
0.229511
0.229511
0.229512
0.229508
0.229508
0.229514
0.229516
0.229516
0.229516
0.229516
0.229516
0.229516
0.229525
0.229525
0.229541
0.229546
0.229546
0.229546
0.229546
0.229558
0.229559
0.229559
0.229603
0.229612
0.229617
0.229603
0.229603
0.229603
0.229603
0.229615
0.229615
0.229614
0.229614
0.229619
0.229619
0.229619
0.229681
0.229743
0.229743
0.229743
0.229750
0.229759
0.229759
0.229759
0.229751
0.229751
0.229754
0.229776
0.229776
0.229784
0.229794
0.229792
0.229811
0.229811
0.229809
0.229891
0.229891
0.229903
0.229903
0.229903
0.229903
0.229902
0.229920
0.229920
0.229923
0.229944
0.229953
0.229953
0.229964
0.229962
0.229962
0.229962
0.229984
0.229984
0.229984
0.229990
0.230003
0.230004
0.230013
0.230016
0.230017
0.230112
0.230127
0.230127
0.230127
0.230132
0.230145
0.230145
0.230161
0.230166
0.230166
0.230166
0.230179
0.230179
0.230188
0.230189
0.230189
0.230190
0.230208
0.230208
0.230208
0.230208
0.230208
0.230209
0.230209
0.230207
0.230207
0.230207
0.230207
0.230212
0.230212
0.230212
0.230216
0.230216
0.230216
0.230216
0.230220
0.230220
0.230219
0.230225
0.230227
0.230227
0.230226
0.230237
0.230237
0.230237
0.230237
0.230238
0.230252
0.230251
0.230251
0.230251
0.230298
0.230298
0.230298
0.230296
0.230296
0.230294
0.230294
0.230298
0.230301
0.230301
0.230306
0.230303
0.230303
0.230303
0.230303
0.230304
0.230305
0.230305
0.230305
0.230323
0.230323
0.230323
0.230323
0.230321
0.230321
0.230325
0.230325
0.230360
0.230359
0.230359
0.230367
0.230439
0.230460
0.230460
0.230463
0.230470
0.230470
0.230467
0.230468
0.230468
0.230468
0.230468
0.230468
0.230482
0.230482
0.230482
0.230482
0.230482
0.230482
0.230482
0.230482
0.230481
0.230481
0.230481
0.230483
0.230483
0.230493
0.230493
0.230493
0.230505
0.230505
0.230536
0.230547
0.230564
0.230564
0.230564
0.230569
0.230570
0.230571
0.230581
0.230587
0.230620
0.230620
0.230618
0.230618
0.230616
0.230616
0.230617
0.230617
0.230617
0.230649
0.230681
0.230675
0.230675
0.230675
0.230687
0.230692
0.230697
0.230696
0.230696
0.230698
0.230699
0.230699
0.230699
0.230699
0.230700
0.230702
0.230702
0.230702
0.230699
0.230700
0.230708
0.230717
0.230717
0.230717
0.230717
0.230719
0.230719
0.230723
0.230723
0.230723
0.230723
0.230723
0.230747
0.230750
0.230750
0.230768
0.230775
0.230779
0.230779
0.230779
0.230779
0.230781
0.230781
0.230781
0.230784
0.230784
0.230793
0.230824
0.230824
0.230850
0.230864
0.230865
0.230865
0.230867
0.230876
0.230882
0.230882
0.230882
0.230924
0.230924
0.230939
0.230939
0.230947
0.230951
0.230951
0.230951
0.230949
0.230957
0.230957
0.230957
0.230960
0.230970
0.230970
0.230983
0.230983
0.230993
0.230993
0.230990
0.230992
0.230992
0.230998
0.230998
0.231011
0.231012
0.231012
0.231015
0.231017
0.231021
0.231021
0.231049
0.231052
0.231056
0.231101
0.231100
0.231101
0.231101
0.231124
0.231137
0.231152
0.231152
0.231152
0.231153
0.231153
0.231154
0.231169
0.231169
0.231175
0.231186
0.231186
0.231188
0.231188
0.231188
0.231197
0.231197
0.231199
0.231199
0.231200
0.231201
0.231208
0.231208
0.231207
0.231218
0.231218
0.231243
0.231242
0.231244
0.231244
0.231244
0.231244
0.231244
0.231244
0.231244
0.231244
0.231242
0.231242
0.231242
0.231244
0.231244
0.231244
0.231244
0.231244
0.231255
0.231255
0.231255
0.231272
0.231285
0.231286
0.231295
0.231297
0.231305
0.231345
0.231345
0.231351
0.231361
0.231368
0.231368
0.231368
0.231370
0.231370
0.231370
0.231370
0.231392
0.231392
0.231392
0.231394
0.231394
0.231394
0.231418
0.231431
0.231431
0.231431
0.231431
0.231431
0.231431
0.231430
0.231430
0.231442
0.231442
0.231444
0.231444
0.231445
0.231445
0.231493
0.231493
0.231493
0.231499
0.231505
0.231505
0.231508
0.231508
0.231508
0.231509
0.231509
0.231509
0.231509
0.231538
0.231539
0.231539
0.231536
0.231543
0.231544
0.231556
0.231558
0.231568
0.231568
0.231568
0.231577
0.231575
0.231585
0.231585
0.231586
0.231584
0.231591
0.231591
0.231591
0.231595
0.231598
0.231598
0.231611
0.231610
0.231610
0.231615
0.231619
0.231619
0.231613
0.231610
0.231613
0.231613
0.231613
0.231613
0.231613
0.231613
0.231614
0.231626
0.231626
0.231626
0.231626
0.231626
0.231672
0.231672
0.231672
0.231671
0.231671
0.231684
0.231685
0.231685
0.231685
0.231687
0.231779
0.231779
0.231780
0.231781
0.231780
0.231780
0.231780
0.231780
0.231778
0.231787
0.231787
0.231792
0.231805
0.231805
0.231805
0.231806
0.231806
0.231808
0.231808
0.231808
0.231815
0.231815
0.231815
0.231815
0.231815
0.231815
0.231815
0.231816
0.231836
0.231836
0.231811
0.231811
0.231816
0.231816
0.231816
0.231824
0.231824
0.231849
0.231874
0.231874
0.231886
0.231887
0.231886
0.231889
0.231889
0.231889
0.231908
0.231908
0.231927
0.231927
0.231927
0.231927
0.231936
0.231936
0.231936
0.231939
0.231936
0.231939
0.231939
0.231948
0.231951
0.231953
0.231953
0.231953
0.231953
0.231953
0.231954
0.231948
0.231948
0.231948
0.231948
0.231957
0.231993
0.231993
0.231993
0.231993
0.231993
0.231989
0.231990
0.231990
0.231997
0.232011
0.232011
0.232033
0.232033
0.232033
0.232041
0.232041
0.232038
0.232043
0.232043
0.232043
0.232046
0.232046
0.232049
0.232096
0.232096
0.232096
0.232096
0.232096
0.232098
0.232097
0.232107
0.232110
0.232110
0.232112
0.232114
0.232115
0.232115
0.232116
0.232116
0.232115
0.232115
0.232115
0.232115
0.232115
0.232116
0.232116
0.232116
0.232116
0.232119
0.232119
0.232119
0.232115
0.232115
0.232115
0.232115
0.232115
0.232125
0.232128
0.232128
0.232128
0.232126
0.232140
0.232140
0.232157
0.232157
0.232157
0.232170
0.232178
0.232178
0.232178
0.232178
0.232184
0.232184
0.232184
0.232197
0.232197
0.232206
0.232208
0.232212
0.232234
0.232234
0.232233
0.232231
0.232236
0.232238
0.232238
0.232238
0.232238
0.232238
0.232240
0.232240
0.232244
0.232244
0.232242
0.232242
0.232242
0.232245
0.232245
0.232245
0.232245
0.232245
0.232245
0.232245
0.232245
0.232245
0.232268
0.232282
0.232282
0.232282
0.232279
0.232280
0.232280
0.232290
0.232295
0.232295
0.232296
0.232307
0.232308
0.232312
0.232308
0.232308
0.232311
0.232311
0.232312
0.232319
0.232319
0.232322
0.232322
0.232322
0.232322
0.232322
0.232322
0.232322
0.232323
0.232341
0.232341
0.232349
0.232349
0.232349
0.232349
0.232349
0.232348
0.232348
0.232352
0.232352
0.232354
0.232360
0.232360
0.232360
0.232360
0.232360
0.232360
0.232361
0.232365
0.232368
0.232368
0.232368
0.232368
0.232368
0.232382
0.232382
0.232381
0.232381
0.232391
0.232391
0.232392
0.232398
0.232407
0.232423
0.232426
0.232432
0.232441
0.232443
0.232443
0.232468
0.232472
0.232472
0.232472
0.232472
0.232472
0.232473
0.232473
0.232473
0.232476
0.232476
0.232478
0.232478
0.232478
0.232484
0.232484
0.232484
0.232490
0.232490
0.232490
0.232490
0.232490
0.232491
0.232519
0.232526
0.232526
0.232529
0.232529
0.232529
0.232534
0.232534
0.232538
0.232538
0.232560
0.232551
0.232568
0.232575
0.232575
0.232575
0.232576
0.232576
0.232578
0.232584
0.232584
0.232587
0.232589
0.232590
0.232589
0.232602
0.232602
0.232601
0.232601
0.232605
0.232604
0.232613
0.232613
0.232616
0.232616
0.232616
0.232616
0.232616
0.232641
0.232659
0.232659
0.232659
0.232659
0.232659
0.232684
0.232684
0.232703
0.232703
0.232703
0.232703
0.232703
0.232703
0.232705
0.232708
0.232708
0.232708
0.232708
0.232716
0.232722
0.232743
0.232749
0.232762
0.232762
0.232763
0.232777
0.232777
0.232777
0.232777
0.232777
0.232782
0.232782
0.232878
0.232878
0.232878
0.232894
0.232894
0.232895
0.232898
0.232898
0.232898
0.232898
0.232902
0.232915
0.232915
0.232915
0.232915
0.232929
0.232936
0.232946
0.232946
0.232993
0.232997
0.232997
0.232997
0.232999
0.232999
0.232998
0.233006
0.233005
0.233005
0.233007
0.233011
0.233011
0.233010
0.233010
0.233019
0.233019
0.233019
0.233020
0.233020
0.233020
0.233027
0.233027
0.233029
0.233029
0.233029
0.233033
0.233033
0.233042
0.233042
0.233042
0.233043
0.233058
0.233059
0.233059
0.233059
0.233059
0.233060
0.233062
0.233062
0.233062
0.233072
0.233076
0.233083
0.233083
0.233083
0.233091
0.233094
0.233094
0.233094
0.233100
0.233104
0.233102
0.233102
0.233102
0.233103
0.233103
0.233104
0.233104
0.233104
0.233105
0.233105
0.233105
0.233105
0.233115
0.233116
0.233116
0.233116
0.233116
0.233115
0.233108
0.233108
0.233114
0.233109
0.233109
0.233112
0.233112
0.233112
0.233129
0.233129
0.233134
0.233134
0.233131
0.233131
0.233132
0.233144
0.233149
0.233150
0.233161
0.233161
0.233161
0.233161
0.233166
0.233166
0.233197
0.233197
0.233197
0.233197
0.233197
0.233213
0.233213
0.233213
0.233213
0.233213
0.233217
0.233222
0.233223
0.233224
0.233242
0.233253
0.233268
0.233268
0.233267
0.233267
0.233270
0.233268
0.233278
0.233278
0.233275
0.233274
0.233285
0.233288
0.233289
0.233289
0.233289
0.233289
0.233310
0.233310
0.233315
0.233315
0.233315
0.233314
0.233314
0.233314
0.233314
0.233315
0.233316
0.233313
0.233313
0.233345
0.233354
0.233355
0.233355
0.233355
0.233355
0.233367
0.233367
0.233370
0.233369
0.233371
0.233374
0.233374
0.233374
0.233374
0.233375
0.233375
0.233375
0.233375
0.233375
0.233376
0.233389
0.233387
0.233387
0.233387
0.233400
0.233405
0.233416
0.233416
0.233419
0.233426
0.233426
0.233423
0.233427
0.233428
0.233428
0.233439
0.233439
0.233439
0.233439
0.233439
0.233442
0.233453
0.233460
0.233459
0.233462
0.233471
0.233471
0.233469
0.233469
0.233467
0.233468
0.233471
0.233482
0.233482
0.233482
0.233482
0.233487
0.233494
0.233506
0.233506
0.233506
0.233527
0.233537
0.233537
0.233537
0.233538
0.233540
0.233540
0.233546
0.233546
0.233546
0.233547
0.233547
0.233547
0.233547
0.233551
0.233551
0.233551
0.233551
0.233553
0.233553
0.233553
0.233553
0.233554
0.233555
0.233555
0.233555
0.233561
0.233561
0.233561
0.233563
0.233563
0.233563
0.233563
0.233563
0.233564
0.233564
0.233564
0.233564
0.233573
0.233573
0.233596
0.233596
0.233596
0.233596
0.233595
0.233595
0.233595
0.233595
0.233595
0.233595
0.233603
0.233603
0.233603
0.233603
0.233608
0.233605
0.233605
0.233605
0.233605
0.233607
0.233614
0.233614
0.233614
0.233631
0.233631
0.233642
0.233644
0.233644
0.233647
0.233646
0.233646
0.233646
0.233653
0.233648
0.233655
0.233655
0.233655
0.233655
0.233655
0.233655
0.233654
0.233654
0.233662
0.233664
0.233666
0.233666
0.233666
0.233664
0.233664
0.233676
0.233676
0.233701
0.233701
0.233701
0.233710
0.233735
0.233735
0.233763
0.233765
0.233765
0.233765
0.233765
0.233766
0.233783
0.233783
0.233783
0.233797
0.233795
0.233814
0.233820
0.233820
0.233820
0.233820
0.233826
0.233825
0.233825
0.233825
0.233825
0.233831
0.233833
0.233837
0.233838
0.233838
0.233839
0.233842
0.233842
0.233842
0.233842
0.233842
0.233842
0.233842
0.233842
0.233852
0.233852
0.233852
0.233852
0.233852
0.233852
0.233852
0.233852
0.233852
0.233859
0.233859
0.233859
0.233859
0.233893
0.233896
0.233896
0.233954
0.233951
0.233951
0.233947
0.233952
0.233952
0.233955
0.233955
0.233955
0.233963
0.233963
0.233981
0.233986
0.233984
0.233984
0.233984
0.233984
0.233984
0.233988
0.233989
0.233989
0.233990
0.233990
0.233992
0.233993
0.233996
0.234005
0.234005
0.234005
0.234026
0.234026
0.234032
0.234032
0.234032
0.234032
0.234032
0.234035
0.234046
0.234062
0.234062
0.234062
0.234061
0.234065
0.234068
0.234068
0.234067
0.234068
0.234068
0.234068
0.234068
0.234081
0.234085
0.234085
0.234097
0.234094
0.234094
0.234094
0.234100
0.234102
0.234113
0.234113
0.234113
0.234120
0.234120
0.234120
0.234128
0.234128
0.234128
0.234128
0.234128
0.234128
0.234128
0.234175
0.234175
0.234175
0.234175
0.234180
0.234180
0.234198
0.234198
0.234198
0.234195
0.234234
0.234234
0.234232
0.234233
0.234233
0.234232
0.234234
0.234246
0.234252
0.234253
0.234253
0.234261
0.234296
0.234296
0.234308
0.234309
0.234318
0.234317
0.234317
0.234317
0.234317
0.234317
0.234317
0.234319
0.234312
0.234312
0.234317
0.234345
0.234345
0.234345
0.234345
0.234345
0.234345
0.234346
0.234366
0.234366
0.234380
0.234380
0.234385
0.234385
0.234385
0.234380
0.234380
0.234380
0.234380
0.234380
0.234380
0.234383
0.234383
0.234381
0.234387
0.234395
0.234395
0.234396
0.234396
0.234396
0.234396
0.234396
0.234402
0.234399
0.234399
0.234399
0.234399
0.234437
0.234453
0.234453
0.234453
0.234453
0.234457
0.234460
0.234460
0.234483
0.234483
0.234483
0.234483
0.234483
0.234484
0.234489
0.234489
0.234489
0.234489
0.234491
0.234494
0.234494
0.234494
0.234496
0.234496
0.234503
0.234510
0.234532
0.234533
0.234538
0.234538
0.234538
0.234538
0.234538
0.234541
0.234566
0.234562
0.234558
0.234564
0.234585
0.234598
0.234607
0.234607
0.234607
0.234608
0.234608
0.234608
0.234613
0.234626
0.234647
0.234647
0.234655
0.234655
0.234655
0.234655
0.234656
0.234658
0.234658
0.234658
0.234657
0.234658
0.234666
0.234666
0.234700
0.234700
0.234700
0.234707
0.234724
0.234724
0.234722
0.234729
0.234731
0.234744
0.234744
0.234744
0.234744
0.234741
0.234741
0.234741
0.234738
0.234737
0.234745
0.234745
0.234745
0.234746
0.234752
0.234752
0.234752
0.234754
0.234754
0.234764
0.234764
0.234764
0.234782
0.234782
0.234829
0.234829
0.234829
0.234829
0.234836
0.234836
0.234837
0.234837
0.234837
0.234836
0.234836
0.234836
0.234863
0.234863
0.234863
0.234863
0.234866
0.234856
0.234862
0.234863
0.234863
0.234870
0.234891
0.234891
0.234890
0.234889
0.234930
0.234932
0.234932
0.234963
0.234968
0.234968
0.234967
0.234967
0.234967
0.234967
0.234970
0.234970
0.234970
0.235015
0.235015
0.235030
0.235030
0.235031
0.235031
0.235031
0.235037
0.235037
0.235172
0.235176
0.235176
0.235176
0.235176
0.235176
0.235176
0.235170
0.235170
0.235170
0.235178
0.235178
0.235178
0.235178
0.235178
0.235178
0.235178
0.235179
0.235179
0.235179
0.235179
0.235185
0.235185
0.235185
0.235185
0.235185
0.235188
0.235181
0.235218
0.235218
0.235229
0.235229
0.235244
0.235244
0.235271
0.235300
0.235300
0.235285
0.235301
0.235309
0.235309
0.235309
0.235309
0.235327
0.235327
0.235327
0.235327
0.235330
0.235330
0.235330
0.235329
0.235328
0.235328
0.235328
0.235328
0.235400
0.235400
0.235401
0.235403
0.235403
0.235403
0.235416
0.235416
0.235416
0.235416
0.235416
0.235416
0.235435
0.235435
0.235435
0.235435
0.235435
0.235435
0.235435
0.235436
0.235436
0.235434
0.235432
0.235432
0.235432
0.235432
0.235444
0.235446
0.235446
0.235446
0.235442
0.235442
0.235482
0.235483
0.235494
0.235494
0.235494
0.235490
0.235497
0.235497
0.235497
0.235500
0.235505
0.235504
0.235510
0.235520
0.235535
0.235541
0.235541
0.235541
0.235541
0.235542
0.235543
0.235541
0.235541
0.235546
0.235548
0.235548
0.235548
0.235548
0.235553
0.235553
0.235553
0.235554
0.235554
0.235554
0.235566
0.235566
0.235566
0.235567
0.235577
0.235597
0.235597
0.235609
0.235609
0.235620
0.235620
0.235620
0.235620
0.235620
0.235628
0.235637
0.235638
0.235638
0.235658
0.235671
0.235671
0.235697
0.235697
0.235697
0.235697
0.235712
0.235715
0.235715
0.235715
0.235715
0.235715
0.235715
0.235716
0.235718
0.235718
0.235718
0.235718
0.235718
0.235718
0.235724
0.235724
0.235724
0.235724
0.235724
0.235736
0.235745
0.235745
0.235754
0.235753
0.235753
0.235753
0.235753
0.235757
0.235759
0.235759
0.235774
0.235775
0.235778
0.235779
0.235803
0.235803
0.235803
0.235801
0.235801
0.235802
0.235816
0.235816
0.235816
0.235816
0.235831
0.235833
0.235845
0.235845
0.235845
0.235860
0.235861
0.235868
0.235873
0.235884
0.235886
0.235884
0.235895
0.235895
0.235914
0.235915
0.235916
0.235916
0.235917
0.235917
0.235917
0.235917
0.235920
0.235920
0.235933
0.235938
0.235938
0.235938
0.235937
0.235938
0.235953
0.235955
0.235955
0.235955
0.235955
0.235955
0.235955
0.235955
0.235964
0.235964
0.235964
0.235964
0.235964
0.235964
0.235961
0.235961
0.235962
0.235962
0.235962
0.235963
0.235963
0.235968
0.235981
0.236040
0.236041
0.236041
0.236054
0.236065
0.236066
0.236069
0.236097
0.236104
0.236107
0.236107
0.236107
0.236111
0.236113
0.236113
0.236112
0.236112
0.236116
0.236127
0.236127
0.236129
0.236129
0.236129
0.236129
0.236129
0.236129
0.236129
0.236134
0.236135
0.236135
0.236135
0.236135
0.236138
0.236139
0.236139
0.236139
0.236146
0.236146
0.236146
0.236153
0.236153
0.236158
0.236158
0.236158
0.236172
0.236172
0.236181
0.236181
0.236181
0.236181
0.236177
0.236177
0.236177
0.236190
0.236190
0.236190
0.236211
0.236215
0.236222
0.236220
0.236226
0.236226
0.236226
0.236226
0.236232
0.236230
0.236230
0.236233
0.236233
0.236238
0.236238
0.236238
0.236238
0.236238
0.236238
0.236237
0.236240
0.236240
0.236244
0.236244
0.236265
0.236267
0.236267
0.236282
0.236283
0.236289
0.236308
0.236310
0.236307
0.236307
0.236311
0.236317
0.236317
0.236336
0.236336
0.236336
0.236336
0.236329
0.236329
0.236327
0.236327
0.236329
0.236347
0.236347
0.236349
0.236349
0.236349
0.236348
0.236348
0.236348
0.236348
0.236353
0.236353
0.236353
0.236353
0.236353
0.236353
0.236356
0.236356
0.236356
0.236356
0.236357
0.236357
0.236378
0.236378
0.236378
0.236378
0.236378
0.236378
0.236378
0.236374
0.236380
0.236393
0.236393
0.236393
0.236409
0.236417
0.236422
0.236427
0.236427
0.236440
0.236440
0.236440
0.236443
0.236468
0.236468
0.236468
0.236468
0.236486
0.236486
0.236488
0.236488
0.236491
0.236492
0.236496
0.236496
0.236496
0.236495
0.236495
0.236499
0.236503
0.236507
0.236507
0.236507
0.236506
0.236507
0.236507
0.236507
0.236509
0.236509
0.236509
0.236511
0.236511
0.236511
0.236507
0.236507
0.236515
0.236515
0.236523
0.236542
0.236543
0.236541
0.236541
0.236542
0.236550
0.236553
0.236554
0.236554
0.236555
0.236555
0.236576
0.236576
0.236577
0.236577
0.236577
0.236577
0.236577
0.236577
0.236577
0.236577
0.236577
0.236577
0.236577
0.236577
0.236577
0.236577
0.236579
0.236581
0.236581
0.236581
0.236581
0.236582
0.236597
0.236597
0.236596
0.236652
0.236652
0.236652
0.236652
0.236652
0.236659
0.236659
0.236659
0.236659
0.236653
0.236653
0.236653
0.236669
0.236669
0.236669
0.236669
0.236669
0.236673
0.236671
0.236686
0.236687
0.236687
0.236696
0.236696
0.236696
0.236696
0.236707
0.236708
0.236721
0.236739
0.236746
0.236746
0.236748
0.236745
0.236745
0.236765
0.236765
0.236765
0.236768
0.236771
0.236771
0.236771
0.236771
0.236771
0.236771
0.236771
0.236771
0.236771
0.236771
0.236771
0.236771
0.236770
0.236779
0.236782
0.236798
0.236798
0.236798
0.236798
0.236798
0.236798
0.236803
0.236803
0.236803
0.236807
0.236807
0.236807
0.236807
0.236807
0.236807
0.236807
0.236808
0.236808
0.236832
0.236832
0.236832
0.236832
0.236838
0.236839
0.236839
0.236839
0.236839
0.236839
0.236840
0.236842
0.236842
0.236842
0.236842
0.236842
0.236842
0.236841
0.236841
0.236841
0.236853
0.236853
0.236853
0.236853
0.236853
0.236853
0.236862
0.236862
0.236862
0.236867
0.236867
0.236867
0.236867
0.236867
0.236867
0.236867
0.236865
0.236865
0.236869
0.236882
0.236882
0.236900
0.236900
0.236899
0.236899
0.236911
0.236911
0.236911
0.236913
0.236913
0.236913
0.236910
0.236910
0.236910
0.236910
0.236911
0.236911
0.236926
0.236926
0.236926
0.236934
0.236934
0.236941
0.236940
0.236951
0.236951
0.236951
0.236951
0.236951
0.236949
0.236959
0.236964
0.236964
0.236965
0.236979
0.236984
0.236984
0.236984
0.236984
0.236986
0.236989
0.236990
0.237018
0.237021
0.237023
0.237025
0.237025
0.237040
0.237041
0.237041
0.237072
0.237082
0.237082
0.237082
0.237098
0.237098
0.237098
0.237173
0.237173
0.237173
0.237200
0.237200
0.237200
0.237200
0.237200
0.237202
0.237202
0.237202
0.237202
0.237202
0.237202
0.237213
0.237213
0.237213
0.237219
0.237228
0.237231
0.237230
0.237236
0.237239
0.237250
0.237250
0.237273
0.237273
0.237278
0.237280
0.237280
0.237280
0.237280
0.237294
0.237294
0.237294
0.237294
0.237314
0.237314
0.237314
0.237315
0.237315
0.237314
0.237314
0.237327
0.237324
0.237324
0.237324
0.237324
0.237328
0.237328
0.237323
0.237331
0.237331
0.237339
0.237339
0.237339
0.237339
0.237339
0.237343
0.237343
0.237346
0.237348
0.237361
0.237361
0.237360
0.237363
0.237372
0.237384
0.237384
0.237397
0.237398
0.237400
0.237400
0.237400
0.237400
0.237401
0.237401
0.237401
0.237403
0.237404
0.237405
0.237405
0.237405
0.237411
0.237415
0.237415
0.237415
0.237415
0.237417
0.237417
0.237431
0.237431
0.237432
0.237461
0.237491
0.237489
0.237490
0.237493
0.237502
0.237502
0.237505
0.237505
0.237505
0.237505
0.237537
0.237531
0.237531
0.237531
0.237533
0.237550
0.237550
0.237550
0.237559
0.237559
0.237559
0.237559
0.237569
0.237573
0.237580
0.237580
0.237580
0.237580
0.237580
0.237580
0.237579
0.237579
0.237581
0.237581
0.237582
0.237582
0.237582
0.237587
0.237597
0.237597
0.237597
0.237597
0.237614
0.237614
0.237614
0.237614
0.237613
0.237613
0.237613
0.237613
0.237615
0.237615
0.237615
0.237615
0.237615
0.237615
0.237623
0.237623
0.237623
0.237623
0.237624
0.237633
0.237639
0.237653
0.237653
0.237653
0.237655
0.237654
0.237656
0.237657
0.237658
0.237658
0.237653
0.237659
0.237681
0.237681
0.237681
0.237681
0.237681
0.237718
0.237724
0.237736
0.237736
0.237736
0.237733
0.237733
0.237733
0.237721
0.237721
0.237721
0.237729
0.237728
0.237729
0.237729
0.237729
0.237731
0.237738
0.237741
0.237741
0.237743
0.237743
0.237755
0.237760
0.237760
0.237771
0.237772
0.237772
0.237773
0.237783
0.237782
0.237797
0.237797
0.237797
0.237797
0.237828
0.237828
0.237828
0.237840
0.237847
0.237863
0.237863
0.237863
0.237863
0.237863
0.237863
0.237863
0.237863
0.237871
0.237871
0.237871
0.237871
0.237883
0.237883
0.237883
0.237883
0.237883
0.237883
0.237883
0.237883
0.237883
0.237883
0.237883
0.237885
0.237885
0.237884
0.237884
0.237884
0.237908
0.237908
0.237908
0.237908
0.237925
0.237924
0.237926
0.237926
0.237926
0.237935
0.237935
0.237935
0.237936
0.237936
0.237965
0.237968
0.237968
0.237968
0.237981
0.237981
0.237984
0.237990
0.237990
0.237994
0.237992
0.237998
0.237998
0.237997
0.237998
0.238007
0.238007
0.238009
0.238010
0.238010
0.238010
0.238019
0.238019
0.238019
0.238024
0.238047
0.238047
0.238047
0.238047
0.238051
0.238051
0.238052
0.238052
0.238070
0.238070
0.238070
0.238069
0.238083
0.238083
0.238091
0.238093
0.238102
0.238108
0.238116
0.238127
0.238125
0.238125
0.238134
0.238136
0.238138
0.238154
0.238154
0.238154
0.238165
0.238165
0.238165
0.238180
0.238182
0.238182
0.238184
0.238184
0.238184
0.238189
0.238190
0.238190
0.238198
0.238211
0.238211
0.238211
0.238217
0.238217
0.238217
0.238231
0.238243
0.238250
0.238259
0.238259
0.238259
0.238259
0.238259
0.238259
0.238259
0.238259
0.238259
0.238259
0.238259
0.238259
0.238266
0.238266
0.238266
0.238266
0.238266
0.238266
0.238266
0.238261
0.238261
0.238261
0.238261
0.238261
0.238261
0.238261
0.238261
0.238261
0.238261
0.238261
0.238261
0.238264
0.238263
0.238273
0.238273
0.238304
0.238304
0.238307
0.238307
0.238304
0.238304
0.238304
0.238311
0.238318
0.238353
0.238353
0.238353
0.238357
0.238357
0.238357
0.238357
0.238357
0.238357
0.238361
0.238361
0.238374
0.238374
0.238378
0.238378
0.238378
0.238379
0.238379
0.238378
0.238378
0.238378
0.238378
0.238378
0.238378
0.238378
0.238378
0.238381
0.238381
0.238381
0.238382
0.238382
0.238377
0.238378
0.238378
0.238378
0.238378
0.238378
0.238378
0.238378
0.238381
0.238381
0.238388
0.238388
0.238388
0.238405
0.238405
0.238414
0.238426
0.238430
0.238430
0.238435
0.238438
0.238438
0.238463
0.238473
0.238473
0.238473
0.238473
0.238480
0.238480
0.238472
0.238472
0.238476
0.238477
0.238477
0.238477
0.238477
0.238477
0.238477
0.238478
0.238478
0.238478
0.238478
0.238478
0.238478
0.238478
0.238485
0.238485
0.238485
0.238485
0.238488
0.238503
0.238506
0.238506
0.238506
0.238506
0.238506
0.238506
0.238506
0.238506
0.238531
0.238542
0.238542
0.238542
0.238540
0.238540
0.238541
0.238542
0.238542
0.238542
0.238542
0.238542
0.238542
0.238563
0.238560
0.238560
0.238592
0.238592
0.238592
0.238592
0.238592
0.238596
0.238596
0.238600
0.238600
0.238600
0.238629
0.238629
0.238629
0.238629
0.238629
0.238629
0.238637
0.238658
0.238658
0.238658
0.238661
0.238661
0.238666
0.238671
0.238671
0.238671
0.238675
0.238675
0.238678
0.238678
0.238678
0.238687
0.238687
0.238687
0.238707
0.238707
0.238706
0.238706
0.238706
0.238706
0.238706
0.238706
0.238706
0.238706
0.238706
0.238706
0.238706
0.238706
0.238706
0.238706
0.238713
0.238714
0.238714
0.238714
0.238728
0.238750
0.238750
0.238748
0.238750
0.238750
0.238758
0.238755
0.238757
0.238766
0.238766
0.238768
0.238768
0.238768
0.238768
0.238768
0.238768
0.238773
0.238772
0.238773
0.238773
0.238770
0.238770
0.238770
0.238772
0.238775
0.238775
0.238776
0.238776
0.238780
0.238780
0.238781
0.238781
0.238790
0.238790
0.238795
0.238812
0.238812
0.238812
0.238816
0.238831
0.238831
0.238833
0.238833
0.238835
0.238840
0.238854
0.238854
0.238854
0.238849
0.238850
0.238850
0.238861
0.238864
0.238880
0.238880
0.238880
0.238879
0.238879
0.238886
0.238886
0.238886
0.238886
0.238886
0.238887
0.238905
0.238905
0.238906
0.238913
0.238914
0.238915
0.238911
0.238912
0.238912
0.238919
0.238919
0.238919
0.238919
0.238919
0.238920
0.238927
0.238938
0.238963
0.238964
0.238964
0.238967
0.238972
0.238974
0.238973
0.238973
0.238973
0.238983
0.238984
0.238984
0.238989
0.238994
0.239025
0.239040
0.239042
0.239042
0.239042
0.239041
0.239041
0.239041
0.239040
0.239040
0.239039
0.239039
0.239039
0.239052
0.239052
0.239052
0.239052
0.239050
0.239050
0.239050
0.239050
0.239050
0.239050
0.239050
0.239050
0.239050
0.239050
0.239050
0.239050
0.239056
0.239056
0.239056
0.239056
0.239056
0.239058
0.239058
0.239079
0.239088
0.239088
0.239088
0.239099
0.239100
0.239099
0.239113
0.239111
0.239110
0.239110
0.239110
0.239111
0.239111
0.239116
0.239116
0.239115
0.239115
0.239117
0.239117
0.239117
0.239117
0.239117
0.239117
0.239117
0.239117
0.239117
0.239120
0.239120
0.239123
0.239123
0.239123
0.239125
0.239137
0.239137
0.239153
0.239156
0.239160
0.239159
0.239186
0.239186
0.239206
0.239212
0.239212
0.239212
0.239214
0.239214
0.239214
0.239217
0.239217
0.239225
0.239225
0.239225
0.239225
0.239226
0.239231
0.239231
0.239231
0.239227
0.239229
0.239239
0.239239
0.239251
0.239251
0.239255
0.239255
0.239255
0.239255
0.239255
0.239255
0.239256
0.239271
0.239271
0.239272
0.239272
0.239272
0.239272
0.239282
0.239288
0.239288
0.239293
0.239294
0.239295
0.239295
0.239293
0.239297
0.239318
0.239318
0.239334
0.239347
0.239347
0.239347
0.239351
0.239354
0.239352
0.239355
0.239355
0.239355
0.239356
0.239357
0.239365
0.239365
0.239374
0.239379
0.239379
0.239385
0.239385
0.239403
0.239404
0.239413
0.239413
0.239413
0.239421
0.239423
0.239433
0.239433
0.239434
0.239434
0.239434
0.239435
0.239440
0.239444
0.239444
0.239458
0.239458
0.239483
0.239483
0.239483
0.239483
0.239489
0.239490
0.239490
0.239508
0.239519
0.239519
0.239521
0.239522
0.239522
0.239531
0.239531
0.239539
0.239540
0.239563
0.239563
0.239563
0.239564
0.239564
0.239564
0.239564
0.239567
0.239567
0.239571
0.239571
0.239582
0.239582
0.239582
0.239582
0.239588
0.239588
0.239588
0.239588
0.239588
0.239588
0.239605
0.239608
0.239608
0.239613
0.239612
0.239624
0.239624
0.239625
0.239625
0.239632
0.239632
0.239632
0.239632
0.239635
0.239635
0.239635
0.239636
0.239657
0.239658
0.239658
0.239658
0.239658
0.239658
0.239658
0.239658
0.239658
0.239658
0.239658
0.239658
0.239658
0.239658
0.239658
0.239661
0.239661
0.239661
0.239661
0.239660
0.239660
0.239660
0.239660
0.239661
0.239661
0.239661
0.239668
0.239668
0.239668
0.239682
0.239682
0.239682
0.239681
0.239689
0.239689
0.239690
0.239690
0.239690
0.239690
0.239690
0.239690
0.239690
0.239696
0.239696
0.239696
0.239696
0.239696
0.239698
0.239699
0.239699
0.239699
0.239701
0.239701
0.239701
0.239701
0.239701
0.239701
0.239702
0.239702
0.239702
0.239711
0.239711
0.239711
0.239711
0.239730
0.239747
0.239745
0.239745
0.239745
0.239745
0.239745
0.239745
0.239746
0.239746
0.239848
0.239848
0.239848
0.239862
0.239862
0.239862
0.239867
0.239867
0.239874
0.239883
0.239891
0.239891
0.239893
0.239913
0.239925
0.239929
0.239929
0.239929
0.239930
0.239930
0.239930
0.239930
0.239930
0.239931
0.239932
0.239932
0.239932
0.239932
0.239940
0.239940
0.239940
0.239940
0.239940
0.239940
0.239940
0.239940
0.239940
0.239938
0.239938
0.239943
0.239943
0.239943
0.239943
0.239943
0.239943
0.239956
0.239956
0.239956
0.239956
0.239974
0.239974
0.239974
0.239974
0.239974
0.239974
0.239973
0.239973
0.239973
0.239973
0.239973
0.239973
0.239973
0.239973
0.239973
0.240009
0.240028
0.240043
0.240043
0.240043
0.240043
0.240045
0.240045
0.240053
0.240073
0.240073
0.240073
0.240077
0.240077
0.240078
0.240078
0.240081
0.240081
0.240081
0.240081
0.240082
0.240082
0.240082
0.240083
0.240085
0.240085
0.240085
0.240092
0.240092
0.240094
0.240094
0.240103
0.240103
0.240099
0.240099
0.240108
0.240108
0.240108
0.240108
0.240133
0.240133
0.240141
0.240141
0.240141
0.240142
0.240143
0.240143
0.240143
0.240145
0.240149
0.240149
0.240149
0.240149
0.240149
0.240149
0.240154
0.240154
0.240154
0.240154
0.240161
0.240161
0.240161
0.240161
0.240164
0.240169
0.240169
0.240169
0.240170
0.240175
0.240178
0.240177
0.240178
0.240187
0.240187
0.240187
0.240188
0.240196
0.240199
0.240199
0.240200
0.240205
0.240205
0.240203
0.240203
0.240209
0.240215
0.240214
0.240216
0.240216
0.240216
0.240225
0.240225
0.240227
0.240230
0.240228
0.240231
0.240231
0.240233
0.240233
0.240233
0.240240
0.240240
0.240239
0.240249
0.240250
0.240261
0.240261
0.240262
0.240277
0.240277
0.240277
0.240277
0.240277
0.240274
0.240275
0.240272
0.240272
0.240272
0.240274
0.240274
0.240274
0.240274
0.240274
0.240282
0.240282
0.240282
0.240282
0.240289
0.240289
0.240289
0.240289
0.240294
0.240298
0.240297
0.240297
0.240297
0.240297
0.240297
0.240297
0.240297
0.240297
0.240314
0.240315
0.240315
0.240319
0.240319
0.240324
0.240324
0.240324
0.240326
0.240326
0.240326
0.240334
0.240334
0.240337
0.240337
0.240337
0.240335
0.240339
0.240339
0.240351
0.240353
0.240353
0.240353
0.240371
0.240371
0.240371
0.240371
0.240364
0.240370
0.240370
0.240370
0.240383
0.240383
0.240388
0.240390
0.240390
0.240390
0.240390
0.240390
0.240390
0.240390
0.240390
0.240390
0.240390
0.240392
0.240389
0.240394
0.240397
0.240397
0.240397
0.240400
0.240415
0.240415
0.240414
0.240420
0.240420
0.240435
0.240435
0.240435
0.240435
0.240459
0.240459
0.240459
0.240459
0.240474
0.240473
0.240472
0.240472
0.240472
0.240472
0.240474
0.240481
0.240481
0.240482
0.240482
0.240482
0.240482
0.240482
0.240482
0.240485
0.240485
0.240485
0.240485
0.240484
0.240484
0.240484
0.240484
0.240484
0.240484
0.240488
0.240488
0.240500
0.240500
0.240500
0.240500
0.240501
0.240503
0.240503
0.240504
0.240504
0.240508
0.240508
0.240515
0.240521
0.240534
0.240537
0.240538
0.240541
0.240542
0.240542
0.240542
0.240535
0.240536
0.240536
0.240536
0.240538
0.240538
0.240538
0.240538
0.240538
0.240545
0.240545
0.240542
0.240542
0.240551
0.240551
0.240551
0.240552
0.240552
0.240556
0.240556
0.240560
0.240558
0.240559
0.240559
0.240560
0.240572
0.240588
0.240592
0.240592
0.240611
0.240611
0.240611
0.240613
0.240613
0.240613
0.240613
0.240613
0.240617
0.240617
0.240628
0.240628
0.240628
0.240628
0.240628
0.240635
0.240635
0.240639
0.240639
0.240639
0.240639
0.240639
0.240640
0.240640
0.240651
0.240651
0.240651
0.240651
0.240651
0.240651
0.240651
0.240651
0.240651
0.240651
0.240660
0.240664
0.240664
0.240668
0.240668
0.240668
0.240681
0.240681
0.240682
0.240683
0.240683
0.240683
0.240684
0.240684
0.240684
0.240684
0.240685
0.240685
0.240692
0.240692
0.240692
0.240692
0.240692
0.240692
0.240695
0.240695
0.240695
0.240695
0.240698
0.240698
0.240697
0.240697
0.240699
0.240699
0.240699
0.240699
0.240699
0.240699
0.240699
0.240699
0.240699
0.240700
0.240700
0.240700
0.240712
0.240712
0.240715
0.240715
0.240714
0.240717
0.240717
0.240718
0.240725
0.240732
0.240732
0.240733
0.240732
0.240740
0.240741
0.240741
0.240741
0.240741
0.240750
0.240750
0.240750
0.240750
0.240761
0.240761
0.240761
0.240761
0.240760
0.240760
0.240762
0.240765
0.240765
0.240765
0.240765
0.240765
0.240765
0.240768
0.240768
0.240768
0.240770
0.240770
0.240770
0.240770
0.240770
0.240770
0.240772
0.240772
0.240772
0.240772
0.240772
0.240779
0.240779
0.240775
0.240775
0.240776
0.240781
0.240785
0.240785
0.240785
0.240785
0.240785
0.240786
0.240797
0.240845
0.240845
0.240853
0.240854
0.240859
0.240859
0.240859
0.240863
0.240873
0.240873
0.240876
0.240876
0.240876
0.240877
0.240877
0.240877
0.240878
0.240878
0.240878
0.240878
0.240878
0.240889
0.240889
0.240898
0.240901
0.240901
0.240901
0.240901
0.240901
0.240901
0.240901
0.240901
0.240901
0.240901
0.240903
0.240902
0.240910
0.240910
0.240918
0.240913
0.240913
0.240923
0.240929
0.240929
0.240929
0.240929
0.240929
0.240930
0.240930
0.240930
0.240930
0.240930
0.240934
0.240934
0.240934
0.240936
0.240940
0.240940
0.240940
0.240940
0.240945
0.240945
0.240944
0.240944
0.240946
0.240947
0.240947
0.240947
0.240947
0.240947
0.240947
0.240947
0.240948
0.240956
0.240955
0.240974
0.240974
0.240974
0.240980
0.240980
0.240980
0.240988
0.240988
0.240988
0.240997
0.240995
0.240997
0.241001
0.241001
0.241003
0.241006
0.241006
0.241018
0.241018
0.241020
0.241020
0.241020
0.241020
0.241021
0.241021
0.241021
0.241030
0.241030
0.241030
0.241021
0.241026
0.241030
0.241030
0.241031
0.241041
0.241041
0.241041
0.241051
0.241049
0.241057
0.241064
0.241062
0.241069
0.241069
0.241071
0.241085
0.241087
0.241084
0.241084
0.241084
0.241087
0.241087
0.241093
0.241093
0.241093
0.241093
0.241093
0.241103
0.241103
0.241104
0.241109
0.241109
0.241109
0.241109
0.241109
0.241120
0.241120
0.241120
0.241120
0.241120
0.241120
0.241125
0.241126
0.241126
0.241126
0.241126
0.241134
0.241134
0.241142
0.241144
0.241145
0.241149
0.241148
0.241148
0.241148
0.241148
0.241150
0.241150
0.241150
0.241150
0.241150
0.241150
0.241150
0.241150
0.241150
0.241150
0.241150
0.241150
0.241150
0.241150
0.241150
0.241150
0.241150
0.241150
0.241159
0.241160
0.241160
0.241167
0.241167
0.241167
0.241170
0.241170
0.241170
0.241170
0.241170
0.241170
0.241170
0.241170
0.241170
0.241170
0.241186
0.241186
0.241191
0.241191
0.241193
0.241193
0.241193
0.241197
0.241197
0.241205
0.241211
0.241218
0.241218
0.241214
0.241233
0.241233
0.241246
0.241246
0.241246
0.241246
0.241248
0.241248
0.241248
0.241248
0.241248
0.241248
0.241248
0.241268
0.241268
0.241268
0.241271
0.241271
0.241271
0.241277
0.241277
0.241277
0.241277
0.241277
0.241277
0.241282
0.241282
0.241285
0.241285
0.241285
0.241281
0.241281
0.241317
0.241317
0.241317
0.241315
0.241315
0.241315
0.241336
0.241336
0.241336
0.241334
0.241334
0.241335
0.241335
0.241335
0.241334
0.241333
0.241333
0.241333
0.241336
0.241337
0.241337
0.241338
0.241338
0.241338
0.241338
0.241338
0.241344
0.241345
0.241345
0.241349
0.241349
0.241360
0.241363
0.241379
0.241375
0.241375
0.241375
0.241375
0.241375
0.241382
0.241382
0.241382
0.241383
0.241385
0.241400
0.241400
0.241397
0.241397
0.241398
0.241398
0.241418
0.241420
0.241420
0.241420
0.241420
0.241420
0.241424
0.241424
0.241443
0.241445
0.241445
0.241445
0.241453
0.241453
0.241455
0.241458
0.241458
0.241458
0.241458
0.241458
0.241458
0.241458
0.241458
0.241459
0.241473
0.241473
0.241473
0.241475
0.241475
0.241475
0.241479
0.241479
0.241480
0.241480
0.241480
0.241480
0.241486
0.241486
0.241500
0.241500
0.241500
0.241500
0.241500
0.241507
0.241510
0.241513
0.241513
0.241513
0.241516
0.241516
0.241524
0.241524
0.241540
0.241540
0.241540
0.241542
0.241542
0.241542
0.241542
0.241542
0.241542
0.241543
0.241555
0.241555
0.241555
0.241555
0.241555
0.241555
0.241555
0.241572
0.241572
0.241583
0.241583
0.241590
0.241590
0.241589
0.241592
0.241592
0.241606
0.241606
0.241606
0.241614
0.241614
0.241614
0.241614
0.241619
0.241619
0.241619
0.241619
0.241641
0.241641
0.241641
0.241653
0.241653
0.241653
0.241659
0.241659
0.241659
0.241659
0.241659
0.241663
0.241663
0.241662
0.241662
0.241662
0.241662
0.241662
0.241663
0.241664
0.241664
0.241664
0.241664
0.241664
0.241677
0.241677
0.241677
0.241677
0.241677
0.241677
0.241679
0.241679
0.241680
0.241676
0.241676
0.241678
0.241683
0.241691
0.241702
0.241702
0.241702
0.241702
0.241702
0.241703
0.241703
0.241702
0.241703
0.241703
0.241703
0.241703
0.241706
0.241728
0.241752
0.241752
0.241774
0.241774
0.241774
0.241772
0.241772
0.241772
0.241770
0.241771
0.241775
0.241775
0.241775
0.241775
0.241789
0.241789
0.241789
0.241791
0.241790
0.241790
0.241800
0.241800
0.241800
0.241800
0.241800
0.241800
0.241800
0.241800
0.241800
0.241800
0.241800
0.241800
0.241795
0.241798
0.241798
0.241798
0.241798
0.241798
0.241804
0.241804
0.241804
0.241810
0.241847
0.241847
0.241848
0.241848
0.241848
0.241848
0.241846
0.241846
0.241860
0.241860
0.241860
0.241869
0.241870
0.241870
0.241871
0.241871
0.241871
0.241871
0.241889
0.241889
0.241889
0.241888
0.241901
0.241901
0.241901
0.241902
0.241902
0.241910
0.241910
0.241906
0.241906
0.241906
0.241913
0.241928
0.241928
0.241926
0.241936
0.241936
0.241936
0.241936
0.241936
0.241936
0.241936
0.241936
0.241941
0.241943
0.241943
0.241943
0.241943
0.241951
0.241951
0.241959
0.241959
0.241962
0.241979
0.241979
0.241979
0.241999
0.241999
0.242003
0.242013
0.242014
0.242014
0.242014
0.242064
0.242063
0.242063
0.242067
0.242067
0.242073
0.242073
0.242103
0.242103
0.242098
0.242095
0.242099
0.242099
0.242099
0.242099
0.242099
0.242107
0.242107
0.242107
0.242107
0.242107
0.242107
0.242107
0.242107
0.242107
0.242107
0.242110
0.242108
0.242108
0.242119
0.242119
0.242119
0.242119
0.242119
0.242123
0.242123
0.242123
0.242117
0.242117
0.242123
0.242123
0.242131
0.242150
0.242157
0.242157
0.242157
0.242157
0.242157
0.242168
0.242173
0.242173
0.242184
0.242188
0.242200
0.242210
0.242210
0.242222
0.242222
0.242222
0.242226
0.242226
0.242228
0.242228
0.242229
0.242232
0.242232
0.242244
0.242244
0.242242
0.242245
0.242245
0.242245
0.242245
0.242245
0.242247
0.242257
0.242257
0.242256
0.242256
0.242256
0.242256
0.242256
0.242256
0.242257
0.242257
0.242257
0.242257
0.242254
0.242254
0.242265
0.242265
0.242265
0.242265
0.242265
0.242265
0.242272
0.242272
0.242272
0.242272
0.242272
0.242273
0.242273
0.242280
0.242280
0.242293
0.242293
0.242293
0.242297
0.242307
0.242326
0.242326
0.242326
0.242326
0.242326
0.242326
0.242347
0.242347
0.242347
0.242351
0.242351
0.242351
0.242347
0.242347
0.242352
0.242355
0.242355
0.242355
0.242355
0.242354
0.242354
0.242354
0.242354
0.242354
0.242354
0.242355
0.242357
0.242358
0.242358
0.242357
0.242357
0.242357
0.242357
0.242358
0.242358
0.242358
0.242358
0.242358
0.242358
0.242359
0.242359
0.242360
0.242360
0.242360
0.242370
0.242377
0.242382
0.242382
0.242382
0.242384
0.242389
0.242386
0.242386
0.242386
0.242393
0.242398
0.242398
0.242398
0.242398
0.242409
0.242409
0.242418
0.242440
0.242440
0.242440
0.242441
0.242434
0.242434
0.242440
0.242451
0.242451
0.242455
0.242455
0.242457
0.242457
0.242457
0.242465
0.242465
0.242465
0.242464
0.242464
0.242464
0.242470
0.242476
0.242476
0.242476
0.242472
0.242472
0.242472
0.242473
0.242504
0.242504
0.242507
0.242507
0.242507
0.242508
0.242508
0.242508
0.242508
0.242514
0.242517
0.242517
0.242518
0.242517
0.242517
0.242517
0.242517
0.242517
0.242517
0.242520
0.242520
0.242520
0.242520
0.242520
0.242523
0.242523
0.242524
0.242524
0.242524
0.242535
0.242535
0.242535
0.242535
0.242537
0.242537
0.242559
0.242576
0.242576
0.242579
0.242579
0.242581
0.242579
0.242579
0.242588
0.242588
0.242600
0.242600
0.242600
0.242600
0.242600
0.242600
0.242599
0.242601
0.242604
0.242604
0.242604
0.242604
0.242606
0.242606
0.242606
0.242609
0.242611
0.242611
0.242611
0.242611
0.242611
0.242611
0.242611
0.242611
0.242611
0.242611
0.242612
0.242612
0.242612
0.242612
0.242612
0.242606
0.242610
0.242618
0.242617
0.242617
0.242620
0.242621
0.242621
0.242622
0.242622
0.242622
0.242630
0.242630
0.242631
0.242632
0.242632
0.242632
0.242632
0.242632
0.242632
0.242632
0.242632
0.242632
0.242632
0.242632
0.242632
0.242632
0.242654
0.242654
0.242654
0.242654
0.242654
0.242654
0.242654
0.242654
0.242653
0.242653
0.242653
0.242653
0.242653
0.242653
0.242653
0.242653
0.242653
0.242653
0.242653
0.242662
0.242662
0.242662
0.242662
0.242662
0.242667
0.242667
0.242667
0.242667
0.242667
0.242667
0.242671
0.242671
0.242671
0.242671
0.242673
0.242673
0.242673
0.242663
0.242663
0.242668
0.242668
0.242682
0.242682
0.242682
0.242682
0.242688
0.242688
0.242688
0.242688
0.242686
0.242687
0.242687
0.242689
0.242689
0.242689
0.242689
0.242688
0.242688
0.242688
0.242688
0.242689
0.242689
0.242687
0.242689
0.242699
0.242699
0.242708
0.242708
0.242716
