0.279656
0.286355
0.290457
0.292488
0.297977
0.301747
0.303202
0.304937
0.305039
0.305553
0.306638
0.307405
0.308643
0.308483
0.309244
0.309008
0.309400
0.309406
0.310085
0.310844
0.310825
0.311529
0.311708
0.311988
0.312615
0.312954
0.312942
0.313440
0.313711
0.313928
0.314246
0.314686
0.314706
0.315845
0.316311
0.316711
0.317688
0.317753
0.317777
0.317730
0.317869
0.317994
0.317785
0.317742
0.318468
0.318530
0.318351
0.318255
0.318392
0.318163
0.318183
0.318333
0.318380
0.318385
0.318327
0.318327
0.318499
0.318497
0.318490
0.318368
0.318630
0.318665
0.318791
0.318837
0.318936
0.318753
0.318968
0.318964
0.319050
0.319058
0.319076
0.318900
0.318949
0.319418
0.319418
0.319418
0.319436
0.319371
0.319363
0.319367
0.319386
0.320071
0.320099
0.319968
0.319907
0.320100
0.320100
0.320100
0.320037
0.320037
0.320037
0.319995
0.319979
0.319976
0.319985
0.320024
0.320031
0.320035
0.320064
0.320029
0.319972
0.319972
0.319932
0.319861
0.319949
0.320049
0.320054
0.319892
0.320073
0.320073
0.320157
0.320373
0.320373
0.320483
0.320483
0.320501
0.320501
0.320512
0.320626
0.320661
0.320661
0.320661
0.320661
0.320686
0.320690
0.320810
0.320639
0.320577
0.320648
0.320660
0.320669
0.320705
0.320797
0.320853
0.320883
0.320736
0.320736
0.320772
0.320772
0.320772
0.320774
0.320925
0.320925
0.320890
0.320837
0.320860
0.321035
0.321099
0.321099
0.321109
0.321109
0.321094
0.321094
0.321094
0.321163
0.321223
0.321827
0.321833
0.321982
0.322083
0.322083
0.322086
0.322003
0.322087
0.322087
0.322087
0.322071
0.322015
0.322015
0.322046
0.322046
0.322046
0.322160
0.322215
0.322254
0.322256
0.322256
0.322256
0.322340
0.322500
0.322560
0.322542
0.322697
0.322737
0.322679
0.322691
0.322724
0.322736
0.322736
0.322635
0.322635
0.322635
0.322649
0.322649
0.322650
0.322640
0.322642
0.322642
0.322592
0.322592
0.322567
0.322570
0.322531
0.322519
0.322519
0.322445
0.322466
0.322422
0.322475
0.322427
0.322548
0.322579
0.322579
0.322579
0.322685
0.322702
0.322717
0.322717
0.322765
0.322814
0.322814
0.322814
0.322820
0.323002
0.323062
0.323180
0.323201
0.323204
0.323233
0.323233
0.323254
0.323270
0.323370
0.323370
0.323357
0.323394
0.323413
0.323484
0.323484
0.323494
0.323494
0.323453
0.323478
0.323322
0.323248
0.323248
0.323248
0.323259
0.323272
0.323272
0.323281
0.323595
0.323619
0.323619
0.323607
0.323607
0.323643
0.323560
0.323632
0.323411
0.323430
0.323430
0.323488
0.323488
0.323488
0.323599
0.323599
0.323599
0.323609
0.323609
0.323624
0.323624
0.323624
0.323624
0.323624
0.323624
0.323692
0.323704
0.323690
0.323696
0.323755
0.323461
0.323461
0.323511
0.323517
0.323735
0.323783
0.323836
0.323836
0.323968
0.323968
0.323968
0.323968
0.323968
0.323937
0.323933
0.323933
0.323933
0.323933
0.323933
0.323940
0.324015
0.324015
0.324015
0.324015
0.324015
0.324015
0.324018
0.324018
0.324018
0.324073
0.324073
0.324073
0.324073
0.324073
0.324077
0.324083
0.324083
0.324181
0.324181
0.324181
0.324181
0.324317
0.324317
0.324327
0.324327
0.324327
0.324386
0.324376
0.324376
0.324387
0.324387
0.324387
0.324264
0.324264
0.324295
0.324313
0.324321
0.324332
0.324342
0.324357
0.324429
0.324429
0.324429
0.324429
0.324427
0.324427
0.324427
0.324435
0.324435
0.324435
0.324597
0.324597
0.324615
0.324618
0.324627
0.324622
0.324651
0.324665
0.324699
0.324699
0.324676
0.324677
0.324627
0.324648
0.324648
0.324648
0.324628
0.324628
0.324618
0.324623
0.324671
0.324733
0.324749
0.324780
0.324780
0.324780
0.324780
0.324763
0.324764
0.324764
0.324602
0.324602
0.324617
0.324599
0.324588
0.324531
0.324449
0.324526
0.324526
0.324549
0.324517
0.324517
0.324554
0.324611
0.324627
0.324635
0.324635
0.324635
0.324635
0.324709
0.324709
0.324743
0.324743
0.324743
0.324748
0.324748
0.324748
0.324772
0.324789
0.324795
0.324795
0.324795
0.324795
0.324795
0.324718
0.324576
0.324578
0.324562
0.324573
0.324573
0.324573
0.324573
0.324573
0.324643
0.324643
0.324731
0.324741
0.324758
0.324771
0.324810
0.324803
0.324755
0.324755
0.324758
0.324758
0.324758
0.324758
0.324758
0.324832
0.325073
0.324998
0.325000
0.325000
0.325003
0.324932
0.324932
0.324932
0.324932
0.324932
0.324932
0.324932
0.324932
0.324932
0.324879
0.324886
0.324897
0.324912
0.324868
0.324868
0.324877
0.324903
0.325237
0.325237
0.325237
0.325237
0.325237
0.325239
0.325239
0.325239
0.325186
0.325287
0.325287
0.325296
0.325313
0.325338
0.325359
0.325359
0.325359
0.325362
0.325362
0.325364
0.325364
0.325302
0.325346
0.325346
0.325346
0.325346
0.325346
0.325346
0.325346
0.325803
0.325860
0.325936
0.325981
0.326024
0.326024
0.326024
0.326044
0.326141
0.326141
0.326143
0.326143
0.326151
0.326151
0.326121
0.326081
0.326098
0.326174
0.326174
0.326185
0.326185
0.326152
0.326174
0.326177
0.326177
0.326177
0.326217
0.326245
0.326245
0.326245
0.326247
0.326257
0.326333
0.326377
0.326377
0.326384
0.326384
0.326384
0.326384
0.326384
0.326384
0.326384
0.326473
0.326449
0.326449
0.326559
0.326559
0.326660
0.326686
0.326686
0.326698
0.326698
0.326700
0.326686
0.326687
0.326682
0.326687
0.326687
0.326650
0.326650
0.326650
0.326652
0.326652
0.326656
0.326763
0.326767
0.326767
0.326811
0.326811
0.326907
0.326907
0.326907
0.326921
0.327130
0.327130
0.327170
0.327146
0.327165
0.327168
0.327179
0.327267
0.327267
0.327267
0.327284
0.327217
0.327228
0.327233
0.327233
0.327246
0.327247
0.327256
0.327256
0.327256
0.327256
0.327256
0.327308
0.327335
0.327379
0.327499
0.327499
0.327502
0.327502
0.327495
0.327509
0.327516
0.327516
0.327530
0.327530
0.327530
0.327530
0.327521
0.327441
0.327426
0.327426
0.327428
0.327487
0.327495
0.327510
0.327510
0.327510
0.327510
0.327529
0.327529
0.327529
0.327529
0.327529
0.327622
0.327622
0.327622
0.327622
0.327622
0.327627
0.327627
0.327629
0.327656
0.327656
0.327694
0.327696
0.327680
0.327691
0.327641
0.327641
0.327641
0.327643
0.327647
0.327654
0.327654
0.327657
0.327657
0.327683
0.327832
0.327832
0.327839
0.327839
0.327841
0.327841
0.327841
0.327841
0.327900
0.327900
0.327921
0.327922
0.327964
0.327964
0.327964
0.327967
0.327973
0.327986
0.327986
0.327992
0.328023
0.328023
0.328065
0.328055
0.328055
0.328059
0.328065
0.328065
0.328065
0.328065
0.328065
0.328065
0.328065
0.328066
0.328067
0.328067
0.328067
0.328067
0.328067
0.328067
0.328079
0.328085
0.328087
0.328087
0.328091
0.328091
0.328091
0.328091
0.328091
0.328091
0.328093
0.328093
0.328104
0.328190
0.328199
0.328222
0.328364
0.328364
0.328372
0.328394
0.328414
0.328501
0.328501
0.328439
0.328439
0.328439
0.328439
0.328439
0.328439
0.328447
0.328447
0.328447
0.328447
0.328447
0.328449
0.328449
0.328449
0.328449
0.328449
0.328449
0.328452
0.328468
0.328468
0.328468
0.328468
0.328620
0.328631
0.328634
0.328607
0.328607
0.328607
0.328607
0.328607
0.328607
0.328607
0.328613
0.328830
0.328830
0.328718
0.328719
0.328719
0.328719
0.328719
0.328778
0.328782
0.328782
0.328782
0.328782
0.328787
0.328791
0.328791
0.328797
0.328797
0.328797
0.328797
0.328797
0.328806
0.328814
0.328814
0.328830
0.328949
0.328886
0.328901
0.328901
0.328773
0.328738
0.328738
0.328633
0.328666
0.328706
0.328706
0.328706
0.328706
0.328706
0.328628
0.328626
0.328626
0.328626
0.328644
0.328653
0.328653
0.328653
0.328653
0.328686
0.328686
0.328686
0.328686
0.328790
0.328790
0.328790
0.328795
0.328795
0.328696
0.328696
0.328696
0.328696
0.328715
0.328728
0.328728
0.328728
0.328755
0.328755
0.328755
0.328755
0.328755
0.328755
0.328764
0.328735
0.328756
0.328756
0.328756
0.328796
0.328796
0.328798
0.328800
0.328800
0.328800
0.328800
0.328810
0.328811
0.328811
0.328811
0.328811
0.328811
0.328817
0.328817
0.328817
0.328817
0.328817
0.328817
0.328817
0.328817
0.328828
0.328859
0.328859
0.328859
0.328914
0.328914
0.328924
0.328924
0.328925
0.328956
0.328972
0.329088
0.329086
0.329086
0.329093
0.329094
0.329094
0.329100
0.329100
0.329109
0.329109
0.329109
0.329109
0.329127
0.329127
0.329127
0.329127
0.329479
0.329492
0.329542
0.329552
0.329585
0.329587
0.329587
0.329571
0.329618
0.329618
0.329618
0.329618
0.329632
0.329632
0.329632
0.329632
0.329627
0.329627
0.329627
0.329636
0.329636
0.329636
0.329603
0.329603
0.329603
0.329603
0.329603
0.329603
0.329603
0.329617
0.329617
0.329617
0.329573
0.329573
0.329573
0.329573
0.329579
0.329579
0.329579
0.329550
0.329552
0.329552
0.329553
0.329553
0.329607
0.329607
0.329607
0.329635
0.329642
0.329666
0.329666
0.329666
0.329677
0.329677
0.329685
0.329709
0.329753
0.329753
0.329755
0.329755
0.329755
0.329755
0.329755
0.329756
0.329774
0.329774
0.329777
0.329777
0.329777
0.329777
0.329779
0.329779
0.329779
0.329816
0.329816
0.329816
0.329816
0.329816
0.329830
0.329830
0.329814
0.329822
0.329822
0.329822
0.329823
0.329855
0.329867
0.329867
0.329867
0.329929
0.329934
0.329943
0.329944
0.329944
0.329953
0.329953
0.329984
0.329984
0.329987
0.329987
0.330001
0.330001
0.330064
0.330064
0.330064
0.330064
0.330102
0.330104
0.330104
0.330104
0.330104
0.330104
0.330104
0.330104
0.330117
0.330117
0.330117
0.330117
0.330117
0.330157
0.330157
0.330161
0.330206
0.330133
0.330133
0.330133
0.330133
0.330184
0.330235
0.330235
0.330244
0.330249
0.330259
0.330261
0.330287
0.330287
0.330288
0.330234
0.330245
0.330249
0.330274
0.330274
0.330278
0.330285
0.330285
0.330285
0.330285
0.330285
0.330285
0.330302
0.330302
0.330302
0.330302
0.330337
0.330316
0.330316
0.330316
0.330316
0.330317
0.330317
0.330317
0.330317
0.330317
0.330375
0.330385
0.330385
0.330431
0.330431
0.330453
0.330453
0.330453
0.330453
0.330459
0.330479
0.330479
0.330479
0.330500
0.330500
0.330500
0.330500
0.330522
0.330522
0.330523
0.330523
0.330523
0.330536
0.330536
0.330537
0.330537
0.330537
0.330537
0.330537
0.330587
0.330632
0.330632
0.330632
0.330642
0.330642
0.330665
0.330665
0.330665
0.330683
0.330684
0.330684
0.330684
0.330684
0.330684
0.330687
0.330687
0.330687
0.330691
0.330691
0.330691
0.330726
0.330726
0.330726
0.330726
0.330726
0.330726
0.330681
0.330751
0.330751
0.330750
0.330825
0.330825
0.330800
0.330800
0.330800
0.330800
0.330800
0.330824
0.330824
0.330824
0.330852
0.330852
0.330852
0.330852
0.330872
0.330872
0.330889
0.330889
0.330964
0.330964
0.330968
0.330968
0.330846
0.330783
0.330748
0.330757
0.330771
0.330771
0.330771
0.330771
0.330771
0.330861
0.330885
0.330872
0.330872
0.330872
0.330872
0.330891
0.330891
0.330891
0.330891
0.330891
0.330893
0.330931
0.330933
0.330947
0.330947
0.330947
0.330947
0.330932
0.330932
0.330928
0.330928
0.330966
0.330966
0.330966
0.330966
0.330966
0.330966
0.330974
0.330974
0.330974
0.330972
0.330972
0.330972
0.330979
0.330979
0.330979
0.330979
0.330961
0.330961
0.330976
0.330910
0.331079
0.331064
0.331064
0.331080
0.331080
0.331080
0.331080
0.331080
0.331086
0.331097
0.331098
0.331098
0.331098
0.331120
0.331120
0.331160
0.331160
0.331160
0.331160
0.331161
0.331161
0.331161
0.331172
0.331172
0.331172
0.331172
0.331172
0.331172
0.331172
0.331172
0.331178
0.331178
0.331178
0.331178
0.331178
0.331178
0.331178
0.331178
0.331263
0.331317
0.331317
0.331317
0.331317
0.331353
0.331353
0.331353
0.331357
0.331357
0.331357
0.331357
0.331360
0.331370
0.331370
0.331331
0.331331
0.331338
0.331338
0.331373
0.331445
0.331445
0.331445
0.331445
0.331445
0.331445
0.331446
0.331499
0.331499
0.331520
0.331520
0.331520
0.331520
0.331522
0.331524
0.331524
0.331524
0.331526
0.331526
0.331526
0.331526
0.331562
0.331562
0.331562
0.331563
0.331655
0.331666
0.331666
0.331692
0.331692
0.331723
0.331723
0.331723
0.331723
0.331811
0.331811
0.331867
0.331867
0.331871
0.331871
0.331871
0.331872
0.331872
0.331872
0.331872
0.331872
0.331872
0.331872
0.331872
0.331879
0.331883
0.331883
0.331883
0.331883
0.331883
0.331953
0.331953
0.331944
0.331944
0.331946
0.331946
0.331996
0.332001
0.332001
0.332001
0.332001
0.332001
0.332006
0.332076
0.332076
0.332099
0.332099
0.332099
0.332099
0.332102
0.332102
0.332102
0.332102
0.332102
0.332102
0.332110
0.332110
0.332138
0.332194
0.332333
0.332333
0.332530
0.332534
0.332534
0.332522
0.332522
0.332522
0.332522
0.332522
0.332543
0.332543
0.332550
0.332550
0.332550
0.332562
0.332586
0.332687
0.332687
0.332687
0.332687
0.332687
0.332687
0.332687
0.332577
0.332613
0.332613
0.332613
0.332613
0.332613
0.332613
0.332613
0.332633
0.332633
0.332633
0.332633
0.332639
0.332639
0.332639
0.332653
0.332624
0.332624
0.332624
0.332624
0.332633
0.332697
0.332699
0.332699
0.332700
0.332700
0.332700
0.332700
0.332700
0.332717
0.332717
0.332717
0.332717
0.332717
0.332702
0.332706
0.332710
0.332710
0.332710
0.332710
0.332710
0.332498
0.332498
0.332498
0.332498
0.332498
0.332497
0.332497
0.332497
0.332497
0.332498
0.332498
0.332502
0.332507
0.332508
0.332561
0.332564
0.332564
0.332564
0.332564
0.332564
0.332564
0.332564
0.332564
0.332538
0.332538
0.332532
0.332532
0.332542
0.332546
0.332546
0.332556
0.332557
0.332557
0.332557
0.332557
0.332557
0.332561
0.332593
0.332593
0.332593
0.332593
0.332593
0.332641
0.332656
0.332622
0.332559
0.332559
0.332559
0.332453
0.332453
0.332453
0.332453
0.332453
0.332453
0.332453
0.332456
0.332456
0.332456
0.332456
0.332456
0.332471
0.332471
0.332471
0.332471
0.332471
0.332471
0.332471
0.332471
0.332471
0.332481
0.332481
0.332481
0.332481
0.332500
0.332509
0.332527
0.332535
0.332535
0.332535
0.332535
0.332535
0.332541
0.332541
0.332541
0.332544
0.332544
0.332520
0.332521
0.332521
0.332521
0.332521
0.332521
0.332530
0.332530
0.332530
0.332530
0.332530
0.332530
0.332531
0.332564
0.332567
0.332567
0.332590
0.332635
0.332635
0.332635
0.332635
0.332635
0.332676
0.332567
0.332570
0.332570
0.332570
0.332583
0.332583
0.332589
0.332589
0.332704
0.332704
0.332707
0.332707
0.332707
0.332734
0.332734
0.332734
0.332742
0.332742
0.332742
0.332742
0.332742
0.332765
0.332798
0.332799
0.332811
0.332812
0.332812
0.332867
0.332936
0.332979
0.332979
0.332979
0.332979
0.332979
0.333011
0.333011
0.333011
0.333011
0.333011
0.333012
0.333022
0.333022
0.333040
0.333040
0.333035
0.333035
0.333035
0.333035
0.333045
0.333045
0.333045
0.333118
0.333137
0.333137
0.333145
0.333145
0.333145
0.333121
0.333121
0.333124
0.333127
0.333090
0.333090
0.333090
0.333090
0.333090
0.333082
0.333088
0.333088
0.333088
0.333093
0.333124
0.333124
0.333128
0.333128
0.333128
0.333128
0.333134
0.333175
0.333175
0.333181
0.333185
0.333185
0.333185
0.333185
0.333100
0.333100
0.333100
0.333105
0.333105
0.333105
0.333106
0.333136
0.333136
0.333136
0.333136
0.333136
0.333136
0.333136
0.333136
0.333137
0.333189
0.333192
0.333195
0.333195
0.333195
0.333195
0.333195
0.333196
0.333196
0.333196
0.333196
0.333196
0.333196
0.333196
0.333196
0.333196
0.333182
0.333182
0.333118
0.333123
0.333123
0.333127
0.333112
0.333112
0.333112
0.333112
0.333112
0.333112
0.333112
0.333115
0.333166
0.333171
0.333171
0.333173
0.333173
0.333198
0.333198
0.333198
0.333198
0.333198
0.333198
0.333198
0.333198
0.333199
0.333199
0.333199
0.333199
0.333199
0.333199
0.333203
0.333203
0.333203
0.333203
0.333203
0.333215
0.333215
0.333215
0.333215
0.333222
0.333222
0.333222
0.333222
0.333222
0.333222
0.333219
0.333219
0.333226
0.333226
0.333226
0.333226
0.333229
0.333229
0.333229
0.333255
0.333258
0.333258
0.333258
0.333271
0.333274
0.333274
0.333312
0.333329
0.333329
0.333329
0.333342
0.333375
0.333378
0.333378
0.333397
0.333397
0.333397
0.333397
0.333397
0.333397
0.333397
0.333397
0.333400
0.333405
0.333405
0.333408
0.333408
0.333408
0.333408
0.333432
0.333480
0.333486
0.333476
0.333476
0.333476
0.333478
0.333478
0.333478
0.333455
0.333455
0.333462
0.333426
0.333426
0.333426
0.333426
0.333426
0.333315
0.333321
0.333328
0.333329
0.333329
0.333329
0.333329
0.333329
0.333329
0.333330
0.333330
0.333330
0.333330
0.333330
0.333346
0.333346
0.333416
0.333419
0.333421
0.333426
0.333426
0.333426
0.333427
0.333427
0.333430
0.333505
0.333505
0.333407
0.333407
0.333407
0.333407
0.333295
0.333311
0.333312
0.333359
0.333359
0.333375
0.333395
0.333395
0.333395
0.333353
0.333353
0.333331
0.333331
0.333331
0.333333
0.333370
0.333370
0.333370
0.333370
0.333370
0.333370
0.333381
0.333381
0.333381
0.333381
0.333381
0.333381
0.333381
0.333432
0.333432
0.333432
0.333432
0.333432
0.333436
0.333436
0.333436
0.333436
0.333436
0.333436
0.333436
0.333436
0.333436
0.333436
0.333506
0.333507
0.333508
0.333518
0.333518
0.333518
0.333518
0.333518
0.333518
0.333522
0.333522
0.333522
0.333525
0.333525
0.333511
0.333511
0.333511
0.333511
0.333511
0.333512
0.333549
0.333564
0.333564
0.333564
0.333564
0.333564
0.333585
0.333592
0.333592
0.333592
0.333592
0.333592
0.333592
0.333592
0.333611
0.333611
0.333615
0.333615
0.333615
0.333615
0.333669
0.333669
0.333682
0.333698
0.333715
0.333717
0.333717
0.333720
0.333721
0.333858
0.333858
0.333894
0.333894
0.333894
0.333894
0.333896
0.333896
0.333850
0.333852
0.333852
0.333892
0.333904
0.333975
0.333982
0.333982
0.333982
0.333982
0.333982
0.333982
0.333982
0.333982
0.333983
0.333983
0.333983
0.334106
0.334106
0.334106
0.334119
0.334119
0.334119
0.334119
0.334119
0.334125
0.334125
0.334125
0.334111
0.334111
0.334111
0.334111
0.334111
0.334111
0.334111
0.334111
0.334111
0.334111
0.334111
0.334132
0.334132
0.334132
0.334140
0.334140
0.334201
0.334129
0.334129
0.334039
0.334039
0.334039
0.334040
0.333995
0.333995
0.333995
0.333995
0.333995
0.334002
0.334002
0.334017
0.334021
0.334021
0.334021
0.334034
0.334034
0.334279
0.334368
0.334368
0.334368
0.334385
0.334385
0.334385
0.334402
0.334402
0.334402
0.334408
0.334408
0.334410
0.334366
0.334405
0.334405
0.334407
0.334408
0.334423
0.334423
0.334423
0.334423
0.334423
0.334423
0.334365
0.334365
0.334365
0.334365
0.334365
0.334365
0.334385
0.334390
0.334390
0.334398
0.334421
0.334421
0.334489
0.334489
0.334489
0.334489
0.334489
0.334492
0.334494
0.334494
0.334494
0.334494
0.334495
0.334495
0.334491
0.334491
0.334495
0.334495
0.334495
0.334501
0.334515
0.334595
0.334595
0.334597
0.334597
0.334603
0.334603
0.334603
0.334603
0.334616
0.334628
0.334628
0.334636
0.334636
0.334636
0.334636
0.334643
0.334657
0.334657
0.334657
0.334659
0.334659
0.334659
0.334659
0.334661
0.334661
0.334661
0.334661
0.334661
0.334682
0.334682
0.334682
0.334682
0.334683
0.334683
0.334683
0.334683
0.334683
0.334683
0.334683
0.334683
0.334683
0.334683
0.334686
0.334686
0.334686
0.334686
0.334686
0.334686
0.334688
0.334688
0.334693
0.334713
0.334646
0.334646
0.334646
0.334646
0.334646
0.334646
0.334674
0.334674
0.334674
0.334674
0.334674
0.334674
0.334677
0.334677
0.334780
0.334797
0.334797
0.334805
0.334805
0.334805
0.334805
0.334810
0.334810
0.334830
0.334830
0.334830
0.334831
0.334834
0.334834
0.334834
0.334834
0.334834
0.334834
0.334834
0.334834
0.334834
0.334838
0.335175
0.335184
0.335196
0.335196
0.335196
0.335196
0.335213
0.335213
0.335213
0.335213
0.335213
0.335220
0.335220
0.335220
0.335062
0.334962
0.334962
0.334962
0.334962
0.334972
0.334972
0.334972
0.334972
0.334972
0.334977
0.334977
0.334977
0.334996
0.334996
0.335007
0.335007
0.335007
0.335007
0.335007
0.335007
0.335007
0.335046
0.335046
0.335046
0.335046
0.335046
0.335046
0.335046
0.335046
0.335046
0.334999
0.334999
0.334999
0.335005
0.335005
0.335005
0.335005
0.335018
0.335050
0.335050
0.335074
0.335074
0.335074
0.335047
0.335047
0.335047
0.335087
0.335087
0.335089
0.335089
0.335089
0.335089
0.335105
0.335155
0.335155
0.335155
0.335158
0.335158
0.335158
0.335158
0.335158
0.335158
0.335158
0.335158
0.335158
0.335158
0.335158
0.335158
0.335158
0.335182
0.335149
0.335112
0.335112
0.335104
0.335106
0.335106
0.335106
0.335109
0.335109
0.335124
0.335124
0.335124
0.335124
0.335124
0.335124
0.335124
0.335124
0.335124
0.335124
0.335124
0.335124
0.335124
0.335124
0.335138
0.335145
0.335145
0.335145
0.335189
0.335189
0.335279
0.335279
0.335279
0.335279
0.335399
0.335399
0.335412
0.335413
0.335413
0.335413
0.335413
0.335413
0.335416
0.335421
0.335422
0.335414
0.335414
0.335414
0.335414
0.335414
0.335414
0.335414
0.335414
0.335414
0.335414
0.335421
0.335423
0.335423
0.335423
0.335423
0.335423
0.335434
0.335434
0.335434
0.335434
0.335434
0.335434
0.335434
0.335442
0.335442
0.335442
0.335465
0.335466
0.335466
0.335471
0.335471
0.335471
0.335471
0.335474
0.335432
0.335514
0.335512
0.335512
0.335513
0.335516
0.335516
0.335497
0.335497
0.335471
0.335471
0.335473
0.335499
0.335499
0.335499
0.335499
0.335499
0.335499
0.335499
0.335499
0.335522
0.335522
0.335522
0.335522
0.335522
0.335522
0.335522
0.335524
0.335535
0.335535
0.335535
0.335535
0.335535
0.335536
0.335530
0.335530
0.335532
0.335532
0.335532
0.335541
0.335541
0.335541
0.335552
0.335550
0.335558
0.335558
0.335558
0.335558
0.335558
0.335558
0.335558
0.335558
0.335558
0.335560
0.335561
0.335564
0.335564
0.335564
0.335564
0.335566
0.335566
0.335567
0.335567
0.335567
0.335567
0.335567
0.335567
0.335567
0.335567
0.335567
0.335567
0.335567
0.335567
0.335575
0.335576
0.335639
0.335639
0.335639
0.335645
0.335645
0.335645
0.335645
0.335662
0.335662
0.335664
0.335664
0.335662
0.335662
0.335662
0.335708
0.335708
0.335719
0.335729
0.335727
0.335727
0.335727
0.335727
0.335735
0.335735
0.335745
0.335745
0.335745
0.335749
0.335501
0.335501
0.335501
0.335501
0.335501
0.335501
0.335504
0.335504
0.335504
0.335504
0.335507
0.335507
0.335507
0.335507
0.335510
0.335513
0.335513
0.335522
0.335522
0.335522
0.335522
0.335522
0.335522
0.335522
0.335522
0.335522
0.335522
0.335522
0.335524
0.335524
0.335524
0.335533
0.335533
0.335533
0.335533
0.335533
0.335533
0.335533
0.335592
0.335608
0.335609
0.335609
0.335653
0.335674
0.335674
0.335702
0.335702
0.335702
0.335702
0.335702
0.335702
0.335713
0.335713
0.335713
0.335713
0.335713
0.335713
0.335713
0.335718
0.335722
0.335722
0.335725
0.335742
0.335742
0.335742
0.335742
0.335742
0.335742
0.335742
0.335751
0.335751
0.335751
0.335751
0.335751
0.335751
0.335751
0.335751
0.335751
0.335751
0.335751
0.335751
0.335704
0.335704
0.335711
0.335711
0.335720
0.335720
0.335720
0.335721
0.335721
0.335721
0.335742
0.335742
0.335760
0.335774
0.335774
0.335771
0.335771
0.335865
0.335865
0.335865
0.335878
0.335887
0.335903
0.335903
0.335903
0.335914
0.335914
0.335931
0.335931
0.335931
0.335931
0.335931
0.335931
0.336023
0.336055
0.336055
0.336055
0.336055
0.336055
0.336055
0.336076
0.336084
0.336084
0.336084
0.336084
0.336099
0.336099
0.336099
0.336101
0.336101
0.336101
0.336101
0.336195
0.336195
0.336195
0.336189
0.336189
0.336189
0.336189
0.336193
0.336199
0.336207
0.336207
0.336207
0.336207
0.336207
0.336207
0.336207
0.336213
0.336213
0.336213
0.336221
0.336221
0.336221
0.336221
0.336221
0.336221
0.336221
0.336221
0.336230
0.336230
0.336230
0.336230
0.336230
0.336230
0.336230
0.336230
0.336230
0.336230
0.336230
0.336231
0.336231
0.336231
0.336231
0.336233
0.336233
0.336233
0.336233
0.336233
0.336233
0.336233
0.336239
0.336241
0.336241
0.336241
0.336241
0.336164
0.336164
0.336164
0.336164
0.336164
0.336167
0.336157
0.336157
0.336157
0.336157
0.336157
0.336157
0.336157
0.336157
0.336166
0.336166
0.336171
0.336181
0.336185
0.336185
0.336185
0.336185
0.336252
0.336252
0.336252
0.336252
0.336256
0.336256
0.336279
0.336279
0.336287
0.336287
0.336287
0.336287
0.336287
0.336287
0.336287
0.336287
0.336287
0.336287
0.336287
0.336287
0.336287
0.336287
0.336287
0.336287
0.336287
0.336287
0.336287
0.336294
0.336294
0.336294
0.336294
0.336294
0.336294
0.336294
0.336294
0.336294
0.336312
0.336312
0.336320
0.336320
0.336320
0.336320
0.336320
0.336320
0.336320
0.336320
0.336320
0.336321
0.336321
0.336321
0.336321
0.336321
0.336321
0.336321
0.336321
0.336321
0.336321
0.336321
0.336334
0.336338
0.336382
0.336382
0.336382
0.336382
0.336401
0.336401
0.336404
0.336404
0.336409
0.336414
0.336414
0.336414
0.336420
0.336420
0.336420
0.336420
0.336442
0.336442
0.336442
0.336461
0.336461
0.336461
0.336470
0.336470
0.336470
0.336474
0.336474
0.336474
0.336474
0.336474
0.336492
0.336492
0.336492
0.336506
0.336506
0.336517
0.336517
0.336517
0.336523
0.336523
0.336524
0.336524
0.336524
0.336524
0.336524
0.336524
0.336524
0.336528
0.336534
0.336534
0.336534
0.336535
0.336535
0.336535
0.336535
0.336535
0.336394
0.336406
0.336419
0.336421
0.336423
0.336424
0.336424
0.336431
0.336450
0.336433
0.336438
0.336438
0.336438
0.336438
0.336438
0.336438
0.336448
0.336448
0.336448
0.336450
0.336450
0.336450
0.336450
0.336347
0.336347
0.336347
0.336354
0.336354
0.336426
0.336426
0.336429
0.336434
0.336434
0.336434
0.336434
0.336438
0.336439
0.336439
0.336439
0.336439
0.336333
0.336333
0.336333
0.336333
0.336333
0.336333
0.336343
0.336343
0.336343
0.336343
0.336343
0.336343
0.336343
0.336343
0.336388
0.336388
0.336388
0.336388
0.336388
0.336388
0.336388
0.336390
0.336396
0.336407
0.336407
0.336414
0.336414
0.336414
0.336415
0.336410
0.336448
0.336448
0.336448
0.336448
0.336448
0.336451
0.336451
0.336465
0.336465
0.336466
0.336466
0.336466
0.336466
0.336466
0.336466
0.336466
0.336466
0.336473
0.336473
0.336473
0.336481
0.336481
0.336537
0.336554
0.336559
0.336564
0.336589
0.336604
0.336608
0.336653
0.336653
0.336653
0.336791
0.336791
0.336791
0.336791
0.336795
0.336795
0.336815
0.336816
0.336816
0.336833
0.336841
0.336841
0.336842
0.336842
0.336842
0.336842
0.336842
0.336842
0.336857
0.336857
0.336854
0.336854
0.336854
0.336854
0.336854
0.336854
0.336854
0.336854
0.336854
0.336855
0.336855
0.336898
0.336898
0.336918
0.336978
0.336978
0.336978
0.336978
0.336978
0.336978
0.336978
0.336978
0.336987
0.336987
0.336987
0.336989
0.337045
0.337045
0.337048
0.337048
0.337048
0.337053
0.337053
0.337053
0.337053
0.337055
0.337055
0.337063
0.337064
0.337064
0.337064
0.337064
0.337064
0.337064
0.337064
0.337064
0.337064
0.337064
0.337193
0.337193
0.337193
0.337193
0.337193
0.337195
0.337197
0.337197
0.337182
0.337182
0.337182
0.337182
0.337182
0.337186
0.337186
0.337186
0.337186
0.337186
0.337144
0.337144
0.337147
0.337147
0.337147
0.337147
0.337147
0.337085
0.337086
0.337086
0.337086
0.337086
0.337086
0.337086
0.337086
0.337086
0.337086
0.337086
0.337086
0.337086
0.337086
0.337066
0.337072
0.337076
0.337076
0.337076
0.337076
0.337076
0.337076
0.337076
0.337076
0.337078
0.337078
0.337089
0.337089
0.337095
0.337097
0.337097
0.337097
0.337097
0.337098
0.337110
0.337110
0.337110
0.337110
0.337110
0.337177
0.337177
0.337177
0.337177
0.337185
0.337181
0.337182
0.337182
0.337187
0.337187
0.337187
0.337187
0.337187
0.337187
0.337187
0.337187
0.337187
0.337199
0.337199
0.337199
0.337199
0.337199
0.337199
0.337199
0.337199
0.337199
0.337199
0.337199
0.337199
0.337199
0.337199
0.337199
0.337211
0.337211
0.337211
0.337213
0.337213
0.337213
0.337213
0.337213
0.337213
0.337213
0.337213
0.337249
0.337229
0.337230
0.337230
0.337230
0.337230
0.337230
0.337231
0.337231
0.337237
0.337237
0.337237
0.337237
0.337237
0.337237
0.337237
0.337309
0.337309
0.337309
0.337316
0.337316
0.337316
0.337316
0.337316
0.337316
0.337316
0.337316
0.337316
0.337316
0.337316
0.337316
0.337415
0.337415
0.337415
0.337421
0.337430
0.337430
0.337430
0.337433
0.337428
0.337479
0.337479
0.337479
0.337479
0.337479
0.337479
0.337479
0.337479
0.337479
0.337479
0.337479
0.337460
0.337375
0.337375
0.337375
0.337362
0.337362
0.337378
0.337378
0.337411
0.337411
0.337411
0.337414
0.337419
0.337419
0.337420
0.337420
0.337436
0.337436
0.337442
0.337442
0.337445
0.337445
0.337445
0.337445
0.337449
0.337449
0.337449
0.337449
0.337450
0.337450
0.337450
0.337450
0.337450
0.337466
0.337466
0.337458
0.337458
0.337458
0.337458
0.337458
0.337458
0.337461
0.337461
0.337461
0.337461
0.337461
0.337461
0.337461
0.337461
0.337461
0.337461
0.337467
0.337467
0.337467
0.337467
0.337469
0.337469
0.337469
0.337473
0.337493
0.337493
0.337493
0.337493
0.337493
0.337493
0.337493
0.337493
0.337493
0.337493
0.337493
0.337493
0.337493
0.337493
0.337493
0.337497
0.337497
0.337497
0.337497
0.337497
0.337497
0.337507
0.337507
0.337507
0.337512
0.337512
0.337512
0.337512
0.337523
0.337529
0.337535
0.337535
0.337535
0.337535
0.337535
0.337535
0.337535
0.337535
0.337537
0.337537
0.337537
0.337537
0.337537
0.337539
0.337539
0.337539
0.337539
0.337545
0.337545
0.337545
0.337545
0.337548
0.337548
0.337548
0.337548
0.337545
0.337545
0.337567
0.337568
0.337582
0.337582
0.337582
0.337582
0.337589
0.337589
0.337597
0.337597
0.337597
0.337597
0.337597
0.337597
0.337597
0.337597
0.337597
0.337597
0.337597
0.337598
0.337598
0.337614
0.337607
0.337607
0.337607
0.337607
0.337607
0.337607
0.337607
0.337607
0.337607
0.337609
0.337609
0.337609
0.337622
0.337625
0.337625
0.337625
0.337625
0.337639
0.337639
0.337639
0.337644
0.337644
0.337651
0.337652
0.337652
0.337652
0.337652
0.337652
0.337653
0.337653
0.337662
0.337662
0.337670
0.337670
0.337681
0.337686
0.337686
0.337696
0.337696
0.337696
0.337690
0.337698
0.337698
0.337698
0.337698
0.337698
0.337756
0.337756
0.337756
0.337756
0.337756
0.337762
0.337762
0.337762
0.337762
0.337762
0.337762
0.337893
0.337893
0.337893
0.337899
0.337899
0.337899
0.337899
0.337902
0.337902
0.337902
0.337902
0.337902
0.337902
0.337920
0.337932
0.337932
0.337947
0.337951
0.337951
0.337951
0.337951
0.337951
0.337951
0.337951
0.337951
0.337951
0.337951
0.337952
0.337961
0.337961
0.337961
0.337961
0.337961
0.337961
0.337961
0.337961
0.337961
0.337966
0.337966
0.337966
0.337966
0.337966
0.337966
0.337970
0.337970
0.337970
0.337970
0.337970
0.337970
0.337970
0.337974
0.337974
0.337978
0.337988
0.337997
0.337999
0.338004
0.338004
0.338004
0.338004
0.338004
0.338004
0.338004
0.338004
0.338004
0.338004
0.338004
0.338246
0.338246
0.338246
0.338261
0.338261
0.338261
0.338261
0.338261
0.338262
0.338262
0.338262
0.338262
0.338264
0.338284
0.338284
0.338284
0.338284
0.338291
0.338291
0.338291
0.338291
0.338291
0.338291
0.338291
0.338291
0.338291
0.338291
0.338292
0.338292
0.338292
0.338292
0.338290
0.338290
0.338290
0.338290
0.338294
0.338294
0.338302
0.338332
0.338333
0.338333
0.338333
0.338336
0.338336
0.338336
0.338336
0.338339
0.338339
0.338339
0.338339
0.338339
0.338346
0.338370
0.338370
0.338373
0.338373
0.338373
0.338373
0.338381
0.338381
0.338394
0.338394
0.338394
0.338394
0.338398
0.338398
0.338398
0.338398
0.338398
0.338461
0.338461
0.338461
0.338461
0.338461
0.338462
0.338464
0.338464
0.338469
0.338491
0.338504
0.338504
0.338504
0.338504
0.338522
0.338526
0.338634
0.338743
0.338743
0.338743
0.338743
0.338750
0.338765
0.338765
0.338765
0.338765
0.338765
0.338765
0.338765
0.338765
0.338765
0.338765
0.338810
0.338889
0.338889
0.338889
0.338889
0.338889
0.338893
0.338893
0.338893
0.338893
0.338895
0.338884
0.338884
0.338884
0.338884
0.338884
0.338900
0.338900
0.338910
0.338910
0.338910
0.338910
0.338911
0.338911
0.338911
0.338911
0.338908
0.338914
0.338914
0.338914
0.338914
0.338914
0.338914
0.338914
0.338914
0.338914
0.338914
0.338914
0.338919
0.338919
0.338919
0.338919
0.338929
0.338929
0.338929
0.338929
0.338929
0.338929
0.338935
0.338935
0.338718
0.338721
0.338721
0.338735
0.338735
0.338735
0.338735
0.338735
0.338736
0.338736
0.338736
0.338736
0.338736
0.338743
0.338804
0.338797
0.338842
0.338842
0.338842
0.338842
0.338850
0.338902
0.338902
0.338902
0.338846
0.338853
0.338866
0.338866
0.338866
0.338866
0.338888
0.338892
0.338892
0.338892
0.338899
0.338899
0.338909
0.338909
0.338921
0.338923
0.338923
0.338928
0.338938
0.338938
0.338938
0.338945
0.338945
0.338945
0.338947
0.338947
0.338959
0.338967
0.338967
0.338967
0.338967
0.338967
0.338997
0.339009
0.339009
0.339009
0.339009
0.339009
0.339013
0.339047
0.339157
0.339157
0.339157
0.339157
0.339157
0.339157
0.339159
0.339159
0.339159
0.339159
0.339159
0.339159
0.339166
0.339166
0.339166
0.339166
0.339166
0.339167
0.339167
0.339169
0.339169
0.339169
0.339193
0.339204
0.339204
0.339120
0.339120
0.339120
0.339120
0.339120
0.339120
0.339120
0.339120
0.339136
0.339161
0.339161
0.339161
0.339161
0.339161
0.339163
0.339163
0.339163
0.339163
0.339222
0.339222
0.339222
0.339230
0.339233
0.339084
0.339089
0.339136
0.339135
0.339200
0.339200
0.339200
0.339200
0.339200
0.339200
0.339202
0.339202
0.339320
0.339320
0.339320
0.339320
0.339320
0.339320
0.339320
0.339320
0.339329
0.339329
0.339329
0.339329
0.339329
0.339329
0.339329
0.339329
0.339335
0.339335
0.339336
0.339288
0.339288
0.339290
0.339290
0.339298
0.339301
0.339301
0.339301
0.339301
0.339301
0.339301
0.339301
0.339301
0.339301
0.339304
0.339304
0.339306
0.339306
0.339306
0.339306
0.339306
0.339306
0.339306
0.339306
0.339306
0.339306
0.339306
0.339306
0.339306
0.339306
0.339306
0.339306
0.339306
0.339306
0.339306
0.339306
0.339306
0.339306
0.339306
0.339306
0.339310
0.339310
0.339310
0.339365
0.339365
0.339390
0.339390
0.339390
0.339396
0.339396
0.339396
0.339396
0.339396
0.339396
0.339405
0.339406
0.339406
0.339406
0.339407
0.339407
0.339407
0.339408
0.339408
0.339408
0.339408
0.339408
0.339408
0.339408
0.339408
0.339408
0.339408
0.339408
0.339415
0.339415
0.339415
0.339415
0.339415
0.339415
0.339415
0.339415
0.339418
0.339428
0.339474
0.339478
0.339478
0.339478
0.339478
0.339478
0.339478
0.339478
0.339478
0.339478
0.339483
0.339480
0.339480
0.339480
0.339480
0.339480
0.339480
0.339480
0.339497
0.339497
0.339497
0.339497
0.339504
0.339508
0.339508
0.339508
0.339508
0.339508
0.339508
0.339508
0.339519
0.339519
0.339519
0.339520
0.339520
0.339520
0.339534
0.339534
0.339534
0.339534
0.339534
0.339535
0.339660
0.339660
0.339660
0.339660
0.339661
0.339661
0.339668
0.339668
0.339670
0.339670
0.339754
0.339702
0.339710
0.339710
0.339710
0.339710
0.339730
0.339731
0.339731
0.339734
0.339734
0.339735
0.339741
0.339741
0.339741
0.339741
0.339741
0.339741
0.339741
0.339741
0.339741
0.339741
0.339741
0.339744
0.339751
0.339751
0.339751
0.339751
0.339751
0.339737
0.339737
0.339737
0.339737
0.339737
0.339737
0.339837
0.339837
0.339837
0.339837
0.339837
0.339837
0.339801
0.339801
0.339801
0.339801
0.339804
0.339804
0.339834
0.339853
0.339853
0.339853
0.339853
0.339853
0.339857
0.339858
0.339861
0.339861
0.339861
0.339861
0.339861
0.339863
0.339863
0.339863
0.339863
0.339863
0.339863
0.339863
0.339863
0.339863
0.339869
0.339790
0.339790
0.339790
0.339790
0.339702
0.339702
0.339702
0.339702
0.339702
0.339702
0.339702
0.339702
0.339702
0.339702
0.339702
0.339702
0.339745
0.339746
0.339746
0.339746
0.339746
0.339779
0.339779
0.339779
0.339780
0.339780
0.339786
0.339786
0.339723
0.339723
0.339723
0.339725
0.339725
0.339727
0.339732
0.339762
0.339762
0.339767
0.339767
0.339767
0.339767
0.339767
0.339767
0.339767
0.339767
0.339767
0.339767
0.339773
0.339773
0.339773
0.339760
0.339760
0.339760
0.339760
0.339760
0.339760
0.339760
0.339760
0.339760
0.339760
0.339760
0.339766
0.339766
0.339766
0.339766
0.339766
0.339766
0.339766
0.339766
0.339766
0.339768
0.339771
0.339771
0.339773
0.339773
0.339773
0.339773
0.339773
0.339773
0.339773
0.339773
0.339773
0.339773
0.339773
0.339776
0.339776
0.339782
0.339782
0.339782
0.339782
0.339784
0.339784
0.339784
0.339784
0.339794
0.339794
0.339794
0.339794
0.339794
0.339794
0.339794
0.339808
0.339808
0.339808
0.339808
0.339813
0.339854
0.339854
0.339862
0.339862
0.339862
0.339862
0.339862
0.339862
0.339862
0.339875
0.339875
0.339875
0.339875
0.339875
0.339875
0.339875
0.339883
0.339885
0.339885
0.339885
0.339893
0.339893
0.339893
0.339893
0.339893
0.339893
0.339893
0.339897
0.339897
0.339907
0.339909
0.339909
0.339909
0.339922
0.339922
0.339931
0.339931
0.339931
0.339932
0.339932
0.339891
0.339939
0.339939
0.339939
0.339939
0.339956
0.339956
0.339956
0.339956
0.339956
0.339972
0.339972
0.339972
0.339972
0.339972
0.339972
0.339972
0.339972
0.339972
0.339972
0.339996
0.339996
0.339996
0.339996
0.339996
0.339996
0.339996
0.340005
0.340005
0.340005
0.340005
0.340005
0.340005
0.340005
0.340008
0.340008
0.340008
0.340008
0.340008
0.340013
0.340015
0.340015
0.340015
0.340015
0.340015
0.340023
0.340020
0.340021
0.340044
0.340044
0.340044
0.340044
0.340045
0.340045
0.340046
0.340046
0.340046
0.340046
0.340046
0.340046
0.340046
0.340046
0.340052
0.340052
0.340052
0.340052
0.340052
0.340052
0.340052
0.340052
0.340052
0.340056
0.340056
0.340056
0.340056
0.340056
0.340056
0.340056
0.340056
0.340110
0.340110
0.340116
0.340119
0.340119
0.340119
0.340119
0.340119
0.340139
0.340139
0.340139
0.340139
0.340148
0.340148
0.340155
0.340155
0.340155
0.340155
0.340166
0.340166
0.340171
0.340176
0.340176
0.340181
0.340181
0.340194
0.340194
0.340194
0.340194
0.340197
0.340203
0.340203
0.340203
0.340234
0.340234
0.340234
0.340234
0.340244
0.340244
0.340247
0.340247
0.340247
0.340247
0.340252
0.340265
0.340265
0.340265
0.340265
0.340265
0.340265
0.340273
0.340273
0.340273
0.340273
0.340273
0.340273
0.340273
0.340358
0.340358
0.340392
0.340392
0.340392
0.340392
0.340392
0.340407
0.340412
0.340412
0.340412
0.340417
0.340417
0.340417
0.340441
0.340437
0.340437
0.340437
0.340437
0.340437
0.340437
0.340437
0.340437
0.340437
0.340439
0.340439
0.340439
0.340439
0.340439
0.340439
0.340439
0.340439
0.340469
0.340469
0.340469
0.340469
0.340469
0.340469
0.340469
0.340471
0.340471
0.340471
0.340471
0.340471
0.340471
0.340471
0.340471
0.340471
0.340471
0.340491
0.340491
0.340625
0.340625
0.340625
0.340625
0.340625
0.340625
0.340625
0.340625
0.340631
0.340631
0.340631
0.340632
0.340632
0.340632
0.340632
0.340619
0.340619
0.340619
0.340622
0.340622
0.340622
0.340622
0.340622
0.340622
0.340622
0.340622
0.340627
0.340628
0.340628
0.340628
0.340628
0.340628
0.340632
0.340632
0.340632
0.340632
0.340632
0.340632
0.340632
0.340632
0.340632
0.340640
0.340639
0.340639
0.340641
0.340641
0.340641
0.340641
0.340641
0.340641
0.340641
0.340641
0.340641
0.340642
0.340642
0.340644
0.340649
0.340649
0.340651
0.340651
0.340651
0.340651
0.340651
0.340659
0.340659
0.340659
0.340668
0.340668
0.340670
0.340670
0.340674
0.340674
0.340674
0.340624
0.340624
0.340624
0.340624
0.340624
0.340624
0.340624
0.340624
0.340624
0.340667
0.340678
0.340678
0.340683
0.340683
0.340683
0.340683
0.340683
0.340683
0.340683
0.340683
0.340669
0.340669
0.340673
0.340681
0.340681
0.340681
0.340681
0.340681
0.340681
0.340681
0.340686
0.340686
0.340728
0.340728
0.340728
0.340733
0.340733
0.340733
0.340734
0.340743
0.340743
0.340748
0.340748
0.340755
0.340755
0.340755
0.340761
0.340761
0.340761
0.340764
0.340764
0.340764
0.340766
0.340776
0.340776
0.340776
0.340778
0.340663
0.340684
0.340707
0.340778
0.340778
0.340791
0.340791
0.340791
0.340791
0.340791
0.340791
0.340791
0.340791
0.340791
0.340791
0.340791
0.340791
0.340791
0.340791
0.340791
0.340791
0.340791
0.340791
0.340840
0.340840
0.340840
0.340840
0.340840
0.340840
0.340840
0.340852
0.340852
0.340852
0.340860
0.340860
0.340874
0.340874
0.340875
0.340886
0.340886
0.340890
0.340890
0.340890
0.340890
0.340890
0.340897
0.340897
0.340897
0.340897
0.340897
0.340897
0.340897
0.340897
0.340897
0.340898
0.340898
0.340898
0.340891
0.340905
0.340905
0.340905
0.340905
0.340905
0.340905
0.340905
0.340905
0.340905
0.340905
0.340905
0.340905
0.340905
0.340905
0.340907
0.340907
0.340939
0.341047
0.341048
0.341048
0.341048
0.341058
0.341058
0.341076
0.341076
0.341076
0.341076
0.341076
0.341076
0.341076
0.341086
0.341086
0.341086
0.341090
0.341090
0.341090
0.341090
0.341090
0.341090
0.341090
0.341090
0.341090
0.341090
0.341090
0.341090
0.341090
0.341090
0.341090
0.341090
0.341090
0.341090
0.341090
0.341090
0.341090
0.341090
0.341090
0.341054
0.341054
0.341054
0.341054
0.341054
0.341054
0.341061
0.341067
0.341067
0.341067
0.341067
0.341067
0.341067
0.341067
0.341067
0.341067
0.341067
0.341067
0.341067
0.341067
0.341067
0.341067
0.341068
0.341068
0.341068
0.341068
0.341068
0.341068
0.341068
0.341068
0.341068
0.341076
0.341076
0.341076
0.341080
0.341080
0.341081
0.341081
0.341082
0.341082
0.341082
0.341082
0.341083
0.341084
0.341084
0.341096
0.341096
0.341096
0.341096
0.341096
0.341096
0.341096
0.341096
0.341097
0.341097
0.341114
0.341114
0.341114
0.341114
0.341114
0.341114
0.341114
0.341114
0.341114
0.341114
0.341114
0.341114
0.341114
0.341114
0.341114
0.341114
0.341114
0.341116
0.341116
0.341116
0.341116
0.341116
0.341111
0.341111
0.341113
0.341113
0.341113
0.341114
0.341114
0.341114
0.341114
0.341114
0.341114
0.341247
0.341248
0.341248
0.341248
0.341257
0.341257
0.341247
0.341252
0.341280
0.341280
0.341280
0.341280
0.341280
0.341280
0.341282
0.341282
0.341282
0.341282
0.341282
0.341282
0.341312
0.341289
0.341289
0.341289
0.341289
0.341289
0.341289
0.341289
0.341289
0.341289
0.341297
0.341297
0.341243
0.341245
0.341252
0.341252
0.341252
0.341252
0.341263
0.341263
0.341263
0.341268
0.341270
0.341270
0.341270
0.341270
0.341270
0.341314
0.341314
0.341314
0.341314
0.341314
0.341314
0.341314
0.341320
0.341320
0.341320
0.341326
0.341330
0.341330
0.341330
0.341330
0.341333
0.341333
0.341333
0.341333
0.341277
0.341277
0.341284
0.341284
0.341284
0.341284
0.341284
0.341284
0.341284
0.341284
0.341284
0.341284
0.341284
0.341284
0.341284
0.341284
0.341284
0.341290
0.341290
0.341290
0.341290
0.341290
0.341290
0.341290
0.341290
0.341319
0.341319
0.341331
0.341333
0.341333
0.341333
0.341333
0.341333
0.341336
0.341336
0.341336
0.341336
0.341336
0.341261
0.341261
0.341261
0.341287
0.341287
0.341287
0.341287
0.341287
0.341287
0.341287
0.341287
0.341287
0.341291
0.341291
0.341291
0.341297
0.341297
0.341297
0.341297
0.341297
0.341297
0.341297
0.341297
0.341298
0.341314
0.341314
0.341314
0.341319
0.341319
0.341319
0.341319
0.341363
0.341363
0.341363
0.341363
0.341369
0.341369
0.341369
0.341377
0.341478
0.341484
0.341484
0.341484
0.341484
0.341484
0.341484
0.341484
0.341484
0.341484
0.341484
0.341484
0.341484
0.341484
0.341484
0.341484
0.341484
0.341484
0.341484
0.341484
0.341500
0.341500
0.341500
0.341500
0.341500
0.341500
0.341500
0.341500
0.341500
0.341500
0.341500
0.341500
0.341500
0.341500
0.341480
0.341480
0.341480
0.341480
0.341480
0.341480
0.341473
0.341473
0.341473
0.341473
0.341473
0.341473
0.341473
0.341473
0.341537
0.341537
0.341537
0.341537
0.341564
0.341564
0.341564
0.341564
0.341570
0.341570
0.341570
0.341570
0.341570
0.341570
0.341570
0.341570
0.341570
0.341575
0.341601
0.341601
0.341601
0.341601
0.341602
0.341602
0.341602
0.341638
0.341647
0.341647
0.341647
0.341647
0.341647
0.341647
0.341663
0.341664
0.341664
0.341664
0.341664
0.341666
0.341666
0.341666
0.341666
0.341666
0.341666
0.341666
0.341666
0.341666
0.341666
0.341666
0.341666
0.341666
0.341666
0.341666
0.341666
0.341666
0.341666
0.341677
0.341679
0.341679
0.341679
0.341679
0.341679
0.341679
0.341679
0.341679
0.341679
0.341679
0.341679
0.341679
0.341679
0.341679
0.341679
0.341682
0.341682
0.341682
0.341691
0.341691
0.341691
0.341640
0.341640
0.341640
0.341640
0.341640
0.341660
0.341660
0.341660
0.341660
0.341660
0.341660
0.341660
0.341660
0.341661
0.341663
0.341663
0.341663
0.341666
0.341666
0.341666
0.341666
0.341656
0.341656
0.341656
0.341658
0.341658
0.341658
0.341658
0.341658
0.341658
0.341659
0.341659
0.341659
0.341659
0.341659
0.341659
0.341659
0.341659
0.341670
0.341670
0.341670
0.341670
0.341675
0.341675
0.341675
0.341675
0.341680
0.341689
0.341689
0.341689
0.341717
0.341717
0.341724
0.341728
0.341728
0.341728
0.341728
0.341728
0.341728
0.341728
0.341728
0.341728
0.341728
0.341728
0.341728
0.341728
0.341728
0.341728
0.341728
0.342030
0.342030
0.342030
0.342030
0.342035
0.342045
0.342045
0.342045
0.342045
0.342090
0.342090
0.342090
0.342090
0.342090
0.342005
0.342017
0.342017
0.342017
0.342017
0.342020
0.342020
0.342020
0.342020
0.342020
0.342024
0.342024
0.342029
0.342029
0.342032
0.342032
0.342032
0.342032
0.342039
0.342040
0.342048
0.342048
0.342048
0.342048
0.342048
0.342049
0.342049
0.342049
0.342049
0.342049
0.342066
0.342066
0.342066
0.342066
0.342106
0.342113
0.342113
0.342113
0.342115
0.342115
0.342115
0.342107
0.342107
0.342107
0.342107
0.342107
0.342107
0.342112
0.342112
0.342112
0.342129
0.342129
0.342129
0.342129
0.342131
0.342131
0.342131
0.342131
0.342131
0.342135
0.342135
0.342135
0.342135
0.342135
0.342145
0.342145
0.342150
0.342150
0.342150
0.342160
0.342160
0.342160
0.342160
0.342163
0.342163
0.342163
0.342164
0.342164
0.342168
0.342168
0.342168
0.342207
0.342207
0.342209
0.342212
0.342218
0.342218
0.342218
0.342218
0.342218
0.342221
0.342221
0.342221
0.342221
0.342221
0.342221
0.342222
0.342215
0.342215
0.342215
0.342215
0.342215
0.342217
0.342217
0.342217
0.342217
0.342229
0.342229
0.342229
0.342244
0.342250
0.342250
0.342254
0.342254
0.342254
0.342255
0.342255
0.342255
0.342255
0.342216
0.342216
0.342216
0.342274
0.342274
0.342274
0.342278
0.342278
0.342278
0.342284
0.342284
0.342284
0.342284
0.342258
0.342258
0.342258
0.342294
0.342294
0.342294
0.342297
0.342297
0.342297
0.342300
0.342301
0.342301
0.342301
0.342288
0.342288
0.342288
0.342288
0.342288
0.342288
0.342289
0.342289
0.342289
0.342289
0.342289
0.342289
0.342303
0.342303
0.342303
0.342303
0.342304
0.342304
0.342304
0.342304
0.342304
0.342317
0.342317
0.342317
0.342317
0.342317
0.342317
0.342317
0.342317
0.342317
0.342317
0.342317
0.342317
0.342317
0.342318
0.342326
0.342327
0.342327
0.342327
0.342331
0.342331
0.342331
0.342331
0.342331
0.342331
0.342331
0.342333
0.342333
0.342333
0.342333
0.342406
0.342406
0.342406
0.342406
0.342406
0.342406
0.342408
0.342433
0.342433
0.342433
0.342439
0.342439
0.342439
0.342439
0.342457
0.342457
0.342457
0.342457
0.342457
0.342457
0.342457
0.342457
0.342457
0.342457
0.342457
0.342457
0.342456
0.342456
0.342467
0.342468
0.342468
0.342468
0.342468
0.342468
0.342468
0.342469
0.342469
0.342482
0.342481
0.342481
0.342481
0.342481
0.342481
0.342481
0.342481
0.342481
0.342481
0.342481
0.342488
0.342488
0.342488
0.342490
0.342490
0.342504
0.342504
0.342504
0.342504
0.342504
0.342504
0.342504
0.342520
0.342520
0.342523
0.342529
0.342529
0.342529
0.342529
0.342529
0.342529
0.342529
0.342529
0.342530
0.342530
0.342536
0.342555
0.342555
0.342555
0.342555
0.342555
0.342564
0.342564
0.342565
0.342622
0.342622
0.342622
0.342622
0.342626
0.342632
0.342632
0.342645
0.342645
0.342648
0.342648
0.342649
0.342649
0.342649
0.342649
0.342649
0.342649
0.342649
0.342649
0.342650
0.342668
0.342704
0.342704
0.342672
0.342672
0.342672
0.342676
0.342676
0.342676
0.342676
0.342676
0.342676
0.342676
0.342676
0.342676
0.342679
0.342679
0.342679
0.342679
0.342688
0.342688
0.342623
0.342623
0.342623
0.342656
0.342656
0.342656
0.342656
0.342656
0.342658
0.342658
0.342658
0.342658
0.342658
0.342658
0.342660
0.342660
0.342672
0.342672
0.342672
0.342671
0.342671
0.342671
0.342671
0.342671
0.342671
0.342676
0.342676
0.342676
0.342676
0.342679
0.342679
0.342680
0.342652
0.342654
0.342654
0.342657
0.342657
0.342657
0.342657
0.342660
0.342660
0.342632
0.342632
0.342632
0.342632
0.342632
0.342625
0.342737
0.342760
0.342760
0.342760
0.342760
0.342760
0.342760
0.342754
0.342754
0.342754
0.342755
0.342755
0.342769
0.342770
0.342770
0.342770
0.342770
0.342770
0.342770
0.342770
0.342770
0.342771
0.342771
0.342771
0.342771
0.342771
0.342771
0.342780
0.342792
0.342792
0.342792
0.342792
0.342792
0.342798
0.342798
0.342798
0.342798
0.342798
0.342798
0.342648
0.342648
0.342648
0.342648
0.342648
0.342660
0.342660
0.342660
0.342660
0.342660
0.342660
0.342660
0.342660
0.342661
0.342661
0.342661
0.342661
0.342661
0.342661
0.342664
0.342664
0.342664
0.342664
0.342661
0.342661
0.342661
0.342665
0.342665
0.342665
0.342665
0.342665
0.342665
0.342665
0.342665
0.342665
0.342665
0.342665
0.342665
0.342665
0.342665
0.342665
0.342665
0.342665
0.342665
0.342665
0.342665
0.342665
0.342665
0.342665
0.342665
0.342665
0.342670
0.342670
0.342670
0.342670
0.342670
0.342670
0.342668
0.342620
0.342641
0.342641
0.342645
0.342647
0.342647
0.342650
0.342650
0.342656
0.342667
0.342667
0.342675
0.342675
0.342678
0.342678
0.342678
0.342678
0.342676
0.342676
0.342676
0.342676
0.342676
0.342676
0.342676
0.342700
0.342700
0.342700
0.342726
0.342726
0.342726
0.342730
0.342730
0.342730
0.342730
0.342730
0.342730
0.342730
0.342730
0.342730
0.342730
0.342730
0.342730
0.342730
0.342730
0.342731
0.342731
0.342744
0.342744
0.342744
0.342744
0.342744
0.342744
0.342745
0.342745
0.342745
0.342745
0.342745
0.342745
0.342745
0.342779
0.342779
0.342779
0.342779
0.342779
0.342779
0.342779
0.342779
0.342779
0.342779
0.342779
0.342779
0.342779
0.342780
0.342804
0.342804
0.342804
0.342804
0.342804
0.342804
0.342804
0.342815
0.342815
0.342815
0.342879
0.342874
0.342874
0.342885
0.342885
0.342885
0.342885
0.342890
0.342890
0.342906
0.342906
0.342906
0.342906
0.342906
0.342906
0.342906
0.342906
0.342906
0.342907
0.342907
0.342907
0.342907
0.342907
0.342917
0.342922
0.342922
0.342932
0.342932
0.342932
0.342932
0.342932
0.342932
0.342932
0.342932
0.342932
0.342932
0.342932
0.342949
0.342949
0.342949
0.342949
0.342949
0.342949
0.342949
0.342949
0.342949
0.342549
0.342549
0.342549
0.342549
0.342549
0.342549
0.342549
0.342549
0.342549
0.342549
0.342549
0.342558
0.342558
0.342558
0.342558
0.342558
0.342558
0.342560
0.342560
0.342561
0.342561
0.342561
0.342561
0.342561
0.342561
0.342561
0.342569
0.342569
0.342569
0.342569
0.342569
0.342569
0.342569
0.342569
0.342569
0.342570
0.342591
0.342594
0.342594
0.342594
0.342610
0.342611
0.342611
0.342611
0.342611
0.342611
0.342611
0.342611
0.342611
0.342611
0.342618
0.342618
0.342618
0.342618
0.342618
0.342618
0.342618
0.342527
0.342527
0.342527
0.342554
0.342554
0.342565
0.342565
0.342579
0.342607
0.342607
0.342607
0.342607
0.342609
0.342609
0.342555
0.342555
0.342555
0.342555
0.342556
0.342556
0.342556
0.342556
0.342556
0.342556
0.342556
0.342556
0.342556
0.342556
0.342556
0.342564
0.342564
0.342564
0.342564
0.342564
0.342564
0.342564
0.342564
0.342564
0.342564
0.342573
0.342573
0.342573
0.342573
0.342573
0.342573
0.342579
0.342572
0.342572
0.342572
0.342572
0.342572
0.342581
0.342581
0.342581
0.342581
0.342581
0.342581
0.342581
0.342581
0.342581
0.342581
0.342586
0.342587
0.342587
0.342587
0.342587
0.342587
0.342587
0.342587
0.342587
0.342587
0.342587
0.342587
0.342575
0.342575
0.342582
0.342582
0.342582
0.342587
0.342587
0.342587
0.342587
0.342587
0.342599
0.342600
0.342600
0.342600
0.342600
0.342600
0.342600
0.342600
0.342600
0.342600
0.342600
0.342600
0.342600
0.342600
0.342600
0.342600
0.342600
0.342606
0.342606
0.342606
0.342606
0.342606
0.342606
0.342613
0.342613
0.342615
0.342615
0.342615
0.342615
0.342615
0.342615
0.342615
0.342615
0.342615
0.342615
0.342615
0.342615
0.342615
0.342679
0.342681
0.342681
0.342681
0.342691
0.342691
0.342691
0.342678
0.342678
0.342678
0.342678
0.342679
0.342682
0.342682
0.342683
0.342723
0.342723
0.342723
0.342723
0.342723
0.342723
0.342726
0.342726
0.342726
0.342736
0.342736
0.342736
0.342736
0.342736
0.342738
0.342738
0.342738
0.342738
0.342738
0.342741
0.342741
0.342662
0.342662
0.342662
0.342662
0.342662
0.342662
0.342662
0.342662
0.342662
0.342662
0.342657
0.342657
0.342657
0.342657
0.342664
0.342676
0.342676
0.342676
0.342676
0.342676
0.342676
0.342679
0.342703
0.342703
0.342704
0.342704
0.342704
0.342704
0.342704
0.342704
0.342704
0.342704
0.342704
0.342704
0.342694
0.342694
0.342694
0.342694
0.342694
0.342699
0.342707
0.342727
0.342727
0.342727
0.342728
0.342728
0.342728
0.342728
0.342732
0.342732
0.342732
0.342732
0.342732
0.342732
0.342732
0.342735
0.342740
0.342740
0.342740
0.342740
0.342740
0.342758
0.342758
0.342758
0.342758
0.342758
0.342758
0.342758
0.342758
0.342758
0.342758
0.342758
0.342758
0.342758
0.342758
0.342758
0.342758
0.342758
0.342758
0.342772
0.342772
0.342772
0.342772
0.342772
0.342772
0.342772
0.342772
0.342772
0.342772
0.342772
0.342772
0.342772
0.342772
0.342772
0.342772
0.342792
0.342792
0.342792
0.342792
0.342794
0.342799
0.342799
0.342799
0.342799
0.342799
0.342799
0.342800
0.342805
0.342805
0.342805
0.342806
0.342806
0.342806
0.342806
0.342806
0.342806
0.342806
0.342806
0.342806
0.342807
0.342807
0.342807
0.342807
0.342807
0.342807
0.342807
0.342807
0.342807
0.342807
0.342807
0.342813
0.342813
0.342813
0.342813
0.342813
0.342813
0.342814
0.342814
0.342814
0.342820
0.342820
0.342820
0.342820
0.342820
0.342820
0.342820
0.342820
0.342822
0.342822
0.342822
0.342798
0.342780
0.342780
0.342780
0.342841
0.342840
0.342840
0.342827
0.342827
0.342830
0.342830
0.342830
0.342830
0.342830
0.342830
0.342830
0.342830
0.342834
0.342834
0.342834
0.342834
0.342834
0.342834
0.342834
0.342847
0.342858
0.342859
0.342859
0.342859
0.342896
0.342896
0.342898
0.342851
0.342851
0.342851
0.342851
0.342851
0.342849
0.342850
0.342850
0.342850
0.342850
0.342850
0.342850
0.342850
0.342850
0.342827
0.342845
0.342845
0.342845
0.342845
0.342845
0.342845
0.342845
0.342845
0.342845
0.342845
0.342845
0.342846
0.342846
0.342852
0.342852
0.342852
0.342852
0.342852
0.342852
0.342852
0.342852
0.342852
0.342852
0.342853
0.342854
0.342862
0.342865
0.342865
0.342865
0.342865
0.342865
0.342873
0.342873
0.342873
0.342873
0.342873
0.342902
0.342902
0.342902
0.342902
0.342902
0.342902
0.342902
0.342902
0.342902
0.342902
0.342902
0.342902
0.342902
0.342902
0.342902
0.342902
0.342902
0.342902
0.342902
0.342902
0.342902
0.342902
0.342908
0.342908
0.342908
0.342908
0.342908
0.342908
0.342927
0.342927
0.342927
0.342927
0.342927
0.342927
0.342927
0.342927
0.342927
0.342927
0.342927
0.342927
0.342926
0.342926
0.342926
0.342926
0.342927
0.342927
0.342927
0.342944
0.342944
0.342992
0.342992
0.342992
0.342992
0.342992
0.342992
0.342992
0.342994
0.342994
0.342994
0.342994
0.342994
0.342994
0.342994
0.343152
0.343152
0.343152
0.343155
0.343155
0.343155
0.343155
0.343155
0.343155
0.343155
0.343155
0.343155
0.343155
0.343155
0.343155
0.343155
0.343123
0.343123
0.343123
0.343123
0.343123
0.343123
0.343124
0.343124
0.343124
0.343124
0.343124
0.343124
0.343133
0.343133
0.343133
0.343135
0.343138
0.343138
0.343125
0.343125
0.343179
0.343179
0.343179
0.343179
0.343179
0.343179
0.343179
0.343179
0.343179
0.343181
0.343181
0.343181
0.343181
0.343181
0.343181
0.343181
0.343182
0.343248
0.343248
0.343248
0.343220
0.343220
0.343220
0.343196
0.343196
0.343196
0.343196
0.343196
0.343196
0.343226
0.343226
0.343234
0.343234
0.343234
0.343234
0.343234
0.343234
0.343234
0.343234
0.343234
0.343234
0.343250
0.343250
0.343250
0.343250
0.343250
0.343250
0.343250
0.343250
0.343269
0.343269
0.343269
0.343269
0.343269
0.343269
0.343269
0.343269
0.343269
0.343274
0.343274
0.343274
0.343274
0.343274
0.343270
0.343270
0.343270
0.343270
0.343270
0.343270
0.343270
0.343270
0.343270
0.343270
0.343285
0.343285
0.343285
0.343285
0.343285
0.343285
0.343285
0.343285
0.343285
0.343285
0.343286
0.343286
0.343286
0.343286
0.343286
0.343286
0.343292
0.343295
0.343295
0.343295
0.343296
0.343296
0.343296
0.343296
0.343303
0.343304
0.343304
0.343304
0.343304
0.343304
0.343304
0.343304
0.343304
0.343304
0.343304
0.343304
0.343304
0.343298
0.343298
0.343298
0.343298
0.343301
0.343301
0.343301
0.343301
0.343306
0.343306
0.343366
0.343366
0.343366
0.343366
0.343366
0.343366
0.343366
0.343366
0.343366
0.343366
0.343366
0.343366
0.343366
0.343366
0.343374
0.343374
0.343374
0.343374
0.343374
0.343374
0.343374
0.343374
0.343374
0.343374
0.343374
0.343374
0.343374
0.343374
0.343374
0.343375
0.343375
0.343379
0.343379
0.343379
0.343379
0.343379
0.343379
0.343379
0.343379
0.343379
0.343379
0.343379
0.343380
0.343380
0.343380
0.343380
0.343380
0.343380
0.343380
0.343380
0.343380
0.343380
0.343380
0.343380
0.343380
0.343380
0.343380
0.343380
0.343391
0.343391
0.343391
0.343391
0.343391
0.343391
0.343391
0.343391
0.343391
0.343391
0.343391
0.343391
0.343394
0.343394
0.343394
0.343394
0.343394
0.343394
0.343394
0.343394
0.343394
0.343394
0.343394
0.343394
0.343394
0.343394
0.343398
0.343398
0.343402
0.343406
0.343413
0.343413
0.343413
0.343413
0.343413
0.343416
0.343416
0.343508
0.343508
0.343508
0.343508
0.343508
0.343508
0.343544
0.343544
0.343544
0.343544
0.343544
0.343544
0.343544
0.343544
0.343544
0.343544
0.343544
0.343544
0.343544
0.343564
0.343625
0.343627
0.343648
0.343648
0.343648
0.343648
0.343655
0.343655
0.343655
0.343655
0.343655
0.343655
0.343655
0.343655
0.343655
0.343666
0.343666
0.343666
0.343666
0.343666
0.343666
0.343666
0.343666
0.343666
0.343666
0.343666
0.343666
0.343666
0.343666
0.343666
0.343666
0.343666
0.343672
0.343674
0.343677
0.343678
0.343678
0.343678
0.343678
0.343682
0.343682
0.343682
0.343684
0.343684
0.343684
0.343684
0.343686
0.343686
0.343686
0.343686
0.343686
0.343686
0.343686
0.343686
0.343687
0.343687
0.343687
0.343687
0.343687
0.343687
0.343687
0.343687
0.343684
0.343684
0.343689
0.343689
0.343689
0.343689
0.343689
0.343689
0.343688
0.343688
0.343688
0.343688
0.343686
0.343686
0.343686
0.343686
0.343686
0.343686
0.343686
0.343686
0.343686
0.343686
0.343686
0.343689
0.343689
0.343689
0.343689
0.343689
0.343689
0.343689
0.343689
0.343689
0.343692
0.343692
0.343692
0.343702
0.343702
0.343702
0.343702
0.343702
0.343703
0.343703
0.343703
0.343703
0.343705
0.343705
0.343715
0.343715
0.343715
0.343716
0.343716
0.343716
0.343716
0.343744
0.343744
0.343744
0.343744
0.343744
0.343744
0.343750
0.343750
0.343750
0.343750
0.343761
0.343790
0.343790
0.343790
0.343790
0.343790
0.343790
0.343790
0.343790
0.343790
0.343790
0.343802
0.343802
0.343931
0.343931
0.343931
0.343932
0.343932
0.343932
0.343934
0.343934
0.343934
0.343934
0.343934
0.343934
0.343934
0.343934
0.343934
0.343934
0.343934
0.343934
0.343934
0.343934
0.343934
0.343934
0.343935
0.343935
0.343935
0.343935
0.343935
0.343939
0.343939
0.343940
0.343940
0.343956
0.343956
0.343956
0.343956
0.343956
0.343973
0.343973
0.343973
0.343973
0.343973
0.343973
0.343973
0.343973
0.343973
0.343973
0.343973
0.343973
0.343973
0.343973
0.343973
0.343973
0.343973
0.343973
0.343973
0.343973
0.343989
0.343995
0.343998
0.343998
0.343998
0.344055
0.344055
0.344065
0.344066
0.344066
0.344066
0.344067
0.344067
0.344067
0.344067
0.344067
0.344089
0.344089
0.344089
0.344089
0.344089
0.344089
0.344089
0.344089
0.344089
0.344089
0.344090
0.344090
0.344090
0.344090
0.344090
0.344109
0.344109
0.344109
0.344109
0.344109
0.344119
0.344119
0.344119
0.344119
0.344119
0.344119
0.344125
0.344125
0.344127
0.344139
0.344139
0.344139
0.344139
0.344140
0.344140
0.344140
0.344140
0.344140
0.344140
0.344142
0.344142
0.344142
0.344142
0.344148
0.344148
0.344148
0.344148
0.344149
0.344153
0.344153
0.344153
0.344153
0.344169
0.344169
0.344169
0.344169
0.344169
0.344201
0.344201
0.344201
0.344201
0.344201
0.344201
0.344201
0.344207
0.344207
0.344207
0.344207
0.344207
0.344228
0.344228
0.344228
0.344228
0.344228
0.344234
0.344234
0.344234
0.344235
0.344235
0.344235
0.344235
0.344235
0.344235
0.344235
0.344235
0.344235
0.344235
0.344241
0.344241
0.344241
0.344241
0.344241
0.344253
0.344253
0.344270
0.344270
0.344270
0.344270
0.344270
0.344270
0.344270
0.344270
0.344265
0.344265
0.344265
0.344265
0.344265
0.344265
0.344269
0.344269
0.344269
0.344269
0.344269
0.344270
0.344270
0.344270
0.344270
0.344270
0.344270
0.344287
0.344287
0.344287
0.344287
0.344287
0.344287
0.344287
0.344287
0.344287
0.344297
0.344301
0.344301
0.344302
0.344302
0.344302
0.344302
0.344302
0.344302
0.344302
0.344302
0.344302
0.344302
0.344302
0.344311
0.344311
0.344311
0.344311
0.344311
0.344315
0.344316
0.344316
0.344316
0.344318
0.344318
0.344321
0.344321
0.344321
0.344321
0.344321
0.344307
0.344307
0.344307
0.344307
0.344322
0.344322
0.344322
0.344322
0.344227
0.344227
0.344227
0.344227
0.344227
0.344227
0.344227
0.344141
0.344141
0.344141
0.344144
0.344144
0.344144
0.344144
0.344144
0.344150
0.344152
0.344173
0.344182
0.344182
0.344185
0.344185
0.344185
0.344185
0.344185
0.344185
0.344185
0.344185
0.344185
0.344185
0.344185
0.344185
0.344185
0.344185
0.344185
0.344185
0.344185
0.344226
0.344226
0.344226
0.344233
0.344233
0.344233
0.344233
0.344233
0.344236
0.344236
0.344236
0.344236
0.344246
0.344246
0.344246
0.344246
0.344246
0.344246
0.344246
0.344246
0.344246
0.344246
0.344246
0.344268
0.344268
0.344268
0.344269
0.344262
0.344262
0.344262
0.344262
0.344262
0.344262
0.344264
0.344264
0.344264
0.344264
0.344264
0.344297
0.344297
0.344298
0.344298
0.344298
0.344298
0.344298
0.344298
0.344298
0.344298
0.344298
0.344298
0.344298
0.344298
0.344298
0.344298
0.344298
0.344298
0.344299
0.344299
0.344299
0.344299
0.344299
0.344371
0.344371
0.344361
0.344361
0.344361
0.344385
0.344385
0.344385
0.344387
0.344387
0.344387
0.344387
0.344387
0.344387
0.344391
0.344391
0.344391
0.344391
0.344391
0.344391
0.344391
0.344391
0.344408
0.344408
0.344408
0.344408
0.344408
0.344408
0.344410
0.344410
0.344410
0.344410
0.344410
0.344410
0.344410
0.344410
0.344410
0.344420
0.344428
0.344428
0.344428
0.344428
0.344428
0.344428
0.344428
0.344430
0.344430
0.344430
0.344430
0.344430
0.344430
0.344430
0.344446
0.344446
0.344455
0.344455
0.344455
0.344455
0.344455
0.344455
0.344455
0.344455
0.344455
0.344455
0.344457
0.344457
0.344457
0.344457
0.344494
0.344494
0.344498
0.344498
0.344498
0.344501
0.344501
0.344501
0.344501
0.344533
0.344533
0.344534
0.344534
0.344531
0.344532
0.344536
0.344536
0.344536
0.344536
0.344537
0.344572
0.344572
0.344572
0.344580
0.344584
0.344584
0.344615
0.344615
0.344615
0.344615
0.344615
0.344615
0.344615
0.344617
0.344617
0.344617
0.344633
0.344740
0.344753
0.344759
0.344759
0.344755
0.344755
0.344755
0.344755
0.344755
0.344755
0.344750
0.344750
0.344752
0.344752
0.344752
0.344752
0.344752
0.344752
0.344752
0.344752
0.344752
0.344757
0.344761
0.344761
0.344766
0.344766
0.344766
0.344766
0.344766
0.344766
0.344766
0.344766
0.344766
0.344766
0.344766
0.344769
0.344769
0.344769
0.344769
0.344769
0.344769
0.344769
0.344769
0.344769
0.344769
0.344769
0.344769
0.344769
0.344769
0.344769
0.344769
0.344769
0.344769
0.344769
0.344769
0.344769
0.344769
0.344769
0.344768
0.344768
0.344768
0.344768
0.344771
0.344771
0.344775
0.344768
0.344768
0.344787
0.344787
0.344787
0.344787
0.344789
0.344789
0.344800
0.344800
0.344801
0.344801
0.345040
0.345040
0.345040
0.345040
0.345040
0.345040
0.345040
0.345055
0.345055
0.345055
0.345055
0.345055
0.345055
0.345055
0.345055
0.345055
0.345055
0.345055
0.345063
0.345066
0.345066
0.345066
0.345076
0.345076
0.345076
0.345076
0.345076
0.345076
0.345076
0.345077
0.345077
0.345084
0.345084
0.345084
0.345084
0.345084
0.345102
0.345102
0.345102
0.345102
0.345102
0.345102
0.345103
0.345193
0.345193
0.345193
0.345193
0.345193
0.345196
0.345221
0.345244
0.345244
0.345244
0.345244
0.345244
0.345244
0.345254
0.345254
0.345254
0.345254
0.345254
0.345254
0.345254
0.345254
0.345254
0.345254
0.345254
0.345254
0.345254
0.345254
0.345254
0.345255
0.345255
0.345260
0.345260
0.345260
0.345261
0.345261
0.345261
0.345262
0.345262
0.345268
0.345258
0.345258
0.345258
0.345258
0.345258
0.345258
0.345258
0.345264
0.345264
0.345264
0.345266
0.345266
0.345281
0.345281
0.345281
0.345331
0.345331
0.345339
0.345339
0.345339
0.345339
0.345339
0.345345
0.345348
0.345348
0.345348
0.345348
0.345348
0.345348
0.345348
0.345348
0.345348
0.345348
0.345348
0.345348
0.345361
0.345361
0.345381
0.345400
0.345400
0.345400
0.345416
0.345416
0.345416
0.345416
0.345416
0.345416
0.345416
0.345416
0.345416
0.345417
0.345417
0.345417
0.345417
0.345417
0.345419
0.345421
0.345427
0.345427
0.345427
0.345429
0.345429
0.345429
0.345429
0.345429
0.345429
0.345429
0.345429
0.345429
0.345429
0.345438
0.345440
0.345444
0.345444
0.345444
0.345444
0.345450
0.345494
0.345495
0.345495
0.345495
0.345495
0.345495
0.345495
0.345495
0.345495
0.345495
0.345495
0.345495
0.345495
0.345495
0.345495
0.345495
0.345498
0.345498
0.345502
0.345520
0.345520
0.345520
0.345521
0.345521
0.345508
0.345508
0.345508
0.345508
0.345508
0.345508
0.345508
0.345508
0.345511
0.345511
0.345515
0.345515
0.345515
0.345515
0.345515
0.345515
0.345515
0.345515
0.345515
0.345515
0.345519
0.345519
0.345519
0.345519
0.345519
0.345521
0.345521
0.345521
0.345521
0.345521
0.345521
0.345521
0.345521
0.345521
0.345521
0.345521
0.345521
0.345521
0.345521
0.345521
0.345521
0.345515
0.345515
0.345515
0.345515
0.345518
0.345521
0.345521
0.345521
0.345521
0.345521
0.345521
0.345526
0.345526
0.345529
0.345530
0.345532
0.345532
0.345532
0.345532
0.345532
0.345532
0.345532
0.345532
0.345532
0.345532
0.345532
0.345532
0.345537
0.345538
0.345544
0.345544
0.345544
0.345544
0.345546
0.345546
0.345546
0.345549
0.345549
0.345549
0.345549
0.345549
0.345549
0.345549
0.345549
0.345549
0.345549
0.345559
0.345559
0.345559
0.345559
0.345559
0.345559
0.345559
0.345559
0.345572
0.345574
0.345574
0.345574
0.345574
0.345575
0.345575
0.345575
0.345584
0.345584
0.345583
0.345586
0.345586
0.345586
0.345592
0.345593
0.345593
0.345593
0.345596
0.345596
0.345604
0.345604
0.345608
0.345608
0.345826
0.345826
0.345826
0.345831
0.345831
0.345831
0.345831
0.345831
0.345842
0.345842
0.345842
0.345842
0.345842
0.345842
0.345842
0.345842
0.345842
0.345844
0.345844
0.345844
0.345844
0.345885
0.345885
0.345885
0.345885
0.345888
0.345888
0.345888
0.345888
0.345888
0.345888
0.345889
0.345906
0.345906
0.345906
0.345906
0.345789
0.345789
0.345789
0.345798
0.345798
0.345802
0.345802
0.345802
0.345802
0.345802
0.345802
0.345802
0.345802
0.345802
0.345802
0.345802
0.345802
0.345802
0.345802
0.345802
0.345802
0.345802
0.345802
0.345802
0.345802
0.345802
0.345802
0.345802
0.345802
0.345802
0.345802
0.345802
0.345822
0.345822
0.345822
0.345823
0.345829
0.345830
0.345831
0.345831
0.345834
0.345834
0.345844
0.345865
0.345868
0.345868
0.345868
0.345868
0.345868
0.345868
0.345886
0.345886
0.345886
0.345889
0.345885
0.345885
0.345885
0.345885
0.345885
0.345885
0.345885
0.345885
0.345885
0.345885
0.345885
0.345885
0.345885
0.345898
0.345900
0.345900
0.345900
0.345900
0.345900
0.345900
0.345900
0.345900
0.345887
0.345889
0.345889
0.345889
0.345889
0.345889
0.345889
0.345889
0.345889
0.345889
0.345889
0.345889
0.345889
0.345889
0.345890
0.345890
0.345890
0.345891
0.345891
0.345891
0.345891
0.345898
0.345898
0.345905
0.345901
0.345901
0.345901
0.345901
0.345901
0.345901
0.345902
0.345902
0.345902
0.345902
0.345902
0.345984
0.345985
0.345985
0.345985
0.345985
0.345985
0.345985
0.345985
0.345985
0.345985
0.345985
0.345836
0.345839
0.345839
0.345839
0.345839
0.345839
0.345846
0.345846
0.345846
0.345846
0.345894
0.345894
0.345894
0.345826
0.345826
0.345829
0.345830
0.345830
0.345830
0.345837
0.345837
0.345837
0.345837
0.345837
0.345837
0.345837
0.345837
0.345837
0.345837
0.345837
0.345837
0.345837
0.345883
0.345883
0.345883
0.345883
0.345897
0.345897
0.345897
0.345897
0.345917
0.345917
0.345922
0.345922
0.345922
0.345922
0.345922
0.345924
0.345917
0.345917
0.345921
0.345921
0.345921
0.345921
0.345921
0.345921
0.345921
0.345921
0.345921
0.345921
0.345921
0.345921
0.345921
0.345921
0.345929
0.345938
0.345938
0.345986
0.345993
0.345993
0.345993
0.345993
0.345993
0.345993
0.346055
0.346026
0.346031
0.346023
0.346023
0.346031
0.346031
0.346031
0.346031
0.346031
0.346031
0.346031
0.346031
0.346031
0.346031
0.346031
0.346031
0.346041
0.346041
0.346041
0.346041
0.346041
0.346042
0.346042
0.346042
0.346042
0.346042
0.346042
0.346042
0.346042
0.346047
0.346047
0.346047
0.346052
0.346052
0.346058
0.346058
0.346058
0.346058
0.346058
0.346058
0.346060
0.346060
0.346060
0.346060
0.346065
0.346065
0.346065
0.346065
0.346067
0.346067
0.346067
0.346097
0.346097
0.346097
0.346097
0.346097
0.346097
0.346097
0.346097
0.346097
0.346114
0.346114
0.346114
0.346114
0.346114
0.346114
0.346114
0.346114
0.346114
0.346114
0.346114
0.346114
0.346114
0.346114
0.346114
0.346114
0.346120
0.346120
0.346120
0.346120
0.346120
0.346120
0.346120
0.346120
0.346120
0.346121
0.346121
0.346121
0.346155
0.346155
0.346155
0.346155
0.346155
0.346164
0.346164
0.346339
0.346339
0.346339
0.346339
0.346339
0.346339
0.346339
0.346339
0.346339
0.346339
0.346339
0.346339
0.346344
0.346344
0.346344
0.346344
0.346344
0.346344
0.346344
0.346344
0.346344
0.346344
0.346344
0.346344
0.346344
0.346344
0.346344
0.346344
0.346344
0.346344
0.346344
0.346344
0.346251
0.346273
0.346275
0.346275
0.346275
0.346279
0.346279
0.346279
0.346279
0.346279
0.346279
0.346279
0.346280
0.346280
0.346280
0.346280
0.346280
0.346280
0.346280
0.346280
0.346280
0.346280
0.346280
0.346280
0.346280
0.346280
0.346280
0.346280
0.346280
0.346280
0.346280
0.346282
0.346283
0.346283
0.346283
0.346283
0.346283
0.346283
0.346283
0.346283
0.346283
0.346283
0.346283
0.346293
0.346293
0.346296
0.346282
0.346284
0.346287
0.346287
0.346287
0.346266
0.346267
0.346267
0.346267
0.346274
0.346274
0.346274
0.346274
0.346279
0.346280
0.346278
0.346278
0.346278
0.346278
0.346278
0.346278
0.346292
0.346292
0.346292
0.346292
0.346296
0.346296
0.346296
0.346296
0.346296
0.346296
0.346296
0.346298
0.346298
0.346308
0.346308
0.346313
0.346313
0.346313
0.346323
0.346328
0.346328
0.346328
0.346331
0.346331
0.346330
0.346330
0.346330
0.346330
0.346330
0.346330
0.346338
0.346344
0.346344
0.346344
0.346344
0.346344
0.346344
0.346344
0.346344
0.346344
0.346344
0.346344
0.346344
0.346344
0.346344
0.346351
0.346351
0.346351
0.346354
0.346354
0.346354
0.346400
0.346400
0.346400
0.346400
0.346400
0.346400
0.346409
0.346409
0.346411
0.346411
0.346411
0.346411
0.346411
0.346411
0.346411
0.346411
0.346411
0.346411
0.346411
0.346411
0.346411
0.346411
0.346411
0.346412
0.346412
0.346412
0.346412
0.346412
0.346412
0.346414
0.346414
0.346414
0.346416
0.346522
0.346522
0.346522
0.346522
0.346522
0.346522
0.346531
0.346531
0.346535
0.346535
0.346535
0.346554
0.346554
0.346554
0.346554
0.346554
0.346554
0.346582
0.346629
0.346636
0.346636
0.346636
0.346636
0.346636
0.346638
0.346643
0.346643
0.346644
0.346644
0.346644
0.346644
0.346654
0.346654
0.346654
0.346660
0.346660
0.346660
0.346660
0.346660
0.346660
0.346440
0.346440
0.346440
0.346443
0.346443
0.346443
0.346443
0.346443
0.346449
0.346449
0.346452
0.346452
0.346452
0.346453
0.346453
0.346453
0.346453
0.346457
0.346465
0.346465
0.346470
0.346470
0.346474
0.346480
0.346487
0.346487
0.346487
0.346485
0.346485
0.346485
0.346485
0.346485
0.346485
0.346485
0.346485
0.346485
0.346485
0.346485
0.346485
0.346424
0.346424
0.346427
0.346451
0.346451
0.346451
0.346451
0.346451
0.346451
0.346451
0.346451
0.346451
0.346451
0.346451
0.346451
0.346451
0.346451
0.346451
0.346451
0.346451
0.346451
0.346451
0.346451
0.346451
0.346451
0.346451
0.346451
0.346451
0.346451
0.346451
0.346451
0.346451
0.346451
0.346451
0.346451
0.346451
0.346451
0.346451
0.346451
0.346451
0.346462
0.346462
0.346462
0.346462
0.346462
0.346462
0.346462
0.346462
0.346462
0.346462
0.346462
0.346462
0.346462
0.346462
0.346484
0.346484
0.346484
0.346484
0.346484
0.346484
0.346484
0.346484
0.346485
0.346485
0.346485
0.346485
0.346485
0.346485
0.346485
0.346485
0.346485
0.346491
0.346491
0.346494
0.346494
0.346531
0.346531
0.346531
0.346531
0.346531
0.346531
0.346541
0.346541
0.346541
0.346541
0.346541
0.346541
0.346542
0.346542
0.346542
0.346542
0.346542
0.346559
0.346559
0.346465
0.346465
0.346465
0.346465
0.346486
0.346488
0.346488
0.346488
0.346493
0.346493
0.346493
0.346492
0.346492
0.346492
0.346492
0.346492
0.346492
0.346492
0.346492
0.346492
0.346492
0.346492
0.346492
0.346492
0.346492
0.346492
0.346492
0.346492
0.346492
0.346492
0.346492
0.346492
0.346493
0.346493
0.346496
0.346498
0.346498
0.346498
0.346498
0.346498
0.346504
0.346504
0.346504
0.346504
0.346504
0.346504
0.346504
0.346504
0.346505
0.346505
0.346507
0.346530
0.346530
0.346530
0.346528
0.346532
0.346532
0.346532
0.346528
0.346528
0.346533
0.346533
0.346533
0.346533
0.346533
0.346548
0.346548
0.346549
0.346549
0.346550
0.346550
0.346550
0.346550
0.346554
0.346554
0.346554
0.346554
0.346509
0.346509
0.346509
0.346509
0.346509
0.346509
0.346509
0.346509
0.346509
0.346509
0.346509
0.346509
0.346509
0.346509
0.346509
0.346509
0.346509
0.346509
0.346509
0.346509
0.346509
0.346509
0.346509
0.346509
0.346509
0.346509
0.346509
0.346509
0.346509
0.346509
0.346509
0.346511
0.346511
0.346511
0.346511
0.346511
0.346532
0.346532
0.346532
0.346517
0.346517
0.346517
0.346517
0.346528
0.346528
0.346528
0.346528
0.346528
0.346528
0.346528
0.346528
0.346528
0.346528
0.346528
0.346528
0.346528
0.346528
0.346528
0.346528
0.346538
0.346539
0.346557
0.346557
0.346564
0.346564
0.346564
0.346564
0.346564
0.346564
0.346564
0.346564
0.346564
0.346564
0.346564
0.346564
0.346564
0.346564
0.346564
0.346563
0.346563
0.346563
0.346563
0.346567
0.346567
0.346567
0.346567
0.346726
0.346726
0.346726
0.346726
0.346726
0.346731
0.346760
0.346760
0.346760
0.346760
0.346760
0.346760
0.346760
0.346760
0.346760
0.346760
0.346761
0.346761
0.346761
0.346761
0.346761
0.346761
0.346764
0.346764
0.346784
0.346784
0.346784
0.346784
0.346789
0.346789
0.346789
0.346798
0.346798
0.346798
0.346798
0.346798
0.346798
0.346798
0.346798
0.346798
0.346843
0.346843
0.346844
0.346844
0.346844
0.346844
0.346844
0.346845
0.346835
0.346835
0.346841
0.346841
0.346841
0.346841
0.346841
0.346891
0.346891
0.346891
0.346891
0.346893
0.346893
0.346897
0.346898
0.346925
0.346925
0.346925
0.346925
0.346925
0.346925
0.346925
0.346925
0.346925
0.346925
0.346925
0.346925
0.346925
0.346925
0.346925
0.346925
0.346926
0.346926
0.346926
0.346926
0.346926
0.346926
0.346926
0.346933
0.346933
0.346933
0.346933
0.346933
0.346934
0.346934
0.346934
0.346961
0.346961
0.346961
0.346961
0.346960
0.346960
0.346960
0.346960
0.346960
0.346960
0.346965
0.346966
0.346966
0.346966
0.346966
0.346966
0.346966
0.346966
0.346966
0.346966
0.346966
0.346966
0.346966
0.347005
0.347005
0.347005
0.347005
0.347005
0.347005
0.347005
0.347005
0.347007
0.347007
0.347007
0.347007
0.347007
0.347009
0.347009
0.347009
0.347009
0.347009
0.347016
0.347016
0.347016
0.347016
0.347017
0.347017
0.347017
0.347017
0.347017
0.347017
0.347024
0.347024
0.347024
0.347003
0.347015
0.347049
0.347049
0.347053
0.347056
0.347059
0.347059
0.347059
0.347059
0.347061
0.347061
0.347061
0.347061
0.347061
0.347061
0.347061
0.347074
0.347074
0.347074
0.347075
0.347075
0.347075
0.347075
0.347075
0.347075
0.347075
0.347075
0.347075
0.347075
0.347075
0.347075
0.347075
0.347075
0.347075
0.347075
0.347075
0.347075
0.347075
0.347075
0.347075
0.347082
0.347082
0.347082
0.347082
0.347082
0.347125
0.347125
0.347125
0.347125
0.347125
0.347125
0.347125
0.347125
0.347125
0.347125
0.347129
0.347129
0.347129
0.347129
0.347129
0.347129
0.347129
0.347129
0.347129
0.347129
0.347129
0.347132
0.347132
0.347132
0.347132
0.347132
0.347132
0.347168
0.347168
0.347175
0.347175
0.347175
0.347175
0.347175
0.347175
0.347175
0.347175
0.347175
0.347175
0.347175
0.347175
0.347175
0.347175
0.347181
0.347183
0.347183
0.347183
0.347183
0.347183
0.347183
0.347224
0.347224
0.347224
0.347224
0.347224
0.347228
0.347228
0.347231
0.347231
0.347293
0.347293
0.347293
0.347300
0.347300
0.347300
0.347300
0.347300
0.347300
0.347307
0.347307
0.347307
0.347307
0.347307
0.347380
0.347380
0.347380
0.347380
0.347380
0.347380
0.347380
0.347380
0.347380
0.347380
0.347381
0.347381
0.347381
0.347402
0.347403
0.347403
0.347403
0.347403
0.347403
0.347403
0.347403
0.347403
0.347403
0.347403
0.347403
0.347409
0.347412
0.347412
0.347412
0.347412
0.347412
0.347418
0.347418
0.347418
0.347418
0.347418
0.347418
0.347418
0.347418
0.347445
0.347445
0.347445
0.347445
0.347445
0.347445
0.347445
0.347446
0.347446
0.347446
0.347446
0.347416
0.347416
0.347416
0.347416
0.347416
0.347419
0.347419
0.347419
0.347419
0.347419
0.347423
0.347423
0.347423
0.347423
0.347423
0.347423
0.347423
0.347423
0.347423
0.347423
0.347423
0.347423
0.347423
0.347423
0.347426
0.347426
0.347427
0.347427
0.347437
0.347437
0.347423
0.347423
0.347423
0.347423
0.347423
0.347423
0.347423
0.347436
0.347436
0.347436
0.347439
0.347439
0.347439
0.347439
0.347439
0.347439
0.347439
0.347439
0.347439
0.347439
0.347439
0.347439
0.347439
0.347439
0.347439
0.347439
0.347492
0.347492
0.347492
0.347492
0.347492
0.347492
0.347492
0.347492
0.347492
0.347492
0.347492
0.347492
0.347496
0.347496
0.347502
0.347502
0.347540
0.347540
0.347540
0.347540
0.347540
0.347540
0.347540
0.347540
0.347540
0.347540
0.347540
0.347540
0.347540
0.347540
0.347540
0.347540
0.347540
0.347540
0.347540
0.347540
0.347540
0.347540
0.347540
0.347540
0.347541
0.347541
0.347541
0.347554
0.347554
0.347554
0.347554
0.347554
0.347554
0.347554
0.347554
0.347560
0.347560
0.347560
0.347560
0.347560
0.347560
0.347560
0.347560
0.347560
0.347556
0.347556
0.347556
0.347556
0.347556
0.347556
0.347556
0.347556
0.347556
0.347562
0.347562
0.347562
0.347562
0.347562
0.347562
0.347562
0.347562
0.347562
0.347562
0.347562
0.347562
0.347562
0.347562
0.347562
0.347562
0.347565
0.347565
0.347565
0.347566
0.347566
0.347566
0.347566
0.347566
0.347566
0.347566
0.347566
0.347566
0.347566
0.347568
0.347568
0.347579
0.347579
0.347579
0.347579
0.347579
0.347579
0.347579
0.347579
0.347579
0.347580
0.347580
0.347580
0.347580
0.347581
0.347582
0.347588
0.347588
0.347588
0.347588
0.347588
0.347588
0.347588
0.347588
0.347588
0.347588
0.347584
0.347584
0.347584
0.347584
0.347584
0.347584
0.347584
0.347584
0.347584
0.347588
0.347590
0.347590
0.347593
0.347610
0.347610
0.347610
0.347610
0.347610
0.347610
0.347610
0.347610
0.347610
0.347610
0.347610
0.347610
0.347610
0.347610
0.347610
0.347610
0.347621
0.347624
0.347624
0.347624
0.347624
0.347624
0.347624
0.347624
0.347624
0.347624
0.347624
0.347624
0.347624
0.347625
0.347625
0.347625
0.347625
0.347625
0.347625
0.347609
0.347609
0.347609
0.347609
0.347622
0.347622
0.347622
0.347622
0.347622
0.347622
0.347622
0.347622
0.347622
0.347634
0.347634
0.347643
0.347643
0.347643
0.347643
0.347643
0.347643
0.347643
0.347643
0.347643
0.347643
0.347643
0.347643
0.347643
0.347643
0.347643
0.347643
0.347643
0.347643
0.347643
0.347620
0.347620
0.347642
0.347642
0.347642
0.347642
0.347642
0.347642
0.347642
0.347659
0.347659
0.347659
0.347659
0.347659
0.347659
0.347659
0.347659
0.347659
0.347659
0.347664
0.347664
0.347664
0.347664
0.347664
0.347664
0.347664
0.347664
0.347664
0.347664
0.347664
0.347664
0.347664
0.347664
0.347664
0.347664
0.347670
0.347670
0.347670
0.347670
0.347670
0.347670
0.347675
0.347675
0.348134
0.348134
0.348143
0.348143
0.348143
0.348145
0.348145
0.348146
0.348146
0.348148
0.348148
0.348148
0.348148
0.348148
0.348148
0.348148
0.348148
0.348148
0.348150
0.348150
0.348151
0.348151
0.348151
0.348151
0.348151
0.348164
0.348164
0.348164
0.348164
0.348164
0.348164
0.348164
0.348164
0.348164
0.348164
0.348166
0.348166
0.348166
0.348166
0.348166
0.348166
0.348166
0.348166
0.348166
0.348166
0.348166
0.348201
0.348203
0.348203
0.348203
0.348203
0.348203
0.348203
0.348203
0.348203
0.348203
0.348208
0.348208
0.348208
0.348208
0.348207
0.348207
0.348207
0.348207
0.348207
0.348207
0.348207
0.348207
0.348222
0.348222
0.348222
0.348222
0.348222
0.348222
0.348223
0.348223
0.348248
0.348248
0.348248
0.348248
0.348248
0.348250
0.348242
0.348242
0.348242
0.348242
0.348241
0.348241
0.348241
0.348241
0.348241
0.348246
0.348246
0.348246
0.348246
0.348250
0.348251
0.348251
0.348251
0.348251
0.348251
0.348284
0.348288
0.348288
0.348288
0.348288
0.348288
0.348288
0.348288
0.348288
0.348288
0.348288
0.348288
0.348293
0.348293
0.348293
0.348293
0.348293
0.348293
0.348293
0.348395
0.348395
0.348395
0.348395
0.348397
0.348397
0.348397
0.348397
0.348397
0.348331
0.348331
0.348331
0.348331
0.348331
0.348331
0.348331
0.348331
0.348331
0.348290
0.348290
0.348290
0.348290
0.348293
0.348293
0.348293
0.348293
0.348293
0.348167
0.348167
0.348167
0.348167
0.348167
0.348167
0.348167
0.348167
0.348187
0.348187
0.348188
0.348186
0.348186
0.348186
0.348186
0.348186
0.348186
0.348186
0.348186
0.348186
0.348191
0.348205
0.348205
0.348205
0.348205
0.348205
0.348205
0.348205
0.348217
0.348217
0.348217
0.348217
0.348217
0.348217
0.348217
0.348217
0.348217
0.348217
0.348226
0.348226
0.348226
0.348226
0.348226
0.348227
0.348227
0.348227
0.348227
0.348227
0.348227
0.348240
0.348240
0.348240
0.348241
0.348243
0.348251
0.348251
0.348251
0.348251
0.348251
0.348251
0.348251
0.348251
0.348251
0.348268
0.348268
0.348268
0.348268
0.348268
0.348268
0.348269
0.348269
0.348268
0.348268
0.348268
0.348271
0.348271
0.348278
0.348278
0.348278
0.348278
0.348278
0.348278
0.348278
0.348278
0.348289
0.348289
0.348289
0.348289
0.348289
0.348289
0.348289
0.348289
0.348301
0.348301
0.348301
0.348301
0.348303
0.348303
0.348303
0.348303
0.348304
0.348304
0.348304
0.348304
0.348304
0.348304
0.348306
0.348306
0.348306
0.348446
0.348451
0.348451
0.348451
0.348451
0.348451
0.348451
0.348451
0.348451
0.348456
0.348464
0.348464
0.348464
0.348464
0.348464
0.348464
0.348464
0.348464
0.348464
0.348464
0.348464
0.348469
0.348469
0.348486
0.348486
0.348492
0.348492
0.348492
0.348492
0.348492
0.348497
0.348497
0.348498
0.348498
0.348498
0.348498
0.348498
0.348498
0.348498
0.348498
0.348498
0.348498
0.348498
0.348498
0.348498
0.348498
0.348498
0.348498
0.348498
0.348498
0.348498
0.348498
0.348498
0.348498
0.348498
0.348498
0.348498
0.348498
0.348498
0.348498
0.348498
0.348498
0.348499
0.348499
0.348499
0.348499
0.348499
0.348499
0.348499
0.348499
0.348499
0.348499
0.348499
0.348499
0.348499
0.348499
0.348499
0.348501
0.348501
0.348501
0.348501
0.348501
0.348501
0.348501
0.348501
0.348501
0.348501
0.348501
0.348501
0.348501
0.348505
0.348505
0.348505
0.348505
0.348505
0.348505
0.348507
0.348511
0.348511
0.348511
0.348511
0.348533
0.348533
0.348533
0.348535
0.348535
0.348535
0.348535
0.348535
0.348535
0.348535
0.348535
0.348535
0.348531
0.348531
0.348531
0.348531
0.348531
0.348531
0.348531
0.348531
0.348531
0.348531
0.348548
0.348553
0.348553
0.348561
0.348561
0.348570
0.348570
0.348570
0.348570
0.348597
0.348597
0.348597
0.348597
0.348622
0.348622
0.348622
0.348622
0.348622
0.348624
0.348626
0.348626
0.348626
0.348627
0.348627
0.348627
0.348628
0.348628
0.348628
0.348628
0.348628
0.348628
0.348628
0.348628
0.348628
0.348631
0.348631
0.348631
0.348631
0.348634
0.348637
0.348637
0.348638
0.348635
0.348635
0.348635
0.348635
0.348635
0.348635
0.348635
0.348635
0.348635
0.348642
0.348642
0.348642
0.348642
0.348642
0.348642
0.348642
0.348642
0.348642
0.348642
0.348642
0.348649
0.348649
0.348652
0.348652
0.348652
0.348652
0.348652
0.348653
0.348653
0.348653
0.348652
0.348652
0.348652
0.348652
0.348655
0.348655
0.348655
0.348657
0.348657
0.348657
0.348665
0.348665
0.348671
0.348672
0.348675
0.348675
0.348675
0.348675
0.348675
0.348675
0.348675
0.348675
0.348675
0.348675
0.348675
0.348675
0.348675
0.348675
0.348679
0.348679
0.348679
0.348679
0.348679
0.348679
0.348679
0.348605
0.348606
0.348606
0.348606
0.348606
0.348626
0.348626
0.348622
0.348622
0.348622
0.348623
0.348623
0.348623
0.348623
0.348623
0.348623
0.348623
0.348623
0.348623
0.348622
0.348622
0.348622
0.348678
0.348678
0.348678
0.348681
0.348681
0.348681
0.348697
0.348699
0.348704
0.348704
0.348707
0.348565
0.348565
0.348568
0.348568
0.348568
0.348568
0.348568
0.348568
0.348568
0.348568
0.348568
0.348558
0.348610
0.348616
0.348616
0.348616
0.348616
0.348616
0.348616
0.348618
0.348620
0.348620
0.348620
0.348620
0.348620
0.348620
0.348620
0.348620
0.348620
0.348620
0.348614
0.348614
0.348614
0.348614
0.348614
0.348614
0.348614
0.348621
0.348627
0.348627
0.348627
0.348627
0.348627
0.348622
0.348622
0.348627
0.348627
0.348627
0.348632
0.348632
0.348632
0.348639
0.348639
0.348639
0.348572
0.348573
0.348573
0.348595
0.348595
0.348613
0.348613
0.348613
0.348613
0.348613
0.348595
0.348595
0.348595
0.348595
0.348601
0.348601
0.348601
0.348604
0.348604
0.348604
0.348604
0.348604
0.348604
0.348604
0.348604
0.348628
0.348628
0.348628
0.348597
0.348597
0.348597
0.348597
0.348606
0.348606
0.348606
0.348606
0.348606
0.348606
0.348606
0.348606
0.348606
0.348612
0.348727
0.348718
0.348720
0.348720
0.348720
0.348722
0.348724
0.348724
0.348724
0.348724
0.348724
0.348726
0.348726
0.348726
0.348726
0.348745
0.348745
0.348745
0.348745
0.348745
0.348745
0.348745
0.348745
0.348745
0.348745
0.348745
0.348747
0.348747
0.348747
0.348747
0.348747
0.348747
0.348747
0.348747
0.348747
0.348747
0.348747
0.348747
0.348747
0.348747
0.348747
0.348747
0.348747
0.348747
0.348747
0.348747
0.348747
0.348747
0.348747
0.348747
0.348747
0.348747
0.348747
0.348747
0.348750
0.348750
0.348752
0.348752
0.348752
0.348752
0.348752
0.348752
0.348752
0.348514
0.348522
0.348522
0.348522
0.348525
0.348525
0.348525
0.348523
0.348523
0.348537
0.348537
0.348537
0.348540
0.348540
0.348545
0.348545
0.348545
0.348545
0.348554
0.348559
0.348578
0.348578
0.348605
0.348605
0.348604
0.348606
0.348606
0.348606
0.348606
0.348600
0.348600
0.348690
0.348690
0.348690
0.348697
0.348697
0.348697
0.348697
0.348697
0.348697
0.348697
0.348697
0.348697
0.348697
0.348697
0.348697
0.348697
0.348697
0.348697
0.348698
0.348698
0.348698
0.348756
0.348756
0.348756
0.348756
0.348756
0.348756
0.348756
0.348756
0.348757
0.348757
0.348786
0.348786
0.348787
0.348787
0.348791
0.348793
0.348793
0.348793
0.348823
0.348823
0.348823
0.348823
0.348823
0.348823
0.348823
0.348825
0.348825
0.348825
0.348825
0.348825
0.348825
0.348825
0.348825
0.348825
0.348825
0.348825
0.348825
0.348825
0.348825
0.348825
0.348825
0.348825
0.348825
0.348825
0.348825
0.348825
0.348825
0.348825
0.348846
0.348846
0.348846
0.348846
0.348846
0.348846
0.348846
0.348846
0.348846
0.348846
0.348845
0.348845
0.348848
0.348845
0.348845
0.348845
0.348845
0.348845
0.348849
0.348849
0.348849
0.348849
0.348849
0.348849
0.348849
0.348849
0.348849
0.348849
0.348849
0.348849
0.348849
0.348849
0.348849
0.348849
0.348849
0.348849
0.348849
0.348849
0.348851
0.348851
0.348851
0.348851
0.348851
0.348851
0.348851
0.348859
0.348871
0.348871
0.348871
0.348871
0.348871
0.348871
0.348871
0.348871
0.348868
0.348868
0.348868
0.348868
0.348868
0.348868
0.348868
0.348869
0.348869
0.348869
0.348869
0.348871
0.348878
0.348878
0.348878
0.348878
0.348878
0.348878
0.348878
0.348879
0.348879
0.348879
0.348879
0.348879
0.348879
0.348879
0.348879
0.348879
0.348879
0.348879
0.348879
0.348879
0.348879
0.348879
0.348879
0.348879
0.348879
0.348879
0.348879
0.348882
0.348882
0.348882
0.348882
0.348882
0.348882
0.348882
0.348882
0.348882
0.348882
0.348882
0.348884
0.348886
0.348886
0.348886
0.348889
0.348889
0.348889
0.348889
0.348889
0.348889
0.348889
0.348895
0.348896
0.348896
0.348896
0.348896
0.348896
0.348896
0.348896
0.348896
0.348896
0.348896
0.348896
0.348896
0.348897
0.348988
0.348988
0.348988
0.348989
0.348989
0.348989
0.348989
0.349004
0.349004
0.349004
0.349004
0.349004
0.349004
0.349009
0.349009
0.349009
0.349009
0.349014
0.349014
0.349014
0.349014
0.349035
0.349040
0.349042
0.349042
0.349042
0.349042
0.349042
0.349057
0.349057
0.349057
0.349057
0.349058
0.349058
0.349058
0.349058
0.349058
0.349058
0.349058
0.349058
0.349058
0.349058
0.349058
0.349059
0.349059
0.349059
0.349059
0.349059
0.349062
0.349062
0.349062
0.349062
0.349062
0.349063
0.349137
0.349137
0.349137
0.349137
0.349137
0.349137
0.349137
0.349137
0.349137
0.349137
0.349159
0.349159
0.349159
0.349159
0.349159
0.349159
0.349159
0.349163
0.349163
0.349163
0.349163
0.349163
0.349163
0.349163
0.349240
0.349240
0.349240
0.349241
0.349241
0.349241
0.349244
0.349244
0.349244
0.349244
0.349244
0.349244
0.349244
0.349244
0.349244
0.349244
0.349244
0.349244
0.349244
0.349244
0.349247
0.349247
0.349253
0.349253
0.349253
0.349253
0.349116
0.349116
0.349116
0.349116
0.349112
0.349112
0.349112
0.349112
0.349112
0.349112
0.349114
0.349114
0.349114
0.349114
0.349114
0.349114
0.349114
0.349121
0.349121
0.349121
0.349121
0.349121
0.349121
0.349121
0.349122
0.349122
0.349122
0.349122
0.349129
0.349129
0.349123
0.349123
0.349123
0.349123
0.349123
0.349123
0.349123
0.349123
0.349123
0.349123
0.349123
0.349125
0.349125
0.349126
0.349126
0.349131
0.349131
0.349131
0.349131
0.349131
0.349146
0.349146
0.349146
0.349146
0.349152
0.349152
0.349152
0.349152
0.349152
0.349152
0.349152
0.349155
0.349155
0.349155
0.349156
0.349156
0.349156
0.349156
0.349156
0.349156
0.349156
0.349156
0.349156
0.349156
0.349156
0.349155
0.349155
0.349155
0.349155
0.349155
0.349177
0.349177
0.349180
0.349180
0.349180
0.349180
0.349180
0.349180
0.349180
0.349180
0.349180
0.349194
0.349194
0.349202
0.349202
0.349202
0.349202
0.349202
0.349202
0.349202
0.349202
0.349202
0.349206
0.349206
0.349206
0.348918
0.348918
0.348918
0.348925
0.348925
0.348925
0.348927
0.348927
0.348927
0.348927
0.348927
0.348917
0.348917
0.348917
0.348916
0.348916
0.349108
0.349116
0.349118
0.349118
0.349118
0.349118
0.349118
0.349118
0.349118
0.349125
0.349125
0.349125
0.349128
0.349128
0.349128
0.349128
0.349128
0.349128
0.349130
0.349130
0.349130
0.349130
0.349130
0.349130
0.349130
0.349130
0.349131
0.349131
0.349136
0.349136
0.349136
0.349141
0.349141
0.349141
0.349144
0.349144
0.349144
0.349144
0.349144
0.349144
0.349144
0.349144
0.349144
0.349144
0.349144
0.349144
0.349192
0.349192
0.349222
0.349222
0.349222
0.349222
0.349223
0.349223
0.349223
0.349223
0.349223
0.349223
0.349223
0.349223
0.349223
0.349224
0.349228
0.349228
0.349251
0.349251
0.349251
0.349255
0.349255
0.349255
0.349255
0.349255
0.349255
0.349255
0.349255
0.349255
0.349255
0.349257
0.349257
0.349257
0.349257
0.349257
0.349257
0.349257
0.349257
0.349257
0.349257
0.349280
0.349280
0.349280
0.349280
0.349280
0.349280
0.349280
0.349280
0.349280
0.349280
0.349280
0.349280
0.349280
0.349280
0.349349
0.349349
0.349349
0.349349
0.349350
0.349389
0.349393
0.349397
0.349397
0.349397
0.349372
0.349372
0.349390
0.349390
0.349390
0.349390
0.349328
0.349328
0.349328
0.349328
0.349328
0.349328
0.349328
0.349328
0.349328
0.349328
0.349328
0.349328
0.349331
0.349331
0.349331
0.349331
0.349331
0.349333
0.349333
0.349333
0.349333
0.349333
0.349333
0.349333
0.349333
0.349352
0.349359
0.349359
0.349359
0.349359
0.349359
0.349359
0.349361
0.349361
0.349360
0.349360
0.349417
0.349417
0.349417
0.349417
0.349417
0.349417
0.349417
0.349417
0.349417
0.349418
0.349418
0.349418
0.349418
0.349415
0.349415
0.349415
0.349415
0.349422
0.349422
0.349422
0.349422
0.349422
0.349422
0.349422
0.349422
0.349422
0.349422
0.349422
0.349422
0.349422
0.349396
0.349396
0.349396
0.349396
0.349396
0.349396
0.349396
0.349396
0.349396
0.349396
0.349396
0.349396
0.349396
0.349396
0.349396
0.349396
0.349396
0.349400
0.349400
0.349403
0.349403
0.349403
0.349403
0.349403
0.349403
0.349403
0.349403
0.349403
0.349403
0.349403
0.349403
0.349425
0.349428
0.349428
0.349430
0.349430
0.349430
0.349430
0.349430
0.349495
0.349495
0.349495
0.349495
0.349495
0.349495
0.349495
0.349495
0.349496
0.349551
0.349551
0.349551
0.349551
0.349551
0.349551
0.349551
0.349551
0.349551
0.349551
0.349551
0.349586
0.349586
0.349586
0.349586
0.349586
0.349586
0.349586
0.349586
0.349586
0.349586
0.349586
0.349586
0.349586
0.349586
0.349586
0.349586
0.349586
0.349586
0.349586
0.349586
0.349586
0.349588
0.349588
0.349590
0.349590
0.349590
0.349598
0.349564
0.349569
0.349569
0.349569
0.349569
0.349569
0.349587
0.349587
0.349587
0.349587
0.349587
0.349587
0.349587
0.349692
0.349692
0.349698
0.349698
0.349698
0.349703
0.349697
0.349697
0.349688
0.349688
0.349688
0.349694
0.349699
0.349699
0.349703
0.349703
0.349703
0.349703
0.349703
0.349703
0.349703
0.349703
0.349703
0.349703
0.349703
0.349703
0.349705
0.349706
0.349706
0.349898
0.349898
0.349898
0.349898
0.349898
0.349898
0.349898
0.349898
0.349898
0.349898
0.349898
0.349898
0.349898
0.349898
0.349898
0.349900
0.349900
0.349900
0.349900
0.349900
0.349900
0.349900
0.349900
0.349900
0.349900
0.349901
0.349901
0.349950
0.349950
0.349950
