0.280317
0.286503
0.290620
0.293172
0.296456
0.300237
0.301229
0.300970
0.303393
0.304372
0.305046
0.305872
0.305876
0.306138
0.306664
0.307259
0.307228
0.307639
0.307524
0.307534
0.307622
0.307722
0.308127
0.308001
0.307886
0.308165
0.308197
0.308387
0.307795
0.307185
0.306986
0.306750
0.306767
0.306694
0.306621
0.306894
0.307002
0.306665
0.306708
0.306883
0.306482
0.306345
0.306861
0.306631
0.306616
0.306680
0.306445
0.306280
0.306714
0.306373
0.306211
0.306032
0.306104
0.305805
0.305506
0.305363
0.305747
0.305586
0.305622
0.305532
0.305671
0.305669
0.305893
0.305883
0.305545
0.305623
0.305384
0.305203
0.305021
0.305022
0.305067
0.305145
0.304988
0.305207
0.305038
0.305185
0.305246
0.305024
0.304975
0.305096
0.305062
0.305016
0.304983
0.305162
0.305187
0.304896
0.304869
0.304974
0.304847
0.304612
0.304836
0.304918
0.304770
0.304613
0.304659
0.304612
0.304659
0.304830
0.304953
0.304486
0.304610
0.304742
0.304640
0.304613
0.304595
0.304574
0.304555
0.304382
0.304393
0.304400
0.304345
0.304707
0.304721
0.304914
0.304680
0.304514
0.304444
0.304323
0.304573
0.304265
0.304554
0.304531
0.304539
0.304577
0.304403
0.304219
0.304506
0.304390
0.304537
0.304492
0.304654
0.304372
0.304480
0.304557
0.304711
0.304535
0.304558
0.304530
0.304327
0.304214
0.304280
0.304295
0.304240
0.304042
0.304126
0.303820
0.303864
0.304033
0.304232
0.304198
0.304371
0.304259
0.304134
0.304219
0.304103
0.304150
0.304127
0.304107
0.304382
0.303994
0.304256
0.303979
0.303819
0.303950
0.304102
0.304204
0.304247
0.304335
0.304298
0.303940
0.303872
0.303886
0.304255
0.304185
0.304131
0.304245
0.304140
0.304180
0.304116
0.304157
0.304199
0.304017
0.303884
0.304010
0.304210
0.304185
0.304056
0.304293
0.304020
0.304005
0.303900
0.303932
0.303864
0.303757
0.303680
0.304044
0.303698
0.304086
0.304062
0.303813
0.304105
0.303943
0.303961
0.304167
0.303761
0.304075
0.304041
0.304203
0.303813
0.303788
0.303610
0.303577
0.303667
0.303712
0.303631
0.303732
0.303599
0.303646
0.303857
0.303982
0.304048
0.303994
0.304118
0.304305
0.303943
0.303920
0.303773
0.303717
0.303665
0.303782
0.303789
0.303958
0.303927
0.303917
0.303778
0.303859
0.303787
0.303566
0.303691
0.304075
0.303819
0.303825
0.303722
0.303592
0.303666
0.303710
0.303541
0.303830
0.303533
0.304012
0.304097
0.304104
0.303865
0.303751
0.303638
0.303607
0.303630
0.303715
0.303833
0.303678
0.303666
0.303710
0.303538
0.303637
0.303571
0.303848
0.303746
0.303758
0.303610
0.303722
0.303681
0.303467
0.303717
0.303702
0.303750
0.303671
0.303734
0.303653
0.303736
0.303580
0.303615
0.303791
0.303837
0.304077
0.304247
0.304050
0.303711
0.303958
0.304162
0.303940
0.303765
0.303861
0.303867
0.303699
0.303595
0.303743
0.303635
0.303893
0.303894
0.303793
0.303744
0.303768
0.303767
0.303779
0.303849
0.304047
0.304214
0.303942
0.304062
0.303978
0.303765
0.303762
0.303843
0.304024
0.304206
0.304116
0.303887
0.303981
0.303794
0.304041
0.303703
0.303763
0.303892
0.303953
0.303931
0.304094
0.303941
0.304143
0.304421
0.304377
0.304295
0.304412
0.304130
0.303964
0.304181
0.304086
0.304089
0.303772
0.304056
0.304090
0.303763
0.303929
0.303922
0.303855
0.304066
0.303923
0.304034
0.304433
0.304258
0.304050
0.303890
0.304046
0.304131
0.304055
0.304045
0.304008
0.303912
0.303933
0.304185
0.304266
0.304090
0.304263
0.304208
0.303862
0.304310
0.304488
0.304444
0.304046
0.304112
0.303821
0.303997
0.304178
0.303895
0.303867
0.303739
0.303552
0.303604
0.303700
0.303710
0.304320
0.304109
0.304074
0.304010
0.303748
0.303749
0.304022
0.304144
0.304172
0.303942
0.303908
0.304021
0.303948
0.303920
0.304199
0.304156
0.304022
0.303999
0.304047
0.303970
0.303900
0.304102
0.304072
0.303897
0.304145
0.303852
0.304181
0.304172
0.304383
0.304332
0.304177
0.304354
0.304248
0.304326
0.304178
0.304120
0.304098
0.304338
0.304060
0.304100
0.304154
0.304186
0.304358
0.304222
0.304086
0.304531
0.304338
0.304166
0.304076
0.304217
0.304302
0.304165
0.304048
0.304048
0.304042
0.304483
0.304230
0.304301
0.304132
0.304180
0.304421
0.304431
0.304668
0.304575
0.304673
0.304767
0.305009
0.304293
0.304329
0.304440
0.304377
0.304169
0.304261
0.304615
0.304422
0.304786
0.304294
0.304132
0.304270
0.304267
0.304323
0.304607
0.304496
0.304341
0.304288
0.304435
0.304418
0.304271
0.304666
0.304517
0.304546
0.304620
0.304542
0.304648
0.304398
0.304624
0.304409
0.304641
0.304258
0.304385
0.304373
0.304208
0.304334
0.304871
0.304635
0.304602
0.304432
0.304597
0.304489
0.304488
0.304400
0.304492
0.304549
0.304476
0.304375
0.304749
0.304493
0.304886
0.305124
0.304819
0.304713
0.304517
0.304705
0.304832
0.304657
0.304803
0.304651
0.304697
0.304659
0.304880
0.304641
0.304400
0.304450
0.304519
0.304674
0.304697
0.304770
0.304464
0.304550
0.304543
0.304678
0.304623
0.304353
0.304307
0.305010
0.304621
0.304625
0.304721
0.304583
0.304680
0.304861
0.304706
0.304685
0.304667
0.304574
0.304417
0.304348
0.304495
0.304766
0.304797
0.304364
0.304572
0.304587
0.304694
0.304688
0.304378
0.304819
0.304513
0.304489
0.304461
0.304885
0.304650
0.304751
0.304544
0.304588
0.304484
0.304755
0.304677
0.304591
0.304512
0.304559
0.304489
0.304609
0.304665
0.304821
0.304757
0.304606
0.304611
0.304509
0.305032
0.304766
0.304745
0.304634
0.304819
0.304903
0.304643
0.304797
0.304934
0.304830
0.304580
0.304669
0.304735
0.304888
0.304827
0.304807
0.304813
0.304783
0.304872
0.304647
0.304494
0.304478
0.304593
0.304860
0.304559
0.304735
0.304793
0.304450
0.304523
0.304386
0.304623
0.304704
0.305044
0.304775
0.305036
0.304610
0.304614
0.304576
0.304461
0.304676
0.304536
0.304568
0.304679
0.304920
0.304973
0.304958
0.305000
0.304746
0.304837
0.304876
0.304808
0.304665
0.304563
0.304651
0.304794
0.305006
0.305010
0.305196
0.305074
0.304938
0.305027
0.304763
0.304637
0.304657
0.304743
0.304708
0.304993
0.304949
0.304614
0.304548
0.304758
0.304660
0.304675
0.304830
0.304988
0.304522
0.304589
0.304394
0.304878
0.304660
0.304589
0.304683
0.304786
0.304558
0.304634
0.304909
0.304926
0.305088
0.305584
0.305239
0.305056
0.304752
0.305121
0.305148
0.305437
0.304454
0.304621
0.304621
0.304709
0.304797
0.305043
0.304925
0.304779
0.304976
0.304637
0.304648
0.304920
0.304891
0.304712
0.305131
0.304615
0.304812
0.304893
0.305091
0.305034
0.304986
0.304374
0.304372
0.304248
0.304742
0.304399
0.304441
0.304666
0.304728
0.304747
0.304424
0.304621
0.304679
0.305035
0.304349
0.304595
0.304638
0.304946
0.304620
0.304538
0.304402
0.304681
0.304351
0.304663
0.305245
0.304672
0.304738
0.304889
0.305263
0.304729
0.304912
0.304635
0.304900
0.304864
0.304835
0.304654
0.304552
0.304826
0.304873
0.305040
0.305133
0.304591
0.304678
0.304914
0.304903
0.304644
0.304994
0.305202
0.304757
0.304813
0.304887
0.304974
0.304908
0.304910
0.304639
0.304992
0.304659
0.304855
0.304718
0.304777
0.305030
0.304718
0.304897
0.304883
0.304719
0.304856
0.304894
0.304686
0.305304
0.305084
0.305120
0.304670
0.305015
0.305153
0.304753
0.304968
0.304788
0.304850
0.305084
0.304762
0.304785
0.304528
0.304939
0.304730
0.304422
0.304798
0.304839
0.304919
0.304768
0.305091
0.304988
0.304665
0.304570
0.304642
0.304870
0.305156
0.305282
0.304668
0.304901
0.305090
0.304890
0.304683
0.305267
0.304887
0.304762
0.305239
0.304897
0.304800
0.305093
0.304668
0.304829
0.304776
0.304417
0.304661
0.304920
0.304757
0.304937
0.304845
0.304690
0.304747
0.304805
0.305026
0.304573
0.304689
0.304506
0.304766
0.305023
0.305112
0.304828
0.304922
0.305066
0.305048
0.304720
0.305111
0.305039
0.304689
0.304969
0.305209
0.305178
0.304981
0.305011
0.304918
0.305222
0.305133
0.305048
0.305121
0.304824
0.304926
0.304863
0.304765
0.305062
0.305186
0.304896
0.304899
0.304941
0.305304
0.304801
0.304812
0.304931
0.304954
0.304854
0.305348
0.305498
0.305563
0.305133
0.305185
0.305145
0.304702
0.305237
0.305184
0.304747
0.304816
0.304840
0.305213
0.305124
0.305136
0.305076
0.305117
0.305108
0.305314
0.305199
0.305522
0.305220
0.305249
0.305511
0.305543
0.305265
0.305303
0.305478
0.305043
0.305029
0.304991
0.305008
0.304873
0.304997
0.304921
0.304803
0.305090
0.305113
0.305042
0.305504
0.305138
0.305062
0.305076
0.305285
0.305092
0.305320
0.305287
0.305445
0.305483
0.305257
0.305379
0.305448
0.305570
0.305185
0.305174
0.305367
0.305336
0.305026
0.305017
0.305542
0.305769
0.305227
0.305197
0.305160
0.305423
0.305163
0.305469
0.305700
0.305454
0.305036
0.305702
0.305647
0.305720
0.305363
0.305097
0.305157
0.305192
0.305465
0.305197
0.305301
0.305297
0.305659
0.305301
0.305422
0.304992
0.305152
0.305219
0.305252
0.304944
0.305037
0.305252
0.305260
0.305078
0.305618
0.305651
0.305908
0.305162
0.305497
0.305897
0.305289
0.305289
0.305289
0.304980
0.305373
0.305060
0.305441
0.305353
0.305408
0.305183
0.305113
0.305318
0.305173
0.305456
0.305499
0.305366
0.305600
0.305597
0.305416
0.305284
0.305704
0.305677
0.305970
0.305991
0.305885
0.305699
0.305756
0.305413
0.305404
0.305214
0.305405
0.305424
0.305523
0.305269
0.305374
0.305534
0.305206
0.305687
0.305599
0.305873
0.305493
0.305223
0.305375
0.305388
0.305763
0.305276
0.305740
0.305534
0.305668
0.305625
0.305369
0.305634
0.305625
0.305392
0.305303
0.305547
0.305642
0.305731
0.305790
0.305646
0.305656
0.305405
0.305506
0.305533
0.305708
0.305677
0.305405
0.306172
0.305657
0.305578
0.305555
0.305571
0.305485
0.305594
0.305389
0.305303
0.305370
0.305514
0.305463
0.305811
0.305809
0.305537
0.305627
0.305815
0.306023
0.305663
0.305742
0.305611
0.305378
0.305519
0.305470
0.305214
0.305447
0.305205
0.305430
0.305503
0.305320
0.305568
0.305669
0.305602
0.305704
0.305926
0.305745
0.306013
0.305911
0.306182
0.305946
0.305527
0.305671
0.305735
0.305667
0.305514
0.305445
0.305671
0.305639
0.305790
0.305698
0.305838
0.306291
0.305565
0.305522
0.305998
0.306120
0.305797
0.306305
0.306183
0.305958
0.305827
0.305836
0.305545
0.305826
0.305993
0.305673
0.305684
0.305995
0.306051
0.305858
0.305841
0.306154
0.305980
0.305952
0.305990
0.306035
0.305757
0.305671
0.305674
0.306178
0.306325
0.305905
0.305819
0.305757
0.306197
0.306103
0.305826
0.305789
0.305648
0.305981
0.305706
0.305590
0.305959
0.305854
0.305470
0.305688
0.305997
0.305517
0.306096
0.306360
0.306195
0.305960
0.306137
0.305879
0.306148
0.306085
0.306029
0.305539
0.305903
0.305724
0.306092
0.306038
0.306376
0.305993
0.305830
0.305782
0.305586
0.306191
0.305822
0.305852
0.305904
0.305988
0.305747
0.305981
0.305747
0.305739
0.306092
0.306499
0.305881
0.305918
0.305840
0.305845
0.306098
0.305734
0.305674
0.305876
0.305885
0.305862
0.305830
0.305822
0.306058
0.305945
0.305986
0.306227
0.306157
0.306326
0.306908
0.306701
0.306416
0.306220
0.306150
0.305899
0.306055
0.306226
0.306249
0.306221
0.306124
0.306084
0.306121
0.306069
0.305887
0.305803
0.306475
0.306151
0.306585
0.305952
0.306027
0.306041
0.306132
0.306414
0.306194
0.306138
0.306368
0.306037
0.306035
0.306155
0.305821
0.306278
0.306047
0.306229
0.306298
0.305967
0.306370
0.306247
0.306216
0.306563
0.306037
0.305924
0.306373
0.306148
0.306214
0.306441
0.306171
0.306639
0.306415
0.306446
0.306356
0.306095
0.306148
0.306854
0.306548
0.306567
0.307024
0.307013
0.306859
0.306470
0.306597
0.306033
0.306075
0.306100
0.306706
0.306181
0.306223
0.306341
0.306176
0.306401
0.306199
0.306123
0.306170
0.306452
0.306620
0.306145
0.306586
0.306367
0.306010
0.306257
0.306193
0.306216
0.306299
0.306539
0.306468
0.306231
0.306361
0.306484
0.306364
0.306196
0.306416
0.306219
0.306139
0.306192
0.306114
0.306311
0.306264
0.306033
0.306497
0.306294
0.306342
0.306488
0.306640
0.306638
0.306389
0.306123
0.306192
0.306610
0.306650
0.306501
0.306401
0.306157
0.306108
0.306512
0.306441
0.306832
0.306643
0.306523
0.306176
0.306912
0.306830
0.306402
0.306620
0.306542
0.306514
0.306567
0.306459
0.306228
0.306523
0.306324
0.306320
0.306313
0.306373
0.306706
0.306497
0.306341
0.306875
0.306669
0.306388
0.306514
0.306573
0.306870
0.306448
0.306607
0.306784
0.306614
0.306302
0.306067
0.306089
0.306575
0.306460
0.306380
0.306331
0.306331
0.306332
0.306502
0.306680
0.306989
0.306747
0.306630
0.306737
0.306741
0.306695
0.306579
0.306385
0.306361
0.306552
0.306453
0.306599
0.306830
0.306521
0.306298
0.306546
0.306663
0.306606
0.306514
0.306534
0.306659
0.306370
0.306461
0.306398
0.306571
0.306798
0.306619
0.306466
0.306604
0.306578
0.306654
0.306607
0.306834
0.306848
0.306971
0.306373
0.306485
0.306689
0.306148
0.306590
0.306628
0.306836
0.306247
0.306644
0.306867
0.306655
0.306423
0.306560
0.306205
0.306235
0.306396
0.306574
0.306588
0.306504
0.306428
0.306461
0.306443
0.306141
0.306654
0.306145
0.306172
0.306371
0.306440
0.306715
0.306515
0.306548
0.306475
0.306401
0.306438
0.306466
0.306193
0.306135
0.306459
0.306320
0.306152
0.306483
0.306559
0.306219
0.306351
0.306366
0.306360
0.306372
0.306672
0.306602
0.306507
0.306775
0.306374
0.306397
0.306286
0.306413
0.306482
0.306490
0.307032
0.306429
0.306550
0.306441
0.306626
0.306528
0.306522
0.306395
0.306431
0.306998
0.306607
0.306410
0.306474
0.306934
0.306675
0.306958
0.306589
0.306348
0.306432
0.306527
0.306213
0.306404
0.306432
0.306519
0.306405
0.306537
0.306591
0.306754
0.306496
0.306710
0.306375
0.306410
0.306769
0.306817
0.306678
0.306348
0.306915
0.306463
0.306582
0.306522
0.306639
0.306720
0.306565
0.306707
0.306765
0.306308
0.306555
0.306706
0.306597
0.306177
0.306390
0.306438
0.306482
0.306785
0.306547
0.306444
0.306667
0.306712
0.306893
0.306392
0.306421
0.306488
0.306508
0.306646
0.307017
0.306950
0.306867
0.306798
0.306508
0.306663
0.306839
0.306710
0.306471
0.306999
0.306774
0.306583
0.306351
0.306411
0.306604
0.306312
0.306449
0.306789
0.306777
0.307261
0.306266
0.306533
0.306756
0.306667
0.306154
0.306539
0.306508
0.306617
0.306657
0.306642
0.306625
0.306520
0.306831
0.306960
0.306645
0.306951
0.306782
0.306471
0.306740
0.306993
0.306671
0.306685
0.306502
0.306421
0.306652
0.306987
0.306659
0.306564
0.306907
0.307044
0.306862
0.306354
0.306557
0.306853
0.306327
0.306573
0.306308
0.306433
0.306775
0.306644
0.306879
0.307023
0.306541
0.306342
0.306512
0.306484
0.306371
0.306618
0.306828
0.306953
0.306838
0.306712
0.306903
0.306531
0.306441
0.306454
0.306439
0.306415
0.306755
0.306384
0.306247
0.306428
0.306339
0.306357
0.306484
0.306682
0.306638
0.306672
0.306299
0.306678
0.306807
0.307413
0.307347
0.306349
0.306573
0.306638
0.306762
0.307030
0.307046
0.307218
0.306471
0.306648
0.306483
0.306688
0.306647
0.306340
0.306691
0.306724
0.306578
0.306899
0.306641
0.306862
0.306766
0.306745
0.307031
0.306844
0.306855
0.307074
0.306904
0.306867
0.306768
0.307118
0.306877
0.306712
0.306983
0.306605
0.306805
0.306811
0.307176
0.306927
0.306576
0.306588
0.306968
0.307174
0.306701
0.306726
0.306614
0.307014
0.306964
0.306865
0.306735
0.306705
0.306578
0.306454
0.306856
0.306712
0.306659
0.306907
0.306641
0.306895
0.307187
0.306974
0.306968
0.307198
0.306752
0.307277
0.307085
0.306967
0.306737
0.307052
0.306828
0.306925
0.306618
0.307022
0.307203
0.306957
0.306985
0.306747
0.306862
0.306773
0.307169
0.306696
0.307006
0.306920
0.307089
0.306647
0.306763
0.306631
0.306889
0.306931
0.306976
0.307219
0.306917
0.306851
0.306922
0.306804
0.306813
0.307676
0.307737
0.306904
0.306781
0.306932
0.307253
0.306875
0.306651
0.306930
0.306958
0.307017
0.306828
0.307176
0.307113
0.306736
0.306986
0.306909
0.306917
0.306752
0.306520
0.306816
0.306824
0.307037
0.306995
0.306577
0.306566
0.306455
0.306853
0.306729
0.306797
0.306967
0.307126
0.306989
0.307065
0.307219
0.307227
0.306984
0.306993
0.306964
0.306933
0.306699
0.306944
0.306940
0.306777
0.306951
0.307043
0.307016
0.307027
0.307249
0.307170
0.307152
0.307248
0.307307
0.306789
0.307375
0.306977
0.306984
0.306994
0.307101
0.307187
0.306933
0.306735
0.307035
0.306627
0.306636
0.307048
0.306667
0.306862
0.306841
0.306840
0.306950
0.306686
0.306908
0.306841
0.306693
0.307197
0.307659
0.307452
0.307454
0.307103
0.307288
0.307244
0.306931
0.306896
0.306668
0.306944
0.307139
0.306933
0.306824
0.307197
0.306936
0.306962
0.307017
0.306903
0.306833
0.307254
0.307158
0.307234
0.307222
0.307109
0.306980
0.307136
0.307231
0.307131
0.307319
0.307497
0.306836
0.307086
0.307031
0.306922
0.306821
0.306898
0.307357
0.307581
0.307546
0.307512
0.307005
0.306924
0.306763
0.307005
0.307008
0.307481
0.307167
0.306730
0.307449
0.307571
0.307253
0.307267
0.307251
0.307185
0.307578
0.307333
0.307424
0.307454
0.306994
0.306933
0.307074
0.307192
0.307065
0.306985
0.307514
0.306968
0.307199
0.307366
0.307453
0.307737
0.307788
0.307450
0.307402
0.307234
0.307368
0.307477
0.307664
0.307306
0.307292
0.307431
0.307640
0.307730
0.307474
0.307209
0.307092
0.307557
0.307616
0.307067
0.307055
0.307095
0.306922
0.307158
0.306964
0.307079
0.307408
0.307903
0.307594
0.307407
0.306988
0.307457
0.307275
0.307295
0.307431
0.307301
0.307486
0.307216
0.307154
0.307193
0.307076
0.307186
0.307328
0.307114
0.307034
0.307107
0.306993
0.307130
0.306974
0.307125
0.307005
0.307108
0.307405
0.307042
0.307766
0.307684
0.307642
0.307267
0.307550
0.307148
0.307113
0.307258
0.306730
0.306893
0.307349
0.307283
0.307485
0.307432
0.307385
0.307350
0.307098
0.307565
0.307858
0.307150
0.307400
0.306848
0.307167
0.307340
0.307085
0.307396
0.307569
0.307225
0.307140
0.306859
0.306937
0.307212
0.307319
0.306926
0.307017
0.307214
0.307357
0.307175
0.307332
0.307065
0.307179
0.307112
0.307328
0.307628
0.307632
0.307256
0.307339
0.307355
0.307127
0.306973
0.307807
0.307310
0.307281
0.307087
0.307160
0.307085
0.307153
0.307151
0.307311
0.307238
0.307331
0.306855
0.307120
0.306999
0.307537
0.307727
0.307819
0.307136
0.307244
0.307420
0.307281
0.307394
0.307338
0.307120
0.307358
0.307286
0.307327
0.307169
0.307111
0.307629
0.307211
0.307338
0.307202
0.307607
0.307384
0.307067
0.307172
0.307340
0.307296
0.306964
0.307008
0.307234
0.307087
0.307400
0.307230
0.307273
0.307432
0.307217
0.307244
0.307068
0.307224
0.307388
0.307058
0.307564
0.307498
0.307210
0.307193
0.307335
0.307205
0.307831
0.307530
0.307449
0.307659
0.307338
0.307737
0.307282
0.307594
0.307160
0.307322
0.307203
0.307226
0.307293
0.307404
0.307571
0.307466
0.307282
0.307288
0.307331
0.307509
0.307406
0.307431
0.307365
0.307061
0.307375
0.307402
0.307267
0.307044
0.307065
0.307520
0.307143
0.307431
0.307059
0.307418
0.307084
0.307436
0.307513
0.307297
0.306958
0.306993
0.307223
0.307307
0.307101
0.306975
0.307191
0.307469
0.307675
0.307978
0.308342
0.308137
0.307861
0.307696
0.307630
0.307544
0.307933
0.307506
0.307304
0.307622
0.307263
0.307153
0.307788
0.307447
0.307192
0.307287
0.307403
0.307305
0.307586
0.307790
0.307543
0.307259
0.307182
0.307238
0.307609
0.306998
0.307535
0.307568
0.307610
0.307122
0.307164
0.307573
0.307435
0.307273
0.307302
0.307616
0.307216
0.307361
0.307343
0.307451
0.307350
0.307418
0.307470
0.306990
0.307361
0.307411
0.307591
0.307508
0.307704
0.307472
0.307481
0.307632
0.307153
0.307794
0.307375
0.307335
0.307251
0.307384
0.307346
0.307413
0.307476
0.307345
0.307456
0.307371
0.307733
0.307611
0.307579
0.307471
0.307700
0.307831
0.307176
0.307531
0.307567
0.307622
0.307507
0.307213
0.307479
0.307289
0.307563
0.307428
0.307534
0.307501
0.307427
0.307163
0.307155
0.307492
0.307422
0.307391
0.307364
0.307310
0.307390
0.307731
0.307232
0.307218
0.306954
0.307368
0.307204
0.307275
0.307267
0.307330
0.307756
0.307282
0.307146
0.307118
0.307194
0.307374
0.307239
0.307207
0.307358
0.307417
0.307346
0.307707
0.307304
0.307610
0.307854
0.307646
0.307244
0.307184
0.307369
0.307666
0.307807
0.308094
0.308175
0.307274
0.307322
0.307220
0.307465
0.307593
0.307428
0.307619
0.307436
0.307387
0.307683
0.307216
0.307290
0.307258
0.307261
0.307508
0.307792
0.307420
0.307346
0.307281
0.307271
0.307098
0.307235
0.307306
0.307323
0.307387
0.307642
0.307418
0.307540
0.307338
0.307468
0.308168
0.308128
0.307326
0.307415
0.307490
0.307875
0.307965
0.307818
0.307262
0.307498
0.307360
0.307427
0.307240
0.307350
0.307696
0.307657
0.307388
0.307308
0.307606
0.307335
0.307377
0.307271
0.307565
0.307930
0.307667
0.307589
0.307472
0.307623
0.307338
0.307349
0.307502
0.308153
0.307725
0.307389
0.307593
0.307416
0.307531
0.307513
0.307555
0.307395
0.307382
0.307589
0.307295
0.307786
0.307242
0.307835
0.307237
0.307551
0.308066
0.307505
0.307288
0.307183
0.307445
0.307538
0.307813
0.307823
0.307905
0.307481
0.307598
0.307762
0.307453
0.307425
0.307433
0.307440
0.307583
0.307529
0.307418
0.307457
0.308499
0.308181
0.307610
0.307761
0.307597
0.307493
0.307960
0.307742
0.308123
0.307582
0.307325
0.307709
0.307557
0.307255
0.307550
0.307643
0.308164
0.307711
0.307476
0.307537
0.307506
0.307760
0.307879
0.307182
0.307379
0.307320
0.307310
0.307526
0.307362
0.307529
0.307610
0.307865
0.307854
0.307780
0.307793
0.307594
0.307410
0.307669
0.307500
0.307711
0.307603
0.307578
0.307647
0.307764
0.307640
0.307580
0.308526
0.307776
0.307436
0.307823
0.307364
0.307901
0.308005
0.307534
0.307783
0.307646
0.307899
0.307593
0.307390
0.307400
0.307399
0.307370
0.307456
0.307570
0.307934
0.307664
0.308240
0.308138
0.307923
0.308202
0.308000
0.308005
0.307662
0.307642
0.307669
0.307757
0.307998
0.307964
0.307708
0.307639
0.307741
0.307612
0.307685
0.307717
0.307585
0.307448
0.307501
0.307544
0.307789
0.307723
0.307968
0.307621
0.307680
0.307890
0.307710
0.307980
0.307722
0.307891
0.307804
0.307651
0.307761
0.307771
0.307562
0.307401
0.308163
0.308271
0.308256
0.307939
0.308083
0.307913
0.308488
0.307529
0.307887
0.307837
0.307890
0.307955
0.307623
0.308237
0.307606
0.307791
0.307716
0.307802
0.307570
0.307605
0.307714
0.307638
0.307858
0.307752
0.307831
0.307579
0.307545
0.307850
0.308099
0.307386
0.307726
0.308413
0.308403
0.307920
0.307543
0.307604
0.307735
0.307857
0.307606
0.307801
0.307960
0.307731
0.307781
0.307675
0.308033
0.308053
0.307903
0.307759
0.307635
0.307745
0.307882
0.308352
0.308032
0.308083
0.307911
0.307829
0.308492
0.308221
0.307933
0.308363
0.308157
0.308012
0.307862
0.308117
0.307974
0.307962
0.307673
0.307902
0.307959
0.308197
0.307655
0.307750
0.307604
0.307889
0.307969
0.307883
0.307941
0.307568
0.307670
0.307903
0.307974
0.307927
0.308139
0.307905
0.308251
0.308251
0.307662
0.307839
0.308065
0.308391
0.308119
0.307953
0.308066
0.308037
0.308160
0.307757
0.307880
0.308037
0.307806
0.308064
0.308306
0.308167
0.308452
0.308058
0.308243
0.308087
0.308236
0.308123
0.307807
0.307785
0.308105
0.308598
0.308121
0.307848
0.307899
0.307878
0.307818
0.308117
0.308196
0.308299
0.307664
0.307900
0.307846
0.308013
0.307921
0.308275
0.308184
0.307885
0.308090
0.308365
0.308088
0.308195
0.308220
0.308629
0.308208
0.308191
0.307820
0.307889
0.307881
0.307877
0.307607
0.307645
0.308196
0.308083
0.308345
0.308258
0.308049
0.308040
0.307982
0.307689
0.307893
0.307971
0.307935
0.308087
0.307860
0.307875
0.307915
0.308125
0.307996
0.308066
0.307866
0.307725
0.308069
0.308296
0.307910
0.307927
0.307827
0.308114
0.308147
0.308386
0.307766
0.307862
0.308050
0.307858
0.307717
0.308158
0.308360
0.308097
0.308047
0.307831
0.308134
0.308169
0.308053
0.308290
0.307993
0.308343
0.307815
0.307994
0.308069
0.308195
0.308135
0.307748
0.307949
0.308508
0.308566
0.308613
0.308041
0.308020
0.308052
0.308140
0.308202
0.307886
0.307883
0.307803
0.308034
0.308045
0.308235
0.308992
0.308794
0.307882
0.308024
0.308379
0.308424
0.308523
0.308074
0.307930
0.308123
0.308235
0.308212
0.308110
0.308238
0.308421
0.308666
0.308481
0.307872
0.307991
0.308502
0.308998
0.308260
0.308054
0.308333
0.309109
0.308667
0.308752
0.308085
0.307842
0.308236
0.308101
0.308180
0.308261
0.308229
0.308237
0.308567
0.308408
0.308208
0.307949
0.308313
0.308174
0.307924
0.308294
0.307993
0.308003
0.308078
0.308072
0.308053
0.308177
0.308066
0.308023
0.308266
0.307856
0.308076
0.308020
0.308144
0.307960
0.308117
0.308440
0.308095
0.308218
0.308281
0.308322
0.308028
0.307980
0.308388
0.307965
0.308042
0.308413
0.308096
0.308244
0.308308
0.308127
0.308216
0.308240
0.307967
0.308460
0.307909
0.308261
0.308379
0.308676
0.307977
0.307796
0.308049
0.308161
0.308257
0.308544
0.308917
0.308203
0.307837
0.307882
0.308039
0.308393
0.308400
0.308235
0.308256
0.308272
0.308282
0.308199
0.308152
0.307960
0.308367
0.308360
0.308038
0.307978
0.308407
0.308421
0.308452
0.308294
0.308360
0.308252
0.308170
0.307982
0.308105
0.308222
0.308491
0.308199
0.308357
0.308371
0.308214
0.308044
0.308243
0.308182
0.307844
0.308112
0.308014
0.308519
0.308401
0.308373
0.308265
0.308111
0.308057
0.308141
0.308307
0.308566
0.308283
0.308092
0.308046
0.308490
0.308339
0.308540
0.308075
0.308262
0.308533
0.308163
0.307970
0.308261
0.308740
0.308105
0.308744
0.308463
0.308305
0.308031
0.308397
0.308106
0.308200
0.308469
0.308467
0.308593
0.308338
0.308576
0.308377
0.308271
0.308350
0.308702
0.308186
0.308198
0.308341
0.308632
0.308718
0.308524
0.308418
0.308420
0.308678
0.308260
0.308596
0.308784
0.308134
0.308245
0.308171
0.308178
0.308302
0.308321
0.308472
0.308199
0.308549
0.308722
0.308980
0.308907
0.309000
0.309086
0.308322
0.308243
0.308138
0.308232
0.308518
0.308857
0.308622
0.308591
0.308376
0.308339
0.308266
0.308723
0.308527
0.308576
0.308742
0.308397
0.308549
0.308366
0.308420
0.308398
0.308967
0.308714
0.308551
0.307975
0.308389
0.308890
0.308878
0.308843
0.308609
0.308042
0.308367
0.308386
0.308301
0.308275
0.308563
0.308613
0.308569
0.308091
0.308261
0.308514
0.308160
0.308304
0.308363
0.308528
0.308597
0.308536
0.308641
0.308274
0.308390
0.308380
0.308989
0.308843
0.308622
0.308822
0.308868
0.308693
0.308458
0.308315
0.308459
0.308386
0.308229
0.308209
0.308166
0.308179
0.308312
0.308769
0.308214
0.308556
0.308654
0.308838
0.308061
0.308150
0.308247
0.308361
0.308360
0.308487
0.308479
0.308301
0.308278
0.308265
0.308287
0.308947
0.308815
0.308792
0.308996
0.308807
0.308516
0.308804
0.308842
0.308247
0.308612
0.308653
0.308903
0.308422
0.308764
0.308556
0.308733
0.308652
0.308521
0.308524
0.308552
0.308260
0.308427
0.308364
0.308819
0.308330
0.309028
0.308514
0.308558
0.308716
0.308750
0.308779
0.308505
0.308454
0.308648
0.308373
0.308493
0.308603
0.308489
0.308598
0.308800
0.308344
0.308472
0.308228
0.308301
0.308417
0.308620
0.308773
0.308825
0.308356
0.308475
0.308662
0.308530
0.308786
0.308986
0.308955
0.308441
0.308675
0.308592
0.308717
0.308770
0.308712
0.308678
0.308283
0.308299
0.308552
0.308492
0.308393
0.308649
0.308663
0.308357
0.308284
0.308535
0.308231
0.308627
0.308246
0.308617
0.308379
0.308687
0.308427
0.308380
0.308537
0.308405
0.308441
0.308475
0.308488
0.308688
0.308510
0.308695
0.308879
0.308839
0.308722
0.308929
0.308595
0.308376
0.308780
0.308926
0.308713
0.308509
0.308703
0.308515
0.308571
0.308864
0.308633
0.308749
0.308537
0.308641
0.308734
0.308974
0.308742
0.308760
0.308426
0.308861
0.308871
0.308387
0.308431
0.309149
0.308816
0.309066
0.308900
0.308399
0.308605
0.308660
0.308733
0.308712
0.308740
0.308322
0.308443
0.308472
0.308231
0.308504
0.308952
0.308752
0.309015
0.309235
0.308512
0.308547
0.308691
0.308738
0.308614
0.308696
0.308549
0.308509
0.308426
0.309108
0.309018
0.309209
0.309054
0.308759
0.309030
0.309128
0.308610
0.308359
0.308584
0.308605
0.309374
0.308746
0.308968
0.309056
0.309138
0.308669
0.308796
0.308659
0.308793
0.308577
0.308585
0.308957
0.308830
0.309635
0.309428
0.308747
0.308937
0.309137
0.309026
0.308778
0.308875
0.308440
0.308952
0.308744
0.308847
0.308589
0.309266
0.309091
0.308835
0.308739
0.308616
0.308469
0.309050
0.308960
0.308581
0.308669
0.308784
0.308559
0.308445
0.308831
0.308603
0.308888
0.309038
0.308917
0.308826
0.308896
0.308968
0.308820
0.308638
0.308532
0.308504
0.308567
0.309035
0.308992
0.308500
0.308640
0.308818
0.308723
0.308548
0.308589
0.309354
0.308560
0.308821
0.308646
0.308744
0.309206
0.308978
0.309122
0.308991
0.308815
0.308702
0.308541
0.308867
0.309121
0.309239
0.309431
0.309008
0.308781
0.308888
0.308992
0.308953
0.308618
0.308625
0.308953
0.308885
0.308889
0.308601
0.308744
0.308612
0.308687
0.308985
0.309109
0.308688
0.308895
0.308805
0.308957
0.308567
0.308812
0.308938
0.308831
0.309284
0.309165
0.308781
0.308679
0.308820
0.308866
0.308993
0.309311
0.309503
0.308819
0.309148
0.308510
0.308593
0.308716
0.308726
0.309445
0.309042
0.308834
0.309052
0.308845
0.308844
0.309085
0.309300
0.308907
0.308457
0.309051
0.309003
0.308686
0.308811
0.309280
0.308961
0.308799
0.308721
0.308899
0.308658
0.308552
0.308606
0.309101
0.308487
0.308840
0.308857
0.308812
0.308781
0.309025
0.309136
0.309205
0.308678
0.308467
0.308608
0.308861
0.309274
0.309080
0.308696
0.308609
0.308583
0.308739
0.308784
0.309021
0.308782
0.308569
0.308818
0.308991
0.308893
0.308755
0.309181
0.309229
0.309578
0.309310
0.309164
0.308573
0.308504
0.308893
0.309205
0.308983
0.308933
0.308819
0.308869
0.308975
0.309118
0.308791
0.308934
0.308899
0.308882
0.309116
0.308863
0.308507
0.308987
0.309096
0.309068
0.309472
0.309192
0.309394
0.309044
0.308887
0.308783
0.309247
0.308844
0.308632
0.308531
0.308837
0.309036
0.309358
0.309132
0.308983
0.308740
0.308850
0.308977
0.309180
0.308597
0.308935
0.308891
0.308965
0.308886
0.309105
0.308946
0.309109
0.309411
0.309026
0.308829
0.308793
0.309167
0.308593
0.308654
0.308775
0.309269
0.309549
0.309045
0.308886
0.309181
0.308805
0.308605
0.308809
0.309301
0.309103
0.308852
0.309213
0.309158
0.309196
0.308700
0.309430
0.308867
0.309018
0.309027
0.309326
0.309182
0.309132
0.308882
0.308767
0.308948
0.308738
0.308869
0.309286
0.309052
0.309421
0.309128
0.308793
0.308710
0.308992
0.309198
0.308921
0.309286
0.308825
0.309132
0.309168
0.309094
0.308853
0.308590
0.309036
0.308979
0.308864
0.308817
0.308699
0.309031
0.308928
0.309253
0.308889
0.309064
0.309094
0.309417
0.308883
0.308852
0.309219
0.309471
0.309016
0.308902
0.308936
0.309101
0.309188
0.309581
0.309482
0.309136
0.308989
0.309369
0.309407
0.309168
0.309341
0.308938
0.309259
0.309119
0.308976
0.308838
0.308785
0.308826
0.308959
0.308981
0.308826
0.309132
0.309085
0.309254
0.309119
0.309324
0.308921
0.308881
0.308841
0.309375
0.309770
0.309249
0.308901
0.308869
0.308752
0.308965
0.309006
0.308861
0.309415
0.308881
0.308713
0.308805
0.308928
0.308855
0.309003
0.308890
0.309230
0.308630
0.308922
0.309564
0.308924
0.309220
0.308768
0.309204
0.309052
0.308849
0.308823
0.309065
0.308830
0.308806
0.309294
0.309226
0.308744
0.309246
0.309009
0.309027
0.309129
0.308770
0.308950
0.308789
0.309036
0.309114
0.309229
0.309452
0.309521
0.309334
0.308968
0.308894
0.309152
0.309018
0.308683
0.309157
0.309036
0.309035
0.309295
0.308811
0.309373
0.309646
0.308964
0.309257
0.309191
0.309459
0.309373
0.309067
0.308954
0.308761
0.308734
0.308867
0.308919
0.308976
0.308897
0.308961
0.309080
0.309266
0.309169
0.309206
0.309539
0.309305
0.309355
0.309546
0.308921
0.308820
0.308812
0.308957
0.309108
0.308996
0.308984
0.309072
0.309364
0.309620
0.309417
0.309396
0.309052
0.309246
0.309583
0.309111
0.309232
0.309326
0.309816
0.309702
0.308836
0.308998
0.309481
0.309086
0.309170
0.309279
0.309142
0.308851
0.309068
0.309262
0.309141
0.309602
0.309235
0.309180
0.309346
0.309158
0.309392
0.308978
0.308872
0.309129
0.308801
0.308905
0.309544
0.309026
0.309310
0.309295
0.309258
0.309040
0.309586
0.309338
0.309497
0.309259
0.309010
0.308948
0.309173
0.309570
0.309218
0.309193
0.309549
0.309117
0.308868
0.309075
0.309241
0.309229
0.309267
0.308951
0.309048
0.309278
0.309000
0.309739
0.309459
0.309134
0.309233
0.309258
0.309131
0.309020
0.308915
0.308954
0.308960
0.308883
0.309206
0.308974
0.309261
0.309136
0.309217
0.309409
0.309034
0.308978
0.309724
0.309386
0.309425
0.309046
0.308888
0.309082
0.309161
0.309533
0.309755
0.309450
0.309142
0.309393
0.309439
0.309378
0.309247
0.309228
0.309218
0.309175
0.309029
0.309298
0.309007
0.308986
0.309462
0.309507
0.309171
0.309126
0.309226
0.309163
0.309284
0.309194
0.309649
0.309485
0.309289
0.309145
0.308963
0.309412
0.309371
0.309383
0.309466
0.309402
0.309353
0.309251
0.309483
0.309496
0.309329
0.309302
0.309511
0.309131
0.309330
0.309444
0.309218
0.308886
0.309042
0.309134
0.309157
0.309422
0.309143
0.309073
0.309203
0.309285
0.309105
0.309509
0.309772
0.309221
0.309367
0.309068
0.309072
0.309285
0.309574
0.309250
0.309702
0.309480
0.309236
0.309355
0.309280
0.309194
0.309210
0.309029
0.308867
0.309173
0.309335
0.309203
0.309181
0.309616
0.309556
0.309135
0.309020
0.309523
0.309547
0.308977
0.309342
0.308912
0.309071
0.309625
0.309368
0.309033
0.309146
0.309525
0.309974
0.309736
0.308978
0.309071
0.309231
0.309179
0.309565
0.309775
0.309718
0.309201
0.309296
0.309457
0.309655
0.309271
0.309661
0.309336
0.309041
0.309464
0.309430
0.309365
0.309544
0.309243
0.309468
0.309877
0.309419
0.309114
0.309792
0.309267
0.309264
0.309293
0.309700
0.309621
0.309337
0.309112
0.309259
0.309137
0.309074
0.309272
0.309017
0.309097
0.309323
0.308924
0.309014
0.309152
0.309460
0.309413
0.309716
0.309467
0.309473
0.309380
0.309477
0.309300
0.309429
0.309198
0.309241
0.309230
0.309304
0.310193
0.309595
0.309241
0.309364
0.309578
0.309595
0.309733
0.309571
0.309415
0.309270
0.309507
0.309634
0.309379
0.309596
0.309381
0.309357
0.309255
0.309118
0.309124
0.309211
0.309374
0.309312
0.309104
0.309418
0.309689
0.309265
0.309137
0.309398
0.309595
0.309537
0.309337
0.309529
0.309558
0.309205
0.309258
0.309618
0.309661
0.309715
0.309822
0.309651
0.309900
0.309100
0.309193
0.309275
0.309312
0.309180
0.309066
0.309329
0.309429
0.309647
0.309503
0.309354
0.309088
0.309305
0.309733
0.308964
0.309157
0.309133
0.309521
0.309151
0.309249
0.309542
0.309701
0.309526
0.309775
0.309822
0.309394
0.310079
0.309563
0.310070
0.309590
0.309453
0.309642
0.310020
0.309902
0.309626
0.309667
0.309464
0.309091
0.309345
0.309202
0.309124
0.309898
0.309530
0.309489
0.309413
0.309576
0.309258
0.309321
0.309604
0.309545
0.309379
0.309490
0.309613
0.309688
0.309270
0.309364
0.309735
0.309494
0.309439
0.309640
0.309747
0.309226
0.309315
0.309474
0.309749
0.309234
0.309594
0.309351
0.309249
0.309414
0.309566
0.309771
0.309492
0.309508
0.309354
0.309533
0.309771
0.309646
0.309372
0.309297
0.309483
0.309187
0.309874
0.309750
0.309168
0.309243
0.309448
0.309545
0.309507
0.310070
0.310124
0.309834
0.309160
0.309079
0.309604
0.309333
0.309234
0.309576
0.309395
0.309392
0.309800
0.309755
0.309629
0.309708
0.309701
0.309494
0.309452
0.309715
0.309835
0.309594
0.309361
0.309541
0.309492
0.309735
0.309913
0.309445
0.309697
0.309885
0.309726
0.309443
0.310104
0.310204
0.310157
0.309632
0.309528
0.309600
0.309694
0.309789
0.309444
0.309537
0.309874
0.309406
0.310208
0.309712
0.309313
0.309265
0.309269
0.309336
0.309815
0.309467
0.309904
0.309486
0.309225
0.309384
0.309247
0.309392
0.309569
0.309860
0.309361
0.309566
0.309435
0.309979
0.309354
0.309518
0.309316
0.309861
0.309260
0.309531
0.309844
0.309838
0.309394
0.309737
0.309777
0.309404
0.309337
0.309680
0.309392
0.309724
0.309606
0.309519
0.309866
0.309593
0.309942
0.309703
0.309445
0.309214
0.309623
0.309892
0.309579
0.309527
0.309582
0.309394
0.309584
0.309573
0.309625
0.310018
0.309993
0.309677
0.309801
0.310047
0.309693
0.309411
0.309224
0.309594
0.309465
0.309309
0.309348
0.309822
0.309628
0.309647
0.309688
0.309493
0.309339
0.309655
0.309472
0.309849
0.309677
0.309942
0.309390
0.309632
0.309583
0.309202
0.309427
0.309797
0.309925
0.309900
0.309497
0.309128
0.309592
0.309411
0.309612
0.309694
0.309824
0.309174
0.309461
0.309767
0.309491
0.309942
0.309461
0.309414
0.309366
0.309384
0.309750
0.309485
0.309731
0.310099
0.309610
0.309221
0.309427
0.309457
0.309647
0.309571
0.309743
0.309387
0.309658
0.309369
0.309461
0.309752
0.309515
0.309636
0.309673
0.309502
0.309829
0.309797
0.309733
0.309307
0.309781
0.310252
0.309671
0.310081
0.309572
0.309485
0.309403
0.309967
0.310090
0.310026
0.309931
0.309522
0.309535
0.309491
0.309791
0.309560
0.309592
0.309774
0.309408
0.309722
0.309941
0.309599
0.309622
0.309310
0.309436
0.309533
0.309306
0.309455
0.309742
0.309713
0.309583
0.309639
0.309424
0.309396
0.309438
0.310259
0.309792
0.310415
0.310018
0.309683
0.309439
0.309561
0.309557
0.309862
0.309722
0.309444
0.309838
0.309567
0.309380
0.309323
0.309427
0.309840
0.309221
0.309236
0.309866
0.309743
0.309702
0.309753
0.309672
0.309862
0.309995
0.309520
0.309958
0.309811
0.309877
0.309433
0.309611
0.309566
0.309640
0.309600
0.309702
0.309691
0.309636
0.309613
0.309391
0.309621
0.309928
0.309593
0.309739
0.309860
0.309708
0.309865
0.310023
0.310019
0.309756
0.309602
0.309916
0.310065
0.309653
0.309513
0.309568
0.309553
0.309630
0.309413
0.309652
0.309363
0.309601
0.309948
0.309719
0.309914
0.309552
0.309924
0.309670
0.309930
0.309511
0.309614
0.309862
0.310056
0.310024
0.309914
0.309566
0.309524
0.310085
0.309606
0.309827
0.309807
0.309664
0.309869
0.309691
0.309726
0.309295
0.309386
0.309383
0.309662
0.309790
0.309489
0.309290
0.309681
0.310362
0.309684
0.309822
0.309587
0.309967
0.309355
0.309436
0.309557
0.309715
0.309619
0.309505
0.309784
0.309658
0.309476
0.309530
0.309925
0.309585
0.309753
0.309515
0.309602
0.309635
0.309711
0.309711
0.309628
0.309699
0.309392
0.309462
0.309884
0.309521
0.309601
0.309566
0.309722
0.310143
0.310288
0.310177
0.310131
0.309859
0.309635
0.309716
0.309836
0.309529
0.309493
0.310090
0.309655
0.309675
0.309310
0.309363
0.309714
0.309573
0.310078
0.309561
0.309955
0.309629
0.309759
0.309816
0.310275
0.310065
0.309835
0.309441
0.309824
0.310230
0.310357
0.310198
0.309944
0.310166
0.310147
0.309586
0.309426
0.310296
0.309791
0.309880
0.309796
0.309643
0.309619
0.310193
0.309761
0.309492
0.309698
0.309929
0.309586
0.309447
0.310066
0.310098
0.309898
0.309636
0.309571
0.309578
0.309691
0.309812
0.310216
0.309971
0.310363
0.309933
0.309654
0.309590
0.309521
0.309549
0.309883
0.310197
0.310043
0.309525
0.309712
0.310066
0.309924
0.309593
0.309679
0.309836
0.309995
0.309619
0.309490
0.309643
0.309939
0.309642
0.309822
0.309784
0.309921
0.309824
0.309664
0.309671
0.309754
0.309721
0.310114
0.309684
0.309630
0.309490
0.309964
0.310129
0.310322
0.309990
0.309788
0.309767
0.310056
0.309881
0.310116
0.310129
0.309491
0.309527
0.310253
0.310055
0.309512
0.310014
0.310068
0.309943
0.310296
0.310453
0.310011
0.310260
0.310119
0.309692
0.309501
0.309771
0.310012
0.310236
0.310144
0.309532
0.309682
0.309786
0.309623
0.309896
0.310073
0.310012
0.310215
0.309982
0.309524
0.309464
0.309489
0.309776
0.309649
0.309741
0.309795
0.309652
0.309795
0.309665
0.309987
0.309774
0.309663
0.309525
0.309507
0.309436
0.309682
0.309565
0.309716
0.309677
0.309682
0.309763
0.309961
0.310033
0.310245
0.309671
0.309712
0.309761
0.310151
0.309645
0.309768
0.310171
0.310716
0.310245
0.310293
0.309448
0.309551
0.309612
0.309627
0.309787
0.309555
0.309842
0.309721
0.309678
0.309633
0.309668
0.309927
0.309762
0.309503
0.309788
0.309580
0.309926
0.309969
0.310119
0.310055
0.310351
0.309759
0.309977
0.309568
0.309716
0.309868
0.309917
0.310006
0.309592
0.309855
0.309777
0.309574
0.309892
0.309648
0.309939
0.309803
0.309791
0.309635
0.309647
0.309836
0.310024
0.310327
0.309879
0.309706
0.310128
0.310296
0.309536
0.309832
0.309721
0.309741
0.309922
0.309605
0.310211
0.309980
0.309739
0.309978
0.309443
0.309746
0.309686
0.309921
0.309869
0.310131
0.310511
0.310240
0.309675
0.309513
0.309729
0.310111
0.310239
0.309729
0.309911
0.309700
0.309657
0.309722
0.310063
0.310263
0.309711
0.309875
0.309690
0.309970
0.309851
0.309767
0.309678
0.309898
0.309658
0.309761
0.309735
0.309647
0.309872
0.309900
0.309994
0.310027
0.310109
0.310352
0.310429
0.310125
0.310085
0.310425
0.310409
0.309782
0.310203
0.310160
0.310292
0.310028
0.309999
0.309926
0.310243
0.309999
0.309989
0.309820
0.309886
0.310284
0.309890
0.309798
0.309700
0.309919
0.309904
0.309695
0.309886
0.309767
0.309771
0.309939
0.309615
0.309782
0.309728
0.309733
0.309713
0.309587
0.309760
0.309791
0.310113
0.309991
0.309766
0.309779
0.309756
0.309860
0.309668
0.309675
0.309849
0.310160
0.309736
0.309716
0.309988
0.309928
0.309771
0.310110
0.309982
0.309853
0.310086
0.309908
0.309629
0.309813
0.309727
0.309743
0.309794
0.309706
0.309529
0.310058
0.309708
0.309676
0.309713
0.309775
0.309820
0.309881
0.309935
0.310000
0.309852
0.310136
0.309857
0.309833
0.309815
0.309801
0.309922
0.309873
0.310076
0.310025
0.309971
0.309912
0.309918
0.309953
0.310064
0.310239
0.310272
0.310177
0.310275
0.309778
0.310019
0.309877
0.309658
0.310200
0.310102
0.309820
0.310220
0.309852
0.309780
0.309577
0.309696
0.309736
0.309857
0.310072
0.309748
0.310131
0.309922
0.309711
0.309906
0.309972
0.310275
0.310038
0.309956
0.309940
0.309714
0.309681
0.310662
0.309726
0.309806
0.310266
0.310261
0.310175
0.310381
0.310105
0.309828
0.310061
0.309827
0.310430
0.310536
0.310270
0.310436
0.309945
0.310202
0.310445
0.310492
0.310262
0.310241
0.310159
0.310173
0.309880
0.310044
0.310167
0.309967
0.309847
0.309894
0.310249
0.309976
0.310158
0.310112
0.309887
0.309630
0.310145
0.310106
0.310162
0.309806
0.309878
0.310007
0.310290
0.309951
0.309965
0.309762
0.309801
0.310294
0.309899
0.310276
0.310071
0.309965
0.309967
0.309972
0.309829
0.309995
0.310253
0.309905
0.310018
0.310058
0.310031
0.309902
0.309760
0.309781
0.309686
0.309962
0.310042
0.309977
0.310183
0.310404
0.310544
0.310284
0.310069
0.310065
0.309792
0.309849
0.310187
0.310418
0.309823
0.309984
0.309698
0.310019
0.310142
0.309781
0.309968
0.309796
0.310090
0.310243
0.310063
0.309830
0.310268
0.310117
0.310212
0.310743
0.309949
0.309900
0.309944
0.309977
0.309767
0.309907
0.309714
0.309972
0.309767
0.309958
0.309683
0.310004
0.309933
0.309613
0.309893
0.310418
0.309834
0.309672
0.309649
0.309710
0.310174
0.310172
0.310745
0.310869
0.310669
0.310372
0.310046
0.310078
0.309918
0.310159
0.309964
0.310112
0.309999
0.310117
0.309697
0.309618
0.310014
0.310353
0.310158
0.310296
0.309790
0.310043
0.310113
0.310079
0.310356
0.309805
0.309973
0.309780
0.310085
0.310005
0.309871
0.309844
0.310147
0.310096
0.310089
0.309634
0.310021
0.309817
0.309599
0.309779
0.309771
0.309743
0.309982
0.310137
0.310007
0.309854
0.310098
0.309841
0.309846
0.310189
0.310195
0.310131
0.310118
0.310180
0.310020
0.310314
0.310232
0.310172
0.309748
0.310257
0.309735
0.309898
0.310096
0.309688
0.309605
0.310270
0.310067
0.310117
0.309959
0.309921
0.309938
0.310020
0.310301
0.309775
0.310760
0.310282
0.309977
0.310327
0.310077
0.310129
0.310039
0.309835
0.310438
0.310245
0.310167
0.310058
0.309712
0.309770
0.309809
0.309842
0.309944
0.309865
0.310445
0.309972
0.310005
0.310490
0.309918
0.310593
0.310321
0.309755
0.309855
0.309869
0.310089
0.310101
0.309814
0.309952
0.309673
0.309909
0.309797
0.309792
0.309647
0.310036
0.310215
0.309876
0.309924
0.309808
0.310052
0.310162
0.310038
0.309933
0.310004
0.310133
0.309837
0.309875
0.310342
0.310099
0.310017
0.309983
0.310197
0.310261
0.310153
0.310079
0.310244
0.309924
0.310157
0.310074
0.310375
0.309983
0.309958
0.309969
0.310311
0.310484
0.310338
0.310486
0.309936
0.310212
0.310243
0.310014
0.310128
0.310289
0.310125
0.310293
0.310033
0.309836
0.309970
0.310107
0.310130
0.310141
0.310283
0.310076
0.310136
0.310175
0.310272
0.309746
0.309829
0.310176
0.309957
0.310041
0.310123
0.310294
0.309880
0.310385
0.310183
0.310016
0.310527
0.310068
0.310008
0.309974
0.310521
0.310298
0.309752
0.309900
0.309970
0.310622
0.310520
0.310260
0.310159
0.309878
0.309815
0.309847
0.310548
0.310035
0.310206
0.310277
0.310018
0.310068
0.310274
0.310170
0.310423
0.310756
0.310360
0.310572
0.310608
0.309790
0.310106
0.310112
0.309860
0.310410
0.310182
0.310120
0.310070
0.310344
0.310406
0.309836
0.309972
0.310196
0.310091
0.309825
0.309954
0.310172
0.310392
0.310078
0.309996
0.310510
0.310103
0.311059
0.310201
0.310306
0.310095
0.310161
0.310240
0.310023
0.309983
0.310085
0.309901
0.309837
0.310035
0.310184
0.310166
0.309840
0.310146
0.310179
0.309887
0.309835
0.309980
0.310269
0.310264
0.310241
0.310127
0.309845
0.309966
0.309840
0.309695
0.309736
0.309953
0.310006
0.310675
0.309858
0.309921
0.310316
0.310384
0.310161
0.310090
0.310047
0.310382
0.310763
0.310358
0.310180
0.310207
0.310301
0.310281
0.310354
0.309939
0.309872
0.310348
0.310522
0.310308
0.310496
0.310086
0.309900
0.309858
0.310106
0.310090
0.310343
0.310297
0.310071
0.310409
0.310168
0.310577
0.310137
0.309899
0.310016
0.310370
0.310784
0.310599
0.310358
0.310694
0.310703
0.310797
0.311144
0.309799
0.309903
0.309763
0.310400
0.310337
0.310594
0.310283
0.310005
0.310014
0.310141
0.310086
0.309919
0.309923
0.310051
0.309924
0.310085
0.310137
0.309987
0.310122
0.310050
0.310654
0.310961
0.310128
0.310734
0.309837
0.310245
0.310149
0.309902
0.309914
0.310027
0.309949
0.310180
0.310628
0.310189
0.310207
0.310220
0.310031
0.310301
0.310745
0.310517
0.310022
0.309978
0.310184
0.309994
0.309939
0.310191
0.310034
0.310015
0.310215
0.310378
0.310055
0.310155
0.310014
0.310071
0.310259
0.309929
0.310364
0.310039
0.310351
0.310178
0.310089
0.309994
0.310182
0.310408
0.309927
0.310197
0.310027
0.310165
0.310457
0.310985
0.310089
0.310163
0.310300
0.310017
0.310674
0.310900
0.310121
0.310022
0.310181
0.309981
0.310084
0.310698
0.310481
0.310298
0.310018
0.310114
0.310100
0.310090
0.310412
0.310494
0.310223
0.310145
0.310751
0.310316
0.310112
0.310154
0.310188
0.310064
0.310165
0.310151
0.310144
0.310091
0.310294
0.310501
0.310425
0.310190
0.310172
0.309991
0.310018
0.310035
0.309937
0.310091
0.310368
0.310567
0.310425
0.310603
0.310125
0.310156
0.309978
0.310532
0.310324
0.310440
0.310187
0.310091
0.310343
0.310247
0.310223
0.310411
0.310045
0.310259
0.310449
0.310239
0.310346
0.310085
0.310158
0.310369
0.310378
0.310090
0.310220
0.309993
0.310057
0.310906
0.310448
0.310279
0.310092
0.310794
0.310081
0.310207
0.309855
0.310053
0.310277
0.310408
0.310045
0.310015
0.310201
0.310326
0.310183
0.309879
0.309985
0.310191
0.310028
0.310383
0.310558
0.310414
0.310966
0.310131
0.310194
0.310332
0.310206
0.310298
0.310557
0.310914
0.310253
0.310760
0.310621
0.310376
0.309928
0.310263
0.310074
0.310240
0.310179
0.309901
0.310064
0.310405
0.309853
0.310089
0.310034
0.310133
0.310226
0.310014
0.310588
0.310096
0.310173
0.310743
0.310305
0.310314
0.310249
0.310491
0.310301
0.310121
0.310317
0.310161
0.310572
0.310873
0.311251
0.310354
0.310798
0.310328
0.310191
0.310192
0.310314
0.310478
0.310041
0.310129
0.310167
0.310174
0.310005
0.310016
0.310129
0.310120
0.310764
0.310668
0.310414
0.310602
0.310377
0.309900
0.310020
0.310105
0.310082
0.310273
0.310255
0.310643
0.310803
0.310417
0.310140
0.310405
0.310383
0.310164
0.310281
0.310196
0.310076
0.310028
0.310542
0.310271
0.310686
0.310317
0.310042
0.310269
0.310228
0.310079
0.310444
0.310313
0.310264
0.310413
0.310154
0.310187
0.310259
0.310229
0.309920
0.310485
0.310167
0.310229
0.310409
0.310249
0.310370
0.310509
0.310446
0.310387
0.310358
0.310601
0.310937
0.310610
0.310217
0.310379
0.310318
0.310128
0.310158
0.310199
0.310631
0.310241
0.310241
0.310214
0.310713
0.310371
0.310145
0.310320
0.310287
0.310678
0.310691
0.310663
0.310690
0.310523
0.310219
0.310095
0.310686
0.310235
0.310428
0.310299
0.310746
0.310960
0.310993
0.311085
0.310386
0.310184
0.310609
0.310673
0.310986
0.310876
0.310310
0.310295
0.310428
0.310846
0.310039
0.310320
0.310491
0.310379
0.310183
0.310073
0.310006
0.310547
0.310832
0.310917
0.310283
0.310206
0.310208
0.310610
0.310617
0.311022
0.310497
0.310548
0.310537
0.310551
0.310223
0.310672
0.310203
0.310461
0.310662
0.310431
0.310146
0.310414
0.310472
0.310481
0.310241
0.310440
0.310483
0.310455
0.310196
0.310382
0.310762
0.311054
0.310438
0.310166
0.309990
0.310112
0.310473
0.310445
0.310429
0.310277
0.310507
0.310396
0.310265
0.310314
0.310798
0.310498
0.310593
0.310240
0.310168
0.310505
0.310162
0.310034
0.310245
0.310323
0.310356
0.310271
0.310459
0.310642
0.310792
0.310729
0.310372
0.310063
0.310765
0.310661
0.310328
0.310289
0.310059
0.310362
0.310348
0.310610
0.310320
0.310508
0.310102
0.310240
0.310345
0.310331
0.310196
0.310289
0.310350
0.310320
0.310789
0.310830
0.310129
0.310292
0.310593
0.310747
0.310335
0.310247
0.310900
0.310801
0.310544
0.310153
0.310025
0.310490
0.310346
0.310092
0.310142
0.310345
0.310513
0.310735
0.310945
0.310421
0.310781
0.310528
0.310520
0.310334
0.310201
0.310529
0.310342
0.310771
0.310537
0.310245
0.310571
0.310688
0.310313
0.310543
0.310197
0.310370
0.310269
0.310397
0.310716
0.310596
0.310193
0.310021
0.310216
0.310708
0.310064
0.310419
0.310342
0.310667
0.310045
0.310479
0.310303
0.310332
0.310112
0.310429
0.310575
0.310574
0.310428
0.310371
0.310561
0.310156
0.310381
0.310743
0.310605
0.310748
0.310389
0.310481
0.310950
0.310734
0.310697
0.310750
0.310176
0.310208
0.310737
0.310438
0.310464
0.310415
0.310520
0.310381
0.310342
0.310233
0.310374
0.310747
0.311051
0.310253
0.310257
0.310228
0.310171
0.310486
0.310317
0.310525
0.310517
0.310083
0.310248
0.310132
0.310167
0.310267
0.310360
0.310325
0.310547
0.310330
0.310062
0.310446
0.310129
0.310289
0.310257
0.310424
0.310552
0.310194
0.310410
0.310431
0.310512
0.311077
0.310525
0.310416
0.310325
0.310481
0.310256
0.310284
0.310368
0.310359
0.310424
0.310501
0.310543
0.310132
0.310778
0.310883
0.310300
0.310415
0.310323
0.310246
0.310261
0.310318
0.310535
0.310230
0.310854
0.310720
0.310347
0.310187
0.310358
0.310762
0.310539
0.310613
0.310676
0.310547
0.310574
0.310184
0.310074
0.310331
0.310595
0.311063
0.310473
0.310535
0.310750
0.310777
0.310274
0.310228
0.310099
0.310348
0.310463
0.310522
0.310732
0.310399
0.310263
0.310204
0.310321
0.310349
0.310151
0.310539
0.310545
0.310811
0.310224
0.310850
0.310523
0.310274
0.310268
0.310921
0.310623
0.310515
0.310434
0.310623
0.310425
0.310843
0.310478
0.310407
0.310489
0.310435
0.310996
0.310593
0.311078
0.310823
0.311152
0.310635
0.310635
0.310464
0.310346
0.310161
0.310582
0.310414
0.310339
0.310329
0.310210
0.310421
0.310215
0.310569
0.310838
0.310452
0.310662
0.310367
0.310629
0.310486
0.310220
0.310198
0.310333
0.310274
0.310134
0.310434
0.310567
0.310418
0.310203
0.310638
0.310578
0.310268
0.310191
0.310457
0.310405
0.310528
0.310131
0.310527
0.310575
0.310181
0.310365
0.310345
0.310534
0.310123
0.310129
0.310369
0.310511
0.310489
0.310547
0.310516
0.310790
0.310394
0.310185
0.310285
0.310444
0.310364
0.310668
0.310478
0.310766
0.310561
0.310596
0.310343
0.310672
0.310568
0.311111
0.310687
0.310880
0.310885
0.310932
0.310165
0.310351
0.310518
0.310484
0.310394
0.310163
0.310619
0.310531
0.310810
0.310675
0.310358
0.310425
0.310555
0.310895
0.310607
0.310547
0.310425
0.310245
0.310430
0.310629
0.310344
0.310408
0.310664
0.310557
0.310195
0.310429
0.310319
0.310218
0.310308
0.310260
0.310299
0.310407
0.310598
0.310956
0.310571
0.310982
0.310853
0.310842
0.310715
0.310752
0.310921
0.310904
0.310757
0.310479
0.310683
0.310441
0.310606
0.310304
0.311032
0.310841
0.310777
0.310693
0.310755
0.310833
0.310395
0.310323
0.310363
0.310667
0.310591
0.310508
0.310397
0.310676
0.310859
0.310647
0.310433
0.310647
0.310858
0.310536
0.310697
0.310804
0.310785
0.310480
0.310415
0.310923
0.311036
0.310774
0.310896
0.310489
0.310918
0.310514
0.310223
0.310532
0.310307
0.310412
0.310683
0.310507
0.310791
0.310841
0.310618
0.310421
0.310390
0.310336
0.310644
0.310483
0.310374
0.310329
0.310248
0.310822
0.311222
0.310901
0.310826
0.310886
0.310632
0.310391
0.310347
0.310305
0.310663
0.310518
0.310615
0.310959
0.310811
0.310372
0.310697
0.310516
0.310903
0.311035
0.310243
0.310612
0.310758
0.310752
0.310538
0.310355
0.310454
0.311041
0.310432
0.310574
0.310333
0.310308
0.310348
0.310545
0.310688
0.310723
0.310567
0.310385
0.310403
0.310771
0.311331
0.310659
0.310342
0.310214
0.310600
0.310665
0.310533
0.311014
0.310916
0.310455
0.310477
0.310497
0.310556
0.310330
0.310851
0.310950
0.310566
0.310484
0.310799
0.310719
0.310470
0.310832
0.310862
0.310524
0.310643
0.310504
0.310953
0.310600
0.310703
0.310984
0.310397
0.310676
0.310656
0.310849
0.310497
0.310253
0.310909
0.310693
0.310780
0.310783
0.310832
0.310808
0.310316
0.310756
0.310935
0.311304
0.310666
0.311066
0.310716
0.310684
0.310781
0.310499
0.310563
0.310950
0.311085
0.310420
0.310955
0.310433
0.310360
0.310426
0.310644
0.310845
0.310453
0.310742
0.310982
0.311021
0.310497
0.310240
0.310703
0.310302
0.310402
0.310550
0.310536
0.310651
0.310390
0.310409
0.310577
0.311110
0.310647
0.310794
0.310637
0.310538
0.310697
0.310327
0.310425
0.310513
0.310547
0.310292
0.310450
0.310747
0.310466
0.310792
0.310860
0.310628
0.311014
0.311339
0.311089
0.310775
0.311097
0.310839
0.310547
0.310724
0.310794
0.311126
0.311353
0.310447
0.310546
0.310692
0.310520
0.310214
0.310453
0.310451
0.310830
0.310760
0.310669
0.310325
0.310735
0.310586
0.310703
0.310707
0.310623
0.310313
0.310263
0.310401
0.310748
0.310833
0.311269
0.310262
0.310335
0.310331
0.310263
0.310573
0.310603
0.310410
0.310699
0.310609
0.310739
0.310605
0.311206
0.310301
0.310324
0.310589
0.310372
0.310744
0.310589
0.310390
0.310365
0.310769
0.310699
0.310638
0.310904
0.310774
0.310615
0.311159
0.310857
0.310525
0.310646
0.311006
0.310613
0.310539
0.310727
0.310475
0.310613
0.310554
0.310518
0.310845
0.310712
0.310987
0.310675
0.310462
0.310603
0.310805
0.310496
0.310431
0.310965
0.310502
0.310567
0.310561
0.310370
0.310606
0.310775
0.310756
0.310696
0.310581
0.310827
0.311098
0.310823
0.310937
0.310316
0.310799
0.310878
0.310550
0.310558
0.311028
0.310412
0.310527
0.310866
0.310737
0.311212
0.311043
0.310612
0.311163
0.311201
0.310776
0.310856
0.310771
0.310929
0.311009
0.311003
0.310786
0.311017
0.310681
0.311236
0.310594
0.310821
0.310636
0.311152
0.310939
0.311036
0.311022
0.311059
0.310768
0.310955
0.311075
0.310712
0.310540
0.310778
0.310780
0.310623
0.310951
0.310933
0.311319
0.311318
0.310890
0.310952
0.310677
0.310849
0.310881
0.310815
0.310619
0.310737
0.310696
0.310516
0.310549
0.310704
0.310735
0.310718
0.310480
0.310880
0.310856
0.310485
0.310883
0.310987
0.310701
0.310709
0.310723
0.310955
0.310492
0.310521
0.310354
0.310620
0.310721
0.310492
0.310639
0.310610
0.310826
0.310536
0.310823
0.311163
0.311064
0.310892
0.311276
0.311026
0.310849
0.310526
0.310468
0.310588
0.310535
0.310566
0.310850
0.310581
0.310937
0.311200
0.310817
0.310998
0.310934
0.310861
0.310789
0.311005
0.310965
0.311376
0.310971
0.311160
0.310751
0.310338
0.310707
0.310828
0.310968
0.311118
0.310912
0.310882
0.310461
0.310393
0.310699
0.310978
0.311107
0.310988
0.311074
0.310574
0.310946
0.310801
0.310529
0.310510
0.310880
0.310560
0.310605
0.310589
0.310619
0.310543
0.310804
0.310862
0.310954
0.311031
0.311098
0.310828
0.310866
0.310665
0.310722
0.310817
0.310857
0.311170
0.311008
0.310891
0.310676
0.310864
0.310682
0.310671
0.310700
0.310927
0.310632
0.310748
0.310900
0.310748
0.310679
0.311106
0.310632
0.310850
0.311020
0.310849
0.310492
0.310366
0.310878
0.310833
0.310700
0.310660
0.310610
0.311121
0.311081
0.310819
0.310716
0.310634
0.310883
0.311067
0.310738
0.310589
0.310744
0.310585
0.310645
0.310916
0.310364
0.310463
0.310488
0.310511
0.310556
0.310826
0.311053
0.310631
0.310859
0.310723
0.310684
0.310487
0.310679
0.310827
0.310686
0.310928
0.310927
0.310554
0.310739
0.310688
0.310984
0.311114
0.310908
0.310621
0.311213
0.311064
0.310520
0.310509
0.310825
0.310499
0.310628
0.310544
0.310590
0.310509
0.310676
0.310505
0.310878
0.310938
0.310873
0.310978
0.310658
0.310691
0.310536
0.310638
0.310673
0.310843
0.310525
0.310658
0.310539
0.310606
0.310518
0.310898
0.310805
0.310915
0.311379
0.311435
0.311364
0.311519
0.311545
0.311351
0.310760
0.310598
0.310632
0.311306
0.311288
0.310791
0.310704
0.310746
0.310670
0.310715
0.310726
0.310554
0.310540
0.311065
0.310806
0.310854
0.310722
0.310554
0.311084
0.310783
0.310992
0.311483
0.311456
0.311009
0.311508
0.311150
0.311250
0.310662
0.310735
0.310961
0.310578
0.310785
0.310912
0.310621
0.310726
0.310530
0.311039
0.310840
0.310957
0.310798
0.310894
0.310536
0.310440
0.310491
0.311344
0.310858
0.311219
0.310853
0.310643
0.310390
0.310792
0.310646
0.310790
0.310667
0.310702
0.310729
0.310586
0.310437
0.310858
0.310851
0.310779
0.310909
0.310813
0.310558
0.311140
0.310419
0.310657
0.310690
0.311049
0.311051
0.310941
0.311005
0.310920
0.311101
0.310907
0.311063
0.310961
0.310695
0.310899
0.310926
0.310811
0.310903
0.310796
0.310994
0.310872
0.311322
0.311007
0.311025
0.310661
0.310573
0.310708
0.310547
0.310682
0.311088
0.311293
0.311507
0.310849
0.310858
0.310672
0.310784
0.310612
0.310696
0.310447
0.310518
0.310880
0.310611
0.310822
0.310637
0.310653
0.310780
0.310784
0.310822
0.310867
0.310871
0.311237
0.311310
0.310752
0.310548
0.310830
0.310915
0.310744
0.310666
0.311035
0.311123
0.310817
0.310861
0.311097
0.310752
0.310865
0.310799
0.310964
0.310825
0.311126
0.311370
0.310903
0.310837
0.311045
0.311071
0.311358
0.310858
0.311262
0.311697
0.310866
0.311016
0.310664
0.310621
0.310872
0.310943
0.310917
0.310686
0.311099
0.311377
0.311300
0.311509
0.310912
0.310833
0.311116
0.310894
0.310711
0.311077
0.310628
0.310969
0.310889
0.310816
0.310701
0.310972
0.310752
0.310996
0.310939
0.311012
0.311375
0.311005
0.311132
0.311168
0.310638
0.311044
0.310876
0.310726
0.310954
0.310859
0.310798
0.310613
0.311238
0.311383
0.310992
0.310912
0.311437
0.310858
0.310943
0.310844
0.310857
0.310902
0.310858
0.310742
0.310670
0.311439
0.311142
0.310702
0.311373
0.311270
0.310814
0.311027
0.311201
0.311651
0.311211
0.310768
0.310755
0.311085
0.310827
0.310681
0.311055
0.310966
0.310744
0.310789
0.310837
0.311571
0.311142
0.311447
0.310885
0.311047
0.310642
0.310937
0.311032
0.311217
0.310881
0.311258
0.311072
0.311340
0.310595
0.311655
0.310945
0.311211
0.310902
0.311004
0.311161
0.311224
0.310747
0.310822
0.310798
0.310796
0.310840
0.310917
0.311095
0.310765
0.310943
0.311063
0.310551
0.310939
0.310967
0.310809
0.310753
0.310900
0.310994
0.310810
0.310720
0.311153
0.311125
0.310563
0.310581
0.311007
0.310511
0.310578
0.310878
0.310921
0.311087
0.311159
0.310907
0.310831
0.310728
0.310558
0.310701
0.311023
0.311126
0.310895
0.311027
0.310769
0.310705
0.310720
0.310706
0.310638
0.311108
0.310672
0.310578
0.310695
0.310909
0.310953
0.310922
0.310695
0.311152
0.311102
0.311154
0.310695
0.310784
0.310599
0.311152
0.310670
0.310543
0.310783
0.311166
0.311077
0.310899
0.310906
0.310802
0.310944
0.310969
0.310642
0.310996
0.310823
0.311491
0.311315
0.310856
0.310613
0.310652
0.310760
0.310770
0.310955
0.311115
0.310593
0.310899
0.311034
0.311001
0.310619
0.311006
0.310706
0.310702
0.310735
0.310788
0.311099
0.310968
0.310845
0.311146
0.311119
0.310752
0.310904
0.311279
0.310811
0.311017
0.310782
0.310608
0.311142
0.311183
0.310703
0.310792
0.310698
0.311717
0.311019
0.310726
0.311040
0.310884
0.311306
0.311061
0.310689
0.311002
0.310620
0.310585
0.310905
0.311015
0.310965
0.311171
0.311197
0.311084
0.310582
0.310635
0.310951
0.311110
0.310563
0.311141
0.310778
0.311129
0.310926
0.310915
0.311028
0.311067
0.310864
0.311148
0.310841
0.311104
0.311118
0.311486
0.311554
0.311185
0.311007
0.310795
0.310805
0.310767
0.310746
0.310690
0.311280
0.310804
0.310546
0.310752
0.310960
0.311220
0.311069
0.310860
0.310866
0.311365
0.310781
0.310955
0.311227
0.310942
0.311788
0.311014
0.311277
0.310888
0.311190
0.311380
0.311457
0.311189
0.310850
0.311209
0.311230
0.311239
0.310663
0.311221
0.310721
0.310751
0.310729
0.310581
0.310747
0.310663
0.310741
0.310953
0.311107
0.311217
0.310819
0.310535
0.310813
0.310810
0.310533
0.311063
0.310910
0.311019
0.311023
0.310702
0.310550
0.310956
0.311017
0.311277
0.310936
0.310842
0.310913
0.310965
0.311040
0.310804
0.311302
0.311129
0.310623
0.310669
0.310893
0.310862
0.310916
0.310984
0.310847
0.310704
0.310924
0.310810
0.310821
0.311019
0.310975
0.310668
0.310650
0.311063
0.310867
0.310837
0.310952
0.310974
0.310655
0.311049
0.310841
0.310656
0.310780
0.310788
0.310839
0.310631
0.310779
0.311049
0.310939
0.310735
0.310794
0.311023
0.310791
0.310659
0.310695
0.310575
0.311245
0.310858
0.310816
0.311087
0.310613
0.310543
0.310671
0.310845
0.310811
0.311092
0.310679
0.310525
0.310780
0.311435
0.311407
0.311365
0.311527
0.311104
0.310799
0.311349
0.310803
0.310789
0.310966
0.310849
0.310944
0.310691
0.311066
0.311170
0.310921
0.310856
0.310810
0.310522
0.310602
0.311058
0.310948
0.311023
0.311354
0.310838
0.310562
0.310556
0.310875
0.311524
0.310758
0.310717
0.310767
0.310888
0.310966
0.311317
0.311596
0.311291
0.310999
0.311063
0.310917
0.310808
0.310874
0.310802
0.310755
0.310618
0.310812
0.310779
0.310552
0.310709
0.311411
0.310903
0.310670
0.311220
0.310946
0.311044
0.310729
0.310702
0.310945
0.310900
0.310984
0.310965
0.310749
0.310574
0.310806
0.310939
0.310771
0.310992
0.310970
0.311056
0.310675
0.311066
0.311237
0.310869
0.310938
0.310749
0.310685
0.310561
0.310890
0.311157
0.311081
0.311157
0.311462
0.310806
0.310987
0.310829
0.311286
0.311471
0.311312
0.311016
0.311302
0.310846
0.310750
0.310972
0.310996
0.310852
0.310569
0.311003
0.311110
0.310875
0.311625
0.310775
0.310753
0.310902
0.310785
0.311088
0.310996
0.311176
0.311141
0.311035
0.311259
0.310928
0.310986
0.310847
0.310927
0.310855
0.311355
0.311139
0.310944
0.310668
0.310952
0.310965
0.310687
0.310782
0.311205
0.311048
0.311360
0.310816
0.310903
0.310766
0.310996
0.310924
0.310922
0.311017
0.310681
0.310761
0.310777
0.311322
0.311585
0.311134
0.310906
0.310896
0.310812
0.310700
0.310879
0.310855
0.310863
0.311193
0.311177
0.311161
0.311171
0.310833
0.310890
0.310866
0.311475
0.311033
0.310602
0.311138
0.311184
0.311477
0.310805
0.310791
0.310774
0.310746
0.310801
0.310872
0.311171
0.311239
0.311094
0.310872
0.310937
0.311230
0.310893
0.310775
0.310963
0.310893
0.310885
0.311408
0.311643
0.311373
0.311822
0.311150
0.311198
0.310883
0.310647
0.310863
0.311035
0.310932
0.310938
0.310946
0.311253
0.311006
0.310863
0.310881
0.311045
0.310871
0.311098
0.310804
0.310885
0.311036
0.310883
0.310690
0.311044
0.311227
0.310897
0.310677
0.310708
0.311045
0.310758
0.310864
0.311027
0.310872
0.311200
0.311006
0.310819
0.311206
0.310975
0.311147
0.311655
0.310961
0.310890
0.310607
0.310856
0.310555
0.310883
0.310923
0.311071
0.311203
0.311146
0.311189
0.310998
0.310972
0.310812
0.310664
0.311033
0.311327
0.311193
0.311315
0.310959
0.311140
0.311386
0.311592
0.310939
0.311210
0.311240
0.310682
0.310848
0.310569
0.310726
0.310612
0.310752
0.310904
0.310808
0.310917
0.310700
0.311366
0.311195
0.310991
0.310965
0.311137
0.311240
0.311047
0.310982
0.310666
0.311216
0.310776
0.311156
0.310919
0.311010
0.310797
0.310934
0.310976
0.311011
0.310818
0.310820
0.310802
0.311036
0.311168
0.310800
0.311405
0.310673
0.310662
0.310847
0.310931
0.311163
0.311172
0.310784
0.310975
0.310741
0.310978
0.311510
0.311166
0.311304
0.310882
0.310707
0.310943
0.310996
0.310852
0.311152
0.311112
0.311215
0.310586
0.310854
0.310892
0.310809
0.310599
0.310841
0.310862
0.310884
0.310739
0.310675
0.311153
0.310775
0.310865
0.310585
0.310989
0.310861
0.310836
0.310943
0.310882
0.310849
0.311115
0.310786
0.310808
0.310795
0.311048
0.311108
0.311202
0.311222
0.310899
0.310899
0.310696
0.310722
0.310747
0.310984
0.311242
0.311072
0.310733
0.310686
0.310770
0.310679
0.310801
0.311033
0.310903
0.310884
0.310977
0.311554
0.310961
0.310794
0.310933
0.310617
0.311150
0.310839
0.310943
0.311017
0.311216
0.310702
0.311515
0.310996
0.310831
0.310855
0.310593
0.311098
0.311094
0.311221
0.311730
0.310977
0.310779
0.310766
0.311103
0.311619
0.310837
0.311171
0.310818
0.311047
0.311213
0.311124
0.310956
0.311183
0.310747
0.310727
0.310899
0.310732
0.310837
0.311225
0.310889
0.310987
0.311175
0.311015
0.310814
0.310897
0.310950
0.310736
0.311112
0.310939
0.310995
0.310704
0.310932
0.310697
0.310868
0.310603
0.310701
0.310740
0.310825
0.311008
0.311065
0.311158
0.310799
0.311474
0.310569
0.310886
0.310858
0.310961
0.311147
0.310981
0.310901
0.311278
0.311074
0.310961
0.310907
0.311416
0.310840
0.310654
0.310852
0.310718
0.310976
0.311264
0.311505
0.310942
0.311598
0.311253
0.311353
0.310741
0.310931
0.310787
0.311103
0.311548
0.311367
0.311903
0.311454
0.311311
0.311127
0.310765
0.310797
0.311206
0.311006
0.310996
0.311384
0.311403
0.311616
0.310940
0.310794
0.310686
0.310735
0.310872
0.311292
0.310821
0.310785
0.310868
0.310917
0.310862
0.311181
0.311138
0.311127
0.311132
0.310945
0.310891
0.311238
0.311489
0.310982
0.311277
0.310862
0.311040
0.310950
0.310756
0.310764
0.310951
0.311219
0.311075
0.311461
0.311655
0.311431
0.310917
0.311300
0.311326
0.311165
0.311326
0.311087
0.311157
0.311251
0.310776
0.310934
0.311042
0.310981
0.310907
0.310771
0.310850
0.311032
0.310805
0.310799
0.310832
0.311131
0.311462
0.311182
0.310634
0.311121
0.311108
0.311642
0.311162
0.311570
0.311098
0.311322
0.311382
0.311299
0.310916
0.310833
0.311036
0.311163
0.311017
0.311161
0.311056
0.311380
0.310827
0.310841
0.311330
0.311197
0.311291
0.311084
0.310762
0.310883
0.311103
0.310711
0.310628
0.310826
0.310713
0.310837
0.310777
0.311085
0.311072
0.311196
0.310964
0.310763
0.311237
0.311310
0.311282
0.311122
0.311446
0.311028
0.310931
0.311132
0.310946
0.311243
0.310912
0.311371
0.311332
0.311271
0.310890
0.311026
0.311006
0.311214
0.311009
0.310807
0.310685
0.310779
0.311067
0.311146
0.310985
0.310831
0.311443
0.311532
0.310684
0.310868
0.310766
0.311062
0.311213
0.311294
0.311124
0.311673
0.310835
0.311306
0.311570
0.311007
0.310927
0.310803
0.311305
0.311081
0.311095
0.311004
0.311008
0.310746
0.310934
0.311100
0.311225
0.310885
0.310941
0.311356
0.311030
0.311089
0.311033
0.310849
0.310833
0.310942
0.311041
0.311222
0.310915
0.311568
0.311393
0.311684
0.311553
0.311610
0.311579
0.311161
0.310982
0.310791
0.310889
0.311294
0.311255
0.310880
0.310845
0.310925
0.310883
0.311165
0.311054
0.311020
0.310951
0.310856
0.310967
0.311055
0.310997
0.311243
0.311257
0.310810
0.311280
0.310829
0.310771
0.310768
0.311429
0.311721
0.311234
0.310918
0.311029
0.311442
0.310812
0.311132
0.311090
0.310996
0.310871
0.311305
0.311196
0.311290
0.310933
0.310978
0.311138
0.310895
0.311016
0.311164
0.310982
0.311201
0.310907
0.311380
0.311018
0.311325
0.311265
0.311365
0.311065
0.311256
0.311330
0.311151
0.311404
0.311304
0.310942
0.310722
0.310892
0.311080
0.310731
0.311372
0.311062
0.311401
0.311272
0.311400
0.310805
0.310852
0.310847
0.311356
0.311289
0.311263
0.311091
0.311692
0.311584
0.311068
0.311538
0.311171
0.311283
0.311015
0.311133
0.311163
0.310933
0.311225
0.311322
0.310920
0.310720
0.311012
0.310697
0.310750
0.311144
0.311276
0.311116
0.311016
0.311425
0.310972
0.311237
0.310895
0.310914
0.311100
0.311042
0.311370
0.311256
0.311382
0.311562
0.311865
0.311517
0.311434
0.310920
0.311066
0.311119
0.311197
0.311124
0.311069
0.311340
0.310887
0.311279
0.311043
0.310952
0.311129
0.311070
0.311191
0.311124
0.311303
0.311413
0.311108
0.311072
0.311450
0.310967
0.310976
0.310945
0.310945
0.310973
0.310937
0.311607
0.311524
0.310917
0.310970
0.310925
0.311122
0.311446
0.310935
0.310747
0.311093
0.311238
0.311232
0.311280
0.311056
0.310896
0.311025
0.311050
0.310907
0.311399
0.311065
0.310896
0.311000
0.311420
0.310924
0.310752
0.310999
0.311011
0.311276
0.311020
0.311290
0.311269
0.310974
0.310985
0.311069
0.311142
0.311334
0.310983
0.310987
0.311365
0.310961
0.311360
0.311095
0.311030
0.310852
0.311014
0.311220
0.311381
0.311082
0.311061
0.311220
0.310959
0.311117
0.310755
0.311100
0.311233
0.311057
0.311414
0.310942
0.311295
0.311092
0.311329
0.311339
0.311765
0.311458
0.311498
0.311415
0.311204
0.311161
0.311455
0.311099
0.311220
0.311494
0.310965
0.311097
0.310952
0.310766
0.311358
0.311318
0.311446
0.311439
0.310937
0.310827
0.311051
0.310864
0.311270
0.311150
0.310933
0.311055
0.311173
0.311775
0.311214
0.311109
0.311016
0.311276
0.311498
0.310773
0.311002
0.311105
0.311527
0.310897
0.310766
0.311206
0.310969
0.311209
0.311476
0.311649
0.311158
0.311180
0.311066
0.311485
0.311669
0.311085
0.311402
0.310914
0.311382
0.311034
0.311198
0.311163
0.311266
0.311121
0.311163
0.311054
0.311017
0.311537
0.311383
0.311281
0.311310
0.311176
0.311012
0.310953
0.311065
0.311227
0.310808
0.311338
0.310967
0.310991
0.311168
0.311097
0.311221
0.311351
0.311318
0.311779
0.311338
0.311176
0.310904
0.311257
0.310782
0.311342
0.311191
0.311310
0.311013
0.311411
0.311108
0.311086
0.311420
0.311307
0.310959
0.311488
0.311283
0.311235
0.311284
0.311360
0.311006
0.310968
0.311046
0.311147
0.311288
0.311199
0.310972
0.310974
0.310808
0.311116
0.311397
0.311220
0.311243
0.311135
0.310979
0.310932
0.311291
0.310904
0.311017
0.311033
0.311018
0.311176
0.311084
0.311061
0.310787
0.311019
0.311153
0.310868
0.311259
0.310925
0.311458
0.311545
0.311058
0.311067
0.311033
0.311152
0.310900
0.310942
0.310973
0.311130
0.311351
0.311349
0.311192
0.311337
0.311253
0.311272
0.311408
0.311366
0.311009
0.311251
0.311578
0.311327
0.311219
0.311290
0.311206
0.311150
0.311123
0.310947
0.310814
0.311001
0.311372
0.311251
0.311249
0.311356
0.311017
0.310929
0.311394
0.311292
0.311264
0.311046
0.311100
0.311258
0.311216
0.310977
0.311008
0.311431
0.311365
0.311416
0.311686
0.311746
0.311378
0.311556
0.311099
0.311992
0.311218
0.311146
0.310921
0.311283
0.311316
0.311544
0.311009
0.311616
0.311389
0.311492
0.311302
0.311147
0.311262
0.311379
0.311877
0.311098
0.311044
0.310901
0.310856
0.311168
0.311132
0.311110
0.311458
0.311181
0.311484
0.311271
0.311655
0.311165
0.311052
0.311043
0.311063
0.311376
0.311118
0.310970
0.311230
0.311541
0.311347
0.311488
0.311032
0.311459
0.311099
0.311089
0.311377
0.311237
0.311200
0.311075
0.310991
0.311330
0.311253
0.311470
0.311544
0.311318
0.311536
0.311282
0.311413
0.311214
0.311038
0.311281
0.311285
0.311352
0.311222
0.311482
0.312112
0.311445
0.311219
0.311294
0.311014
0.310894
0.310977
0.311091
0.311399
0.311238
0.311380
0.311247
0.311123
0.311196
0.311263
0.311114
0.311147
0.311069
0.311503
0.311332
0.310991
0.311508
0.311823
0.311227
0.311729
0.311161
0.311578
0.311953
0.311726
0.311442
0.311300
0.311257
0.311012
0.311188
0.311500
0.311223
0.311121
0.311459
0.311535
0.311345
0.311057
0.311311
0.311117
0.311656
0.311731
0.311173
0.311279
0.311245
0.311562
0.311694
0.311703
0.311659
0.311137
0.311247
0.311410
0.311828
0.311468
0.311341
0.311616
0.311674
0.311310
0.310968
0.311347
0.311600
0.311421
0.311392
0.311097
0.311417
0.311451
0.311473
0.311375
0.310978
0.311545
0.311860
0.311257
0.311524
0.311803
0.310988
0.311015
0.311420
0.311651
0.311507
0.310942
0.311218
0.311488
0.311460
0.311662
0.311030
0.311151
0.311647
0.311832
0.311643
0.311448
0.311621
0.311361
0.311238
0.311101
0.311273
0.311458
0.311525
0.311267
0.311547
0.311379
0.311328
0.311132
0.311262
0.311215
0.311296
0.311404
0.311178
0.310969
0.311320
0.311087
0.311283
0.311153
0.311441
0.311353
0.311091
0.311758
0.310936
0.311538
0.311953
0.311958
0.311433
0.311370
0.311422
0.311728
0.311303
0.311176
0.311401
0.311546
0.311702
0.311937
0.311840
0.311502
0.311287
0.311516
0.311660
0.311457
0.311835
0.311660
0.311485
0.311554
0.311414
0.311116
0.311263
0.311052
0.311305
0.311127
0.311453
0.311327
0.311163
0.311038
0.311767
0.311996
0.311803
0.312333
0.311640
0.311296
0.311230
0.311437
0.311349
0.311703
0.311647
0.310939
0.311418
0.311258
0.311394
0.311614
0.311750
0.311247
0.311480
0.311191
0.311404
0.311264
0.311001
0.311302
0.311523
0.311337
0.311270
0.311236
0.311452
0.311253
0.311370
0.311685
0.311322
0.310947
0.311074
0.311214
0.311098
0.311609
0.311804
0.311844
0.311659
0.311414
0.311164
0.311250
0.310980
0.311124
0.312088
0.311739
0.311741
0.311810
0.311675
0.311618
0.311526
0.311038
0.311094
0.311141
0.311246
0.311399
0.311193
0.311548
0.311350
0.311199
0.311219
0.311557
0.311158
0.311178
0.311154
0.311421
0.311761
0.311990
0.311823
0.311610
0.311521
0.311347
0.311480
0.311393
0.311015
0.311712
0.311186
0.311147
0.311191
0.311558
0.311340
0.311829
0.311208
0.311492
0.311450
0.311049
0.311027
0.311430
0.311429
0.311786
0.311601
0.311753
0.311482
0.311364
0.311665
0.311343
0.311208
0.311588
0.311628
0.311270
0.311604
0.311485
0.311121
0.311444
0.311684
0.311832
0.311395
0.311216
0.311335
0.311765
0.311351
0.311157
0.311178
0.311681
0.311109
0.311197
0.311246
0.311942
0.311541
0.311359
0.312209
0.311787
0.311336
0.311368
0.311051
0.311395
0.311457
0.311634
0.311529
0.312214
0.311468
0.311436
0.311360
0.311308
0.311557
0.311607
0.311441
0.311396
0.311445
0.311785
0.311642
0.311807
0.311939
0.311665
0.311153
0.311180
0.310953
0.311266
0.311174
0.311331
0.311608
0.311804
0.311890
0.311727
0.311412
0.311218
0.311529
0.311284
0.311308
0.311162
0.311476
0.310898
0.311200
0.311180
0.311032
0.311163
0.311036
0.311338
0.311241
0.311346
0.311259
0.311059
0.311220
0.311525
0.311425
0.311387
0.311399
0.311605
0.311130
0.311619
0.311444
0.311406
0.311247
0.311035
0.311479
0.311271
0.311630
0.311596
0.311455
0.311296
0.311081
0.311592
0.311419
0.311956
0.311518
0.311460
0.311415
0.310984
0.311104
0.311587
0.311439
0.311328
0.311216
0.311887
0.311166
0.311755
0.311619
0.311725
0.312319
0.312050
0.312061
0.311868
0.311142
0.311562
0.311553
0.311581
0.311108
0.311226
0.311775
0.311556
0.311126
0.311356
0.311478
0.311894
0.311362
0.311528
0.311180
0.311258
0.311708
0.311423
0.311491
0.311513
0.311459
0.311593
0.311690
0.311533
0.311208
0.311551
0.311780
0.311236
0.311063
0.311513
0.311550
0.311567
0.311501
0.311917
0.311695
0.311760
0.311421
0.311519
0.311301
0.311306
0.311364
0.311439
0.311170
0.311882
0.311196
0.311016
0.311221
0.311402
0.311126
0.311183
0.311094
0.311358
0.311336
0.311312
0.311453
0.311772
0.311049
0.311277
0.311656
0.311299
0.311434
0.311786
0.311515
0.311191
0.311714
0.311153
0.311201
0.311155
0.311388
0.311466
0.311445
0.311321
0.311519
0.311421
0.311160
0.311266
0.311318
0.311053
0.311130
0.311142
0.311732
0.311610
0.311755
0.311481
0.311325
0.311682
0.311553
0.311715
0.311915
0.311400
0.311420
0.311329
0.311602
0.311159
0.311241
0.311092
0.311388
0.311620
0.311396
0.311733
0.311970
0.311317
0.311318
0.311414
0.311027
0.311023
0.311276
0.311444
0.311652
0.311430
0.311509
0.311296
0.311378
0.311291
0.311183
0.312044
0.311511
0.311154
0.311123
0.311489
0.311140
0.311167
0.311066
0.311353
0.311523
0.311535
0.311748
0.311547
0.311598
0.311043
0.311254
0.311385
0.311786
0.311066
0.311271
0.311492
0.311292
0.311928
0.311690
0.311299
0.312034
0.311131
0.311105
0.311739
0.311374
0.311817
0.311611
0.311211
0.311296
0.311476
0.311546
0.311132
0.311553
0.311702
0.311716
0.311638
0.311485
0.311635
0.311470
0.311276
0.311294
0.311142
0.311440
0.311527
0.311467
0.311110
0.311154
0.311223
0.311446
0.311606
0.311866
0.311926
0.311405
0.311337
0.311177
0.311635
0.311364
0.311215
0.311149
0.311299
0.311671
0.311391
0.311376
0.312066
0.311843
0.312057
0.311792
0.311598
0.311359
0.311790
0.311573
0.311593
0.311409
0.311517
0.311636
0.311670
0.311580
0.311548
0.311385
0.312233
0.311989
0.311333
0.311484
0.311358
0.311698
0.311268
0.311467
0.311807
0.311429
0.311385
0.311112
0.311405
0.311739
0.311057
0.311212
0.311272
0.311709
0.311736
0.311529
0.311534
0.311495
0.311359
0.311183
0.311262
0.311510
0.311530
0.311501
0.311960
0.311597
0.311973
0.311814
0.311557
0.311723
0.311176
0.311178
0.311413
0.311512
0.311286
0.311741
0.311571
0.312025
0.311430
0.311518
0.311537
0.311438
0.311470
0.311318
0.311413
0.311244
0.311515
0.311480
0.311378
0.311528
0.311371
0.311296
0.311233
0.311585
0.311540
0.311360
0.311552
0.311267
0.311450
0.311686
0.311477
0.311332
0.311610
0.311628
0.312038
0.311138
0.311482
0.311312
0.311474
0.311389
0.311593
0.311662
0.311814
0.311816
0.311488
0.311395
0.311351
0.311089
0.311412
0.311360
0.311652
0.311583
0.311646
0.311556
0.311383
0.311344
0.311229
0.311244
0.311275
0.311560
0.311554
0.311511
0.311987
0.311419
0.311377
0.311644
0.311432
0.311208
0.311427
0.311411
0.311329
0.312407
0.311616
0.311735
0.312187
0.311427
0.311252
0.311485
0.311830
0.311355
0.311407
0.311628
0.311681
0.311738
0.311987
0.311777
0.311242
0.311365
0.311530
0.311798
0.311668
0.311363
0.311671
0.311515
0.311559
0.311706
0.311417
0.311428
0.311379
0.311306
0.311311
0.311315
0.311297
0.311246
0.311145
0.311489
0.311722
0.311641
0.311708
0.311415
0.311352
0.311995
0.311555
0.311527
0.311500
0.311385
0.311190
0.311227
0.311413
0.311291
0.311634
0.311587
0.311737
0.311525
0.311646
0.311637
0.311706
0.312010
0.312171
0.311929
0.311921
0.311557
0.311552
0.311538
0.311674
0.311839
0.311372
0.311606
0.311751
0.311596
0.311252
0.311726
0.311802
0.311299
0.311421
0.311444
0.311422
0.311543
0.311539
0.311454
0.311418
0.311530
0.311411
0.311187
0.311381
0.311505
0.311671
0.311399
0.311449
0.311598
0.311441
0.311403
0.311412
0.311362
0.311448
0.311624
0.311346
0.311638
0.311292
0.311381
0.311424
0.311867
0.311499
0.311451
0.311629
0.311686
0.311781
0.311581
0.311871
0.311886
0.311350
0.311445
0.312044
0.312150
0.311502
0.311376
0.311820
0.311582
0.311431
0.311553
0.311367
0.311228
0.311335
0.311537
0.311950
0.311347
0.311448
0.311414
0.311368
0.312394
0.312016
0.311964
0.311630
0.311679
0.311773
0.311664
0.311772
0.311464
0.311561
0.311622
0.311456
0.311296
0.311658
0.311560
0.312202
0.312134
0.311391
0.311250
0.311563
0.311643
0.311391
0.312049
0.311820
0.311905
0.311655
0.311334
0.311722
0.311640
0.311505
0.311771
0.312025
0.312188
0.311886
0.311433
0.311738
0.311465
0.311276
0.311359
0.311570
0.311691
0.311433
0.311463
0.312035
0.311495
0.311452
0.311547
0.311515
0.311778
0.311439
0.311644
0.311290
0.311551
0.311518
0.311303
0.311417
0.311419
0.311605
0.312014
0.311921
0.311562
0.312081
0.311962
0.311495
0.311925
0.311595
0.311438
0.311543
0.311639
0.311693
0.312140
0.311649
0.311797
0.312117
0.311421
0.311820
0.311545
0.311742
0.311686
0.311700
0.311423
0.311526
0.311282
0.311322
0.311641
0.311517
0.311532
0.311578
0.311881
0.311623
0.311450
0.311458
0.311498
0.311946
0.311744
0.311646
0.312059
0.311528
0.311828
0.311571
0.311612
0.311817
0.311326
0.311289
0.311381
0.311582
0.311737
0.311345
0.311795
0.311537
0.312391
0.312144
0.311572
0.311723
0.311646
0.311629
0.311909
0.311957
0.312110
0.311546
0.311463
0.311479
0.311517
0.311799
0.312076
0.312152
0.311834
0.311617
0.312326
0.311581
0.311525
0.311633
0.311427
0.311711
0.311519
0.311210
0.311224
0.311395
0.311640
0.311871
0.311627
0.311749
0.311665
0.311743
0.312188
0.311260
0.311436
0.311412
0.311506
0.311662
0.311387
0.311268
0.311417
0.312442
0.312299
0.311962
0.311550
0.311569
0.311553
0.311596
0.311572
0.311585
0.311785
0.311654
0.311402
0.311733
0.311726
0.311803
0.311440
0.311338
0.311521
0.311428
0.311503
0.311701
0.311665
0.311442
0.311889
0.311805
0.311783
0.311626
0.311777
0.311675
0.311667
0.311490
0.312010
0.311491
0.311430
0.312086
0.311824
0.311789
0.311287
0.311880
0.311643
0.311607
0.311510
0.311986
0.312153
0.311686
0.311545
0.311349
0.311660
0.311828
0.311507
0.311643
0.311370
0.311466
0.311619
0.312288
0.311473
0.311784
0.311732
0.311849
0.311247
0.311485
0.311483
0.311699
0.311688
0.311417
0.311586
0.311475
0.311483
0.311744
0.312156
0.311763
0.311762
0.311951
0.311448
0.311673
0.311357
0.311471
0.311585
0.311560
0.311472
0.311875
0.311621
0.311794
0.311363
0.311471
0.311602
0.311405
0.311648
0.311721
0.311605
0.311729
0.311285
0.311402
0.311896
0.311326
0.311314
0.311704
0.311837
0.311772
0.311240
0.311682
0.312011
0.311912
0.311646
0.311381
0.311382
0.311572
0.311671
0.311538
0.312017
0.311503
0.311613
0.311544
0.311548
0.311261
0.311298
0.311445
0.311617
0.311608
0.311217
0.311482
0.311654
0.311703
0.311407
0.311448
0.312131
0.312033
0.311768
0.311554
0.311657
0.311391
0.311283
0.311389
0.311545
0.311594
0.311582
0.311457
0.312167
0.311647
0.311354
0.311461
0.311612
0.311536
0.311648
0.311417
0.311512
0.311368
0.311733
0.311670
0.311631
0.311595
0.311526
0.311672
0.311362
0.312062
0.311689
0.311676
0.311635
0.311623
0.311588
0.311575
0.311773
0.311661
0.311773
0.311635
0.311888
0.312031
0.311740
0.311791
0.311559
0.311613
0.311714
0.311510
0.311516
0.311558
0.311987
0.311603
0.311528
0.311472
0.311372
0.311613
0.311894
0.311637
0.311850
0.311936
0.311496
0.311835
0.311966
0.311539
0.312046
0.311971
0.312156
0.312080
0.311856
0.311682
0.311494
0.311580
0.311699
0.311906
0.311690
0.311857
0.311632
0.311469
0.311552
0.311977
0.311504
0.311600
0.311829
0.311723
0.311830
0.311545
0.311393
0.312031
0.312342
0.311782
0.311559
0.311585
0.311806
0.311828
0.311773
0.311823
0.311492
0.311678
0.311616
0.311691
0.311849
0.311869
0.311696
0.311457
0.311609
0.312275
0.311369
0.311692
0.311465
0.311872
0.311441
0.311907
0.311555
0.311777
0.311802
0.312117
0.312577
0.312025
0.311831
0.311639
0.311631
0.311765
0.311782
0.311619
0.311660
0.312059
0.312078
0.312089
0.311762
0.311647
0.312158
0.311746
0.311434
0.312088
0.311879
0.311924
0.311720
0.312235
0.312075
0.312213
0.311505
0.311368
0.311562
0.311661
0.311841
0.311756
0.311730
0.311926
0.311912
0.311567
0.311306
0.311790
0.311671
0.311893
0.312072
0.311676
0.311723
0.312385
0.312004
0.311736
0.311645
0.311359
0.311491
0.312050
0.311913
0.311923
0.311592
0.311416
0.311801
0.311645
0.311691
0.311952
0.311759
0.311546
0.311415
0.311589
0.311760
0.311848
0.311973
0.311706
0.311461
0.311446
0.311473
0.311484
0.311407
0.311651
0.311647
0.311828
0.311435
0.311635
0.312180
0.312033
0.311613
0.311943
0.311715
0.311878
0.311939
0.311885
0.311639
0.311920
0.311460
0.311638
0.311564
0.311919
0.312118
0.311920
0.312132
0.311845
0.312313
0.311782
0.311953
0.311404
0.311519
0.311599
0.311386
0.311802
0.311500
0.311503
0.311335
0.311477
0.312046
0.311541
0.311539
0.311510
0.311479
0.311518
0.311359
0.311795
0.311518
0.311847
0.312071
0.311564
0.311679
0.311561
0.311733
0.311623
0.311767
0.311389
0.311593
0.311776
0.312303
0.312192
0.311974
0.311460
0.311489
0.311642
0.311989
0.312052
0.311723
0.311829
0.311962
0.311557
0.311846
0.311977
0.311552
0.311666
0.311550
0.311497
0.311565
0.311387
0.311561
0.311718
0.311762
0.311864
0.311489
0.311652
0.311735
0.311816
0.311630
0.311621
0.311563
0.311376
0.311463
0.311890
0.311937
0.311628
0.311691
0.311965
0.311927
0.311652
0.312015
0.311797
0.311827
0.311810
0.311618
0.311574
0.311837
0.311987
0.311906
0.312108
0.311729
0.311741
0.311441
0.311531
0.311739
0.311896
0.312374
0.311659
0.311459
0.311680
0.311905
0.311575
0.311428
0.311549
0.311676
0.312093
0.311957
0.312135
0.311742
0.311527
0.311732
0.311430
0.311743
0.311466
0.311705
0.311823
0.312163
0.312056
0.311569
0.311386
0.311621
0.311729
0.311396
0.311587
0.311712
0.311735
0.311714
0.311763
0.311740
0.311860
0.311641
0.311507
0.311600
0.311382
0.311852
0.311847
0.311743
0.311542
0.311557
0.311545
0.311518
0.311858
0.311598
0.311717
0.312327
0.311976
0.311891
0.311686
0.311894
0.311636
0.311631
0.311634
0.312232
0.311825
0.311691
0.312118
0.312300
0.311814
0.311859
0.312160
0.311852
0.311871
0.311491
0.311449
0.311602
0.311658
0.311711
0.311419
0.311821
0.312236
0.312236
0.311919
0.312154
0.311491
0.311746
0.311779
0.311807
0.312004
0.311535
0.311518
0.311578
0.311694
0.311634
0.311596
0.311642
0.311915
0.312285
0.312412
0.311835
0.312069
0.311433
0.311572
0.311637
0.311611
0.312172
0.311873
0.311653
0.311412
0.311569
0.311505
0.311796
0.311873
0.311606
0.311683
0.311657
0.311759
0.311602
0.311809
0.312088
0.312093
0.312252
0.312031
0.312077
0.312149
0.311749
0.311802
0.311558
0.312060
0.312077
0.312036
0.311765
0.311838
0.311792
0.311929
0.311841
0.311885
0.312029
0.311879
0.311784
0.312246
0.311618
0.311784
0.311680
0.311963
0.311597
0.311737
0.311773
0.311874
0.311986
0.311972
0.312016
0.312026
0.311601
0.311456
0.311408
0.312017
0.311458
0.312020
0.312172
0.311932
0.312022
0.311677
0.311834
0.312122
0.312167
0.311931
0.311972
0.311610
0.311565
0.311808
0.312180
0.311490
0.311941
0.311812
0.311677
0.311723
0.311743
0.312192
0.311731
0.311792
0.311471
0.312193
0.312320
0.311705
0.311676
0.311592
0.311576
0.312145
0.311688
0.311657
0.311645
0.311551
0.311729
0.311938
0.311783
0.311631
0.311726
0.311847
0.312222
0.312200
0.311481
0.311799
0.311993
0.312110
0.311766
0.311983
0.311889
0.311877
0.311413
0.311716
0.312478
0.312180
0.311756
0.311809
0.311683
0.311692
0.311474
0.311655
0.311608
0.311923
0.311927
0.311581
0.311880
0.311830
0.312167
0.311822
0.311821
0.311813
0.311898
0.311730
0.311799
0.311978
0.311869
0.311788
0.311813
0.312133
0.311669
0.312264
0.311948
0.311619
0.312143
0.311608
0.311646
0.312081
0.311808
0.311685
0.311964
0.311719
0.311709
0.311704
0.311478
0.311770
0.311997
0.311850
0.311990
0.311594
0.311649
0.311723
0.312304
0.312383
0.311672
0.311684
0.311861
0.311758
0.312327
0.311987
0.311938
0.311938
0.312057
0.312157
0.312161
0.311751
0.311730
0.311929
0.312133
0.311968
0.311606
0.311572
0.311660
0.311493
0.312098
0.311699
0.311905
0.312189
0.311717
0.311515
0.311611
0.312042
0.312285
0.312227
0.312167
0.312001
0.311991
0.312134
0.312285
0.312197
0.312366
0.311801
0.311841
0.311880
0.312346
0.312250
0.311749
0.311902
0.311952
0.311886
0.311962
0.311857
0.311941
0.311880
0.311622
0.311821
0.311623
0.311562
0.312053
0.311644
0.311649
0.311653
0.311593
0.312112
0.311948
0.311800
0.311848
0.311783
0.312122
0.312486
0.312252
0.312070
0.311939
0.311992
0.311637
0.311781
0.311772
0.312032
0.312597
0.312075
0.311444
0.311480
0.311871
0.311543
0.311784
0.312107
0.311970
0.311846
0.312167
0.311928
0.311955
0.311773
0.311674
0.311749
0.311538
0.311451
0.311475
0.311470
0.311609
0.312018
0.311587
0.311822
0.311741
0.311994
0.312074
0.311911
0.311865
0.311648
0.311858
0.311674
0.312163
0.311586
0.311677
0.312331
0.312198
0.312364
0.312743
0.311882
0.311964
0.311997
0.312215
0.311634
0.312124
0.311681
0.311805
0.311883
0.312098
0.312154
0.312071
0.311720
0.311763
0.312084
0.311959
0.311816
0.311688
0.311629
0.312002
0.311736
0.311925
0.311939
0.311596
0.311944
0.311849
0.312532
0.311966
0.311628
0.311601
0.311704
0.311466
0.311657
0.311989
0.311957
0.311874
0.312057
0.311671
0.312374
0.311856
0.311731
0.311750
0.311896
0.311725
0.311804
0.311787
0.311857
0.311638
0.311614
0.311823
0.311919
0.311926
0.311975
0.312043
0.311873
0.312187
0.311934
0.311638
0.311621
0.311699
0.311575
0.312229
0.312320
0.311602
0.311615
0.311627
0.312309
0.312026
0.311604
0.311836
0.311820
0.311910
0.311963
0.311479
0.311731
0.311867
0.311945
0.312011
0.312058
0.311805
0.311607
0.311693
0.311884
0.311757
0.311572
0.311817
0.311718
0.311925
0.312023
0.311875
0.312044
0.312204
0.312153
0.311817
0.311750
0.311810
0.312150
0.311970
0.311966
0.311830
0.312225
0.311610
0.311854
0.311569
0.312108
0.311793
0.311853
0.311796
0.311771
0.311670
0.311830
0.312311
0.312311
0.311657
0.312009
0.311949
0.311970
0.312003
0.312075
0.311768
0.311864
0.312342
0.312122
0.311501
0.312135
0.311800
0.312188
0.312124
0.311838
0.312089
0.311693
0.311878
0.311936
0.311921
0.312036
0.311691
0.312144
0.312314
0.312164
0.312088
0.312091
0.311982
0.312498
0.312002
0.311580
0.311599
0.312053
0.312103
0.311903
0.311499
0.311660
0.311512
0.311836
0.312323
0.312144
0.311709
0.311619
0.311789
0.312058
0.311911
0.311735
0.311832
0.311820
0.312014
0.312033
0.311748
0.312359
0.311911
0.311907
0.311899
0.311504
0.312045
0.311878
0.311866
0.311522
0.311729
0.312245
0.311986
0.311900
0.312136
0.312143
0.312059
0.311731
0.311846
0.311848
0.311597
0.311690
0.311661
0.311644
0.311623
0.312482
0.311956
0.311883
0.311816
0.311802
0.311861
0.311936
0.311950
0.312218
0.311677
0.312128
0.311779
0.311954
0.312541
0.311757
0.311744
0.311591
0.311820
0.312016
0.311679
0.312097
0.311782
0.312109
0.312137
0.312284
0.312399
0.312124
0.311978
0.311669
0.311714
0.311890
0.311775
0.311621
0.311609
0.311751
0.311587
0.311802
0.311763
0.311876
0.312872
0.311601
0.312135
0.312077
0.311638
0.312264
0.312157
0.312453
0.311504
0.311663
0.312144
0.312141
0.311673
0.312209
0.311545
0.312026
0.312058
0.311633
0.311864
0.312019
0.312076
0.311972
0.312362
0.312306
0.312525
0.312312
0.312252
0.311770
0.312017
0.312300
0.311747
0.312087
0.311737
0.312005
0.311897
0.311783
0.311872
0.312383
0.312077
0.311995
0.311963
0.311939
0.312465
0.312061
0.312498
0.311962
0.311919
0.311600
0.311737
0.311891
0.311874
0.311903
0.312046
0.311946
0.312207
0.311995
0.312144
0.312353
0.312033
0.311753
0.312092
0.312062
0.311578
0.311834
0.312398
0.312558
0.312533
0.312518
0.312033
0.311742
0.311938
0.311988
0.312116
0.312523
0.312340
0.312342
0.311917
0.311841
0.312048
0.312153
0.312201
0.312185
0.312207
0.312149
0.311602
0.311558
0.311622
0.311707
0.311938
0.311807
0.311616
0.311613
0.311800
0.311976
0.311740
0.312223
0.312041
0.311746
0.311908
0.311946
0.311820
0.311562
0.312102
0.312329
0.311831
0.312195
0.311938
0.312122
0.312370
0.312153
0.311856
0.311816
0.311816
0.311794
0.311619
0.312103
0.311842
0.311914
0.311621
0.311871
0.311964
0.311700
0.312000
0.312577
0.312118
0.311706
0.312082
0.311643
0.312144
0.312219
0.311731
0.312176
0.311723
0.311704
0.311868
0.311746
0.311805
0.311784
0.311514
0.311785
0.311674
0.311880
0.311746
0.311869
0.311849
0.311752
0.311760
0.312014
0.312348
0.311909
0.311984
0.311546
0.311550
0.311930
0.311903
0.311843
0.311816
0.311655
0.311936
0.311773
0.311844
0.311979
0.311967
0.312013
0.311913
0.312173
0.312096
0.311782
0.311938
0.311911
0.311698
0.311911
0.311861
0.311726
0.311830
0.311685
0.311765
0.311850
0.312012
0.312009
0.311784
0.312097
0.311872
0.312313
0.312185
0.311781
0.312168
0.311930
0.311849
0.311735
0.312415
0.312357
0.312014
0.311973
0.311719
0.311892
0.311725
0.311841
0.311545
0.311808
0.311761
0.312113
0.311636
0.312478
0.312692
0.312463
0.311955
0.311802
0.311944
0.312125
0.311957
0.311762
0.312106
0.311859
0.311870
0.311739
0.311918
0.311937
0.312190
0.312287
0.311925
0.312426
0.312174
0.311987
0.311987
0.311746
0.312082
0.312441
0.312394
0.312019
0.311861
0.312110
0.311977
0.312125
0.312039
0.311679
0.311967
0.311869
0.311657
0.312084
0.312070
0.312221
0.311594
0.311826
0.312063
0.311830
0.311913
0.311807
0.312180
0.311883
0.311893
0.312011
0.312275
0.312069
0.311940
0.312002
0.311600
0.312037
0.311752
0.311710
0.311532
0.311723
0.311953
0.311943
0.311791
0.311920
0.311984
0.311845
0.312173
0.312018
0.312118
0.312115
0.312251
0.311767
0.312054
0.312092
0.312031
0.312034
0.312210
0.311887
0.312071
0.311812
0.312004
0.312176
0.311996
0.312200
0.311691
0.311818
0.311848
0.311806
0.311755
0.312063
0.311923
0.311942
0.311643
0.311746
0.311621
0.312111
0.312145
0.312437
0.312412
0.312578
0.312653
0.311947
0.311983
0.312176
0.311943
0.311997
0.312189
0.312238
0.311909
0.311851
0.311864
0.311762
0.311935
0.311843
0.312221
0.312661
0.312567
0.312215
0.312378
0.312021
0.312078
0.312109
0.312340
0.311801
0.312359
0.311845
0.312240
0.312459
0.311733
0.311918
0.311861
0.311765
0.311902
0.312090
0.312066
0.311619
0.312234
0.311656
0.312253
0.311575
0.311834
0.311560
0.311975
0.311936
0.312258
0.311569
0.312197
0.312245
0.312232
0.311906
0.312526
0.311757
0.312134
0.312262
0.311744
0.312155
0.312379
0.312107
0.311810
0.312178
0.312324
0.312189
0.311818
0.311618
0.311934
0.312367
0.312071
0.312065
0.312256
0.312092
0.312721
0.312031
0.311812
0.312111
0.312172
0.311833
0.311790
0.311960
0.312294
0.312131
0.311912
0.312165
0.311955
0.311923
0.312418
0.311701
0.311605
0.311778
0.312050
0.312173
0.312406
0.312250
0.312367
0.312184
0.311814
0.312032
0.311814
