-0.141152
-0.134807
-0.127298
-0.123457
-0.121475
-0.117409
-0.116536
-0.114289
-0.112680
-0.108201
-0.104782
-0.101300
-0.098580
-0.097277
-0.096687
-0.095642
-0.095808
-0.088530
-0.086680
-0.083267
-0.083222
-0.081755
-0.080956
-0.080018
-0.078411
-0.082464
-0.078485
-0.079477
-0.071588
-0.071119
-0.071696
-0.066367
-0.067167
-0.067789
-0.060840
-0.060488
-0.061322
-0.058861
-0.057323
-0.055245
-0.054588
-0.053822
-0.053089
-0.051984
-0.051484
-0.051227
-0.050951
-0.053018
-0.048948
-0.043752
-0.042817
-0.041853
-0.042042
-0.041844
-0.038520
-0.041430
-0.037229
-0.037041
-0.033667
-0.031799
-0.034427
-0.033317
-0.035976
-0.034826
-0.033963
-0.032644
-0.029976
-0.029267
-0.022977
-0.025153
-0.023938
-0.022081
-0.019921
-0.025782
-0.019983
-0.020496
-0.021487
-0.019647
-0.018690
-0.021223
-0.018275
-0.016721
-0.015732
-0.021564
-0.020050
-0.014985
-0.013839
-0.017295
-0.015021
-0.016773
-0.014845
-0.009922
-0.013363
-0.008271
-0.009962
-0.009137
-0.007201
-0.007921
-0.009382
-0.006054
-0.007724
-0.005781
-0.001567
-0.001441
-0.000611
-0.007401
-0.007149
-0.004173
-0.000418
0.000412
0.003376
0.000491
-0.004938
-0.004998
0.002528
0.001789
0.005748
0.004277
0.003328
0.008128
0.001480
0.001733
0.003379
0.003637
0.007725
0.009080
0.007062
0.007290
0.009822
0.009930
0.008680
0.007735
0.011140
0.009446
0.009216
0.009458
0.013380
0.009858
0.010382
0.016153
0.013709
0.009688
0.013790
0.019681
0.011428
0.022024
0.020166
0.019322
0.014366
0.013678
0.011967
0.013186
0.015706
0.022856
0.024989
0.021985
0.026509
0.025971
0.017563
0.033169
0.023880
0.031090
0.028592
0.029625
0.024290
0.024704
0.022734
0.024859
0.027749
0.032581
0.030938
0.029537
0.025738
0.026778
0.030907
0.033721
0.030258
0.031620
0.025267
0.023554
0.031257
0.032296
0.040539
0.036923
0.031496
0.033833
0.032865
0.030142
0.036532
0.043597
0.028042
0.029574
0.033097
0.034034
0.037581
0.035491
0.040390
0.037890
0.038120
0.042066
0.028611
0.038479
0.039232
0.035945
0.041001
0.035234
0.036218
0.029746
0.040621
0.042325
0.047178
0.047697
0.041575
0.041192
0.043894
0.042399
0.041060
0.044624
0.043844
0.044482
0.042613
0.041786
0.035604
0.034628
0.039254
0.040701
0.050688
0.051057
0.050869
0.050018
0.049402
0.051811
0.049901
0.050989
0.053376
0.054087
0.050428
0.056231
0.059334
0.048631
0.047788
0.049503
0.058214
0.059772
0.057512
0.053391
0.056459
0.053871
0.058162
0.052048
0.050057
0.048661
0.050196
0.054589
0.061650
0.064103
0.057653
0.056856
0.050283
0.058032
0.059357
0.059912
0.059799
0.060788
0.065100
0.058186
0.062043
0.060983
0.060582
0.064742
0.063082
0.068049
0.056517
0.050780
0.055843
0.062138
0.058769
0.064610
0.068004
0.069147
0.071069
0.064935
0.066745
0.054566
0.050305
0.058553
0.060523
0.058365
0.058777
0.059527
0.063246
0.066957
0.070471
0.067844
0.068764
0.060071
0.064220
0.061111
0.057968
0.059301
0.067583
0.066605
0.070632
0.075369
0.069247
0.064856
0.055762
0.062514
0.052778
0.065199
0.074386
0.074445
0.070588
0.072333
0.060262
0.065758
0.070588
0.068558
0.070148
0.064845
0.078158
0.077066
0.076739
0.074502
0.076414
0.067988
0.075784
0.065128
0.067384
0.059308
0.061953
0.067694
0.068490
0.078245
0.071487
0.073336
0.081330
0.087718
0.076559
0.081122
0.086637
0.083709
0.080182
0.085500
0.079511
0.083306
0.079275
0.067806
0.072896
0.079277
0.087452
0.081877
0.079930
0.084228
0.087132
0.084462
0.083260
0.084228
0.081011
0.080255
0.089488
0.083965
0.078914
0.090049
0.078193
0.082442
0.080423
0.090652
0.086160
0.095722
0.093151
0.078340
0.093039
0.090301
0.094954
0.101739
0.097388
0.091781
0.081651
0.070515
0.085374
0.085400
0.086222
0.085834
0.087097
0.086650
0.077811
0.088778
0.091978
0.099849
0.092780
0.090155
0.089088
0.088446
0.088433
0.089109
0.095980
0.090556
0.096525
0.101374
0.090121
0.091346
0.098930
0.096887
0.100284
0.095285
0.095344
0.091535
0.091553
0.090495
0.089611
0.096314
0.092753
0.093841
0.092260
0.086304
0.084602
0.091948
0.087407
0.094584
0.090356
0.085785
0.083029
0.100675
0.092933
0.091623
0.094031
0.093411
0.089134
0.090252
0.098782
0.105376
0.093431
0.093286
0.091878
0.092377
0.095651
0.104587
0.091598
0.092843
0.091175
0.094970
0.092212
0.089862
0.084160
0.079374
0.090990
0.086091
0.088566
0.099526
0.103285
0.106404
0.095339
0.102663
0.095418
0.106429
0.099499
0.105080
0.102129
0.097210
0.097343
0.098658
0.101492
0.105668
0.095945
0.097756
0.094456
0.089093
0.093122
0.100736
0.097155
0.103033
0.090052
0.100647
0.103339
0.105296
0.091910
0.112986
0.108837
0.111377
0.101548
0.098451
0.091084
0.099465
0.106209
0.108355
0.097116
0.105229
0.106320
0.105826
0.102630
0.102958
0.099261
0.105306
0.092173
0.102919
0.093354
0.085275
0.088798
0.102211
0.110230
0.111084
0.102814
0.101768
0.094730
0.108100
0.104374
0.102213
0.101708
0.095505
0.114634
0.103305
0.109812
0.105728
0.104786
0.102389
0.110232
0.110017
0.103642
0.101795
0.106014
0.118894
0.116258
0.096904
0.103816
0.110162
0.101444
0.110698
0.110486
0.103446
0.116650
0.112549
0.105429
0.117288
0.111188
0.111689
0.118902
0.114231
0.102714
0.117417
0.114023
0.110267
0.106482
0.104372
0.117790
0.099114
0.113954
0.117508
0.119438
0.104796
0.108931
0.114228
0.113003
0.109498
0.117458
0.109286
0.113050
0.114095
0.115617
0.117881
0.109309
0.114775
0.116175
0.107702
0.110222
0.107528
0.102457
0.107274
0.105788
0.115235
0.108090
0.109788
0.110636
0.111458
0.110854
0.108665
0.112022
0.106563
0.115227
0.119586
0.115567
0.113203
0.119473
0.105851
0.117138
0.113977
0.111358
0.116785
0.124745
0.116945
0.122016
0.114710
0.116765
0.111060
0.098058
0.118319
0.114722
0.125709
0.120773
0.115582
0.103852
0.115000
0.107925
0.118160
0.130621
0.122993
0.125273
0.123458
0.120257
0.125901
0.118026
0.117006
0.119653
0.117285
0.117989
0.117929
0.112484
0.112910
0.117238
0.121755
0.125406
0.121451
0.113342
0.112777
0.115642
0.111053
0.114869
0.103421
0.112229
0.121691
0.127908
0.124689
0.118431
0.120476
0.112142
0.120304
0.126825
0.126232
0.113754
0.115278
0.121262
0.123093
0.116095
0.127847
0.126776
0.128929
0.116966
0.121227
0.130575
0.121831
0.125543
0.126979
0.129491
0.118780
0.123431
0.114980
0.097445
0.109757
0.117555
0.126861
0.111683
0.113034
0.102550
0.129849
0.126552
0.123849
0.120435
0.123869
0.108684
0.124750
0.116736
0.113997
0.126555
0.125685
0.125288
0.122993
0.123486
0.113716
0.121870
0.117481
0.110604
0.106123
0.107799
0.113870
0.130214
0.132693
0.128123
0.118253
0.124948
0.128335
0.123078
0.113344
0.115841
0.130432
0.130362
0.120800
0.112447
0.134217
0.122186
0.118021
0.119953
0.122470
0.125922
0.134162
0.123414
0.135204
0.132508
0.112077
0.131019
0.123341
0.119658
0.107897
0.127595
0.116341
0.127915
0.115026
0.117376
0.121637
0.129933
0.122265
0.127445
0.124732
0.120625
0.115329
0.130291
0.130676
0.120567
0.116421
0.118515
0.125016
0.120625
0.133664
0.129436
0.121921
0.122193
0.125457
0.128507
0.130367
0.118715
0.120735
0.115979
0.121346
0.126395
0.123108
0.129292
0.122816
0.117986
0.129755
0.132198
0.125186
0.127364
0.112833
0.119503
0.121839
0.131836
0.116915
0.113536
0.131369
0.123368
0.131100
0.130498
0.122639
0.134670
0.128950
0.137049
0.124360
0.129395
0.141465
0.133127
0.131352
0.124703
0.128678
0.117140
0.122981
0.133852
0.138482
0.137355
0.127625
0.133148
0.127788
0.138716
0.132555
0.123991
0.125391
0.123135
0.119514
0.128673
0.138033
0.116451
0.126860
0.135821
0.129030
0.136497
0.134011
0.135559
0.146907
0.122885
0.123144
0.132868
0.125992
0.139885
0.136386
0.138549
0.131783
0.126100
0.144609
0.145749
0.141112
0.137342
0.129161
0.122638
0.138489
0.135918
0.125119
0.123295
0.135301
0.118673
0.120479
0.138322
0.126162
0.124222
0.128625
0.124070
0.134720
0.137852
0.124622
0.127014
0.127818
0.121825
0.141734
0.130561
0.133522
0.130331
0.130396
0.124357
0.137626
0.139802
0.135566
0.123529
0.137591
0.141827
0.132562
0.130382
0.139247
0.124164
0.122683
0.120313
0.126081
0.125507
0.132154
0.144928
0.127141
0.133861
0.142238
0.134733
0.134712
0.125245
0.126702
0.118590
0.127777
0.133462
0.139453
0.125207
0.123860
0.117921
0.133241
0.130163
0.119187
0.120668
0.132762
0.134781
0.131550
0.139558
0.134820
0.133288
0.137903
0.141562
0.139719
0.131932
0.145607
0.142342
0.131453
0.137745
0.122376
0.137856
0.134902
0.139935
0.131099
0.136081
0.131784
0.140851
0.130367
0.132464
0.136227
0.129663
0.134934
0.125295
0.133954
0.138573
0.130615
0.135867
0.149796
0.143513
0.125351
0.117304
0.139160
0.132761
0.141826
0.121179
0.138053
0.135462
0.133208
0.139842
0.139246
0.121819
0.119875
0.116055
0.138812
0.146495
0.138219
0.142504
0.136016
0.146461
0.139405
0.138483
0.125800
0.141078
0.140509
0.149009
0.147341
0.138361
0.132259
0.138304
0.134242
0.146850
0.144904
0.150079
0.133732
0.129684
0.123539
0.142267
0.130136
0.125654
0.139658
0.134528
0.132650
0.148792
0.142170
0.146336
0.141471
0.140620
0.141575
0.140054
0.144033
0.132442
0.148411
0.140154
0.139765
0.140611
0.133582
0.137715
0.144753
0.145662
0.135120
0.131578
0.122410
0.116234
0.122180
0.140197
0.132963
0.139493
0.141219
0.155485
0.141280
0.147122
0.144447
0.149070
0.145507
0.137002
0.156280
0.138556
0.142920
0.133687
0.145554
0.153694
0.146227
0.145439
0.129609
0.152001
0.137319
0.134552
0.132234
0.127823
0.150781
0.138939
0.139082
0.144651
0.147744
0.141233
0.135287
0.136453
0.128902
0.139618
0.139024
0.143940
0.143699
0.142262
0.140539
0.138813
0.140912
0.134290
0.139404
0.140148
0.146140
0.139936
0.145771
0.148161
0.148940
0.149876
0.146413
0.154077
0.140390
0.140707
0.129481
0.150678
0.139746
0.136075
0.130948
0.146027
0.137525
0.142635
0.147395
0.137589
0.149638
0.157001
0.150013
0.161662
0.152865
0.148374
0.155113
0.146230
0.151815
0.150017
0.142490
0.140835
0.152950
0.142258
0.133191
0.128789
0.142156
0.159748
0.142965
0.138569
0.142447
0.151706
0.157919
0.156663
0.150891
0.146201
0.148366
0.146152
0.127445
0.151839
0.147866
0.134159
0.122288
0.147768
0.125964
0.119927
0.137686
0.144692
0.141755
0.153553
0.142937
0.140714
0.153444
0.147597
0.138139
0.132223
0.138772
0.141986
0.124655
0.131829
0.142365
0.147749
0.139416
0.149724
0.153943
0.151762
0.147704
0.143056
0.143776
0.142672
0.144126
0.133366
0.131055
0.147883
0.146715
0.152353
0.145348
0.150810
0.155475
0.136226
0.145700
0.160734
0.158923
0.141123
0.162452
0.135636
0.139451
0.136456
0.144158
0.140970
0.141404
0.133169
0.134139
0.141487
0.166322
0.149306
0.157101
0.127735
0.142766
0.138191
0.150356
0.154889
0.152287
0.159472
0.144810
0.149580
0.152930
0.146812
0.154327
0.156672
0.143880
0.160332
0.162028
0.149358
0.134352
0.144557
0.151442
0.153518
0.149705
0.146160
0.157400
0.160990
0.155343
0.151608
0.154843
0.154315
0.164508
0.155527
0.154602
0.155012
0.143464
0.145703
0.147292
0.116414
0.126693
0.132912
0.136895
0.153233
0.157480
0.147219
0.143589
0.145905
0.143352
0.149145
0.150377
0.149019
0.150071
0.153105
0.161728
0.141518
0.149933
0.131582
0.155653
0.151145
0.147919
0.150894
0.144556
0.145326
0.153353
0.145006
0.159850
0.161794
0.144047
0.162493
0.144068
0.147212
0.144282
0.144557
0.157924
0.139403
0.148204
0.140138
0.137279
0.158269
0.166601
0.152089
0.152789
0.152764
0.145882
0.156039
0.136859
0.139470
0.145296
0.144168
0.152548
0.152451
0.125724
0.138938
0.130944
0.119036
0.114319
0.128087
0.141387
0.141133
0.163134
0.161000
0.156423
0.134078
0.153710
0.149923
0.151749
0.149102
0.137226
0.151361
0.152326
0.155785
0.154426
0.130675
0.156936
0.146623
0.156082
0.157576
0.157002
0.154780
0.162568
0.155453
0.142629
0.141728
0.150821
0.154160
0.152210
0.152559
0.157944
0.148074
0.161756
0.159774
0.162344
0.162203
0.160067
0.158016
0.164554
0.147229
0.162221
0.158336
0.145968
0.146077
0.142501
0.156065
0.160672
0.158621
0.146152
0.150841
0.144823
0.159715
0.169351
0.164167
0.157094
0.147858
0.131637
0.149553
0.150008
0.165482
0.138255
0.144474
0.153400
0.158947
0.156271
0.157201
0.142440
0.155509
0.162718
0.146801
0.149939
0.147199
0.156445
0.157472
0.152451
0.154418
0.154201
0.146255
0.149979
0.158099
0.154964
0.157089
0.153645
0.153557
0.148264
0.140976
0.150656
0.158252
0.166249
0.160678
0.154122
0.156827
0.165729
0.164144
0.159349
0.159676
0.156309
0.147070
0.132667
0.141024
0.151746
0.149121
0.142199
0.146352
0.152534
0.159813
0.162926
0.145098
0.153674
0.157065
0.146509
0.148826
0.166467
0.152231
0.150709
0.158110
0.157702
0.157670
0.148612
0.161798
0.156799
0.159490
0.146110
0.143249
0.150584
0.148619
0.147520
0.150520
0.158027
0.156696
0.138248
0.147902
0.145497
0.165418
0.152768
0.148027
0.172278
0.153662
0.148300
0.153111
0.173228
0.153352
0.141838
0.147609
0.151731
0.149696
0.163933
0.164777
0.158577
0.151174
0.146954
0.153678
0.153020
0.159752
0.159029
0.171282
0.165379
0.171202
0.167582
0.154958
0.159506
0.142431
0.145660
0.153935
0.158614
0.163509
0.156902
0.154599
0.168600
0.169134
0.160350
0.164257
0.165345
0.159729
0.149597
0.162239
0.166478
0.162389
0.164567
0.157005
0.149595
0.146794
0.158924
0.146534
0.165989
0.162585
0.165706
0.154470
0.155628
0.154096
0.145390
0.158055
0.156082
0.159089
0.154403
0.160032
0.154531
0.159405
0.161906
0.149641
0.150027
0.164138
0.159362
0.149103
0.158891
0.135679
0.147209
0.164462
0.156320
0.162867
0.168857
0.157064
0.167502
0.160618
0.161144
0.155277
0.168091
0.162390
0.167220
0.157747
0.168896
0.161009
0.134072
0.152711
0.156301
0.165989
0.153091
0.161225
0.159258
0.162746
0.158576
0.154932
0.163973
0.162169
0.152416
0.172531
0.150233
0.136808
0.154195
0.176737
0.168034
0.166500
0.155459
0.149758
0.158825
0.159108
0.150332
0.150820
0.152357
0.159038
0.166469
0.170812
0.163284
0.167023
0.147382
0.145143
0.149986
0.152921
0.157671
0.157895
0.145131
0.154028
0.168706
0.128013
0.143458
0.160164
0.153689
0.157117
0.148403
0.158483
0.162399
0.158179
0.158066
0.150438
0.165699
0.163352
0.153801
0.164965
0.176530
0.163302
0.154439
0.161468
0.168349
0.155156
0.157479
0.161795
0.151298
0.139517
0.156129
0.155767
0.153198
0.160867
0.161937
0.150873
0.164605
0.161944
0.160859
0.162279
0.156669
0.142166
0.148607
0.159091
0.144058
0.134254
0.144199
0.163612
0.161940
0.154856
0.168793
0.167022
0.173168
0.166889
0.148231
0.153242
0.145092
0.141737
0.164339
0.174634
0.156145
0.160659
0.168027
0.166819
0.160918
0.168076
0.162224
0.165933
0.155865
0.161920
0.165238
0.165750
0.168165
0.173020
0.161899
0.173792
0.173343
0.173314
0.170885
0.177011
0.168747
0.162583
0.158988
0.158752
0.171705
0.167475
0.164017
0.128109
0.137437
0.175216
0.161021
0.162189
0.154134
0.146634
0.140199
0.149494
0.174404
0.166021
0.166837
0.169362
0.169363
0.177518
0.164198
0.164759
0.168020
0.160258
0.166677
0.154857
0.162452
0.164210
0.162217
0.173901
0.160718
0.149719
0.153972
0.150214
0.174073
0.161264
0.167017
0.168639
0.161920
0.171051
0.164096
0.168459
0.143013
0.151559
0.168109
0.169956
0.164539
0.148185
0.163976
0.167174
0.159554
0.156036
0.151172
0.159802
0.171738
0.170526
0.171903
0.178268
0.160336
0.161117
0.166888
0.155960
0.170867
0.157238
0.142215
0.147323
0.155197
0.148066
0.167733
0.152643
0.154988
0.162310
0.175140
0.167735
0.162257
0.164906
0.171268
0.156448
0.142201
0.164080
0.169433
0.170294
0.164127
0.169132
0.158312
0.171453
0.152253
0.155918
0.152526
0.170292
0.170935
0.176273
0.162529
0.162078
0.166316
0.157593
0.164163
0.164028
0.158023
0.167352
0.163060
0.126938
0.120618
0.155512
0.153689
0.158703
0.137878
0.161831
0.173347
0.159099
0.167694
0.162596
0.168349
0.163011
0.158880
0.163337
0.164612
0.165511
0.161101
0.167924
0.179486
0.167703
0.157806
0.160990
0.159318
0.181878
0.166044
0.181772
0.167430
0.176219
0.171668
0.165375
0.160765
0.167081
0.150751
0.143633
0.153839
0.159842
0.168008
0.161265
0.164786
0.169252
0.161309
0.158276
0.163397
0.165215
0.167136
0.159849
0.168547
0.152226
0.149044
0.159563
0.158973
0.152478
0.159686
0.148517
0.164109
0.158182
0.150303
0.146418
0.157735
0.156619
0.170495
0.159389
0.177590
0.173106
0.165021
0.173550
0.167137
0.168637
0.158206
0.167708
0.177713
0.162303
0.165770
0.168268
0.150075
0.130927
0.137402
0.156648
0.171392
0.151736
0.160223
0.169149
0.164324
0.180303
0.168948
0.144093
0.167282
0.168761
0.156656
0.166229
0.166918
0.172612
0.167672
0.165306
0.150229
0.161164
0.157930
0.160115
0.158763
0.170731
0.162032
0.153072
0.169429
0.159046
0.148787
0.172277
0.164475
0.167179
0.165885
0.171997
0.173119
0.151935
0.152539
0.155250
0.148686
0.166178
0.174599
0.162787
0.174764
0.157601
0.150148
0.163113
0.177255
0.151612
0.148005
0.163757
0.167279
0.163844
0.170109
0.155688
0.167245
0.143570
0.152713
0.177276
0.176009
0.172605
0.173174
0.171947
0.173274
0.151772
0.167988
0.155661
0.151007
0.150240
0.147767
0.133197
0.147312
0.152458
0.161624
0.151993
0.153691
0.142513
0.148732
0.162056
0.146259
0.146531
0.138794
0.154772
0.163581
0.160087
0.150498
0.155274
0.168669
0.166365
0.168227
0.180737
0.178715
0.169920
0.167045
0.161254
0.147461
0.148028
0.151976
0.171030
0.153774
0.156875
0.156155
0.162886
0.173968
0.147242
0.162906
0.161114
0.164043
0.175147
0.166098
0.157789
0.174583
0.166349
0.170793
0.170799
0.168483
0.177124
0.174168
0.179519
0.152721
0.160339
0.167042
0.142468
0.150761
0.150882
0.167237
0.155100
0.163845
0.169058
0.163310
0.188222
0.179510
0.151810
0.162246
0.157320
0.158495
0.169996
0.166090
0.177663
0.159335
0.151736
0.179181
0.160689
0.186027
0.174616
0.165419
0.181253
0.159017
0.151275
0.167712
0.168950
0.183215
0.173831
0.173077
0.167037
0.180838
0.180099
0.177273
0.164062
0.161007
0.164451
0.180651
0.178789
0.178662
0.178001
0.166993
0.171782
0.175125
0.167219
0.172871
0.177352
0.180571
0.138959
0.165364
0.161698
0.173810
0.175804
0.176342
0.174375
0.170425
0.170558
0.169112
0.163841
0.186710
0.178076
0.186981
0.164080
0.160726
0.157835
0.172479
0.173016
0.161415
0.161910
0.171051
0.163760
0.177931
0.162408
0.164066
0.163526
0.173813
0.176344
0.168953
0.172557
0.164629
0.165331
0.151028
0.166854
0.179189
0.172503
0.172819
0.174434
0.182812
0.187357
0.179187
0.180743
0.169737
0.180164
0.175450
0.178464
0.177380
0.173606
0.182083
0.170536
0.165648
0.183068
0.160755
0.170527
0.180457
0.173683
0.171035
0.173865
0.159397
0.165421
0.170664
0.160322
0.165092
0.157724
0.176523
0.166550
0.174844
0.174886
0.183053
0.176333
0.171913
0.163001
0.164064
0.166112
0.166562
0.170243
0.175144
0.159334
0.174101
0.169219
0.167217
0.178105
0.169125
0.162928
0.177367
0.175345
0.165580
0.161222
0.173869
0.173712
0.187968
0.171206
0.186232
0.161382
0.165553
0.175008
0.188165
0.186241
0.178665
0.163196
0.186109
0.185599
0.177768
0.163643
0.147540
0.153891
0.131363
0.133884
0.147800
0.169233
0.160326
0.160619
0.148435
0.171820
0.179273
0.153088
0.167587
0.172120
0.162187
0.165506
0.181146
0.163915
0.166255
0.170632
0.161797
0.154330
0.164394
0.182568
0.176355
0.180396
0.167257
0.185305
0.169413
0.167524
0.166576
0.190112
0.169731
0.158977
0.166435
0.174012
0.174374
0.165884
0.186223
0.171170
0.178899
0.171361
0.163399
0.171603
0.173826
0.182736
0.175911
0.163814
0.164613
0.159804
0.146985
0.167757
0.169031
0.159472
0.182172
0.163545
0.176234
0.177474
0.176162
0.168854
0.176128
0.167787
0.158571
0.176518
0.163398
0.169817
0.161138
0.167899
0.161712
0.168555
0.163454
0.150327
0.185906
0.167843
0.161326
0.164206
0.171194
0.182207
0.166128
0.179818
0.172290
0.171702
0.154253
0.155817
0.178722
0.184394
0.185538
0.165197
0.174278
0.171153
0.171018
0.175383
0.170712
0.149425
0.184764
0.181124
0.190087
0.187221
0.187100
0.176881
0.178991
0.168901
0.164892
0.175412
0.179195
0.182142
0.184507
0.182407
0.177101
0.177301
0.181567
0.177821
0.178531
0.163858
0.178602
0.159087
0.151805
0.162379
0.180233
0.179457
0.178290
0.175661
0.161538
0.144746
0.143981
0.178480
0.160688
0.174706
0.168581
0.163293
0.172433
0.165735
0.171563
0.179643
0.173535
0.184215
0.184010
0.181672
0.183099
0.178184
0.163975
0.185890
0.180797
0.178701
0.177442
0.183843
0.188546
0.180750
0.178701
0.178251
0.163317
0.172720
0.177240
0.177675
0.176221
0.155399
0.139274
0.171896
0.170558
0.167079
0.159385
0.155881
0.160494
0.179491
0.176287
0.169589
0.180998
0.175759
0.176430
0.170080
0.171747
0.177377
0.184756
0.170186
0.178192
0.187078
0.174902
0.170883
0.154676
0.166539
0.164918
0.173580
0.180051
0.180748
0.185610
0.181469
0.153117
0.173104
0.175581
0.175456
0.181184
0.180281
0.177697
0.178492
0.178786
0.173064
0.172462
0.181637
0.173219
0.185970
0.164957
0.186230
0.176429
0.161432
0.185165
0.192450
0.189144
0.176072
0.166349
0.172761
0.165916
0.163598
0.185445
0.171867
0.159718
0.168153
0.177232
0.176817
0.180172
0.168740
0.177312
0.180821
0.174806
0.150935
0.165312
0.169635
0.162255
0.182376
0.176186
0.162647
0.169248
0.158356
0.168011
0.192325
0.173693
0.171410
0.192221
0.181376
0.169866
0.152674
0.170413
0.173744
0.174683
0.180056
0.157053
0.158862
0.189116
0.182084
0.175833
0.188917
0.180978
0.185321
0.177220
0.170647
0.177604
0.162491
0.178289
0.176527
0.185842
0.189411
0.173409
0.173065
0.163379
0.180509
0.179187
0.162964
0.155804
0.171797
0.175662
0.140141
0.161681
0.188877
0.164673
0.193548
0.174304
0.162847
0.183566
0.176052
0.177401
0.167945
0.179986
0.184961
0.193339
0.180422
0.185594
0.183535
0.179918
0.161540
0.165866
0.143094
0.150238
0.167580
0.159681
0.177742
0.167623
0.176541
0.174956
0.177193
0.178133
0.170571
0.174544
0.174057
0.174042
0.175086
0.188367
0.179400
0.173875
0.174262
0.185014
0.181914
0.185159
0.172802
0.181097
0.166265
0.181122
0.180194
0.179426
0.180398
0.162827
0.181958
0.171021
0.168688
0.190615
0.178908
0.180945
0.188779
0.191140
0.155552
0.154207
0.160035
0.160776
0.168646
0.157003
0.151374
0.186662
0.165654
0.167098
0.160613
0.160037
0.180680
0.159458
0.186269
0.174199
0.171665
0.178228
0.181988
0.185444
0.188532
0.190899
0.185573
0.182334
0.180324
0.187906
0.178012
0.170075
0.167540
0.187892
0.179782
0.158576
0.161817
0.177979
0.195008
0.184851
0.175208
0.179430
0.189043
0.178800
0.161949
0.178930
0.174670
0.190702
0.182873
0.173202
0.176370
0.175271
0.184410
0.180641
0.173611
0.158797
0.166872
0.166193
0.186713
0.179608
0.158862
0.175619
0.178193
0.167393
0.168455
0.170055
0.177483
0.162670
0.176641
0.176062
0.187991
0.184557
0.175471
0.171006
0.195428
0.190927
0.186132
0.175920
0.180984
0.177980
0.176183
0.191372
0.185857
0.183907
0.175947
0.183955
0.183274
0.180863
0.164129
0.160324
0.182866
0.169062
0.173923
0.166304
0.171504
0.173944
0.184507
0.172984
0.167125
0.189361
0.178516
0.185717
0.182866
0.174459
0.171552
0.176054
0.168469
0.179955
0.168602
0.174350
0.161865
0.166110
0.182954
0.188753
0.174470
0.154715
0.185401
0.189144
0.184507
0.184019
0.186569
0.173711
0.165365
0.165101
0.185160
0.179645
0.182296
0.174393
0.189514
0.170330
0.172582
0.173994
0.181884
0.168494
0.163903
0.159235
0.162897
0.160722
0.164166
0.167336
0.178625
0.175877
0.182038
0.190422
0.188178
0.184585
0.170962
0.172961
0.169829
0.181110
0.187877
0.180636
0.182895
0.190155
0.177241
0.183333
0.184809
0.179448
0.189291
0.182498
0.184961
0.178447
0.176903
0.175335
0.186432
0.192687
0.179481
0.178234
0.185810
0.186059
0.184531
0.180273
0.168855
0.160742
0.197715
0.184141
0.178003
0.185392
0.186862
0.179136
0.170929
0.187440
0.187881
0.193607
0.184191
0.187049
0.185921
0.172279
0.175694
0.171438
0.191984
0.186710
0.188327
0.175072
0.187709
0.193568
0.177247
0.166982
0.166745
0.164838
0.185099
0.177587
0.177190
0.172442
0.180157
0.195249
0.186505
0.189843
0.185644
0.185564
0.178952
0.149949
0.157506
0.195628
0.189843
0.170778
0.176311
0.172108
0.183201
0.193761
0.186985
0.187310
0.182124
0.181829
0.179680
0.170966
0.159144
0.170727
0.191223
0.194426
0.172574
0.163222
0.178411
0.186395
0.170801
0.140832
0.154640
0.156413
0.182279
0.189327
0.169493
0.177781
0.181746
0.178549
0.181387
0.181754
0.171149
0.175929
0.180256
0.188611
0.176022
0.177547
0.190314
0.178471
0.188701
0.181015
0.178902
0.175187
0.187546
0.183955
0.172431
0.182506
0.188030
0.198228
0.187391
0.190381
0.183344
0.195737
0.190985
0.180215
0.162152
0.159743
0.174550
0.179118
0.179442
0.184369
0.175412
0.186009
0.178227
0.175382
0.184083
0.186952
0.181812
0.190617
0.182467
0.166832
0.191790
0.183876
0.195985
0.184924
0.174440
0.175204
0.189469
0.199568
0.179764
0.182195
0.185220
0.166576
0.168631
0.180555
0.195740
0.190623
0.192248
0.178784
0.180299
0.184244
0.189787
0.177815
0.185948
0.190777
0.190226
0.197248
0.179183
0.177484
0.190308
0.194889
0.181639
0.178589
0.173785
0.186983
0.174988
0.190803
0.191058
0.192601
0.192231
0.183719
0.175176
0.184190
0.185074
0.176132
0.193254
0.184126
0.179539
0.177632
0.194676
0.186518
0.199151
0.177982
0.180344
0.166319
0.182928
0.187737
0.195801
0.187004
0.182622
0.173130
0.183173
0.185627
0.191328
0.177757
0.176196
0.172271
0.191906
0.190594
0.183522
0.189914
0.200674
0.183640
0.165959
0.191770
0.165874
0.180624
0.180836
0.189226
0.180294
0.180014
0.189317
0.165992
0.185049
0.177138
0.180648
0.177117
0.190285
0.192236
0.186468
0.172792
0.190536
0.189469
0.183254
0.168325
0.183102
0.182732
0.181375
0.177649
0.168969
0.186828
0.184559
0.171637
0.195854
0.190741
0.191871
0.189247
0.174490
0.185549
0.178033
0.189068
0.184605
0.176607
0.170132
0.172635
0.157821
0.158469
0.193994
0.193244
0.196772
0.187111
0.174351
0.166066
0.174588
0.173773
0.184738
0.181730
0.179477
0.162498
0.182754
0.170786
0.178561
0.191529
0.174400
0.179894
0.186961
0.183101
0.168387
0.178314
0.181288
0.204046
0.182493
0.169671
0.166535
0.169809
0.164502
0.191731
0.195107
0.182032
0.181363
0.191336
0.174145
0.174623
0.171490
0.195136
0.193586
0.174695
0.195478
0.187680
0.185990
0.180353
0.173537
0.182877
0.178199
0.183222
0.192461
0.193634
0.174608
0.179842
0.178173
0.175620
0.167389
0.173008
0.183030
0.191458
0.171728
0.187187
0.195232
0.193631
0.199773
0.202061
0.195386
0.184438
0.197654
0.188987
0.182238
0.179299
0.204627
0.202762
0.191635
0.181966
0.188583
0.192214
0.194143
0.192426
0.194764
0.196332
0.191715
0.173359
0.178839
0.180225
0.172358
0.175537
0.177741
0.172903
0.179862
0.202341
0.181328
0.177776
0.173741
0.198560
0.181407
0.186572
0.175154
0.184532
0.187018
0.178947
0.184548
0.199633
0.188670
0.193355
0.176891
0.193870
0.164396
0.191693
0.178040
0.171717
0.164347
0.160761
0.188079
0.187288
0.182562
0.192978
0.190860
0.187461
0.187230
0.181681
0.178835
0.188256
0.183944
0.201699
0.202064
0.188784
0.179521
0.189952
0.188332
0.188557
0.189024
0.175824
0.187598
0.187880
0.173648
0.170648
0.189784
0.181159
0.190873
0.179322
0.171582
0.190114
0.195378
0.204050
0.195594
0.186179
0.191069
0.192381
0.185928
0.184074
0.191630
0.192500
0.184988
0.198717
0.185097
0.196862
0.187658
0.197027
0.174532
0.183539
0.185648
0.180910
0.190034
0.198278
0.188773
0.188653
0.183031
0.186519
0.195658
0.181818
0.184015
0.193917
0.177299
0.185967
0.195577
0.189773
0.167536
0.182692
0.198645
0.183045
0.187308
0.192525
0.183010
0.182680
0.188238
0.188723
0.197496
0.189382
0.178165
0.178345
0.175602
0.187229
0.166266
0.173260
0.189472
0.192955
0.177963
0.182502
0.164887
0.174595
0.201141
0.184862
0.190890
0.178292
0.189408
0.188687
0.196706
0.204187
0.188816
0.202647
0.195323
0.185807
0.191150
0.177083
0.172573
0.198296
0.190749
0.190294
0.185720
0.187049
0.185315
0.197423
0.198306
0.195048
0.169392
0.167863
0.152751
0.163668
0.177563
0.169801
0.165991
0.188338
0.195654
0.195012
0.195179
0.156548
0.175986
0.167714
0.176884
0.176581
0.181064
0.182425
0.189061
0.179403
0.198742
0.198186
0.186143
0.183996
0.164942
0.180290
0.192452
0.185117
0.170545
0.180436
0.189244
0.182013
0.188431
0.172205
0.183139
0.193129
0.196539
0.171908
0.184867
0.179346
0.198308
0.187329
0.197088
0.166588
0.182145
0.202770
0.194633
0.183525
0.194058
0.200839
0.191446
0.188336
0.188043
0.180976
0.171068
0.188455
0.181323
0.180763
0.185084
0.195061
0.204573
0.202986
0.205163
0.178197
0.182553
0.198432
0.199541
0.178035
0.187116
0.194568
0.199982
0.169853
0.196739
0.182496
0.193526
0.190544
0.179960
0.191211
0.172068
0.193167
0.192356
0.196045
0.200242
0.189414
0.176694
0.175866
0.165526
0.185423
0.189384
0.188933
0.183516
0.178896
0.198037
0.198472
0.186393
0.179860
0.186589
0.193138
0.190961
0.197399
0.193355
0.181988
0.184216
0.191170
0.190825
0.198037
0.181578
0.202168
0.193932
0.177039
0.200762
0.185798
0.179047
0.189262
0.197778
0.184693
0.181078
0.177865
0.174749
0.163262
0.195268
0.184655
0.203600
0.205148
0.201165
0.193146
0.168041
0.176365
0.195400
0.180849
0.187428
0.181298
0.175250
0.162733
0.182844
0.208418
0.184934
0.177022
0.198931
0.197022
0.179527
0.187978
0.189889
0.201943
0.189753
0.194349
0.202021
0.199154
0.190088
0.202137
0.190523
0.191690
0.189353
0.187792
0.174359
0.171299
0.171836
0.198524
0.208715
0.194133
0.201545
0.180988
0.177994
0.201991
0.204046
0.193712
0.198665
0.196148
0.187935
0.188745
0.196894
0.193459
0.190198
0.189147
0.179143
0.163417
0.162504
0.165782
0.179273
0.180731
0.197198
0.206438
0.186325
0.178142
0.177391
0.193150
0.199077
0.192842
0.188616
0.180428
0.191562
0.187463
0.189301
0.194045
0.186828
0.198299
0.208277
0.194447
0.187899
0.185044
0.177139
0.180236
0.156705
0.175933
0.187244
0.198893
0.179947
0.187867
0.196380
0.209296
0.189158
0.188013
0.182481
0.181703
0.185833
0.195674
0.192643
0.195838
0.178273
0.207211
0.190721
0.196767
0.194765
0.193662
0.175390
0.192571
0.169164
0.169088
0.185497
0.197252
0.194314
0.191628
0.205098
0.202313
0.191331
0.175441
0.178031
0.192396
0.187539
0.181336
0.195601
0.207646
0.199257
0.177815
0.187692
0.190465
0.176892
0.186737
0.181685
0.193982
0.172025
0.193165
0.185664
0.193057
0.177365
0.183369
0.189488
0.197783
0.195069
0.187555
0.199647
0.197507
0.175690
0.174937
0.172039
0.174668
0.193595
0.206539
0.189347
0.179354
0.192532
0.182980
0.200668
0.185230
0.191515
0.182456
0.191966
0.208270
0.188387
0.197879
0.200819
0.197376
0.204590
0.189299
0.191633
0.184842
0.190987
0.178610
0.178135
0.171264
0.195596
0.199867
0.189054
0.168577
0.189253
0.194779
0.192593
0.186362
0.186934
0.171103
0.174759
0.185584
0.186200
0.178649
0.181775
0.181791
0.163334
0.184437
0.181722
0.186376
0.187271
0.192419
0.203542
0.207359
0.194840
0.190458
0.192484
0.197841
0.188804
0.180322
0.184371
0.186006
0.201257
0.192766
0.201508
0.180557
0.167016
0.185869
0.197723
0.199737
0.197175
0.182080
0.196032
0.197312
0.172787
0.201451
0.201099
0.201409
0.198700
0.191724
0.183482
0.191497
0.186335
0.209152
0.197063
0.171281
0.189542
0.186315
0.194718
0.190575
0.195424
0.203883
0.199174
0.193237
0.201564
0.190905
0.170888
0.186030
0.207866
0.189383
0.189479
0.199162
0.195932
0.203866
0.200685
0.208399
0.192301
0.187689
0.174263
0.175675
0.176317
0.184118
0.192790
0.200831
0.193969
0.190593
0.206555
0.189869
0.193476
0.188332
0.176796
0.197121
0.187953
0.171119
0.199860
0.182077
0.183530
0.176479
0.180209
0.186041
0.200468
0.206311
0.208327
0.197534
0.191453
0.197672
0.202888
0.197283
0.191474
0.178903
0.185719
0.190371
0.174917
0.179090
0.193477
0.173687
0.202815
0.205630
0.210015
0.184046
0.183070
0.182393
0.191041
0.188461
0.171835
0.166248
0.173369
0.161308
0.189872
0.176516
0.164077
0.191351
0.188171
0.181428
0.176532
0.179619
0.208253
0.199845
0.192498
0.195258
0.201329
0.193036
0.181485
0.203123
0.194363
0.175296
0.181433
0.184388
0.186208
0.194330
0.176017
0.186299
0.170729
0.198487
0.201660
0.192597
0.203799
0.201242
0.180474
0.198168
0.188541
0.193581
0.189821
0.187250
0.178575
0.181990
0.171864
0.169922
0.194736
0.204343
0.195974
0.185150
0.192444
0.191948
0.177410
0.186828
0.204488
0.200771
0.196982
0.193933
0.201999
0.206429
0.205899
0.194135
0.205602
0.172806
0.180022
0.182537
0.185666
0.192420
0.194572
0.204882
0.207213
0.193971
0.193201
0.201790
0.198585
0.199583
0.186727
0.187031
0.183980
0.176995
0.196533
0.198776
0.171582
0.181348
0.174995
0.189551
0.192540
0.199846
0.186275
0.181367
0.171808
0.183047
0.186861
0.189336
0.193496
0.181323
0.195003
0.188817
0.186614
0.189967
0.196590
0.190638
0.197693
0.203337
0.181877
0.176708
0.190003
0.194870
0.190474
0.201735
0.178342
0.190843
0.178800
0.178871
0.193300
0.193465
0.199609
0.177483
0.170735
0.168362
0.186027
0.181857
0.187332
0.180237
0.191136
0.175498
0.193183
0.189382
0.183262
0.196099
0.189693
0.180620
0.203301
0.204188
0.205525
0.193933
0.195168
0.184006
0.193177
0.204299
0.200976
0.190580
0.197901
0.183075
0.172590
0.195201
0.185135
0.193262
0.200916
0.191107
0.178184
0.192835
0.170932
0.170302
0.186894
0.178851
0.185238
0.200379
0.204049
0.201561
0.212568
0.192358
0.184918
0.194246
0.194963
0.180862
0.182783
0.193448
0.205454
0.191978
0.186534
0.208896
0.195568
0.208399
0.206515
0.187442
0.196297
0.204529
0.197147
0.184760
0.169566
0.176099
0.203491
0.205325
0.199611
0.200240
0.180053
0.169264
0.175591
0.189733
0.192041
0.184274
0.188957
0.193143
0.171576
0.190150
0.209893
0.187943
0.195861
0.186986
0.189449
0.191561
0.192737
0.174124
0.193168
0.204179
0.182119
0.193656
0.196213
0.198783
0.163217
0.174206
0.199076
0.196511
0.197195
0.203824
0.203060
0.198761
0.198699
0.195395
0.200272
0.209630
0.204694
0.204851
0.187456
0.188326
0.180444
0.182441
0.177120
0.184479
0.188404
0.198487
0.191579
0.184346
0.194475
0.201520
0.195327
0.161616
0.168858
0.201857
0.182841
0.179048
0.174563
0.173390
0.187143
0.193444
0.206793
0.193013
0.187577
0.189905
0.185146
0.179459
0.196688
0.195513
0.199758
0.197519
0.191267
0.194287
0.185317
0.202943
0.190536
0.181584
0.204603
0.198339
0.186909
0.185739
0.191756
0.200779
0.193682
0.188479
0.202671
0.203632
0.188757
0.180639
0.193924
0.187815
0.184661
0.168258
0.199518
0.199051
0.191856
0.191306
0.208190
0.207643
0.190019
0.179137
0.181333
0.184095
0.199327
0.210404
0.200142
0.179861
0.213361
0.191963
0.195154
0.190615
0.205144
0.194024
0.193020
0.189136
0.186890
0.165120
0.180095
0.198496
0.169077
0.191236
0.189612
0.198345
0.203757
0.198547
0.184323
0.177130
0.190265
0.192448
0.194730
0.210693
0.204596
0.206534
0.205799
0.174863
0.192314
0.190974
0.198672
0.187038
0.201491
0.198002
0.193529
0.188417
0.190059
0.192178
0.194760
0.180277
0.196324
0.199645
0.181301
0.199464
0.198864
0.191654
0.177931
0.203428
0.198064
0.187853
0.163417
0.198464
0.178979
0.195426
0.196806
0.187704
0.197079
0.187913
0.196547
0.196053
0.198204
0.196650
0.182170
0.188094
0.204275
0.202133
0.194282
0.205133
0.176240
0.184163
0.207226
0.201641
0.192995
0.176865
0.183778
0.178279
0.176736
0.187635
0.211151
0.202602
0.182843
0.201775
0.199504
0.194530
0.202285
0.195235
0.180775
0.184537
0.180070
0.174705
0.181961
0.186820
0.197608
0.183842
0.182571
0.189674
0.194038
0.195815
0.190676
0.192704
0.168631
0.192135
0.175400
0.160277
0.177384
0.192186
0.176309
0.169738
0.170153
0.189571
0.197332
0.188042
0.178969
0.174793
0.186202
0.190083
0.176674
0.195064
0.181968
0.193094
0.199038
0.201704
0.209314
0.206814
0.185623
0.189307
0.159813
0.189039
0.210010
0.196940
0.201389
0.200261
0.195478
0.188849
0.185621
0.189974
0.205280
0.185998
0.204464
0.204824
0.209396
0.179576
0.201542
0.192815
0.169991
0.183397
0.194214
0.187211
0.184218
0.198558
0.204848
0.185735
0.201098
0.177035
0.200182
0.185716
0.181140
0.186486
0.181038
0.192025
0.203196
0.202130
0.190097
0.183617
0.192741
0.202293
0.195641
0.203153
0.203584
0.196084
0.199772
0.176761
0.185685
0.199423
0.179493
0.176884
0.181090
0.202928
0.205778
0.193876
0.188836
0.197278
0.199123
0.183613
0.191548
0.194156
0.192071
0.192853
0.198563
0.186962
0.187523
0.179613
0.190539
0.179533
0.203802
0.185239
0.187856
0.201678
0.202431
0.188991
0.167634
0.179577
0.196820
0.215087
0.189456
0.196368
0.181352
0.191509
0.181191
0.201220
0.184178
0.188027
0.202564
0.179325
0.200883
0.200153
0.205517
0.201212
0.181280
0.195082
0.197980
0.187625
0.194940
0.212159
0.204246
0.202922
0.190794
0.204387
0.194814
0.202131
0.191763
0.201648
0.206934
0.193261
0.194104
0.186922
0.193003
0.203244
0.183166
0.190730
0.197213
0.208661
0.182886
0.170950
0.188566
0.170330
0.195597
0.195729
0.204832
0.188636
0.183676
0.188441
0.184417
0.200538
0.196020
0.199099
0.191589
0.194091
0.200064
0.190175
0.200756
0.188860
0.177376
0.188877
0.201648
0.201033
0.203814
0.194794
0.201361
0.192462
0.193935
0.192661
0.187413
0.193284
0.195915
0.209117
0.207312
0.174808
0.193424
0.161242
0.190097
0.196637
0.193165
0.196871
0.197343
0.195572
0.186930
0.210009
0.183174
0.197196
0.206422
0.202139
0.200226
0.186959
0.212354
0.211896
0.181518
0.183995
0.194970
0.180576
0.188097
0.175232
0.177757
0.196604
0.189008
0.193521
0.178965
0.201575
0.190987
0.199158
0.203574
0.204301
0.194603
0.194368
0.204140
0.200361
0.211133
0.207606
0.194531
0.196514
0.194112
0.198700
0.192060
0.185676
0.162038
0.185240
0.205548
0.201606
0.199521
0.176988
0.200504
0.206265
0.201843
0.202727
0.195313
0.207123
0.193936
0.207486
0.199161
0.178333
0.193805
0.179594
0.202319
0.194904
0.201739
0.189050
0.202880
0.201519
0.194069
0.185165
0.182421
0.189785
0.196661
0.194608
0.173162
0.204173
0.196250
0.186472
0.194960
0.192614
0.193560
0.188734
0.216589
0.213111
0.207342
0.188360
0.195615
0.212015
0.216615
0.187284
0.171126
0.200720
0.191464
0.195614
0.182751
0.210464
0.195351
0.208670
0.198212
0.209309
0.202207
0.196668
0.200209
0.213298
0.197912
0.181139
0.205888
0.200177
0.210602
0.199521
0.210494
0.200253
0.188791
0.201702
0.195133
0.207182
0.195929
0.186447
0.211205
0.192666
0.203796
0.191100
0.173053
0.166148
0.170359
0.155074
0.189251
0.199982
0.197161
0.187984
0.196612
0.204022
0.195174
0.203552
0.201134
0.216860
0.208015
0.199718
0.196779
0.179316
0.192966
0.195132
0.207223
0.196937
0.193364
0.179382
0.193074
0.194330
0.212950
0.206111
0.184419
0.186092
0.185615
0.184342
0.191513
0.181596
0.197597
0.208232
0.164156
0.198881
0.205670
0.197152
0.199647
0.200639
0.177711
0.193649
0.211962
0.195369
0.195091
0.204734
0.202887
0.186375
0.184189
0.189073
0.204216
0.206756
0.201265
0.205370
0.195579
0.192389
0.187824
0.170219
0.180173
0.205666
0.202435
0.187520
0.184174
0.186886
0.171690
0.176861
0.203230
0.196433
0.183979
0.204535
0.202825
0.203765
0.199312
0.190039
0.206999
0.213275
0.199996
0.193938
0.203264
0.186478
0.190595
0.186245
0.196770
0.205025
0.208957
0.200433
0.206469
0.183717
0.209025
0.209414
0.208055
0.187195
0.187677
0.185095
0.190721
0.197177
0.202240
0.185045
0.182872
0.173301
0.177414
0.211076
0.206770
0.177876
0.200247
0.207154
0.201422
0.192718
0.193935
0.181336
0.178729
0.196337
0.182272
0.189823
0.203863
0.215032
0.203868
0.192789
0.185729
0.190603
0.205323
0.204495
0.192718
0.210274
0.197839
0.191431
0.199359
0.188422
0.196909
0.211740
0.214274
0.201359
0.186402
0.201297
0.198315
0.195841
0.200888
0.194823
0.200868
0.192551
0.197491
0.207258
0.214008
0.214984
0.214067
0.200312
0.209782
0.198111
0.207941
0.202722
0.198634
0.179466
0.175491
0.186599
0.206198
0.208166
0.204206
0.177046
0.212612
0.202436
0.176184
0.167078
0.181423
0.174232
0.216395
0.209404
0.207524
0.208764
0.207121
0.211738
0.206378
0.207354
0.203871
0.198233
0.203088
0.196310
0.208874
0.214905
0.205456
0.203340
0.194403
0.189263
0.187616
0.182535
0.179600
0.201772
0.193623
0.209420
0.199268
0.197525
0.190378
0.193250
0.208099
0.206357
0.207717
0.209127
0.196521
0.211974
0.196215
0.201463
0.204350
0.210788
0.195799
0.186810
0.186143
0.182834
0.203976
0.199886
0.189353
0.177064
0.208814
0.200356
0.195675
0.196656
0.201600
0.205326
0.189433
0.191878
0.198868
0.194460
0.217942
0.200189
0.210916
0.206868
0.198914
0.193589
0.182541
0.187154
0.203008
0.211134
0.206836
0.191107
0.176733
0.204719
0.206062
0.209886
0.207241
0.199716
0.201312
0.190300
0.201552
0.207309
0.206976
0.185951
0.207048
0.200737
0.206514
0.189854
0.199136
0.203492
0.207929
0.215834
0.200307
0.204437
0.207662
0.191428
0.199354
0.185030
0.181756
0.187939
0.191563
0.169007
0.165658
0.197111
0.178164
0.192094
0.190579
0.202902
0.198289
0.197837
0.187461
0.186025
0.187443
0.196403
0.197728
0.200163
0.204731
0.199419
0.201947
0.205006
0.209475
0.199147
0.191891
0.205049
0.205606
0.193116
0.211040
0.190491
0.199486
0.205482
0.209772
0.212552
0.208107
0.203951
0.188329
0.192085
0.200102
0.202049
0.200413
0.208274
0.208793
0.212702
0.202242
0.192162
0.207432
0.206677
0.189175
0.196928
0.198114
0.183178
0.188828
0.196945
0.195441
0.196659
0.214389
0.206486
0.198451
0.205902
0.205673
0.204950
0.214306
0.185602
0.205919
0.215496
0.201950
0.196488
0.207663
0.208642
0.204464
0.202409
0.202767
0.195289
0.200172
0.196885
0.203468
0.215878
0.205347
0.197648
0.193120
0.194576
0.200864
0.195318
0.196806
0.195643
0.185933
0.188438
0.186232
0.188559
0.188061
0.204631
0.189200
0.203251
0.216153
0.193306
0.187258
0.200701
0.200187
0.208036
0.208862
0.210445
0.210936
0.208102
0.204170
0.195419
0.201899
0.177117
0.204401
0.208724
0.198564
0.208325
0.194759
0.205686
0.208423
0.204691
0.210686
0.208699
0.177176
0.205793
0.205651
0.188811
0.175346
0.181345
0.190076
0.201293
0.198834
0.190012
0.197708
0.171469
0.164879
0.179962
0.170066
0.197760
0.186895
0.181985
0.171873
0.188061
0.188205
0.194716
0.190443
0.197043
0.195744
0.196339
0.205206
0.200787
0.199609
0.180374
0.195861
0.181003
0.191647
0.202441
0.214440
0.193221
0.187966
0.195843
0.199799
0.209529
0.204548
0.201904
0.195272
0.192908
0.213854
0.207989
0.190306
0.198891
0.183706
0.187671
0.192916
0.205003
0.202402
0.198512
0.196645
0.182189
0.198159
0.200094
0.195197
0.198849
0.201563
0.206341
0.195105
0.201842
0.196276
0.192099
0.197308
0.187393
0.192465
0.166582
0.170794
0.191783
0.195551
0.207987
0.196896
0.192058
0.171311
0.205840
0.193324
0.206500
0.196178
0.182592
0.196937
0.198512
0.205839
0.192124
0.180288
0.193868
0.198515
0.190043
0.200736
0.190388
0.171439
0.198245
0.204343
0.202020
0.195298
0.206613
0.207297
0.209638
0.208297
0.203258
0.206245
0.214831
0.202722
0.201484
0.214368
0.201332
0.177431
0.205031
0.210636
0.211047
0.206024
0.199394
0.203311
0.178393
0.177056
0.174983
0.183249
0.193512
0.191411
0.200254
0.193545
0.196680
0.196102
0.204197
0.197717
0.215976
0.216300
0.210494
0.192338
0.193325
0.188455
0.210975
0.194244
0.198197
0.198070
0.195863
0.213286
0.213613
0.208815
0.193757
0.199645
0.205026
0.205821
0.189487
0.201075
0.190452
0.211494
0.194650
0.205640
0.214890
0.203709
0.213071
0.214594
0.196789
0.186310
0.194627
0.198669
0.191201
0.215229
0.215234
0.190677
0.197231
0.187916
0.187831
0.197777
0.203430
0.193225
0.189409
0.187568
0.214028
0.188996
0.210053
0.204176
0.197918
0.217054
0.219675
0.193470
0.199797
0.200920
0.203410
0.206681
0.204826
0.201002
0.189268
0.197120
0.170871
0.195458
0.205400
0.190546
0.197130
0.190070
0.206216
0.207557
0.187460
0.190833
0.196382
0.199405
0.208680
0.205797
0.208280
0.210712
0.209756
0.210572
0.192863
0.208384
0.201017
0.186282
0.203448
0.186852
0.195621
0.210372
0.204851
0.209949
0.188579
0.186666
0.205309
0.209119
0.214459
0.204915
0.205147
0.212579
0.217561
0.198065
0.187610
0.204974
0.208613
0.205771
0.207933
0.202549
0.201938
0.204667
0.197091
0.188938
0.209183
0.211206
0.198215
0.199229
0.206915
0.205630
0.198242
0.196369
0.200365
0.198075
0.192988
0.205298
0.197726
0.198026
0.191498
0.202869
0.197857
0.203063
0.196218
0.183842
0.186704
0.168766
0.214904
0.190390
0.200342
0.191844
0.194226
0.182794
0.203585
0.198908
0.206976
0.207597
0.195960
0.195793
0.202615
0.201464
0.192422
0.200095
0.200704
0.192640
0.202176
0.217134
0.213055
0.196905
0.210875
0.206721
0.201505
0.183268
0.208499
0.194414
0.198259
0.192204
0.182781
0.204764
0.204850
0.200204
0.185316
0.182704
0.217963
0.210130
0.198714
0.173858
0.181051
0.201784
0.189031
0.213788
0.217026
0.212515
0.177293
0.204885
0.200649
0.176465
0.200420
0.195358
0.190109
0.197546
0.198546
0.192473
0.197463
0.185519
0.185714
0.205068
0.200236
0.197039
0.205902
0.189106
0.190380
0.197021
0.203849
0.189932
0.180234
0.206923
0.200282
0.199449
0.201698
0.212933
0.201004
0.201001
0.190486
0.203551
0.205788
0.177225
0.200642
0.165524
0.194866
0.191472
0.208164
0.201921
0.188451
0.202120
0.206468
0.195455
0.215841
0.213318
0.213354
0.203607
0.204753
0.214032
0.192179
0.195491
0.212680
0.208667
0.210201
0.198789
0.195981
0.187795
0.195791
0.212806
0.207909
0.217635
0.220826
0.218772
0.205135
0.199844
0.172725
0.209529
0.204640
0.197053
0.191061
0.199819
0.204171
0.211703
0.196989
0.188952
0.194382
0.195789
0.194339
0.195089
0.172723
0.181693
0.202974
0.213349
0.181349
0.171488
0.189270
0.191113
0.194538
0.216418
0.207409
0.208865
0.200794
0.199529
0.201257
0.198601
0.192871
0.211443
0.186002
0.195685
0.208972
0.209280
0.182793
0.164807
0.180248
0.185636
0.176479
0.172535
0.179396
0.162829
0.218030
0.215870
0.210619
0.179618
0.196792
0.196034
0.201837
0.209817
0.205369
0.196172
0.206817
0.214377
0.210219
0.210620
0.206354
0.211706
0.205838
0.211878
0.202048
0.213646
0.174468
0.170902
0.209416
0.187946
0.217846
0.192765
0.197908
0.212616
0.212025
0.207540
0.210344
0.205463
0.172618
0.203813
0.201830
0.193759
0.207086
0.194690
0.194274
0.193353
0.212298
0.208092
0.207419
0.205828
0.212721
0.198387
0.207457
0.216189
0.208914
0.184297
0.212527
0.209732
0.211879
0.209319
0.202859
0.213249
0.195143
0.207332
0.204245
0.197497
0.201818
0.210921
0.209916
0.204081
0.213492
0.209725
0.215527
0.205024
0.202757
0.179321
0.208998
0.207012
0.200182
0.203794
0.178171
0.178432
0.201161
0.202430
0.203908
0.212101
0.203538
0.186986
0.198623
0.198415
0.215346
0.210366
0.205939
0.208725
0.191360
0.187184
0.187135
0.199232
0.193796
0.197135
0.210400
0.212192
0.203611
0.213301
0.209913
0.204474
0.194200
0.200217
0.201228
0.182765
0.193914
0.195784
0.191661
0.209112
0.207764
0.211034
0.215142
0.202226
0.194547
0.191110
0.190891
0.188374
0.195354
0.207107
0.210073
0.188383
0.202279
0.197702
0.203334
0.212537
0.195458
0.198601
0.204818
0.184565
0.206584
0.186377
0.176123
0.202524
0.182207
0.209420
0.211233
0.192488
0.192860
0.200872
0.197915
0.209166
0.213089
0.190325
0.194988
0.198194
0.203491
0.186619
0.206769
0.209315
0.217786
0.208900
0.190446
0.190060
0.206345
0.204582
0.200603
0.204563
0.211080
0.219781
0.216006
0.193213
0.208573
0.193663
0.191272
0.180790
0.169998
0.210201
0.213225
0.199061
0.195359
0.202603
0.197493
0.185112
0.211372
0.191277
0.175428
0.202147
0.209448
0.204139
0.198860
0.201366
0.209535
0.215444
0.218245
0.200412
0.221862
0.212436
0.215400
0.208170
0.194310
0.208268
0.188785
0.202578
0.207907
0.179894
0.204317
0.209715
0.204995
0.190249
0.206295
0.203281
0.197678
0.208612
0.202398
0.185077
0.166426
0.200105
0.183426
0.197083
0.201155
0.214816
0.210138
0.198009
0.212016
0.213409
0.210230
0.211980
0.213729
0.212847
0.207859
0.198364
0.178968
0.191523
0.205292
0.201883
0.195730
0.222029
0.209495
0.202041
0.205292
0.200511
0.197706
0.185504
0.178039
0.191320
0.206605
0.199880
0.194933
0.207292
0.207001
0.208359
0.214375
0.215542
0.196538
0.206553
0.188858
0.190354
0.204249
0.205124
0.205432
0.214190
0.208810
0.203607
0.198422
0.204035
0.207380
0.215753
0.206633
0.213396
0.216805
0.196147
0.207380
0.203917
0.192123
0.208584
0.200524
0.200030
0.210927
0.201960
0.200733
0.196765
0.177195
0.187383
0.208743
0.200421
0.198323
0.209035
0.204694
0.198760
0.173833
0.192365
0.213267
0.209965
0.191264
0.197632
0.215274
0.208008
0.204871
0.188490
0.188460
0.192405
0.168167
0.192101
0.202030
0.213698
0.188338
0.198625
0.205322
0.214151
0.191186
0.183616
0.174696
0.175072
0.209657
0.204581
0.188767
0.182513
0.186861
0.183650
0.210279
0.201293
0.194942
0.172767
0.212878
0.194027
0.210208
0.207421
0.210526
0.209752
0.208251
0.196712
0.177565
0.178286
0.206814
0.210420
0.210561
0.191302
0.192582
0.179423
0.190868
0.195243
0.196321
0.187466
0.211520
0.187464
0.208026
0.199485
0.191669
0.202074
0.208686
0.193953
0.189778
0.188889
0.206194
0.199976
0.202951
0.200083
0.215535
0.202203
0.176312
0.174390
0.193542
0.209598
0.221799
0.214410
0.203646
0.205195
0.202574
0.211747
0.195655
0.200505
0.211145
0.202588
0.179789
0.202444
0.206092
0.201859
0.204134
0.192601
0.209071
0.217152
0.206335
0.207372
0.213347
0.207326
0.195296
0.188550
0.193318
0.194386
0.194647
0.214500
0.193800
0.198726
0.207632
0.213666
0.216413
0.210612
0.205204
0.201719
0.212887
0.202605
0.215500
0.208992
0.208088
0.202490
0.213172
0.216326
0.211770
0.203117
0.187754
0.184343
0.207720
0.197815
0.192966
0.180237
0.208444
0.212973
0.200051
0.201569
0.200931
0.218049
0.222608
0.199908
0.210154
0.218779
0.215087
0.207127
0.203281
0.197571
0.181313
0.203121
0.193171
0.198738
0.185763
0.204420
0.209342
0.200209
0.206634
0.188044
0.196466
0.208121
0.194698
0.185625
0.211382
0.202293
0.213762
0.207925
0.211813
0.206488
0.190616
0.194986
0.218451
0.223097
0.217391
0.196209
0.217724
0.204120
0.207163
0.185614
0.223086
0.208847
0.215378
0.215328
0.220374
0.201350
0.185808
0.194844
0.206457
0.201736
0.189407
0.217473
0.212625
0.185292
0.196299
0.197732
0.204741
0.198034
0.186385
0.181798
0.186236
0.183770
0.208658
0.217907
0.194713
0.208999
0.205564
0.209036
0.204284
0.200918
0.203722
0.207984
0.205535
0.201053
0.191151
0.210681
0.212075
0.213645
0.215615
0.208200
0.202355
0.194359
0.192529
0.208273
0.215182
0.221270
0.215734
0.213813
0.207943
0.212171
0.208986
0.211956
0.218282
0.209296
0.217828
0.206309
0.209555
0.189122
0.191438
0.203052
0.203202
0.206526
0.201096
0.186990
0.209812
0.213240
0.203974
0.202942
0.220063
0.211637
0.201164
0.206150
0.204740
0.205076
0.197637
0.217450
0.196577
0.192183
0.208929
0.198721
0.212234
0.211646
0.212796
0.207067
0.193243
0.204610
0.182534
0.193091
0.211233
0.214751
0.203115
0.181101
0.198776
0.194673
0.189244
0.199588
0.199802
0.218770
0.223414
0.213526
0.196482
0.184663
0.203240
0.201346
0.187443
0.185776
0.219620
0.209597
0.219422
0.212529
0.199408
0.196906
0.184503
0.218860
0.212466
0.211778
0.204765
0.217689
0.220782
0.201052
0.206012
0.188530
0.214693
0.182604
0.199446
0.206485
0.208124
0.181446
0.196580
0.208097
0.201839
0.194402
0.208853
0.190588
0.211066
0.199581
0.188150
0.193229
0.181302
0.202384
0.176871
0.187883
0.176617
0.199928
0.196800
0.204989
0.217510
0.215396
0.205782
0.207500
0.210291
0.211771
0.214973
0.212382
0.216474
0.203276
0.182692
0.195281
0.185156
0.210909
0.205033
0.205654
0.211593
0.221012
0.211712
0.216789
0.218991
0.210885
0.211021
0.217789
0.217805
0.195104
0.202236
0.217737
0.210557
0.205923
0.211756
0.197234
0.217016
0.186127
0.191232
0.218602
0.202645
0.202516
0.206971
0.220759
0.215182
0.205613
0.204941
0.203936
0.201000
0.203989
0.184570
0.207399
0.221619
0.213117
0.206623
0.215531
0.207524
0.208699
0.198696
0.205663
0.200705
0.205159
0.206784
0.192752
0.174792
0.186030
0.190684
0.182173
0.187462
0.216613
0.209099
0.209639
0.210916
0.205701
0.220310
0.190513
0.203261
0.189086
0.200857
0.205127
0.208351
0.203453
0.189496
0.186835
0.192452
0.197182
0.211177
0.204549
0.199294
0.214740
0.208869
0.197539
0.203063
0.215745
0.201692
0.215572
0.216683
0.205785
0.218526
0.217373
0.214932
0.196345
0.195784
0.194299
0.182230
0.177606
0.182170
0.187693
0.185119
0.177249
0.182025
0.183771
0.196237
0.193065
0.212485
0.211052
0.213291
0.177335
0.182574
0.191702
0.192246
0.198478
0.198246
0.211089
0.219657
0.214097
0.209796
0.199669
0.206914
0.215738
0.197536
0.203765
0.197735
0.210265
0.206637
0.192815
0.204131
0.202471
0.195981
0.199477
0.205261
0.213136
0.186417
0.179805
0.191857
0.199656
0.210034
0.198765
0.205441
0.216122
0.204656
0.209381
0.217685
0.207236
0.205408
0.205964
0.205841
0.206181
0.210287
0.218430
0.216056
0.211241
0.207274
0.214923
0.218112
0.214136
0.196270
0.183685
0.186506
0.194170
0.198882
0.199000
0.217194
0.206926
0.214630
0.199910
0.211238
0.210273
0.182144
0.192115
0.206774
0.192776
0.202036
0.179089
0.171147
0.214206
0.185178
0.194831
0.201679
0.201994
0.214288
0.208717
0.191030
0.210757
0.210091
0.210819
0.214887
0.202572
0.196880
0.203481
0.196645
0.205994
0.207919
0.199577
0.185779
0.181152
0.192456
0.215691
0.219207
0.201683
0.208868
0.206651
0.198422
0.188496
0.208105
0.218703
0.208891
0.208202
0.215712
0.196958
0.189816
0.208263
0.199813
0.186723
0.186775
0.207059
0.202267
0.205720
0.202392
0.194813
0.199400
0.197018
0.206661
0.200965
0.193663
0.207746
0.203272
0.204208
0.207205
0.219183
0.219785
0.184673
0.201280
0.204308
0.196033
0.192680
0.193914
0.221019
0.201531
0.192555
0.184718
0.210840
0.196937
0.203672
0.191444
0.203115
0.212125
0.213143
0.195470
0.192752
0.219169
0.199190
0.214054
0.212581
0.212555
0.194707
0.205630
0.212328
0.211402
0.189552
0.192573
0.209097
0.217042
0.201587
0.221640
0.216008
0.201507
0.202033
0.196545
0.218968
0.210645
0.211393
0.201044
0.204316
0.196830
0.196149
0.206893
0.207769
0.223552
0.214415
0.206275
0.205466
0.222178
0.214993
0.200520
0.210099
0.204164
0.203948
0.209163
0.201281
0.184242
0.193471
0.198490
0.188236
0.196374
0.213261
0.200434
0.205407
0.181244
0.171660
0.211662
0.207967
0.204713
0.210810
0.224750
0.217681
0.213769
0.202946
0.191250
0.202900
0.213789
0.207891
0.204290
0.211677
0.210676
0.199011
0.222258
0.222233
0.208877
0.205162
0.197572
0.176130
0.216911
0.215513
0.219872
0.221973
0.208494
0.211649
0.218255
0.208423
0.208055
0.208456
0.217972
0.200640
0.218830
0.207589
0.210561
0.213065
0.194914
0.201043
0.219637
0.221673
0.203059
0.198835
0.200502
0.197321
0.203667
0.208825
0.187097
0.186547
0.199878
0.199574
0.196219
0.198337
0.213112
0.206137
0.208572
0.208398
0.211553
0.213895
0.191692
0.197822
0.188234
0.198951
0.206424
0.203106
0.199651
0.215651
0.220952
0.194960
0.219887
0.209709
0.205848
0.211409
0.206128
0.194081
0.190971
0.207369
0.211572
0.192001
0.180047
0.202012
0.201434
0.217292
0.204409
0.197486
0.209948
0.208503
0.203715
0.212993
0.204764
0.206066
0.192831
0.187804
0.196517
0.211971
0.189033
0.190179
0.202414
0.203339
0.206034
0.197567
0.200224
0.193168
0.206056
0.196904
0.206657
0.188636
0.215563
0.209267
0.212072
0.195951
0.185846
0.196511
0.198007
0.200177
0.203260
0.195813
0.191153
0.205252
0.215560
0.201972
0.205333
0.210314
0.199623
0.200973
0.190858
0.182776
0.202989
0.206081
0.207354
0.209001
0.208746
0.208209
0.198093
0.205683
0.200298
0.216269
0.195301
0.205815
0.199901
0.199877
0.215109
0.203171
0.202194
0.217972
0.201074
0.190760
0.208463
0.209485
0.210272
0.212329
0.214629
0.211887
0.221442
0.212766
0.201909
0.220862
0.209175
0.213960
0.199111
0.206363
0.207304
0.190575
0.184832
0.200574
0.177594
0.184348
0.189245
0.214251
0.213326
0.210586
0.212773
0.215123
0.210262
0.212747
0.198112
0.181445
0.195816
0.198811
0.186579
0.211176
0.206412
0.187633
0.201068
0.184444
0.196016
0.197972
0.210140
0.218941
0.204620
0.185370
0.186602
0.193984
0.210112
0.203278
0.211406
0.215112
0.202093
0.186793
0.184618
0.192263
0.181593
0.217641
0.188845
0.196155
0.220703
0.212021
0.195250
0.218207
0.214947
0.211040
0.206157
0.201269
0.208892
0.202082
0.196119
0.185233
0.187298
0.203358
0.202259
0.214292
0.197571
0.191646
0.202643
0.195422
0.203140
0.206587
0.203018
0.205497
0.208123
0.203074
0.201500
0.206759
0.204927
0.207456
0.196315
0.208708
0.207048
0.187556
0.207253
0.199192
0.191761
0.191140
0.218528
0.221485
0.206338
0.198104
0.212702
0.213893
0.214161
0.195022
0.192989
0.202848
0.199419
0.208454
0.207668
0.191883
0.215553
0.206686
0.200599
0.218917
0.214632
0.203140
0.224807
0.217062
0.222575
0.213919
0.214913
0.201427
0.196969
0.212848
0.212972
0.216094
0.215643
0.214666
0.202128
0.209704
0.204525
0.202541
0.201470
0.211759
0.204920
0.204461
0.194788
0.194262
0.203473
0.208393
0.166367
0.182218
0.214541
0.212482
0.205936
0.221199
0.212644
0.210006
0.217373
0.217696
0.208895
0.220240
0.198080
0.206751
0.210674
0.195176
0.212414
0.202772
0.215854
0.209205
0.215479
0.213673
0.209397
0.203776
0.207562
0.206963
0.218128
0.194878
0.202552
0.200882
0.180940
0.181155
0.190439
0.188774
0.180275
0.186951
0.200364
0.217185
0.210321
0.183832
0.188552
0.211738
0.208963
0.211158
0.212916
0.217846
0.218932
0.220406
0.217563
0.195921
0.206372
0.206086
0.218470
0.222567
0.200003
0.206451
0.202416
0.178495
0.171541
0.183959
0.175683
0.187234
0.185606
0.212929
0.213371
0.206837
0.219272
0.205379
0.203866
0.216397
0.210975
0.211292
0.192521
0.203426
0.202143
0.207544
0.202783
0.215898
0.222170
0.223528
0.188548
0.205766
0.191437
0.196439
0.212907
0.225702
0.208983
0.206966
0.211226
0.215350
0.205064
0.199940
0.219968
0.219440
0.202263
0.202432
0.199515
0.202741
0.194796
0.209069
0.201420
0.223819
0.210196
0.210795
0.201919
0.205693
0.199978
0.200359
0.197381
0.196056
0.204537
0.198763
0.199458
0.215572
0.199162
0.205551
0.204363
0.194769
0.206841
0.201080
0.197520
0.193101
0.202580
0.202387
0.221316
0.207954
0.216603
0.219675
0.217845
0.194495
0.178358
0.186727
0.209071
0.204276
0.209292
0.205184
0.215968
0.209943
0.221114
0.218601
0.204686
0.212592
0.206468
0.217795
0.214569
0.208564
0.211178
0.200897
0.196967
0.209559
0.199051
0.193261
0.211868
0.224369
0.205264
0.203763
0.214377
0.208263
0.191352
0.189302
0.196240
0.212739
0.200164
0.211886
0.204362
0.215945
0.206985
0.213235
0.205857
0.189987
0.206341
0.211589
0.197500
0.193884
0.179941
0.206210
0.194584
0.188061
0.209288
0.193643
0.214822
0.208344
0.188138
0.191035
0.199895
0.218132
0.199516
0.193684
0.190711
0.194748
0.200385
0.206959
0.191271
0.205749
0.203604
0.208965
0.222867
0.201121
0.213690
0.203724
0.218376
0.211867
0.211075
0.199047
0.201170
0.203900
0.193924
0.206753
0.204308
0.201783
0.223076
0.203342
0.216485
0.215325
0.205573
0.207586
0.213659
0.219176
0.190150
0.187964
0.190898
0.207385
0.187328
0.213656
0.197784
0.200275
0.216293
0.205386
0.199292
0.207233
0.217927
0.183867
0.190858
0.207917
0.197796
0.184729
0.210663
0.208955
0.200641
0.172221
0.194136
0.210512
0.222257
0.202139
0.200978
0.203232
0.194633
0.195460
0.215705
0.212155
0.211818
0.174156
0.198928
0.185408
0.207983
0.193742
0.219834
0.205906
0.203004
0.194766
0.209300
0.199343
0.205790
0.194862
0.207326
0.163459
0.208356
0.190004
0.214294
0.212446
0.200950
0.196382
0.213885
0.207647
0.205832
0.206749
0.201424
0.201278
0.196042
0.202695
0.205015
0.207012
0.212355
0.201102
0.203419
0.213667
0.204320
0.189795
0.197740
0.208924
0.210656
0.199198
0.196187
0.216321
0.217381
0.202947
0.215754
0.221488
0.215394
0.216900
0.186897
0.197513
0.206497
0.210357
0.217033
0.215123
0.217853
0.201446
0.198265
0.203263
0.197336
0.208731
0.214872
0.210090
0.213289
0.220338
0.205888
0.214304
0.215244
0.216966
0.211080
0.205789
0.208189
0.214188
0.183008
0.191710
0.198375
0.215271
0.214733
0.213659
0.196775
0.223588
0.223671
0.216663
0.193563
0.195656
0.199288
0.199917
0.197480
0.203915
0.204963
0.217576
0.201861
0.216092
0.179620
0.191736
0.194210
0.217098
0.223026
0.218222
0.218344
0.193788
0.193271
0.219706
0.212439
0.203198
0.195782
0.218173
0.205396
0.214178
0.216454
0.207941
0.209698
0.204880
0.214180
0.218184
0.195268
0.187319
0.202929
0.197915
0.175936
0.207108
0.204431
0.216942
0.221274
0.196604
0.181172
0.215359
0.215381
0.218203
0.178445
0.205481
0.217886
0.199317
0.202436
0.193398
0.208527
0.219796
0.206984
0.221729
0.224466
0.207655
0.199803
0.200779
0.200164
0.191262
0.197122
0.218996
0.211959
0.204508
0.205424
0.219754
0.190754
0.220097
0.194906
0.200399
0.210595
0.204556
0.198003
0.206593
0.190546
0.207154
0.192655
0.204545
0.186328
0.179756
0.205004
0.199973
0.213745
0.200186
0.203180
0.212493
0.209299
0.193606
0.208262
0.225645
0.212492
0.209879
0.196760
0.195071
0.211688
0.213485
0.190483
0.217349
0.205414
0.191584
0.194525
0.174958
0.198224
0.200300
0.195166
0.197674
0.196871
0.182115
0.196354
0.212174
0.183777
0.188650
0.192132
0.221458
0.200660
0.216770
0.213163
0.208250
0.222500
0.212032
0.219055
0.213218
0.202684
0.203575
0.192476
0.198950
0.218626
0.209621
0.203346
0.217181
0.197507
0.198885
0.197871
0.199265
0.212864
0.213023
0.200123
0.199300
0.185600
0.205328
0.208944
0.206675
0.213305
0.198877
0.208864
0.186756
0.188453
0.219978
0.209399
0.204570
0.216651
0.214413
0.210282
0.214500
0.222259
0.213439
0.202758
0.209008
0.208577
0.202999
0.221051
0.221151
0.208400
0.207834
0.202097
0.200337
0.199455
0.220103
0.201728
0.214189
0.220129
0.211710
0.212954
0.217037
0.218583
0.212674
0.206486
0.212598
0.216033
0.204946
0.214004
0.206057
0.219519
0.210952
0.223145
0.182838
0.211121
0.211770
0.200601
0.224773
0.219119
0.218454
0.204927
0.215222
0.210312
0.223353
0.220615
0.216994
0.187793
0.179293
0.180296
0.188179
0.193488
0.213451
0.192147
0.213920
0.215759
0.204213
0.213270
0.207737
0.217345
0.206504
0.202424
0.211684
0.211403
0.212536
0.222921
0.215961
0.202836
0.205996
0.206420
0.179082
0.208171
0.218057
0.217433
0.214635
0.190421
0.213578
0.220043
0.214255
0.203200
0.211699
0.197279
0.180983
0.188393
0.194867
0.205589
0.206366
0.206003
0.211366
0.211353
0.211582
0.221200
0.214936
0.219106
0.222373
0.224151
0.195610
0.208063
0.219595
0.198405
0.210997
0.194576
0.220188
0.216780
0.197726
0.209423
0.201421
0.202389
0.214269
0.224859
0.214187
0.207236
0.217344
0.202419
0.214912
0.210557
0.224631
0.211163
0.191148
0.207672
0.213906
0.217201
0.213112
0.221798
0.202462
0.201770
0.204358
0.204208
0.190146
0.211939
0.205585
0.210958
0.196110
0.183474
0.189023
0.207385
0.204002
0.219688
0.221241
0.204652
0.205271
0.214871
0.223428
0.209913
0.207600
0.215218
0.176511
0.204248
0.218018
0.215064
0.214137
0.205188
0.211653
0.200733
0.212933
0.212778
0.200234
0.214534
0.206737
0.203017
0.211633
0.212717
0.193337
0.195178
0.213675
0.214817
0.208977
0.210842
0.224983
0.212964
0.207266
0.210563
0.189230
0.205710
0.208424
0.214000
0.196849
0.205858
0.209241
0.201122
0.222378
0.221622
0.212808
0.195968
0.192633
0.201542
0.212420
0.198011
0.213926
0.218467
0.220165
0.217215
0.211430
0.195997
0.201392
0.196251
0.197315
0.214803
0.215330
0.216593
0.186040
0.202615
0.223379
0.201629
0.202868
0.196899
0.209073
0.221390
0.222403
0.223460
0.208590
0.201162
0.200011
0.199970
0.216495
0.214253
0.201128
0.193609
0.213218
0.213230
0.211735
0.217291
0.214318
0.189469
0.176494
0.183501
0.170311
0.200504
0.190696
0.215165
0.223113
0.214772
0.211992
0.212715
0.206697
0.212152
0.201273
0.205664
0.219243
0.203007
0.201485
0.209312
0.210593
0.221212
0.214934
0.207920
0.219358
0.221652
0.208474
0.197003
0.220710
0.224387
0.220357
0.203562
0.213320
0.220058
0.203782
0.217034
0.188546
0.199248
0.216876
0.193257
0.199351
0.206847
0.179885
0.207269
0.212938
0.227950
0.203417
0.228429
0.212669
0.219735
0.208011
0.208602
0.203000
0.206214
0.206166
0.206055
0.219124
0.224915
0.200885
0.185229
0.197524
0.187136
0.204018
0.211603
0.193092
0.173355
0.194730
0.195791
0.188199
0.221785
0.217735
0.228562
0.217221
0.219993
0.222573
0.213163
0.216950
0.197590
0.225040
0.201341
0.199218
0.215151
0.206241
0.204515
0.194836
0.211505
0.214511
0.213397
0.187250
0.213150
0.198096
0.213216
0.204514
0.215629
0.202981
0.205040
0.210581
0.210720
0.217404
0.213272
0.207470
0.194872
0.219670
0.197590
0.225314
0.222500
0.217410
0.208421
0.205375
0.203491
0.217521
0.207250
0.216143
0.201211
0.202489
0.206812
0.195921
0.219108
0.224026
0.217851
0.206792
0.214554
0.191430
0.207058
0.203332
0.217381
0.213392
0.211448
0.224123
0.226931
0.211845
0.199181
0.213915
0.219422
0.214558
0.207180
0.214945
0.216441
0.228200
0.209669
0.213675
0.216011
0.213591
0.209507
0.206275
0.189766
0.214226
0.212555
0.215834
0.193938
0.202570
0.203012
0.199451
0.214490
0.212546
0.223470
0.222438
0.223427
0.207762
0.199782
0.210652
0.215456
0.220994
0.219342
0.225732
0.213627
0.201923
0.212084
0.211915
0.211493
0.185278
0.210410
0.218985
0.206498
0.219119
0.201100
0.219525
0.204972
0.202671
0.199227
0.224240
0.196434
0.209690
0.213419
0.215737
0.220426
0.201527
0.203141
0.195134
0.188153
0.209774
0.220143
0.223502
0.197650
0.181257
0.205068
0.194987
0.222822
0.204088
0.206157
0.203600
0.217236
0.210936
0.210719
0.219873
0.209194
0.213467
0.209522
0.195191
0.207610
0.213076
0.205978
0.216423
0.214056
0.211428
0.202712
0.220162
0.207185
0.210105
0.205500
0.221707
0.219449
0.219741
0.206812
0.220245
0.220938
0.217750
0.212846
0.207683
0.211475
0.202451
0.218218
0.187331
0.229002
0.214325
0.207082
0.214416
0.197609
0.210229
0.209327
0.193118
0.198955
0.213699
0.210294
0.198845
0.217890
0.226884
0.222160
0.216819
0.214548
0.197282
0.178565
0.210734
0.194549
0.193987
0.182707
0.213740
0.213714
0.210291
0.203377
0.186054
0.193596
0.174460
0.196476
0.201847
0.211374
0.208654
0.200627
0.199193
0.212129
0.205473
0.197725
0.194153
0.188484
0.213162
0.220306
0.224809
0.216339
0.216177
0.207996
0.219056
0.206772
0.209745
0.195294
0.221035
0.213577
0.212989
0.203722
0.189134
0.203545
0.206930
0.201514
0.190155
0.198484
0.177118
0.219217
0.205295
0.207362
0.223122
0.211134
0.212915
0.203141
0.205254
0.189002
0.193405
0.193134
0.209183
0.188946
0.194351
0.194931
0.202905
0.203523
0.209573
0.182074
0.216095
0.218477
0.213345
0.218863
0.217242
0.220934
0.216447
0.216674
0.219793
0.218921
0.217395
0.213401
0.192503
0.207472
0.227759
0.197371
0.203056
0.191165
0.200508
0.188254
0.208898
0.194996
0.184155
0.207665
0.202562
0.222563
0.210864
0.203682
0.204447
0.207211
0.212401
0.189975
0.220408
0.208677
0.184814
0.196458
0.207146
0.212624
0.217549
0.206846
0.207274
0.222431
0.229274
0.222580
0.222059
0.214581
0.215870
0.206471
0.212516
0.199457
0.206393
0.225219
0.201297
0.195803
0.197430
0.208202
0.197162
0.208483
0.207872
0.201029
0.218499
0.194355
0.203431
0.191105
0.189201
0.203929
0.216217
0.204746
0.207702
0.197690
0.197330
0.221957
0.218166
0.220769
0.216048
0.205208
0.213793
0.218095
0.198111
0.197020
0.220974
0.213782
0.222847
0.208329
0.205491
0.201510
0.209707
0.174758
0.220456
0.193377
0.191817
0.217828
0.215546
0.219040
0.209831
0.209713
0.215634
0.213304
0.205376
0.222893
0.218786
0.212055
0.203368
0.211920
0.217758
0.193193
0.210371
0.200012
0.211017
0.214439
0.223054
0.212380
0.205538
0.195990
0.208662
0.189710
0.192965
0.180918
0.191231
0.175770
0.193388
0.206769
0.219020
0.218366
0.216371
0.190016
0.197610
0.212848
0.223539
0.208884
0.222432
0.213801
0.210335
0.215122
0.220069
0.224377
0.221356
0.211703
0.198963
0.210653
0.204838
0.225206
0.203521
0.216491
0.217492
0.215340
0.197128
0.190838
0.206900
0.223536
0.214695
0.196358
0.205904
0.206348
0.209086
0.208889
0.212743
0.207070
0.200622
0.208246
0.218675
0.217786
0.213826
0.219642
0.203404
0.208966
0.214546
0.206021
0.208633
0.202788
0.213726
0.202044
0.197119
0.209497
0.218085
0.201173
0.199760
0.194720
0.186188
0.182319
0.215649
0.226077
0.221050
0.199564
0.220462
0.189342
0.209904
0.197320
0.206029
0.181741
0.226989
0.220300
0.219065
0.191934
0.202914
0.201330
0.209004
0.180971
0.206776
0.207462
0.195741
0.208255
0.197599
0.207033
0.188956
0.204399
0.214920
0.201562
0.200857
0.214159
0.226453
0.203193
0.222179
0.221155
0.200506
0.199298
0.213076
0.217181
0.193526
0.214411
0.197589
0.219048
0.214736
0.210579
0.216901
0.192843
0.206356
0.194584
0.188204
0.178813
0.181307
0.199279
0.216105
0.210054
0.197914
0.199069
0.196890
0.217819
0.199285
0.221370
0.199442
0.205445
0.208514
0.212039
0.219644
0.207040
0.203045
0.207915
0.209832
0.217795
0.210676
0.203128
0.216690
0.208992
0.218756
0.221095
0.220368
0.222738
0.187771
0.186024
0.212880
0.216796
0.216444
0.202851
0.198633
0.216244
0.220221
0.224842
0.207986
0.204380
0.208998
0.213574
0.214939
0.216183
0.212003
0.219261
0.205347
0.216715
0.223401
0.220083
0.201805
0.217433
0.222403
0.213815
0.220381
0.204841
0.212937
0.203921
0.210062
0.218080
0.214144
0.208397
0.212275
0.212528
0.220207
0.217545
0.206962
0.211840
0.204844
0.206525
0.218040
0.220932
0.210778
0.203041
0.195543
0.204947
0.211263
0.207788
0.202424
0.206244
0.230060
0.223496
0.214757
0.215524
0.203302
0.221896
0.202082
0.216247
0.197543
0.192468
0.179225
0.190513
0.196959
0.198824
0.212883
0.210983
0.189972
0.205766
0.195763
0.191481
0.220611
0.222330
0.209828
0.225410
0.208921
0.199407
0.194529
0.202383
0.221443
0.223432
0.210404
0.220173
0.203089
0.212798
0.217459
0.218375
0.211596
0.192093
0.213861
0.215583
0.214243
0.207563
0.203741
0.221776
0.208833
0.207282
0.193443
0.221967
0.225297
0.203583
0.218943
0.189969
0.189568
0.193311
0.210076
0.205803
0.220414
0.198732
0.187143
0.212272
0.199037
0.215558
0.199102
0.217331
0.215276
0.205064
0.202687
0.216605
0.219091
0.217492
0.221140
0.190877
0.205196
0.202829
0.212612
0.220944
0.211938
0.225399
0.210763
0.211936
0.220967
0.204781
0.223396
0.222466
0.204262
0.220373
0.209457
0.209105
0.204693
0.177947
0.205577
0.214481
0.219726
0.212112
0.230323
0.213514
0.214753
0.202663
0.215078
0.212100
0.211069
0.205305
0.200596
0.198849
0.223984
0.184936
0.194622
0.218562
0.211891
0.211579
0.225893
0.225767
0.215003
0.202386
0.204007
0.215477
0.223966
0.220975
0.229291
0.214472
0.205567
0.204700
0.207204
0.209380
0.218840
0.218419
0.202476
0.220795
0.219237
0.224898
0.217183
0.205141
0.215851
0.206992
0.230401
0.218039
0.221662
0.228324
0.205029
0.218298
0.203367
0.200794
0.220853
0.224492
0.216235
0.212642
0.221537
0.221257
0.221605
0.210584
0.213145
0.215436
0.218903
0.209366
0.207229
0.210322
0.203186
0.201794
0.215051
0.208213
0.184450
0.200928
0.200868
0.200079
0.210257
0.215296
0.213076
0.222943
0.229447
0.224022
0.214414
0.207759
0.204614
0.205046
0.217189
0.225113
0.204230
0.210612
0.219370
0.219968
0.217334
0.209442
0.205692
0.218973
0.225069
0.207501
0.202062
0.192172
0.185890
0.194227
0.208071
0.194506
0.218723
0.185155
0.213414
0.220006
0.224159
0.206346
0.204444
0.193284
0.220439
0.189319
0.207518
0.185863
0.204688
0.218400
0.205316
0.197308
0.179120
0.221684
0.215894
0.225856
0.226103
0.209178
0.212041
0.213672
0.202390
0.218385
0.210206
0.207286
0.197637
0.212590
0.222800
0.217973
0.222383
0.196846
0.216831
0.221525
0.212485
0.189942
0.207981
0.198692
0.214433
0.211131
0.215514
0.213428
0.199002
0.210866
0.210432
0.224497
0.226809
0.211385
0.202350
0.199502
0.190577
0.204163
0.189699
0.203022
0.198699
0.221511
0.216941
0.205695
0.205894
0.200483
0.208872
0.206793
0.187109
0.212148
0.207684
0.210496
0.223525
0.227272
0.220090
0.217403
0.199460
0.209349
0.205898
0.213079
0.221651
0.218881
0.210123
0.218763
0.220842
0.221440
0.194506
0.215904
0.228533
0.215660
0.192788
0.211311
0.198759
0.224135
0.205775
0.184096
0.192372
0.205606
0.213873
0.216256
0.222385
0.218895
0.211680
0.217862
0.200738
0.196115
0.203003
0.202634
0.220065
0.217660
0.222444
0.203588
0.189659
0.210973
0.208201
0.212538
0.200445
0.191010
0.184560
0.184663
0.211412
0.200460
0.201011
0.192469
0.204410
0.218756
0.204495
0.188141
0.208490
0.223786
0.204931
0.193420
0.209719
0.209573
0.227677
0.211246
0.211150
0.200295
0.208623
0.223773
0.192531
0.187412
0.216620
0.210547
0.204014
0.226478
0.227506
0.217551
0.204038
0.200879
0.227547
0.220546
0.202558
0.200087
0.200926
0.214221
0.213923
0.206815
0.207924
0.202377
0.209864
0.210327
0.215658
0.215637
0.221674
0.218652
0.206618
0.206962
0.218235
0.209472
0.202771
0.214486
0.210609
0.213664
0.211996
0.213239
0.201663
0.218280
0.224120
0.215887
0.223826
0.212171
0.221644
0.207652
0.203344
0.224862
0.185359
0.230862
0.200202
0.211071
0.208142
0.213100
0.218773
0.212115
0.210953
0.219297
0.219508
0.210231
0.192417
0.191783
0.192913
0.196787
0.206807
0.213258
0.200708
0.188973
0.212298
0.187666
0.198032
0.204012
0.202437
0.200226
0.218400
0.207749
0.213495
0.206738
0.220734
0.197811
0.209658
0.214240
0.225523
0.185468
0.191577
0.199116
0.178333
0.197805
0.207138
0.216099
0.215633
0.215071
0.195570
0.200917
0.231069
0.205205
0.220378
0.206878
0.195447
0.180858
0.224354
0.214567
0.220694
0.210263
0.217651
0.223418
0.222232
0.206158
0.216941
0.212672
0.215358
0.203176
0.220769
0.204326
0.198860
0.210607
0.227903
0.220271
0.210483
0.224346
0.199213
0.194747
0.196428
0.208619
0.213238
0.218588
0.201982
0.224305
0.218707
0.191251
0.200716
0.208827
0.198558
0.196452
0.201163
0.203645
0.224562
0.213879
0.219055
0.219232
0.206731
0.218082
0.204813
0.214962
0.211989
0.214788
0.209245
0.219829
0.210438
0.224139
0.207133
0.186568
0.179703
0.189389
0.191210
0.203768
0.214297
0.217814
0.208757
0.229264
0.199474
0.217717
0.214407
0.216993
0.202425
0.209538
0.195782
0.225953
0.209059
0.213905
0.224163
0.221006
0.215692
0.208153
0.195507
0.202056
0.186402
0.214561
0.214106
0.197838
0.206303
0.214182
0.199899
0.210308
0.221230
0.207033
0.193320
0.220383
0.210040
0.198758
0.197387
0.201896
0.218484
0.205649
0.190923
0.214903
0.215392
0.217493
0.191456
0.223588
0.215505
0.223153
0.176951
0.198699
0.207769
0.181425
0.199007
0.219640
0.211425
0.225585
0.213055
0.213144
0.207787
0.213680
0.172061
0.215125
0.208840
0.208999
0.216333
0.205840
0.196997
0.212370
0.210307
0.203152
0.181157
0.185721
0.188846
0.185342
0.191530
0.223888
0.218006
0.225980
0.216942
0.212444
0.219128
0.195489
0.186778
0.196099
0.197979
0.202337
0.204958
0.190596
0.212262
0.212701
0.212497
0.206205
0.227731
0.218355
0.223333
0.227411
0.217889
0.212569
0.213647
0.212823
0.213142
0.209708
0.219940
0.211953
0.209542
0.200474
0.193901
0.192317
0.198108
0.220139
0.207523
0.199663
0.212189
0.222665
0.229223
0.207554
0.202686
0.195282
0.201545
0.209909
0.216372
0.228175
0.201724
0.200762
0.171653
0.206408
0.211562
0.216350
0.231556
0.228373
0.207757
0.207485
0.208374
0.211895
0.199267
0.222492
0.194960
0.202038
0.193963
0.183828
0.187316
0.186183
0.195460
0.228640
0.205809
0.212676
0.204570
0.221812
0.221550
0.193691
0.197589
0.224868
0.208482
0.207106
0.197552
0.211743
0.212880
0.215479
0.223887
0.205214
0.216010
0.212266
0.211515
0.211158
0.210191
0.202228
0.201002
0.225805
0.206035
0.186458
0.213583
0.228258
0.211830
0.200463
0.197790
0.212844
0.198056
0.197006
0.205907
0.213412
0.214903
0.219122
0.216873
0.209236
0.207916
0.215748
0.193279
0.227683
0.228530
0.220966
0.219175
0.217254
0.223936
0.226990
0.219275
0.219772
0.217149
0.206925
0.190057
0.221600
0.221253
0.194345
0.207473
0.205883
0.199318
0.203808
0.226494
0.203058
0.221161
0.220970
0.223208
0.208252
0.213681
0.216299
0.217120
0.208249
0.215717
0.216225
0.218157
0.200098
0.226436
0.224543
0.215851
0.200949
0.211923
0.194491
0.207061
0.211092
0.197829
0.205424
0.194850
0.195597
0.219003
0.220103
0.220440
0.201554
0.219987
0.217090
0.223272
0.203922
0.208611
0.217087
0.201826
0.187745
0.216274
0.221050
0.217977
0.229431
0.231957
0.225847
0.206279
0.201827
0.221297
0.211912
0.206454
0.211026
0.222833
0.220053
0.193816
0.213730
0.223662
0.223990
0.219360
0.227242
0.220329
0.221466
0.211972
0.209710
0.205551
0.199651
0.197733
0.198976
0.230567
0.223803
0.218893
0.194704
0.228348
0.224241
0.220565
0.214426
0.191693
0.205561
0.214348
0.198890
0.223787
0.226345
0.203276
0.216798
0.197805
0.204591
0.220581
0.218869
0.212140
0.203780
0.221245
0.204069
0.196887
0.199412
0.207832
0.206124
0.203752
0.219056
0.219704
0.217102
0.221232
0.218501
0.220608
0.212768
0.228089
0.222573
0.222047
0.214333
0.216416
0.206315
0.188532
0.208193
0.216216
0.227831
0.207217
0.217153
0.211697
0.219566
0.214914
0.210056
0.211825
0.214177
0.186182
0.188024
0.192395
0.205465
0.204880
0.213612
0.196705
0.203468
0.206238
0.221743
0.205034
0.210910
0.200393
0.213552
0.215990
0.214351
0.179599
0.187397
0.212574
0.206135
0.221284
0.215297
0.223897
0.208545
0.200839
0.206972
0.219552
0.221372
0.214238
0.198278
0.232174
0.217674
0.211258
0.192279
0.197033
0.207928
0.206435
0.204163
0.214873
0.222378
0.207894
0.198976
0.206219
0.209989
0.187470
0.207238
0.180949
0.197498
0.210808
0.203340
0.226882
0.228321
0.217485
0.215589
0.218946
0.206776
0.211984
0.185373
0.221945
0.215380
0.213511
0.201832
0.202668
0.218246
0.211681
0.220527
0.221044
0.219114
0.215874
0.210003
0.214228
0.221084
0.226506
0.206909
0.215182
0.212661
0.215899
0.227104
0.211752
0.205661
0.207659
0.226222
0.201461
0.198979
0.187189
0.229465
0.212527
0.212210
0.212747
0.221276
0.200953
0.202098
0.196342
0.194654
0.220021
0.226223
0.222038
0.232471
0.215675
0.220133
0.202687
0.199298
0.212122
0.215737
0.217380
0.216438
0.223839
0.223705
0.217682
0.210042
0.212584
0.218474
0.208311
0.214988
0.212438
0.200390
0.218040
0.215230
0.216510
0.210245
0.222925
0.185726
0.211376
0.208423
0.191179
0.216465
0.221204
0.216641
0.203137
0.222473
0.207368
0.204494
0.205052
0.206851
0.201181
0.216267
0.229517
0.227808
0.213952
0.199956
0.199508
0.220862
0.209348
0.210818
0.214385
0.203542
0.216748
0.218426
0.223734
0.216046
0.225699
0.223778
0.224816
0.227820
0.230634
0.221064
0.203233
0.203474
0.188924
0.219318
0.224622
0.198712
0.201576
0.217633
0.217099
0.221498
0.228578
0.223986
0.207403
0.225121
0.207114
0.194376
0.201311
0.216438
0.205111
0.210116
0.213014
0.193938
0.179998
0.190038
0.193907
0.208198
0.216692
0.214947
0.205716
0.188388
0.216978
0.210861
0.189875
0.205936
0.218554
0.199534
0.199943
0.214987
0.215002
0.213115
0.225140
0.219646
0.217158
0.218411
0.218832
0.209466
0.227279
0.228296
0.219412
0.208404
0.204870
0.221766
0.212549
0.213874
0.213156
0.227956
0.220338
0.225636
0.208560
0.207090
0.224316
0.215737
0.225567
0.213765
0.209075
0.201594
0.217509
0.216414
0.216133
0.216271
0.196881
0.217373
0.215132
0.200826
0.220114
0.220724
0.195706
0.194848
0.210520
0.222702
0.202666
0.211680
0.227599
0.223784
0.226848
0.225224
0.220731
0.220101
0.213713
0.221186
0.221100
0.226251
0.225537
0.184170
0.200135
0.198513
0.214168
0.213418
0.211564
0.208712
0.202956
0.212717
0.207629
0.215682
0.219503
0.224323
0.207427
0.215103
0.188280
0.187169
0.214523
0.220554
0.209463
0.210582
0.218389
0.197283
0.210635
0.203071
0.212133
0.224816
0.221925
0.223145
0.220016
0.198173
0.191565
0.188160
0.200312
0.221832
0.216081
0.226726
0.225175
0.216621
0.209842
0.209839
0.215557
0.226310
0.199417
0.223679
0.215496
0.210872
0.212860
0.207800
0.221563
0.213877
0.229031
0.217027
0.225687
0.228315
0.229534
0.222446
0.216827
0.203914
0.212678
0.215510
0.209048
0.204942
0.207223
0.196828
0.203734
0.223889
0.207446
0.203942
0.209978
0.198915
0.207784
0.204015
0.191600
0.224112
0.205882
0.200393
0.202189
0.212404
0.212092
0.212667
0.213953
0.224772
0.224438
0.218020
0.220465
0.211188
0.211853
0.202262
0.212167
0.211795
0.217087
0.216904
0.200588
0.217624
0.207436
0.197639
0.216773
0.201663
0.211290
0.212721
0.198767
0.219407
0.227148
0.227082
0.212085
0.210417
0.221026
0.209065
0.223024
0.201576
0.196013
0.211159
0.202687
0.211226
0.208957
0.195962
0.192137
0.180693
0.213171
0.219401
0.220807
0.218504
0.191934
0.188804
0.195453
0.194990
0.220995
0.189059
0.210662
0.221997
0.211531
0.227331
0.209035
0.221725
0.233192
0.228588
0.226805
0.213629
0.212712
0.215634
0.206886
0.217081
0.208492
0.192456
0.224490
0.207787
0.228552
0.219772
0.213893
0.215159
0.220206
0.219187
0.179123
0.184886
0.214652
0.206500
0.208976
0.204048
0.207672
0.215655
0.214623
0.207795
0.212458
0.221383
0.215620
0.207904
0.209787
0.219456
0.226518
0.218731
0.221194
0.205815
0.205827
0.199290
0.206347
0.210191
0.209969
0.207958
0.207376
0.206584
0.219663
0.210368
0.227492
0.207638
0.221065
0.219707
0.208146
0.208652
0.214862
0.230004
0.205017
0.201664
0.217568
0.217646
0.204432
0.197799
0.212480
0.219107
0.220463
0.207842
0.202077
0.211915
0.204501
0.223202
0.220524
0.220085
0.182239
0.209803
0.202030
0.200256
0.192607
0.230734
0.211659
0.209592
0.209761
0.210972
0.216198
0.220390
0.218793
0.226952
0.211006
0.188959
0.197813
0.190107
0.188814
0.217662
0.205879
0.212963
0.211796
0.221810
0.222219
0.224785
0.177038
0.193298
0.193815
0.222389
0.218294
0.215393
0.217535
0.201110
0.206770
0.216153
0.213112
0.227505
0.216645
0.207349
0.219816
0.224388
0.205719
0.202350
0.198924
0.226152
0.215670
0.195217
0.206393
0.216146
0.227599
0.226059
0.217165
0.207492
0.207687
0.189300
0.221320
0.215480
0.216063
0.213047
0.226022
0.221956
0.211836
0.214232
0.209837
0.233596
0.218777
0.220799
0.219519
0.207512
0.215825
0.193509
0.196535
0.212119
0.209514
0.207864
0.228102
0.226206
0.229152
0.221733
0.211758
0.213059
0.209636
0.192551
0.216206
0.228267
0.224850
0.221758
0.222886
0.204556
0.221508
0.215910
0.222790
0.219217
0.214239
0.205186
0.218532
0.215629
0.211287
0.228025
0.205235
0.216015
0.212022
0.221160
0.216849
0.220413
0.203179
0.207108
0.219378
0.211226
0.216071
0.192916
0.185607
0.214534
0.208843
0.215142
0.214297
0.208778
0.213964
0.221798
0.208132
0.188770
0.219289
0.223002
0.222448
0.230582
0.213717
0.205572
0.203632
0.205641
0.193495
0.219338
0.218184
0.197218
0.224578
0.189607
0.198686
0.192811
0.203902
0.204028
0.210187
0.219613
0.210146
0.205259
0.188072
0.211530
0.194990
0.224366
0.208173
0.216271
0.205677
0.216193
0.212739
0.198570
0.209716
0.212939
0.217019
0.229956
0.206957
0.196258
0.198111
0.217509
0.215403
0.196537
0.198336
0.211241
0.196454
0.219724
0.209569
0.214307
0.209780
0.209665
0.204368
0.217449
0.227206
0.226654
0.192507
0.225028
0.211841
0.228220
0.198257
0.219574
0.204150
0.221950
0.206542
0.216227
0.184579
0.194257
0.205215
0.208185
0.224693
0.218368
0.215657
0.216082
0.211082
0.208667
0.200484
0.210102
0.201317
0.209048
0.211914
0.189046
0.217414
0.228366
0.189214
0.199729
0.208412
0.208039
0.200441
0.198951
0.194340
0.212004
0.229141
0.224196
0.223439
0.210518
0.213963
0.217200
0.198427
0.214318
0.219848
0.234044
0.202390
0.214470
0.209107
0.200852
0.206060
0.207400
0.194576
0.199866
0.213790
0.225269
0.227540
0.219244
0.193396
0.197061
0.192775
0.207922
0.226557
0.213557
0.215726
0.214845
0.195150
0.214335
0.219520
0.224341
0.219886
0.215413
0.203568
0.204510
0.215280
0.224269
0.224265
0.220294
0.217550
0.225451
0.201515
0.212765
0.202787
0.229628
0.217091
0.184912
0.195271
0.220132
0.206503
0.215349
0.211343
0.206302
0.203938
0.224020
0.208802
0.220878
0.207060
0.216656
0.213636
0.204663
0.214340
0.206208
0.204253
0.192022
0.210260
0.210885
0.228926
0.222412
0.211124
0.223698
0.217000
0.219735
0.224593
0.231241
0.217697
0.192083
0.211260
0.215325
0.222361
0.218223
0.227369
0.228288
0.203511
0.221551
0.210556
0.195467
0.224101
0.213913
0.222064
0.212336
0.215544
0.212350
0.219984
0.219187
0.215222
0.195302
0.192338
0.209404
0.228399
0.231003
0.210100
0.202681
0.209509
0.220608
0.203518
0.200948
0.221585
0.202919
0.211276
0.219683
0.222369
0.215307
0.210431
0.214221
0.231056
0.221097
0.213131
0.201704
0.210317
0.229858
0.221580
0.213485
0.204503
0.218154
0.215682
0.222400
0.229312
0.227646
0.214335
0.199730
0.217710
0.217965
0.200058
0.207143
0.214276
0.208673
0.216067
0.219992
0.218905
0.215042
0.212407
0.213784
0.211130
0.200258
0.197378
0.218215
0.217391
0.223073
0.220233
0.215591
0.216571
0.200974
0.224657
0.218968
0.220336
0.207565
0.226043
0.225961
0.220183
0.209249
0.194700
0.202977
0.205551
0.223565
0.228686
0.219943
0.231548
0.212867
0.228265
0.218172
0.210765
0.184899
0.201962
0.220756
0.231928
0.215507
0.223289
0.223112
0.220329
0.225739
0.222894
0.220600
0.224306
0.214886
0.202862
0.217647
0.227305
0.220792
0.224823
0.216507
0.207510
0.204389
0.217715
0.223329
0.220557
0.222428
0.202610
0.230777
0.213799
0.192808
0.200321
0.198827
0.210643
0.200154
0.216795
0.228508
0.214600
0.188825
0.213269
0.219245
0.215617
0.186245
0.223956
0.214717
0.197953
0.211298
0.202277
0.229357
0.229834
0.217249
0.226081
0.224950
0.226809
0.214579
0.201741
0.207892
0.207425
0.210023
0.223238
0.218594
0.217653
0.214700
0.208109
0.214458
0.223723
0.225220
0.222137
0.226125
0.220530
0.214034
0.200880
0.200442
0.211162
0.210242
0.217084
0.229304
0.227732
0.210209
0.227518
0.196977
0.216290
0.224855
0.225109
0.216594
0.231460
0.219169
0.213817
0.223199
0.225747
0.221083
0.220925
0.229556
0.220411
0.210245
0.200391
0.199019
0.211267
0.210365
0.197108
0.221512
0.221378
0.228507
0.207482
0.206261
0.215665
0.209914
0.213017
0.210954
0.215494
0.216151
0.215198
0.213409
0.213628
0.221301
0.202002
0.225392
0.212397
0.207134
0.208622
0.216116
0.211634
0.205214
0.198809
0.200307
0.203182
0.206748
0.204090
0.219709
0.231688
0.231834
0.211255
0.231856
0.203281
0.192061
0.199725
0.200990
0.216846
0.211379
0.201412
0.195295
0.205610
0.201478
0.223765
0.228707
0.213650
0.191034
0.229788
0.212988
0.205750
0.222504
0.227370
0.213868
0.196528
0.221257
0.207206
0.231822
0.207540
0.192353
0.213036
0.214125
0.222971
0.214217
0.204140
0.223926
0.219074
0.224559
0.226839
0.227655
0.210779
0.214605
0.220921
0.218331
0.204439
0.185329
0.189236
0.232677
0.219642
0.207122
0.192385
0.223561
0.205868
0.204077
0.206393
0.234036
0.219946
0.197463
0.204277
0.206622
0.212333
0.216453
0.209273
0.233353
0.220177
0.225515
0.210490
0.218283
0.219385
0.205310
0.219112
0.217292
0.205845
0.211447
0.214601
0.219223
0.219571
0.224576
0.216273
0.216165
0.212449
0.214355
0.214305
0.215727
0.184174
0.213831
0.221420
0.204644
0.219141
0.216506
0.213281
0.215920
0.217288
0.213866
0.224313
0.219641
0.225098
0.231232
0.214529
0.204868
0.221944
0.205745
0.215615
0.217394
0.213776
0.193276
0.190622
0.223047
0.214851
0.211799
0.211099
0.183565
0.198395
0.194574
0.206876
0.210932
0.197415
0.199083
0.217580
0.217358
0.221573
0.195524
0.214432
0.220752
0.220656
0.220170
0.226889
0.202252
0.217363
0.207570
0.205086
0.214229
0.223089
0.224638
0.207329
0.196905
0.196629
0.192839
0.206826
0.209149
0.205946
0.201579
0.199097
0.199695
0.213799
0.221942
0.216134
0.188526
0.199636
0.218133
0.204626
0.206102
0.214898
0.222086
0.223748
0.211893
0.220552
0.224834
0.214231
0.224594
0.229028
0.207168
0.216827
0.218518
0.222799
0.231842
0.204241
0.199148
0.209136
0.221497
0.210044
0.209938
0.186404
0.202165
0.208146
0.213171
0.214995
0.221141
0.221338
0.221708
0.215870
0.191557
0.205840
0.235009
0.225345
0.212415
0.218584
0.214759
0.204728
0.207217
0.218113
0.199190
0.208521
0.210300
0.218319
0.216770
0.211142
0.229829
0.232108
0.230323
0.231699
0.225249
0.214266
0.229660
0.205127
0.218677
0.204214
0.207521
0.214144
0.211305
0.220739
0.208666
0.219722
0.195430
0.224892
0.220830
0.199331
0.201177
0.192584
0.171248
0.208660
0.202412
0.203468
0.203133
0.221801
0.205511
0.227462
0.221810
0.222456
0.208565
0.192493
0.215706
0.210437
0.215374
0.202376
0.208093
0.218407
0.220152
0.226070
0.218130
0.210086
0.219061
0.221345
0.231345
0.219820
0.222660
0.189336
0.207000
0.220199
0.217854
0.226236
0.232139
0.226605
0.217253
0.222491
0.209392
0.194219
0.219697
0.189342
0.219049
0.223092
0.226642
0.207474
0.221850
0.213903
0.223614
0.214623
0.227100
0.220118
0.215223
0.210058
0.199801
0.209298
0.205933
0.219497
0.205316
0.210784
0.225005
0.222553
0.218387
0.232350
0.192494
0.202138
0.230385
0.226949
0.221003
0.196433
0.207809
0.222799
0.221839
0.223022
0.220526
0.209462
0.230064
0.218534
0.220848
0.215188
0.209525
0.212207
0.217711
0.221054
0.221372
0.218848
0.218697
0.226375
0.214820
0.228502
0.222065
0.209510
0.207522
0.215261
0.197287
0.198505
0.223019
0.220407
0.215263
0.197744
0.204902
0.215161
0.216722
0.201608
0.231488
0.216846
0.219121
0.194276
0.223709
0.212872
0.223849
0.226320
0.228645
0.216302
0.185233
0.198581
0.223570
0.198618
0.216387
0.214665
0.212725
0.213674
0.221587
0.216419
0.187573
0.202759
0.227906
0.195203
0.209373
0.190903
0.195590
0.210302
0.205885
0.216897
0.215528
0.218908
0.219472
0.208847
0.224349
0.199834
0.198082
0.190195
0.205340
0.203306
0.211324
0.201559
0.211454
0.226995
0.229978
0.207709
0.202577
0.219988
0.233664
0.223793
0.226597
0.206380
0.202824
0.205927
0.216487
0.229692
0.211256
0.204326
0.215149
0.225192
0.219295
0.224399
0.209596
0.213966
0.222009
0.198907
0.211777
0.218052
0.214986
0.233776
0.216229
0.223775
0.222112
0.230437
0.219521
0.208577
0.214769
0.213175
0.208353
0.196514
0.220502
0.218562
0.219468
0.213482
0.226931
0.224968
0.227197
0.224516
0.224998
0.193813
0.203308
0.217142
0.222850
0.218799
0.224479
0.212228
0.205710
0.204612
0.228027
0.194271
0.223408
0.215226
0.189732
0.218188
0.211286
0.223678
0.216195
0.194829
0.212967
0.195387
0.219730
0.205422
0.212925
0.211331
0.209632
0.213744
0.218682
0.223812
0.213390
0.220934
0.220621
0.224553
0.224976
0.226391
0.233017
0.224536
0.218704
0.203829
0.169590
0.225111
0.206315
0.204133
0.215940
0.197363
0.208970
0.204490
0.235502
0.226918
0.202692
0.205321
0.227158
0.204932
0.229884
0.213011
0.205566
0.223693
0.222557
0.217214
0.216425
0.218185
0.187509
0.178980
0.181520
0.193845
0.206156
0.214646
0.211490
0.202084
0.214580
0.214377
0.227302
0.217968
0.208623
0.217900
0.212467
0.204321
0.215908
0.215517
0.216362
0.212573
0.202837
0.217840
0.177944
0.213212
0.216068
0.229196
0.224254
0.218123
0.216725
0.214380
0.212110
0.214866
0.204605
0.215447
0.208538
0.203389
0.206894
0.228292
0.210760
0.212051
0.227297
0.225000
0.191389
0.190624
0.200580
0.185663
0.207590
0.220735
0.215259
0.219808
0.216909
0.199003
0.208728
0.204631
0.209041
0.217377
0.208703
0.208719
0.208893
0.202992
0.204545
0.205885
0.224646
0.226855
0.230624
0.228816
0.212259
0.217645
0.230145
0.222679
0.225878
0.212200
0.222397
0.209544
0.215202
0.221746
0.217473
0.219434
0.226073
0.231062
0.210184
0.209444
0.226935
0.213265
0.205705
0.201639
0.185744
0.199047
0.214297
0.223028
0.213747
0.220240
0.232177
0.217596
0.225181
0.217519
0.231131
0.222838
0.211395
0.223305
0.201437
0.184555
0.201351
0.228226
0.211966
0.223261
0.199685
0.200372
0.223850
0.201415
0.229236
0.228657
0.224348
0.213997
0.223215
0.221489
0.235766
0.217612
0.228030
0.220252
0.223103
0.213111
0.213163
0.220299
0.225574
0.205901
0.194995
0.210601
0.214166
0.234792
0.232798
0.210125
0.205560
0.220841
0.219187
0.232816
0.223449
0.228893
0.223270
0.216648
0.215002
0.214167
0.210696
0.199007
0.191699
0.210453
0.201802
0.213952
0.226546
0.214919
0.220276
0.224897
0.221984
0.220239
0.226843
0.207007
0.206067
0.207659
0.219476
0.208145
0.217114
0.194481
0.198727
0.219787
0.204874
0.215279
0.219220
0.227614
0.188985
0.200390
0.213894
0.208830
0.218483
0.220192
0.227526
0.218383
0.233549
0.222149
0.226235
0.208187
0.231744
0.189004
0.176907
0.181579
0.214605
0.218594
0.216970
0.212709
0.218009
0.218874
0.212922
0.213296
0.222284
0.220773
0.220434
0.221355
0.209096
0.208206
0.218941
0.208321
0.204719
0.211206
0.208959
0.227322
0.208211
0.198084
0.187608
0.192656
0.222893
0.210217
0.210850
0.204046
0.221165
0.227912
0.222434
0.221728
0.229267
0.215629
0.214388
0.200637
0.224786
0.213229
0.210227
0.227108
0.210721
0.208338
0.208242
0.222224
0.214548
0.213979
0.204620
0.224775
0.211397
0.223997
0.230596
0.208859
0.217942
0.218668
0.235947
0.215102
0.222405
0.217533
0.223333
0.226114
0.221768
0.221145
0.210861
0.216912
0.205845
0.203057
0.206129
0.220967
0.211883
0.210121
0.214246
0.202940
0.206917
0.217803
0.215534
0.221391
0.207223
0.217884
0.211744
0.206823
0.227684
0.228142
0.227968
0.221123
0.224230
0.214467
0.216105
0.218432
0.230771
0.226260
0.227135
0.216187
0.215925
0.189833
0.195777
0.193044
0.181745
0.220732
0.218091
0.217977
0.221717
0.224241
0.206663
0.199245
0.207143
0.213578
0.216571
0.219080
0.207734
0.218559
0.200646
0.192628
0.198412
0.207247
0.200257
0.217345
0.212825
0.208194
0.200916
0.224664
0.190009
0.216368
0.194588
0.191469
0.222957
0.215463
0.215919
0.222056
0.220783
0.207105
0.215513
0.233663
0.207993
0.229592
0.202690
0.230559
0.232033
0.233208
0.216231
0.227117
0.205983
0.227945
0.206448
0.204208
0.197284
0.217933
0.198207
0.214497
0.207832
0.207933
0.222741
0.206091
0.193592
0.210738
0.226747
0.214182
0.193543
0.192210
0.222154
0.233675
0.218254
0.204502
0.211506
0.210655
0.200701
0.203313
0.183067
0.221995
0.227775
0.217951
0.212606
0.225349
0.227793
0.218355
0.206603
0.218706
0.226302
0.214343
0.217401
0.216004
0.200677
0.224883
0.227626
0.223810
0.206175
0.206224
0.192229
0.204764
0.212497
0.212884
0.227064
0.212559
0.227083
