0.287681
0.295478
0.300145
0.306208
0.308126
0.310295
0.310257
0.310759
0.310905
0.311467
0.311572
0.311067
0.311660
0.311712
0.311696
0.311502
0.311447
0.311700
0.311877
0.311610
0.311421
0.311581
0.311637
0.311702
0.311943
0.311967
0.312004
0.312034
0.311957
0.311964
0.311689
0.311555
0.311553
0.311482
0.311498
0.311608
0.311749
0.311692
0.311693
0.311750
0.311715
0.311542
0.311543
0.311589
0.311530
0.311385
0.311288
0.311424
0.311502
0.311480
0.311501
0.311508
0.311533
0.311546
0.311525
0.311521
0.311665
0.311777
0.311854
0.311815
0.311729
0.311742
0.311735
0.311816
0.311737
0.311799
0.311885
0.311957
0.312062
0.312128
0.312088
0.312095
0.312092
0.312145
0.312288
0.312380
0.312386
0.312445
0.312504
0.312523
0.312605
0.312389
0.312396
0.312403
0.312427
0.312454
0.312426
0.312553
0.312691
0.312698
0.312699
0.312681
0.312776
0.312807
0.312818
0.312920
0.312964
0.313080
0.313067
0.313071
0.313244
0.313074
0.313137
0.313245
0.313265
0.313277
0.313337
0.313366
0.313393
0.313468
0.313465
0.313645
0.313673
0.313704
0.313704
0.313672
0.313693
0.313829
0.313819
0.313829
0.313829
0.314007
0.314088
0.314101
0.314017
0.314122
0.314065
0.314126
0.314215
0.314266
0.314345
0.314480
0.314473
0.314480
0.314489
0.314490
0.314574
0.314765
0.314774
0.314768
0.314795
0.314827
0.314772
0.314786
0.314833
0.314988
0.315041
0.315051
0.315030
0.315057
0.315141
0.315158
0.315205
0.315287
0.315308
0.315409
0.315432
0.315339
0.315417
0.315527
0.315653
0.315831
0.315840
0.315894
0.315917
0.315947
0.315976
0.315978
0.315989
0.316000
0.316037
0.316105
0.316120
0.316099
0.316160
0.316179
0.316338
0.316316
0.316341
0.316263
0.316263
0.316365
0.316322
0.316407
0.316448
0.316475
0.316569
0.316569
0.316706
0.316763
0.316833
0.316828
0.316906
0.316979
0.317035
0.317034
0.317191
0.317204
0.317294
0.317279
0.317273
0.317276
0.317393
0.317437
0.317445
0.317470
0.317577
0.317663
0.317738
0.317754
0.317786
0.317808
0.317827
0.317880
0.317875
0.317896
0.318015
0.318006
0.318028
0.318089
0.318113
0.318211
0.318253
0.318278
0.318307
0.318317
0.318352
0.318453
0.318480
0.318554
0.318565
0.318553
0.318614
0.318656
0.318737
0.318655
0.318707
0.318674
0.318684
0.318765
0.318806
0.318854
0.318900
0.318980
0.318992
0.319032
0.319039
0.319176
0.319199
0.319197
0.319269
0.319302
0.319353
0.319421
0.319458
0.319452
0.319473
0.319496
0.319592
0.319596
0.319597
0.319607
0.319695
0.319670
0.319670
0.319736
0.319761
0.319828
0.319868
0.319887
0.319943
0.319982
0.320025
0.320040
0.320065
0.320163
0.320198
0.320316
0.320359
0.320353
0.320365
0.320370
0.320377
0.320490
0.320502
0.320510
0.320501
0.320515
0.320536
0.320556
0.320589
0.320622
0.320627
0.320631
0.320700
0.320672
0.320709
0.320767
0.320767
0.320773
0.320954
0.320954
0.320988
0.321030
0.321096
0.321108
0.321159
0.321177
0.321160
0.321160
0.321171
0.321227
0.321265
0.321285
0.321309
0.321366
0.321458
0.321449
0.321448
0.321486
0.321553
0.321646
0.321700
0.321737
0.321761
0.321763
0.321803
0.321853
0.321920
0.321930
0.321976
0.321977
0.322029
0.322130
0.322144
0.322202
0.322226
0.322243
0.322283
0.322346
0.322467
0.322474
0.322488
0.322511
0.322551
0.322574
0.322604
0.322607
0.322627
0.322629
0.322634
0.322699
0.322757
0.322762
0.322794
0.322794
0.322808
0.322857
0.322866
0.322867
0.322867
0.322869
0.322897
0.322970
0.323013
0.323015
0.323076
0.323099
0.323113
0.323127
0.323148
0.323138
0.323141
0.323147
0.323140
0.323147
0.323145
0.323175
0.323215
0.323234
0.323293
0.323279
0.323345
0.323398
0.323433
0.323456
0.323487
0.323500
0.323527
0.323599
0.323689
0.323706
0.323737
0.323753
0.323768
0.323793
0.323832
0.323868
0.323871
0.323872
0.323884
0.323921
0.323961
0.323913
0.323920
0.323941
0.323923
0.323973
0.324059
0.324125
0.324121
0.324163
0.324193
0.324274
0.324273
0.324277
0.324310
0.324375
0.324388
0.324409
0.324437
0.324457
0.324510
0.324573
0.324607
0.324637
0.324666
0.324698
0.324709
0.324749
0.324805
0.324836
0.324835
0.324840
0.324926
0.324946
0.324981
0.325043
0.325064
0.325048
0.325052
0.325088
0.325103
0.325161
0.325217
0.325250
0.325253
0.325276
0.325299
0.325324
0.325333
0.325398
0.325468
0.325471
0.325520
0.325619
0.325651
0.325663
0.325715
0.325796
0.325861
0.325922
0.325926
0.326029
0.326034
0.326091
0.326118
0.326155
0.326221
0.326226
0.326243
0.326258
0.326328
0.326338
0.326328
0.326344
0.326406
0.326427
0.326438
0.326458
0.326472
0.326499
0.326551
0.326559
0.326569
0.326572
0.326602
0.326618
0.326656
0.326686
0.326709
0.326752
0.326752
0.326805
0.326813
0.326816
0.326869
0.326923
0.326928
0.326985
0.327020
0.327020
0.327028
0.327012
0.327040
0.327130
0.327136
0.327237
0.327239
0.327250
0.327255
0.327260
0.327264
0.327347
0.327318
0.327316
0.327358
0.327456
0.327446
0.327456
0.327561
0.327561
0.327653
0.327641
0.327680
0.327688
0.327704
0.327733
0.327731
0.327781
0.327779
0.327860
0.327907
0.327919
0.327946
0.327980
0.327989
0.328047
0.328058
0.328057
0.328088
0.328096
0.328202
0.328211
0.328224
0.328253
0.328253
0.328241
0.328243
0.328243
0.328282
0.328312
0.328333
0.328417
0.328478
0.328477
0.328492
0.328515
0.328536
0.328536
0.328534
0.328560
0.328604
0.328605
0.328647
0.328675
0.328712
0.328730
0.328744
0.328831
0.328836
0.328846
0.328899
0.328963
0.328990
0.329012
0.329010
0.329018
0.329050
0.329097
0.329147
0.329165
0.329227
0.329240
0.329241
0.329256
0.329271
0.329310
0.329310
0.329368
0.329435
0.329478
0.329482
0.329513
0.329543
0.329601
0.329612
0.329625
0.329652
0.329670
0.329687
0.329757
0.329766
0.329782
0.329814
0.329833
0.329847
0.329848
0.329871
0.329892
0.329895
0.329890
0.329917
0.329930
0.329960
0.330032
0.330040
0.330091
0.330137
0.330156
0.330182
0.330202
0.330274
0.330275
0.330274
0.330301
0.330371
0.330411
0.330440
0.330441
0.330457
0.330457
0.330486
0.330490
0.330538
0.330554
0.330582
0.330594
0.330599
0.330607
0.330624
0.330671
0.330671
0.330689
0.330739
0.330763
0.330767
0.330776
0.330784
0.330798
0.330798
0.330801
0.330808
0.330821
0.330834
0.330855
0.330894
0.330907
0.330907
0.330920
0.330929
0.330997
0.331026
0.331029
0.331029
0.331034
0.331041
0.331047
0.331055
0.331055
0.331066
0.331071
0.331066
0.331059
0.331068
0.331069
0.331070
0.331130
0.331153
0.331204
0.331211
0.331226
0.331213
0.331223
0.331247
0.331266
0.331278
0.331307
0.331396
0.331453
0.331449
0.331470
0.331503
0.331534
0.331544
0.331544
0.331573
0.331634
0.331664
0.331664
0.331708
0.331714
0.331746
0.331771
0.331858
0.331858
0.331858
0.331882
0.331890
0.331907
0.331925
0.331965
0.332062
0.332108
0.332184
0.332187
0.332193
0.332201
0.332207
0.332232
0.332240
0.332260
0.332263
0.332300
0.332348
0.332393
0.332417
0.332420
0.332464
0.332467
0.332472
0.332465
0.332472
0.332530
0.332575
0.332587
0.332605
0.332605
0.332616
0.332617
0.332631
0.332636
0.332636
0.332656
0.332677
0.332711
0.332719
0.332798
0.332839
0.332868
0.332858
0.332911
0.332936
0.332937
0.332955
0.333001
0.332996
0.333028
0.333032
0.333025
0.333044
0.333078
0.333133
0.333165
0.333196
0.333201
0.333248
0.333272
0.333282
0.333301
0.333346
0.333367
0.333419
0.333429
0.333429
0.333451
0.333477
0.333488
0.333531
0.333551
0.333561
0.333597
0.333656
0.333660
0.333704
0.333725
0.333756
0.333769
0.333782
0.333788
0.333798
0.333798
0.333806
0.333826
0.333842
0.333863
0.333869
0.333879
0.333909
0.333907
0.333928
0.333960
0.333979
0.334032
0.334041
0.334042
0.334034
0.334087
0.334098
0.334100
0.334116
0.334138
0.334148
0.334172
0.334196
0.334199
0.334210
0.334246
0.334280
0.334295
0.334305
0.334324
0.334360
0.334407
0.334412
0.334472
0.334469
0.334500
0.334500
0.334532
0.334534
0.334549
0.334560
0.334548
0.334550
0.334603
0.334629
0.334630
0.334662
0.334656
0.334688
0.334726
0.334736
0.334738
0.334772
0.334772
0.334817
0.334833
0.334841
0.334850
0.334850
0.334855
0.334885
0.334911
0.334911
0.334930
0.334969
0.334971
0.334971
0.335005
0.335005
0.335009
0.335055
0.335094
0.335106
0.335120
0.335123
0.335134
0.335148
0.335157
0.335181
0.335197
0.335197
0.335245
0.335263
0.335268
0.335269
0.335294
0.335301
0.335304
0.335335
0.335336
0.335357
0.335390
0.335409
0.335432
0.335451
0.335457
0.335468
0.335494
0.335513
0.335516
0.335540
0.335546
0.335595
0.335597
0.335612
0.335642
0.335690
0.335696
0.335717
0.335764
0.335809
0.335820
0.335857
0.335859
0.335874
0.335876
0.335931
0.335976
0.335993
0.336030
0.336028
0.336036
0.336036
0.336060
0.336071
0.336111
0.336132
0.336180
0.336193
0.336194
0.336214
0.336227
0.336238
0.336238
0.336288
0.336300
0.336304
0.336305
0.336321
0.336411
0.336484
0.336485
0.336489
0.336489
0.336518
0.336528
0.336568
0.336568
0.336587
0.336625
0.336625
0.336686
0.336708
0.336732
0.336757
0.336799
0.336803
0.336824
0.336872
0.336908
0.336980
0.336980
0.336985
0.336990
0.337009
0.337020
0.337020
0.337029
0.337067
0.337070
0.337088
0.337105
0.337117
0.337119
0.337121
0.337168
0.337178
0.337184
0.337189
0.337211
0.337220
0.337223
0.337226
0.337224
0.337227
0.337231
0.337240
0.337325
0.337325
0.337331
0.337331
0.337331
0.337333
0.337358
0.337397
0.337413
0.337440
0.337440
0.337443
0.337459
0.337483
0.337556
0.337568
0.337599
0.337599
0.337631
0.337644
0.337649
0.337649
0.337678
0.337692
0.337696
0.337719
0.337725
0.337727
0.337734
0.337738
0.337780
0.337802
0.337829
0.337837
0.337840
0.337840
0.337853
0.337871
0.337897
0.337935
0.337938
0.337957
0.337997
0.338009
0.338030
0.338058
0.338105
0.338115
0.338115
0.338126
0.338136
0.338149
0.338149
0.338176
0.338195
0.338212
0.338234
0.338240
0.338252
0.338283
0.338286
0.338282
0.338282
0.338295
0.338343
0.338366
0.338368
0.338385
0.338372
0.338440
0.338452
0.338465
0.338472
0.338478
0.338532
0.338564
0.338582
0.338594
0.338606
0.338613
0.338628
0.338652
0.338664
0.338675
0.338690
0.338692
0.338699
0.338717
0.338718
0.338741
0.338751
0.338751
0.338769
0.338798
0.338792
0.338798
0.338798
0.338799
0.338816
0.338883
0.338886
0.338905
0.338926
0.338928
0.338933
0.338956
0.338970
0.338985
0.338999
0.339054
0.339085
0.339105
0.339109
0.339117
0.339191
0.339196
0.339196
0.339228
0.339242
0.339249
0.339276
0.339276
0.339283
0.339299
0.339304
0.339315
0.339345
0.339367
0.339397
0.339412
0.339417
0.339423
0.339428
0.339440
0.339461
0.339471
0.339475
0.339475
0.339486
0.339510
0.339518
0.339518
0.339563
0.339557
0.339570
0.339604
0.339608
0.339638
0.339660
0.339694
0.339711
0.339731
0.339757
0.339797
0.339873
0.339895
0.339920
0.339928
0.339948
0.339948
0.339946
0.339973
0.340001
0.340058
0.340059
0.340060
0.340066
0.340064
0.340113
0.340123
0.340147
0.340165
0.340182
0.340185
0.340237
0.340239
0.340239
0.340278
0.340277
0.340287
0.340284
0.340295
0.340303
0.340391
0.340391
0.340406
0.340456
0.340456
0.340483
0.340501
0.340508
0.340508
0.340509
0.340525
0.340525
0.340529
0.340541
0.340544
0.340561
0.340644
0.340693
0.340729
0.340736
0.340750
0.340776
0.340779
0.340790
0.340808
0.340810
0.340820
0.340820
0.340841
0.340843
0.340846
0.340856
0.340867
0.340869
0.340880
0.340884
0.340911
0.340925
0.340929
0.340976
0.340984
0.340984
0.340994
0.341002
0.341025
0.341075
0.341076
0.341083
0.341085
0.341093
0.341115
0.341135
0.341138
0.341153
0.341159
0.341179
0.341180
0.341190
0.341203
0.341209
0.341218
0.341243
0.341246
0.341261
0.341275
0.341290
0.341290
0.341317
0.341333
0.341356
0.341373
0.341378
0.341425
0.341419
0.341429
0.341447
0.341455
0.341455
0.341471
0.341494
0.341505
0.341524
0.341524
0.341523
0.341523
0.341524
0.341559
0.341570
0.341583
0.341585
0.341592
0.341597
0.341605
0.341615
0.341615
0.341632
0.341669
0.341668
0.341686
0.341686
0.341698
0.341772
0.341774
0.341780
0.341787
0.341798
0.341811
0.341819
0.341861
0.341867
0.341884
0.341892
0.341925
0.341935
0.341958
0.341980
0.341983
0.341984
0.342030
0.342069
0.342065
0.342083
0.342080
0.342096
0.342112
0.342136
0.342139
0.342182
0.342182
0.342195
0.342215
0.342232
0.342238
0.342240
0.342289
0.342291
0.342291
0.342309
0.342308
0.342333
0.342336
0.342341
0.342348
0.342382
0.342388
0.342406
0.342414
0.342449
0.342462
0.342499
0.342501
0.342521
0.342523
0.342524
0.342571
0.342574
0.342574
0.342603
0.342602
0.342605
0.342647
0.342671
0.342675
0.342675
0.342682
0.342683
0.342694
0.342706
0.342706
0.342720
0.342729
0.342730
0.342739
0.342740
0.342750
0.342768
0.342773
0.342781
0.342798
0.342805
0.342827
0.342889
0.342889
0.342890
0.342890
0.342894
0.342889
0.342898
0.342899
0.342923
0.342936
0.342940
0.342940
0.342940
0.342945
0.342946
0.342947
0.342965
0.342968
0.342977
0.342977
0.342978
0.342981
0.343027
0.343039
0.343045
0.343045
0.343045
0.343047
0.343076
0.343078
0.343094
0.343140
0.343142
0.343155
0.343155
0.343165
0.343169
0.343171
0.343173
0.343174
0.343212
0.343229
0.343234
0.343234
0.343252
0.343262
0.343246
0.343265
0.343280
0.343280
0.343282
0.343284
0.343286
0.343294
0.343317
0.343323
0.343375
0.343370
0.343423
0.343425
0.343440
0.343473
0.343521
0.343537
0.343550
0.343556
0.343559
0.343559
0.343592
0.343594
0.343600
0.343608
0.343614
0.343643
0.343652
0.343662
0.343662
0.343688
0.343708
0.343734
0.343747
0.343757
0.343757
0.343776
0.343780
0.343813
0.343813
0.343816
0.343821
0.343835
0.343842
0.343838
0.343885
0.343898
0.343924
0.343941
0.343941
0.343943
0.343961
0.343987
0.343978
0.343985
0.344010
0.344015
0.344015
0.344034
0.344061
0.344064
0.344074
0.344083
0.344092
0.344094
0.344112
0.344141
0.344142
0.344148
0.344152
0.344152
0.344148
0.344182
0.344184
0.344194
0.344202
0.344203
0.344213
0.344213
0.344214
0.344215
0.344224
0.344227
0.344227
0.344240
0.344236
0.344236
0.344255
0.344255
0.344259
0.344259
0.344259
0.344274
0.344292
0.344288
0.344302
0.344304
0.344330
0.344331
0.344338
0.344415
0.344429
0.344438
0.344439
0.344464
0.344464
0.344477
0.344477
0.344511
0.344511
0.344515
0.344535
0.344538
0.344558
0.344566
0.344588
0.344601
0.344613
0.344637
0.344637
0.344656
0.344670
0.344684
0.344684
0.344690
0.344720
0.344720
0.344738
0.344736
0.344755
0.344771
0.344801
0.344816
0.344830
0.344834
0.344834
0.344844
0.344846
0.344855
0.344857
0.344862
0.344864
0.344867
0.344878
0.344882
0.344882
0.344891
0.344894
0.344907
0.344912
0.344939
0.344939
0.344946
0.344964
0.344966
0.344974
0.345014
0.345014
0.345055
0.345060
0.345059
0.345119
0.345123
0.345121
0.345152
0.345153
0.345153
0.345173
0.345177
0.345179
0.345194
0.345208
0.345211
0.345213
0.345215
0.345216
0.345216
0.345226
0.345228
0.345228
0.345237
0.345240
0.345263
0.345263
0.345277
0.345288
0.345297
0.345329
0.345336
0.345340
0.345345
0.345358
0.345359
0.345359
0.345360
0.345367
0.345376
0.345403
0.345421
0.345423
0.345441
0.345452
0.345463
0.345464
0.345468
0.345474
0.345494
0.345500
0.345511
0.345555
0.345566
0.345568
0.345575
0.345598
0.345618
0.345633
0.345648
0.345653
0.345674
0.345674
0.345678
0.345695
0.345701
0.345701
0.345697
0.345703
0.345717
0.345717
0.345734
0.345744
0.345755
0.345760
0.345770
0.345783
0.345785
0.345790
0.345798
0.345799
0.345804
0.345828
0.345845
0.345845
0.345845
0.345849
0.345857
0.345857
0.345857
0.345864
0.345864
0.345864
0.345871
0.345873
0.345873
0.345882
0.345885
0.345887
0.345891
0.345891
0.345906
0.345922
0.345923
0.345931
0.345931
0.345938
0.345951
0.345951
0.345974
0.345980
0.345988
0.345992
0.345990
0.345996
0.346001
0.346002
0.346011
0.346019
0.346022
0.346045
0.346085
0.346086
0.346100
0.346131
0.346140
0.346150
0.346154
0.346165
0.346176
0.346188
0.346197
0.346204
0.346204
0.346234
0.346235
0.346236
0.346243
0.346261
0.346261
0.346283
0.346284
0.346291
0.346304
0.346304
0.346342
0.346344
0.346355
0.346366
0.346383
0.346385
0.346384
0.346392
0.346427
0.346427
0.346457
0.346469
0.346489
0.346491
0.346491
0.346492
0.346493
0.346493
0.346493
0.346493
0.346508
0.346508
0.346510
0.346532
0.346532
0.346567
0.346599
0.346600
0.346609
0.346609
0.346633
0.346636
0.346636
0.346638
0.346638
0.346649
0.346666
0.346682
0.346689
0.346689
0.346691
0.346693
0.346692
0.346692
0.346702
0.346720
0.346721
0.346754
0.346765
0.346767
0.346826
0.346888
0.346889
0.346889
0.346898
0.346918
0.346916
0.346927
0.346938
0.346959
0.346980
0.347002
0.347007
0.347015
0.347036
0.347047
0.347047
0.347055
0.347083
0.347084
0.347099
0.347099
0.347115
0.347149
0.347144
0.347160
0.347168
0.347200
0.347200
0.347200
0.347251
0.347255
0.347273
0.347265
0.347285
0.347296
0.347296
0.347299
0.347315
0.347316
0.347332
0.347333
0.347333
0.347339
0.347349
0.347358
0.347394
0.347395
0.347395
0.347395
0.347412
0.347409
0.347431
0.347448
0.347462
0.347462
0.347462
0.347463
0.347463
0.347504
0.347505
0.347506
0.347532
0.347555
0.347573
0.347581
0.347593
0.347619
0.347623
0.347629
0.347629
0.347642
0.347652
0.347658
0.347661
0.347659
0.347677
0.347696
0.347713
0.347713
0.347757
0.347764
0.347774
0.347782
0.347782
0.347785
0.347791
0.347791
0.347798
0.347804
0.347804
0.347804
0.347807
0.347810
0.347821
0.347907
0.347929
0.347950
0.347950
0.347951
0.347957
0.347979
0.347984
0.347992
0.347995
0.348017
0.348016
0.348037
0.348037
0.348037
0.348038
0.348038
0.348039
0.348039
0.348039
0.348039
0.348052
0.348067
0.348079
0.348107
0.348123
0.348133
0.348136
0.348155
0.348178
0.348182
0.348183
0.348183
0.348191
0.348190
0.348192
0.348206
0.348206
0.348214
0.348220
0.348229
0.348239
0.348257
0.348263
0.348258
0.348261
0.348294
0.348300
0.348312
0.348312
0.348331
0.348331
0.348342
0.348349
0.348362
0.348372
0.348388
0.348395
0.348416
0.348416
0.348431
0.348451
0.348464
0.348484
0.348484
0.348505
0.348510
0.348518
0.348519
0.348522
0.348537
0.348553
0.348563
0.348579
0.348626
0.348632
0.348636
0.348618
0.348646
0.348646
0.348665
0.348675
0.348691
0.348700
0.348721
0.348721
0.348726
0.348726
0.348736
0.348753
0.348767
0.348770
0.348778
0.348782
0.348796
0.348802
0.348811
0.348825
0.348826
0.348837
0.348851
0.348852
0.348877
0.348877
0.348877
0.348888
0.348907
0.348909
0.348910
0.348906
0.348929
0.348940
0.348940
0.348940
0.348945
0.348967
0.348970
0.348982
0.348982
0.348981
0.348987
0.348987
0.349006
0.349018
0.349017
0.349017
0.349024
0.349024
0.349034
0.349034
0.349039
0.349050
0.349052
0.349052
0.349062
0.349067
0.349084
0.349054
0.349074
0.349084
0.349087
0.349099
0.349143
0.349143
0.349143
0.349151
0.349156
0.349191
0.349189
0.349199
0.349208
0.349208
0.349208
0.349208
0.349221
0.349223
0.349224
0.349231
0.349231
0.349250
0.349285
0.349285
0.349285
0.349294
0.349294
0.349304
0.349314
0.349314
0.349325
0.349334
0.349338
0.349338
0.349352
0.349355
0.349356
0.349362
0.349397
0.349400
0.349403
0.349403
0.349409
0.349409
0.349416
0.349426
0.349427
0.349422
0.349439
0.349440
0.349477
0.349477
0.349475
0.349495
0.349506
0.349517
0.349528
0.349532
0.349537
0.349539
0.349555
0.349568
0.349581
0.349586
0.349613
0.349621
0.349640
0.349644
0.349695
0.349695
0.349700
0.349699
0.349701
0.349714
0.349714
0.349719
0.349747
0.349750
0.349750
0.349750
0.349750
0.349764
0.349784
0.349784
0.349784
0.349785
0.349785
0.349786
0.349789
0.349841
0.349852
0.349873
0.349896
0.349897
0.349906
0.349925
0.349929
0.349933
0.349939
0.349939
0.349948
0.349953
0.349957
0.349955
0.349957
0.349963
0.349990
0.349991
0.350009
0.350027
0.350025
0.350055
0.350053
0.350054
0.350057
0.350058
0.350062
0.350070
0.350072
0.350076
0.350078
0.350078
0.350081
0.350084
0.350133
0.350136
0.350136
0.350146
0.350154
0.350165
0.350186
0.350189
0.350191
0.350192
0.350192
0.350191
0.350202
0.350203
0.350214
0.350222
0.350221
0.350222
0.350226
0.350249
0.350252
0.350274
0.350282
0.350281
0.350293
0.350300
0.350317
0.350317
0.350319
0.350319
0.350342
0.350348
0.350359
0.350359
0.350381
0.350392
0.350402
0.350399
0.350407
0.350414
0.350414
0.350434
0.350453
0.350467
0.350516
0.350525
0.350525
0.350538
0.350544
0.350545
0.350549
0.350560
0.350586
0.350592
0.350593
0.350598
0.350610
0.350615
0.350618
0.350623
0.350623
0.350623
0.350626
0.350626
0.350626
0.350627
0.350637
0.350654
0.350663
0.350666
0.350666
0.350668
0.350669
0.350676
0.350683
0.350685
0.350702
0.350713
0.350729
0.350738
0.350739
0.350742
0.350744
0.350744
0.350755
0.350760
0.350778
0.350784
0.350784
0.350797
0.350821
0.350831
0.350842
0.350855
0.350889
0.350889
0.350889
0.350884
0.350884
0.350891
0.350910
0.350910
0.350931
0.350956
0.350966
0.350966
0.350966
0.350962
0.350969
0.350974
0.350981
0.350981
0.351008
0.351014
0.351034
0.351034
0.351038
0.351043
0.351059
0.351060
0.351064
0.351067
0.351067
0.351072
0.351072
0.351073
0.351082
0.351086
0.351133
0.351133
0.351133
0.351133
0.351143
0.351152
0.351167
0.351177
0.351185
0.351189
0.351195
0.351195
0.351201
0.351211
0.351218
0.351228
0.351234
0.351251
0.351265
0.351265
0.351276
0.351283
0.351283
0.351285
0.351291
0.351292
0.351286
0.351298
0.351306
0.351306
0.351309
0.351307
0.351311
0.351319
0.351326
0.351336
0.351345
0.351357
0.351357
0.351361
0.351372
0.351381
0.351386
0.351393
0.351396
0.351396
0.351403
0.351405
0.351414
0.351428
0.351441
0.351439
0.351448
0.351465
0.351471
0.351498
0.351500
0.351500
0.351507
0.351507
0.351507
0.351530
0.351530
0.351533
0.351537
0.351537
0.351537
0.351544
0.351544
0.351549
0.351550
0.351550
0.351552
0.351552
0.351552
0.351556
0.351569
0.351569
0.351576
0.351583
0.351583
0.351584
0.351585
0.351588
0.351588
0.351597
0.351595
0.351608
0.351608
0.351636
0.351637
0.351680
0.351684
0.351698
0.351698
0.351712
0.351713
0.351721
0.351727
0.351738
0.351753
0.351753
0.351759
0.351767
0.351782
0.351782
0.351802
0.351826
0.351825
0.351825
0.351825
0.351830
0.351852
0.351865
0.351877
0.351886
0.351894
0.351911
0.351911
0.351911
0.351911
0.351911
0.351924
0.351924
0.351925
0.351930
0.351930
0.351935
0.351935
0.351944
0.351949
0.351956
0.351956
0.351957
0.351958
0.351958
0.351962
0.351969
0.351980
0.351988
0.351997
0.351997
0.351997
0.352010
0.352010
0.352011
0.352017
0.352017
0.352018
0.352025
0.352026
0.352026
0.352026
0.352035
0.352063
0.352063
0.352070
0.352076
0.352086
0.352086
0.352090
0.352097
0.352121
0.352125
0.352136
0.352154
0.352157
0.352162
0.352164
0.352163
0.352163
0.352165
0.352168
0.352189
0.352198
0.352198
0.352214
0.352221
0.352224
0.352228
0.352227
0.352253
0.352255
0.352264
0.352271
0.352279
0.352285
0.352301
0.352303
0.352303
0.352310
0.352314
0.352342
0.352343
0.352343
0.352344
0.352347
0.352373
0.352375
0.352378
0.352386
0.352399
0.352403
0.352410
0.352414
0.352445
0.352449
0.352449
0.352469
0.352470
0.352470
0.352476
0.352480
0.352485
0.352485
0.352488
0.352515
0.352515
0.352515
0.352527
0.352527
0.352542
0.352542
0.352557
0.352573
0.352620
0.352627
0.352626
0.352626
0.352626
0.352630
0.352637
0.352661
0.352656
0.352656
0.352684
0.352685
0.352686
0.352686
0.352713
0.352713
0.352736
0.352736
0.352747
0.352748
0.352748
0.352748
0.352750
0.352751
0.352751
0.352756
0.352756
0.352768
0.352780
0.352783
0.352783
0.352800
0.352800
0.352800
0.352806
0.352809
0.352809
0.352810
0.352810
0.352810
0.352810
0.352814
0.352814
0.352816
0.352836
0.352853
0.352854
0.352875
0.352876
0.352874
0.352883
0.352891
0.352921
0.352935
0.352935
0.352935
0.352939
0.352944
0.352944
0.352940
0.352940
0.352940
0.352946
0.352951
0.352974
0.352983
0.352983
0.352984
0.353013
0.353013
0.353020
0.353034
0.353055
0.353102
0.353104
0.353117
0.353118
0.353127
0.353131
0.353142
0.353144
0.353144
0.353165
0.353165
0.353169
0.353174
0.353174
0.353174
0.353189
0.353189
0.353190
0.353190
0.353191
0.353202
0.353205
0.353220
0.353221
0.353221
0.353221
0.353222
0.353236
0.353244
0.353244
0.353244
0.353246
0.353249
0.353250
0.353252
0.353255
0.353255
0.353245
0.353247
0.353289
0.353290
0.353294
0.353305
0.353313
0.353325
0.353344
0.353352
0.353360
0.353364
0.353364
0.353372
0.353383
0.353409
0.353410
0.353410
0.353415
0.353419
0.353447
0.353460
0.353464
0.353473
0.353473
0.353485
0.353495
0.353504
0.353509
0.353509
0.353523
0.353529
0.353528
0.353528
0.353532
0.353532
0.353541
0.353543
0.353543
0.353543
0.353545
0.353547
0.353550
0.353553
0.353556
0.353550
0.353552
0.353552
0.353552
0.353578
0.353581
0.353588
0.353555
0.353563
0.353561
0.353561
0.353564
0.353600
0.353600
0.353600
0.353600
0.353607
0.353625
0.353630
0.353632
0.353635
0.353637
0.353643
0.353654
0.353672
0.353672
0.353695
0.353695
0.353702
0.353719
0.353719
0.353719
0.353725
0.353726
0.353733
0.353733
0.353744
0.353746
0.353748
0.353753
0.353766
0.353807
0.353811
0.353812
0.353816
0.353818
0.353824
0.353828
0.353830
0.353834
0.353847
0.353850
0.353848
0.353858
0.353839
0.353843
0.353853
0.353853
0.353869
0.353881
0.353881
0.353901
0.353913
0.353915
0.353915
0.353931
0.353933
0.353934
0.353948
0.353949
0.353949
0.353953
0.353953
0.353951
0.353977
0.353994
0.353996
0.353996
0.353999
0.354006
0.354007
0.354018
0.354018
0.354018
0.354030
0.354032
0.354038
0.354039
0.354039
0.354041
0.354041
0.354094
0.354101
0.354134
0.354134
0.354128
0.354137
0.354141
0.354145
0.354145
0.354162
0.354162
0.354163
0.354169
0.354172
0.354175
0.354175
0.354177
0.354178
0.354178
0.354199
0.354208
0.354210
0.354226
0.354233
0.354241
0.354249
0.354279
0.354284
0.354289
0.354292
0.354297
0.354297
0.354297
0.354302
0.354319
0.354311
0.354325
0.354325
0.354325
0.354328
0.354332
0.354361
0.354368
0.354368
0.354368
0.354368
0.354373
0.354388
0.354390
0.354390
0.354390
0.354392
0.354395
0.354397
0.354401
0.354401
0.354408
0.354415
0.354411
0.354414
0.354418
0.354422
0.354422
0.354434
0.354434
0.354442
0.354464
0.354476
0.354480
0.354497
0.354497
0.354501
0.354504
0.354510
0.354510
0.354531
0.354531
0.354532
0.354552
0.354552
0.354564
0.354566
0.354566
0.354567
0.354578
0.354583
0.354591
0.354591
0.354592
0.354641
0.354641
0.354648
0.354659
0.354659
0.354659
0.354678
0.354678
0.354679
0.354692
0.354714
0.354714
0.354715
0.354720
0.354733
0.354736
0.354736
0.354806
0.354807
0.354808
0.354817
0.354828
0.354802
0.354804
0.354805
0.354809
0.354825
0.354825
0.354826
0.354828
0.354826
0.354830
0.354838
0.354840
0.354844
0.354848
0.354853
0.354864
0.354872
0.354886
0.354884
0.354887
0.354890
0.354891
0.354900
0.354908
0.354911
0.354920
0.354922
0.354925
0.354928
0.354938
0.354938
0.354938
0.354941
0.354941
0.354941
0.354941
0.354942
0.354944
0.354944
0.354944
0.354945
0.354945
0.354948
0.354969
0.354987
0.354991
0.354994
0.354994
0.354997
0.354998
0.354998
0.355001
0.355003
0.354994
0.354996
0.355024
0.355047
0.355052
0.355057
0.355057
0.355085
0.355085
0.355108
0.355108
0.355120
0.355139
0.355139
0.355140
0.355140
0.355140
0.355142
0.355144
0.355144
0.355147
0.355147
0.355147
0.355150
0.355150
0.355151
0.355155
0.355155
0.355182
0.355179
0.355189
0.355190
0.355191
0.355196
0.355196
0.355205
0.355205
0.355212
0.355213
0.355213
0.355213
0.355204
0.355204
0.355205
0.355222
0.355223
0.355231
0.355231
0.355240
0.355242
0.355242
0.355254
0.355254
0.355266
0.355267
0.355285
0.355291
0.355293
0.355306
0.355306
0.355308
0.355308
0.355317
0.355321
0.355322
0.355319
0.355321
0.355327
0.355330
0.355330
0.355338
0.355341
0.355341
0.355341
0.355344
0.355344
0.355350
0.355358
0.355363
0.355363
0.355369
0.355381
0.355381
0.355381
0.355381
0.355388
0.355388
0.355388
0.355391
0.355391
0.355392
0.355392
0.355400
0.355400
0.355429
0.355437
0.355444
0.355455
0.355455
0.355475
0.355492
0.355502
0.355503
0.355505
0.355521
0.355521
0.355521
0.355536
0.355553
0.355554
0.355553
0.355553
0.355565
0.355580
0.355591
0.355607
0.355622
0.355638
0.355637
0.355637
0.355646
0.355646
0.355651
0.355659
0.355659
0.355659
0.355659
0.355659
0.355660
0.355666
0.355672
0.355671
0.355672
0.355674
0.355678
0.355688
0.355697
0.355703
0.355704
0.355711
0.355711
0.355712
0.355724
0.355735
0.355748
0.355748
0.355755
0.355771
0.355793
0.355809
0.355809
0.355816
0.355819
0.355823
0.355865
0.355879
0.355883
0.355889
0.355910
0.355910
0.355913
0.355915
0.355916
0.355916
0.355916
0.355919
0.355919
0.355926
0.355926
0.355926
0.355926
0.355927
0.355927
0.355927
0.355929
0.355936
0.355941
0.355943
0.355943
0.355947
0.355947
0.355948
0.355960
0.355972
0.355986
0.355986
0.355986
0.355988
0.355988
0.356004
0.356013
0.356014
0.356038
0.356038
0.356038
0.356039
0.356039
0.356036
0.356047
0.356052
0.356052
0.356052
0.356052
0.356053
0.356053
0.356056
0.356057
0.356057
0.356061
0.356089
0.356092
0.356092
0.356092
0.356106
0.356106
0.356106
0.356106
0.356108
0.356132
0.356130
0.356130
0.356131
0.356134
0.356134
0.356146
0.356164
0.356164
0.356168
0.356168
0.356169
0.356187
0.356188
0.356190
0.356210
0.356214
0.356215
0.356220
0.356243
0.356245
0.356245
0.356258
0.356259
0.356259
0.356259
0.356282
0.356283
0.356289
0.356300
0.356296
0.356298
0.356298
0.356310
0.356310
0.356316
0.356309
0.356310
0.356318
0.356320
0.356322
0.356322
0.356328
0.356334
0.356336
0.356337
0.356342
0.356342
0.356342
0.356348
0.356348
0.356349
0.356357
0.356358
0.356358
0.356370
0.356371
0.356375
0.356375
0.356375
0.356375
0.356387
0.356387
0.356428
0.356431
0.356431
0.356431
0.356431
0.356440
0.356448
0.356451
0.356451
0.356452
0.356467
0.356470
0.356471
0.356481
0.356485
0.356486
0.356492
0.356495
0.356498
0.356504
0.356517
0.356544
0.356544
0.356564
0.356573
0.356573
0.356579
0.356581
0.356581
0.356584
0.356584
0.356590
0.356585
0.356586
0.356604
0.356615
0.356646
0.356660
0.356661
0.356670
0.356670
0.356670
0.356670
0.356678
0.356676
0.356677
0.356682
0.356682
0.356682
0.356687
0.356703
0.356705
0.356706
0.356706
0.356723
0.356723
0.356724
0.356725
0.356738
0.356755
0.356775
0.356782
0.356782
0.356783
0.356792
0.356792
0.356797
0.356798
0.356799
0.356806
0.356806
0.356813
0.356815
0.356815
0.356818
0.356818
0.356820
0.356820
0.356818
0.356826
0.356827
0.356840
0.356850
0.356853
0.356859
0.356857
0.356862
0.356865
0.356887
0.356887
0.356896
0.356897
0.356899
0.356899
0.356899
0.356899
0.356899
0.356899
0.356901
0.356912
0.356916
0.356916
0.356937
0.356938
0.356942
0.356944
0.356942
0.356942
0.356942
0.356942
0.356942
0.356943
0.356943
0.356944
0.356951
0.356955
0.356984
0.356979
0.356989
0.356993
0.356996
0.356960
0.357008
0.357034
0.357051
0.357073
0.357066
0.357066
0.357066
0.357076
0.357093
0.357093
0.357093
0.357099
0.357101
0.357107
0.357111
0.357113
0.357139
0.357144
0.357146
0.357149
0.357159
0.357165
0.357166
0.357184
0.357184
0.357184
0.357187
0.357190
0.357194
0.357198
0.357197
0.357197
0.357197
0.357201
0.357201
0.357208
0.357219
0.357220
0.357230
0.357247
0.357263
0.357263
0.357263
0.357266
0.357278
0.357278
0.357278
0.357281
0.357284
0.357284
0.357299
0.357304
0.357309
0.357310
0.357313
0.357321
0.357321
0.357322
0.357322
0.357324
0.357325
0.357332
0.357334
0.357354
0.357358
0.357358
0.357364
0.357366
0.357369
0.357398
0.357398
0.357398
0.357398
0.357398
0.357398
0.357398
0.357398
0.357398
0.357409
0.357418
0.357426
0.357434
0.357447
0.357448
0.357448
0.357450
0.357451
0.357451
0.357451
0.357453
0.357453
0.357482
0.357482
0.357483
0.357483
0.357485
0.357486
0.357486
0.357488
0.357506
0.357506
0.357506
0.357528
0.357526
0.357527
0.357536
0.357540
0.357540
0.357549
0.357558
0.357561
0.357563
0.357563
0.357568
0.357567
0.357567
0.357567
0.357567
0.357574
0.357575
0.357576
0.357587
0.357587
0.357589
0.357589
0.357591
0.357598
0.357612
0.357616
0.357627
0.357637
0.357639
0.357660
0.357672
0.357672
0.357659
0.357659
0.357669
0.357669
0.357702
0.357702
0.357708
0.357711
0.357712
0.357712
0.357712
0.357706
0.357723
0.357723
0.357732
0.357739
0.357742
0.357748
0.357748
0.357751
0.357758
0.357760
0.357771
0.357772
0.357782
0.357782
0.357795
0.357798
0.357799
0.357799
0.357802
0.357807
0.357815
0.357817
0.357817
0.357817
0.357829
0.357832
0.357837
0.357839
0.357850
0.357855
0.357855
0.357856
0.357858
0.357858
0.357859
0.357859
0.357860
0.357853
0.357857
0.357869
0.357883
0.357885
0.357885
0.357885
0.357863
0.357865
0.357865
0.357879
0.357878
0.357885
0.357885
0.357888
0.357892
0.357895
0.357901
0.357900
0.357901
0.357901
0.357903
0.357911
0.357910
0.357921
0.357929
0.357951
0.357952
0.357963
0.357963
0.357963
0.357971
0.357971
0.357981
0.357985
0.357987
0.357996
0.357996
0.358000
0.358001
0.358026
0.358026
0.358026
0.358026
0.358026
0.358038
0.358038
0.358041
0.358041
0.358047
0.358048
0.358087
0.358075
0.358075
0.358081
0.358083
0.358087
0.358103
0.358125
0.358129
0.358130
0.358131
0.358131
0.358130
0.358135
0.358136
0.358145
0.358152
0.358163
0.358164
0.358163
0.358163
0.358169
0.358171
0.358171
0.358145
0.358145
0.358145
0.358145
0.358158
0.358185
0.358185
0.358185
0.358187
0.358192
0.358195
0.358198
0.358199
0.358201
0.358210
0.358214
0.358248
0.358274
0.358278
0.358278
0.358278
0.358286
0.358286
0.358292
0.358297
0.358299
0.358301
0.358308
0.358320
0.358321
0.358325
0.358328
0.358334
0.358349
0.358349
0.358350
0.358386
0.358393
0.358393
0.358393
0.358394
0.358394
0.358396
0.358396
0.358396
0.358397
0.358399
0.358405
0.358410
0.358409
0.358411
0.358424
0.358424
0.358424
0.358430
0.358440
0.358443
0.358443
0.358458
0.358458
0.358470
0.358487
0.358501
0.358512
0.358520
0.358522
0.358530
0.358530
0.358532
0.358543
0.358542
0.358566
0.358565
0.358565
0.358569
0.358569
0.358569
0.358573
0.358573
0.358578
0.358578
0.358578
0.358578
0.358579
0.358579
0.358580
0.358580
0.358580
0.358584
0.358584
0.358584
0.358585
0.358585
0.358590
0.358595
0.358595
0.358595
0.358595
0.358602
0.358602
0.358602
0.358602
0.358602
0.358611
0.358618
0.358626
0.358627
0.358629
0.358650
0.358650
0.358673
0.358679
0.358685
0.358685
0.358693
0.358711
0.358711
0.358712
0.358717
0.358727
0.358727
0.358728
0.358728
0.358728
0.358731
0.358733
0.358746
0.358757
0.358758
0.358760
0.358763
0.358764
0.358768
0.358768
0.358768
0.358782
0.358782
0.358795
0.358796
0.358796
0.358809
0.358809
0.358809
0.358809
0.358809
0.358806
0.358821
0.358821
0.358850
0.358867
0.358867
0.358867
0.358875
0.358876
0.358893
0.358891
0.358891
0.358892
0.358892
0.358897
0.358897
0.358897
0.358904
0.358904
0.358904
0.358904
0.358905
0.358908
0.358914
0.358915
0.358922
0.358923
0.358926
0.358926
0.358927
0.358927
0.358930
0.358935
0.358936
0.358937
0.358948
0.358949
0.358954
0.358956
0.358957
0.358967
0.358972
0.358973
0.358954
0.358957
0.358970
0.358983
0.358993
0.359003
0.358999
0.359001
0.359001
0.359005
0.359013
0.359017
0.359040
0.359040
0.359055
0.359059
0.359064
0.359062
0.359062
0.359112
0.359115
0.359117
0.359116
0.359117
0.359132
0.359137
0.359138
0.359138
0.359138
0.359152
0.359154
0.359157
0.359163
0.359162
0.359162
0.359196
0.359201
0.359213
0.359213
0.359205
0.359224
0.359243
0.359256
0.359257
0.359259
0.359263
0.359261
0.359256
0.359258
0.359266
0.359266
0.359266
0.359269
0.359269
0.359269
0.359269
0.359272
0.359274
0.359275
0.359280
0.359287
0.359293
0.359308
0.359308
0.359308
0.359312
0.359314
0.359318
0.359323
0.359323
0.359323
0.359326
0.359327
0.359342
0.359342
0.359342
0.359333
0.359335
0.359365
0.359365
0.359382
0.359387
0.359396
0.359414
0.359423
0.359429
0.359434
0.359434
0.359439
0.359450
0.359452
0.359468
0.359468
0.359421
0.359424
0.359437
0.359440
0.359440
0.359443
0.359445
0.359445
0.359448
0.359451
0.359457
0.359468
0.359491
0.359491
0.359494
0.359496
0.359496
0.359498
0.359501
0.359521
0.359521
0.359533
0.359533
0.359533
0.359533
0.359533
0.359533
0.359540
0.359538
0.359538
0.359544
0.359550
0.359554
0.359555
0.359556
0.359561
0.359578
0.359578
0.359585
0.359599
0.359592
0.359592
0.359610
0.359626
0.359634
0.359636
0.359637
0.359637
0.359645
0.359658
0.359664
0.359665
0.359693
0.359693
0.359693
0.359696
0.359696
0.359702
0.359702
0.359703
0.359703
0.359704
0.359704
0.359708
0.359708
0.359708
0.359710
0.359710
0.359710
0.359710
0.359710
0.359710
0.359720
0.359720
0.359724
0.359724
0.359724
0.359728
0.359736
0.359739
0.359739
0.359743
0.359743
0.359738
0.359738
0.359745
0.359752
0.359752
0.359752
0.359752
0.359758
0.359758
0.359772
0.359770
0.359770
0.359768
0.359768
0.359768
0.359768
0.359776
0.359776
0.359776
0.359777
0.359791
0.359791
0.359796
0.359793
0.359794
0.359801
0.359801
0.359801
0.359803
0.359806
0.359806
0.359809
0.359809
0.359823
0.359823
0.359824
0.359834
0.359836
0.359836
0.359836
0.359841
0.359840
0.359840
0.359840
0.359840
0.359842
0.359856
0.359856
0.359856
0.359857
0.359872
0.359893
0.359898
0.359925
0.359931
0.359931
0.359938
0.359940
0.359964
0.359978
0.359983
0.359988
0.359998
0.359998
0.359999
0.360000
0.360004
0.360007
0.360007
0.360012
0.360012
0.360019
0.360019
0.360021
0.360021
0.360021
0.360021
0.360026
0.360028
0.360028
0.360031
0.360031
0.360034
0.360034
0.360028
0.360039
0.360039
0.360041
0.360049
0.360049
0.360049
0.360059
0.360061
0.360061
0.360056
0.360077
0.360084
0.360084
0.360101
0.360135
0.360138
0.360147
0.360147
0.360147
0.360148
0.360152
0.360152
0.360164
0.360164
0.360165
0.360175
0.360189
0.360191
0.360200
0.360200
0.360200
0.360202
0.360216
0.360228
0.360228
0.360228
0.360226
0.360231
0.360233
0.360234
0.360228
0.360228
0.360243
0.360244
0.360244
0.360246
0.360246
0.360244
0.360251
0.360251
0.360255
0.360258
0.360266
0.360268
0.360271
0.360275
0.360279
0.360279
0.360279
0.360293
0.360297
0.360301
0.360301
0.360301
0.360309
0.360310
0.360310
0.360306
0.360306
0.360319
0.360321
0.360321
0.360327
0.360327
0.360327
0.360330
0.360339
0.360339
0.360339
0.360344
0.360344
0.360344
0.360344
0.360355
0.360362
0.360370
0.360371
0.360383
0.360386
0.360389
0.360411
0.360413
0.360413
0.360410
0.360418
0.360419
0.360420
0.360450
0.360450
0.360451
0.360463
0.360466
0.360468
0.360464
0.360464
0.360464
0.360475
0.360491
0.360492
0.360512
0.360512
0.360520
0.360526
0.360531
0.360534
0.360534
0.360538
0.360540
0.360540
0.360540
0.360556
0.360563
0.360564
0.360566
0.360567
0.360575
0.360578
0.360588
0.360590
0.360597
0.360598
0.360599
0.360599
0.360599
0.360609
0.360610
0.360610
0.360612
0.360617
0.360617
0.360617
0.360621
0.360621
0.360622
0.360624
0.360626
0.360629
0.360630
0.360639
0.360639
0.360644
0.360649
0.360650
0.360650
0.360650
0.360646
0.360655
0.360655
0.360678
0.360680
0.360683
0.360683
0.360682
0.360688
0.360688
0.360688
0.360695
0.360709
0.360712
0.360724
0.360740
0.360750
0.360756
0.360762
0.360782
0.360787
0.360787
0.360787
0.360788
0.360794
0.360797
0.360801
0.360810
0.360812
0.360815
0.360823
0.360823
0.360836
0.360837
0.360847
0.360856
0.360859
0.360861
0.360868
0.360869
0.360870
0.360870
0.360871
0.360879
0.360882
0.360882
0.360901
0.360907
0.360908
0.360924
0.360940
0.360962
0.360975
0.360975
0.360979
0.360982
0.360987
0.360997
0.361000
0.361000
0.361002
0.361002
0.361007
0.361012
0.361012
0.361012
0.361025
0.361026
0.361026
0.361033
0.361040
0.361045
0.361046
0.361047
0.361047
0.361052
0.361052
0.361062
0.361090
0.361118
0.361121
0.361122
0.361122
0.361132
0.361136
0.361138
0.361139
0.361140
0.361149
0.361149
0.361151
0.361153
0.361153
0.361153
0.361153
0.361154
0.361155
0.361161
0.361165
0.361165
0.361165
0.361175
0.361175
0.361175
0.361175
0.361175
0.361175
0.361175
0.361185
0.361185
0.361203
0.361205
0.361210
0.361210
0.361217
0.361217
0.361235
0.361256
0.361264
0.361264
0.361264
0.361266
0.361267
0.361272
0.361281
0.361303
0.361310
0.361310
0.361316
0.361320
0.361320
0.361320
0.361321
0.361328
0.361328
0.361328
0.361328
0.361328
0.361337
0.361337
0.361337
0.361337
0.361343
0.361341
0.361343
0.361345
0.361345
0.361347
0.361347
0.361347
0.361349
0.361358
0.361365
0.361365
0.361365
0.361373
0.361382
0.361387
0.361387
0.361390
0.361342
0.361342
0.361343
0.361343
0.361355
0.361361
0.361361
0.361363
0.361363
0.361363
0.361360
0.361360
0.361364
0.361367
0.361367
0.361371
0.361371
0.361374
0.361376
0.361381
0.361381
0.361386
0.361390
0.361395
0.361397
0.361399
0.361403
0.361403
0.361406
0.361406
0.361399
0.361406
0.361412
0.361421
0.361426
0.361426
0.361428
0.361432
0.361432
0.361433
0.361443
0.361443
0.361443
0.361444
0.361453
0.361469
0.361469
0.361470
0.361470
0.361466
0.361466
0.361467
0.361465
0.361472
0.361474
0.361474
0.361476
0.361477
0.361479
0.361479
0.361479
0.361484
0.361484
0.361484
0.361484
0.361484
0.361501
0.361502
0.361504
0.361504
0.361507
0.361513
0.361519
0.361525
0.361533
0.361543
0.361543
0.361543
0.361545
0.361546
0.361546
0.361546
0.361553
0.361553
0.361553
0.361555
0.361555
0.361557
0.361557
0.361559
0.361570
0.361574
0.361574
0.361575
0.361575
0.361587
0.361587
0.361587
0.361589
0.361589
0.361592
0.361590
0.361590
0.361593
0.361600
0.361600
0.361600
0.361600
0.361600
0.361600
0.361602
0.361607
0.361611
0.361611
0.361616
0.361616
0.361618
0.361619
0.361620
0.361620
0.361628
0.361641
0.361641
0.361641
0.361641
0.361641
0.361641
0.361645
0.361645
0.361646
0.361647
0.361647
0.361651
0.361652
0.361653
0.361659
0.361659
0.361672
0.361672
0.361673
0.361675
0.361675
0.361690
0.361691
0.361694
0.361699
0.361701
0.361704
0.361707
0.361707
0.361707
0.361707
0.361709
0.361710
0.361721
0.361721
0.361721
0.361721
0.361729
0.361729
0.361733
0.361733
0.361731
0.361731
0.361736
0.361736
0.361737
0.361739
0.361744
0.361745
0.361745
0.361750
0.361750
0.361751
0.361755
0.361752
0.361752
0.361755
0.361752
0.361752
0.361753
0.361753
0.361768
0.361768
0.361768
0.361768
0.361768
0.361767
0.361767
0.361772
0.361781
0.361781
0.361781
0.361781
0.361784
0.361789
0.361792
0.361792
0.361793
0.361796
0.361797
0.361807
0.361807
0.361822
0.361823
0.361832
0.361838
0.361838
0.361838
0.361838
0.361867
0.361867
0.361865
0.361865
0.361896
0.361896
0.361898
0.361907
0.361909
0.361913
0.361936
0.361945
0.361946
0.361956
0.361957
0.361958
0.361958
0.361970
0.361972
0.361979
0.361985
0.361985
0.361997
0.362008
0.362010
0.362037
0.362040
0.362041
0.362041
0.362042
0.362042
0.362042
0.362045
0.362045
0.362056
0.362059
0.362059
0.362065
0.362065
0.362067
0.362070
0.362070
0.362071
0.362071
0.362071
0.362055
0.362066
0.362066
0.362066
0.362079
0.362086
0.362086
0.362088
0.362096
0.362097
0.362097
0.362108
0.362108
0.362112
0.362112
0.362112
0.362138
0.362146
0.362152
0.362152
0.362176
0.362180
0.362181
0.362188
0.362192
0.362199
0.362199
0.362200
0.362206
0.362229
0.362237
0.362238
0.362243
0.362283
0.362288
0.362295
0.362295
0.362293
0.362306
0.362308
0.362308
0.362308
0.362312
0.362313
0.362313
0.362313
0.362316
0.362316
0.362332
0.362334
0.362334
0.362337
0.362337
0.362337
0.362345
0.362346
0.362351
0.362358
0.362358
0.362382
0.362382
0.362382
0.362398
0.362398
0.362411
0.362418
0.362422
0.362422
0.362422
0.362427
0.362427
0.362462
0.362464
0.362464
0.362464
0.362465
0.362470
0.362471
0.362472
0.362476
0.362479
0.362487
0.362487
0.362487
0.362487
0.362488
0.362495
0.362495
0.362495
0.362512
0.362512
0.362512
0.362512
0.362516
0.362521
0.362521
0.362526
0.362530
0.362536
0.362536
0.362547
0.362548
0.362551
0.362559
0.362559
0.362562
0.362562
0.362562
0.362562
0.362579
0.362579
0.362584
0.362586
0.362586
0.362602
0.362607
0.362610
0.362610
0.362611
0.362613
0.362624
0.362624
0.362624
0.362629
0.362630
0.362630
0.362636
0.362636
0.362636
0.362642
0.362643
0.362646
0.362648
0.362651
0.362654
0.362654
0.362653
0.362653
0.362677
0.362677
0.362688
0.362688
0.362691
0.362689
0.362700
0.362701
0.362733
0.362734
0.362735
0.362735
0.362736
0.362736
0.362742
0.362749
0.362751
0.362751
0.362751
0.362754
0.362756
0.362756
0.362756
0.362756
0.362756
0.362757
0.362758
0.362759
0.362765
0.362765
0.362783
0.362783
0.362784
0.362795
0.362797
0.362808
0.362809
0.362812
0.362812
0.362815
0.362816
0.362816
0.362816
0.362834
0.362834
0.362837
0.362840
0.362840
0.362841
0.362844
0.362844
0.362844
0.362844
0.362844
0.362844
0.362853
0.362853
0.362853
0.362853
0.362875
0.362875
0.362875
0.362878
0.362879
0.362879
0.362883
0.362883
0.362883
0.362884
0.362884
0.362902
0.362902
0.362902
0.362904
0.362906
0.362913
0.362919
0.362921
0.362923
0.362923
0.362928
0.362929
0.362930
0.362929
0.362931
0.362931
0.362931
0.362941
0.362942
0.362942
0.362942
0.362942
0.362942
0.362943
0.362943
0.362954
0.362954
0.362960
0.362961
0.362957
0.362962
0.362962
0.362962
0.362962
0.362962
0.362967
0.362967
0.362969
0.362970
0.362970
0.362970
0.362970
0.362975
0.362976
0.362976
0.362979
0.362979
0.362980
0.362980
0.362980
0.362972
0.362973
0.362984
0.362982
0.362982
0.362991
0.362991
0.362994
0.362995
0.363007
0.363029
0.363029
0.363040
0.363040
0.363044
0.363048
0.363048
0.363048
0.363066
0.363066
0.363063
0.363063
0.363072
0.363072
0.363074
0.363074
0.363077
0.363077
0.363082
0.363082
0.363082
0.363084
0.363092
0.363092
0.363095
0.363095
0.363095
0.363095
0.363095
0.363121
0.363121
0.363124
0.363124
0.363128
0.363128
0.363128
0.363130
0.363130
0.363132
0.363136
0.363136
0.363137
0.363138
0.363138
0.363139
0.363139
0.363139
0.363140
0.363152
0.363152
0.363168
0.363168
0.363178
0.363179
0.363182
0.363182
0.363183
0.363189
0.363193
0.363194
0.363197
0.363197
0.363198
0.363203
0.363204
0.363204
0.363204
0.363204
0.363204
0.363207
0.363210
0.363212
0.363213
0.363213
0.363213
0.363222
0.363242
0.363236
0.363236
0.363238
0.363237
0.363238
0.363250
0.363250
0.363260
0.363260
0.363260
0.363252
0.363253
0.363256
0.363256
0.363256
0.363258
0.363261
0.363261
0.363261
0.363261
0.363261
0.363261
0.363265
0.363273
0.363273
0.363277
0.363278
0.363278
0.363281
0.363294
0.363299
0.363313
0.363313
0.363313
0.363313
0.363314
0.363321
0.363321
0.363323
0.363318
0.363319
0.363324
0.363344
0.363358
0.363366
0.363366
0.363367
0.363370
0.363363
0.363365
0.363365
0.363380
0.363382
0.363388
0.363390
0.363390
0.363393
0.363393
0.363397
0.363426
0.363426
0.363426
0.363426
0.363426
0.363426
0.363429
0.363436
0.363440
0.363446
0.363455
0.363462
0.363463
0.363465
0.363481
0.363485
0.363492
0.363491
0.363492
0.363492
0.363492
0.363496
0.363496
0.363496
0.363497
0.363498
0.363498
0.363508
0.363510
0.363515
0.363516
0.363516
0.363515
0.363526
0.363526
0.363529
0.363529
0.363529
0.363529
0.363548
0.363551
0.363553
0.363553
0.363550
0.363550
0.363551
0.363553
0.363554
0.363554
0.363556
0.363556
0.363560
0.363563
0.363563
0.363564
0.363564
0.363564
0.363572
0.363572
0.363573
0.363573
0.363573
0.363578
0.363589
0.363589
0.363591
0.363592
0.363597
0.363597
0.363597
0.363601
0.363601
0.363601
0.363601
0.363602
0.363602
0.363602
0.363591
0.363593
0.363593
0.363596
0.363596
0.363603
0.363603
0.363603
0.363603
0.363603
0.363603
0.363603
0.363606
0.363606
0.363607
0.363610
0.363616
0.363617
0.363618
0.363619
0.363619
0.363619
0.363619
0.363621
0.363666
0.363667
0.363668
0.363668
0.363675
0.363675
0.363684
0.363693
0.363698
0.363693
0.363693
0.363693
0.363694
0.363696
0.363698
0.363698
0.363699
0.363699
0.363699
0.363703
0.363719
0.363726
0.363726
0.363736
0.363737
0.363737
0.363741
0.363748
0.363749
0.363749
0.363750
0.363751
0.363757
0.363757
0.363757
0.363771
0.363772
0.363789
0.363789
0.363789
0.363789
0.363792
0.363792
0.363792
0.363802
0.363802
0.363802
0.363803
0.363803
0.363803
0.363803
0.363811
0.363811
0.363811
0.363811
0.363830
0.363832
0.363832
0.363832
0.363836
0.363836
0.363835
0.363835
0.363837
0.363845
0.363845
0.363845
0.363851
0.363851
0.363851
0.363852
0.363852
0.363852
0.363852
0.363853
0.363853
0.363853
0.363853
0.363853
0.363853
0.363853
0.363866
0.363866
0.363873
0.363878
0.363874
0.363874
0.363874
0.363875
0.363880
0.363889
0.363889
0.363890
0.363890
0.363911
0.363913
0.363917
0.363923
0.363923
0.363923
0.363925
0.363926
0.363926
0.363929
0.363931
0.363931
0.363931
0.363935
0.363935
0.363935
0.363939
0.363939
0.363939
0.363946
0.363951
0.363951
0.363951
0.363951
0.363960
0.363963
0.363963
0.363973
0.363976
0.363976
0.363986
0.363989
0.363987
0.363987
0.363995
0.363996
0.364005
0.364005
0.364008
0.364013
0.364013
0.364015
0.364015
0.364014
0.364014
0.364024
0.364027
0.364027
0.364027
0.364028
0.364029
0.364036
0.364036
0.364036
0.364036
0.364035
0.364036
0.364036
0.364038
0.364043
0.364043
0.364047
0.364047
0.364047
0.364047
0.364051
0.364051
0.364057
0.364059
0.364059
0.364064
0.364067
0.364067
0.364065
0.364066
0.364069
0.364074
0.364074
0.364074
0.364074
0.364075
0.364077
0.364077
0.364077
0.364078
0.364080
0.364080
0.364085
0.364113
0.364113
0.364114
0.364118
0.364128
0.364128
0.364135
0.364135
0.364135
0.364137
0.364150
0.364172
0.364160
0.364170
0.364178
0.364181
0.364192
0.364199
0.364197
0.364197
0.364221
0.364221
0.364219
0.364214
0.364218
0.364219
0.364220
0.364220
0.364239
0.364248
0.364248
0.364248
0.364267
0.364271
0.364271
0.364272
0.364272
0.364272
0.364272
0.364278
0.364279
0.364279
0.364279
0.364279
0.364279
0.364293
0.364293
0.364294
0.364302
0.364302
0.364309
0.364310
0.364319
0.364319
0.364328
0.364330
0.364330
0.364331
0.364331
0.364363
0.364371
0.364382
0.364373
0.364373
0.364375
0.364381
0.364384
0.364384
0.364387
0.364403
0.364405
0.364403
0.364411
0.364417
0.364417
0.364434
0.364434
0.364435
0.364435
0.364435
0.364450
0.364450
0.364450
0.364450
0.364448
0.364448
0.364448
0.364450
0.364450
0.364452
0.364454
0.364454
0.364466
0.364466
0.364466
0.364467
0.364469
0.364469
0.364469
0.364482
0.364482
0.364482
0.364483
0.364490
0.364489
0.364494
0.364494
0.364490
0.364490
0.364501
0.364501
0.364503
0.364512
0.364512
0.364517
0.364517
0.364539
0.364539
0.364545
0.364551
0.364552
0.364553
0.364555
0.364557
0.364558
0.364556
0.364557
0.364568
0.364568
0.364572
0.364613
0.364613
0.364624
0.364636
0.364639
0.364639
0.364642
0.364643
0.364644
0.364644
0.364644
0.364645
0.364648
0.364651
0.364651
0.364651
0.364652
0.364652
0.364652
0.364677
0.364677
0.364677
0.364683
0.364683
0.364688
0.364683
0.364683
0.364700
0.364698
0.364698
0.364700
0.364713
0.364715
0.364715
0.364722
0.364722
0.364722
0.364724
0.364724
0.364724
0.364724
0.364724
0.364729
0.364740
0.364740
0.364757
0.364757
0.364754
0.364755
0.364755
0.364756
0.364756
0.364764
0.364771
0.364789
0.364792
0.364792
0.364799
0.364811
0.364812
0.364812
0.364812
0.364812
0.364814
0.364818
0.364818
0.364823
0.364829
0.364833
0.364834
0.364834
0.364844
0.364844
0.364851
0.364853
0.364853
0.364849
0.364865
0.364875
0.364880
0.364880
0.364885
0.364895
0.364901
0.364912
0.364913
0.364914
0.364922
0.364922
0.364925
0.364926
0.364923
0.364923
0.364924
0.364927
0.364929
0.364929
0.364930
0.364930
0.364930
0.364933
0.364933
0.364934
0.364938
0.364942
0.364946
0.364949
0.364951
0.364951
0.364951
0.364951
0.364951
0.364956
0.364956
0.364958
0.364958
0.364967
0.364967
0.364967
0.364979
0.364984
0.364984
0.365002
0.365002
0.365004
0.365004
0.365005
0.365005
0.365006
0.365010
0.365012
0.365012
0.365014
0.365018
0.365030
0.365030
0.365052
0.365052
0.365056
0.365058
0.365061
0.365063
0.365063
0.365073
0.365074
0.365088
0.365088
0.365088
0.365096
0.365101
0.365101
0.365101
0.365101
0.365107
0.365110
0.365110
0.365110
0.365110
0.365117
0.365117
0.365117
0.365127
0.365127
0.365127
0.365127
0.365127
0.365127
0.365127
0.365127
0.365127
0.365137
0.365137
0.365138
0.365138
0.365138
0.365138
0.365138
0.365140
0.365142
0.365143
0.365143
0.365143
0.365146
0.365146
0.365151
0.365153
0.365153
0.365156
0.365156
0.365168
0.365169
0.365180
0.365184
0.365185
0.365185
0.365185
0.365192
0.365193
0.365193
0.365197
0.365197
0.365197
0.365197
0.365202
0.365202
0.365202
0.365218
0.365218
0.365219
0.365219
0.365219
0.365219
0.365219
0.365228
0.365238
0.365244
0.365244
0.365246
0.365246
0.365246
0.365246
0.365246
0.365248
0.365248
0.365249
0.365249
0.365249
0.365257
0.365269
0.365269
0.365271
0.365271
0.365271
0.365276
0.365288
0.365291
0.365291
0.365291
0.365293
0.365293
0.365296
0.365296
0.365296
0.365296
0.365296
0.365296
0.365296
0.365311
0.365311
0.365313
0.365314
0.365318
0.365318
0.365318
0.365318
0.365319
0.365320
0.365338
0.365338
0.365345
0.365346
0.365343
0.365347
0.365352
0.365359
0.365366
0.365366
0.365366
0.365371
0.365373
0.365376
0.365374
0.365376
0.365376
0.365376
0.365378
0.365378
0.365379
0.365380
0.365380
0.365380
0.365380
0.365382
0.365382
0.365382
0.365382
0.365385
0.365386
0.365388
0.365388
0.365387
0.365402
0.365402
0.365402
0.365404
0.365404
0.365408
0.365408
0.365410
0.365410
0.365412
0.365421
0.365428
0.365428
0.365428
0.365435
0.365434
0.365434
0.365436
0.365436
0.365436
0.365438
0.365438
0.365439
0.365439
0.365439
0.365439
0.365439
0.365439
0.365437
0.365437
0.365437
0.365437
0.365441
0.365445
0.365445
0.365449
0.365449
0.365452
0.365452
0.365452
0.365456
0.365457
0.365465
0.365473
0.365474
0.365478
0.365480
0.365483
0.365484
0.365492
0.365491
0.365493
0.365494
0.365501
0.365505
0.365506
0.365515
0.365521
0.365527
0.365527
0.365527
0.365544
0.365544
0.365544
0.365551
0.365553
0.365555
0.365555
0.365556
0.365557
0.365557
0.365561
0.365562
0.365566
0.365594
0.365594
0.365597
0.365602
0.365602
0.365606
0.365606
0.365606
0.365606
0.365606
0.365606
0.365606
0.365607
0.365607
0.365607
0.365607
0.365611
0.365611
0.365638
0.365641
0.365642
0.365631
0.365631
0.365634
0.365634
0.365653
0.365655
0.365660
0.365672
0.365672
0.365682
0.365682
0.365678
0.365678
0.365678
0.365679
0.365683
0.365699
0.365699
0.365699
0.365704
0.365704
0.365713
0.365713
0.365713
0.365714
0.365714
0.365714
0.365715
0.365729
0.365730
0.365730
0.365731
0.365731
0.365737
0.365738
0.365737
0.365743
0.365747
0.365766
0.365769
0.365769
0.365786
0.365786
0.365786
0.365786
0.365788
0.365790
0.365797
0.365797
0.365805
0.365805
0.365810
0.365811
0.365811
0.365814
0.365814
0.365819
0.365819
0.365819
0.365819
0.365819
0.365834
0.365834
0.365836
0.365836
0.365836
0.365844
0.365845
0.365862
0.365862
0.365863
0.365863
0.365863
0.365863
0.365863
0.365869
0.365880
0.365880
0.365880
0.365880
0.365880
0.365881
0.365881
0.365881
0.365883
0.365883
0.365893
0.365904
0.365906
0.365906
0.365906
0.365910
0.365910
0.365910
0.365910
0.365910
0.365911
0.365911
0.365911
0.365909
0.365914
0.365914
0.365915
0.365915
0.365915
0.365916
0.365916
0.365917
0.365917
0.365917
0.365917
0.365939
0.365953
0.365954
0.365958
0.365962
0.365960
0.365960
0.365967
0.365982
0.365983
0.365985
0.365985
0.365990
0.365993
0.366005
0.366005
0.366006
0.366006
0.366018
0.366019
0.366019
0.366019
0.366033
0.366033
0.366033
0.366033
0.366040
0.366040
0.366043
0.366043
0.366044
0.366044
0.366044
0.366046
0.366048
0.366048
0.366048
0.366048
0.366049
0.366052
0.366052
0.366053
0.366053
0.366053
0.366068
0.366070
0.366079
0.366079
0.366079
0.366092
0.366092
0.366093
0.366093
0.366096
0.366097
0.366097
0.366098
0.366098
0.366098
0.366098
0.366098
0.366112
0.366112
0.366112
0.366112
0.366112
0.366112
0.366112
0.366112
0.366111
0.366111
0.366111
0.366111
0.366114
0.366114
0.366116
0.366116
0.366116
0.366116
0.366126
0.366126
0.366128
0.366138
0.366138
0.366139
0.366149
0.366149
0.366149
0.366149
0.366155
0.366158
0.366158
0.366158
0.366158
0.366158
0.366166
0.366166
0.366166
0.366169
0.366175
0.366175
0.366175
0.366175
0.366187
0.366193
0.366193
0.366196
0.366198
0.366203
0.366203
0.366204
0.366209
0.366213
0.366214
0.366215
0.366215
0.366215
0.366232
0.366237
0.366239
0.366235
0.366251
0.366252
0.366256
0.366262
0.366262
0.366261
0.366254
0.366261
0.366266
0.366272
0.366272
0.366276
0.366278
0.366280
0.366280
0.366285
0.366284
0.366284
0.366288
0.366290
0.366290
0.366294
0.366294
0.366294
0.366297
0.366302
0.366309
0.366311
0.366311
0.366313
0.366316
0.366316
0.366318
0.366320
0.366324
0.366324
0.366324
0.366328
0.366329
0.366329
0.366333
0.366334
0.366335
0.366364
0.366364
0.366364
0.366364
0.366368
0.366368
0.366368
0.366368
0.366368
0.366371
0.366371
0.366372
0.366381
0.366383
0.366385
0.366389
0.366390
0.366390
0.366400
0.366400
0.366400
0.366400
0.366401
0.366402
0.366403
0.366403
0.366410
0.366412
0.366412
0.366412
0.366416
0.366416
0.366416
0.366424
0.366429
0.366429
0.366430
0.366430
0.366432
0.366441
0.366441
0.366441
0.366441
0.366445
0.366445
0.366445
0.366445
0.366451
0.366451
0.366451
0.366452
0.366465
0.366466
0.366472
0.366472
0.366473
0.366480
0.366480
0.366485
0.366485
0.366488
0.366490
0.366490
0.366497
0.366497
0.366499
0.366499
0.366501
0.366508
0.366508
0.366509
0.366518
0.366518
0.366518
0.366520
0.366528
0.366528
0.366528
0.366528
0.366535
0.366537
0.366537
0.366543
0.366546
0.366547
0.366553
0.366553
0.366554
0.366554
0.366575
0.366594
0.366596
0.366596
0.366596
0.366598
0.366598
0.366598
0.366603
0.366603
0.366610
0.366616
0.366618
0.366618
0.366622
0.366637
0.366638
0.366638
0.366648
0.366664
0.366658
0.366663
0.366663
0.366663
0.366668
0.366677
0.366677
0.366677
0.366677
0.366677
0.366673
0.366673
0.366673
0.366669
0.366669
0.366675
0.366675
0.366676
0.366679
0.366679
0.366679
0.366693
0.366697
0.366697
0.366703
0.366707
0.366712
0.366714
0.366719
0.366709
0.366710
0.366710
0.366710
0.366718
0.366718
0.366720
0.366723
0.366723
0.366723
0.366727
0.366728
0.366728
0.366728
0.366728
0.366726
0.366728
0.366731
0.366735
0.366733
0.366733
0.366735
0.366735
0.366735
0.366737
0.366739
0.366739
0.366741
0.366741
0.366744
0.366746
0.366818
0.366818
0.366818
0.366818
0.366822
0.366829
0.366829
0.366829
0.366831
0.366831
0.366843
0.366844
0.366845
0.366862
0.366862
0.366908
0.366908
0.366909
0.366911
0.366916
0.366923
0.366923
0.366923
0.366923
0.366923
0.366923
0.366927
0.366927
0.366941
0.366942
0.366942
0.366942
0.366942
0.366942
0.366943
0.366943
0.366949
0.366951
0.366955
0.366955
0.366962
0.366962
0.366963
0.366979
0.366979
0.366988
0.367004
0.367004
0.367013
0.367013
0.367015
0.367016
0.367016
0.367017
0.367017
0.367018
0.367018
0.367019
0.367020
0.367020
0.367027
0.367027
0.367028
0.367028
0.367028
0.367043
0.367045
0.367048
0.367048
0.367048
0.367052
0.367049
0.367050
0.367051
0.367065
0.367066
0.367073
0.367077
0.367087
0.367091
0.367092
0.367093
0.367094
0.367094
0.367094
0.367094
0.367094
0.367094
0.367094
0.367094
0.367094
0.367094
0.367118
0.367123
0.367124
0.367124
0.367135
0.367135
0.367139
0.367141
0.367141
0.367141
0.367148
0.367148
0.367177
0.367177
0.367177
0.367179
0.367197
0.367199
0.367200
0.367200
0.367203
0.367203
0.367206
0.367206
0.367207
0.367207
0.367210
0.367229
0.367229
0.367228
0.367228
0.367231
0.367231
0.367231
0.367232
0.367233
0.367245
0.367246
0.367246
0.367253
0.367257
0.367257
0.367258
0.367278
0.367280
0.367282
0.367285
0.367285
0.367289
0.367289
0.367289
0.367289
0.367290
0.367290
0.367291
0.367295
0.367295
0.367295
0.367295
0.367305
0.367307
0.367307
0.367307
0.367312
0.367310
0.367322
0.367322
0.367322
0.367322
0.367327
0.367327
0.367327
0.367334
0.367334
0.367334
0.367334
0.367334
0.367338
0.367338
0.367338
0.367340
0.367340
0.367341
0.367341
0.367350
0.367366
0.367366
0.367380
0.367380
0.367380
0.367387
0.367396
0.367405
0.367405
0.367405
0.367406
0.367406
0.367406
0.367406
0.367430
0.367432
0.367432
0.367432
0.367432
0.367436
0.367436
0.367438
0.367439
0.367446
0.367445
0.367445
0.367451
0.367455
0.367458
0.367460
0.367468
0.367468
0.367468
0.367468
0.367468
0.367468
0.367468
0.367468
0.367468
0.367468
0.367468
0.367468
0.367468
0.367468
0.367468
0.367468
0.367470
0.367472
0.367482
0.367481
0.367481
0.367481
0.367490
0.367493
0.367493
0.367493
0.367493
0.367493
0.367493
0.367496
0.367496
0.367496
0.367511
0.367511
0.367514
0.367514
0.367514
0.367526
0.367526
0.367526
0.367526
0.367526
0.367530
0.367530
0.367530
0.367532
0.367552
0.367555
0.367561
0.367561
0.367561
0.367561
0.367561
0.367568
0.367568
0.367568
0.367568
0.367568
0.367574
0.367574
0.367574
0.367574
0.367574
0.367574
0.367576
0.367576
0.367576
0.367565
0.367566
0.367566
0.367573
0.367573
0.367573
0.367573
0.367580
0.367580
0.367580
0.367580
0.367583
0.367595
0.367597
0.367598
0.367598
0.367598
0.367598
0.367599
0.367600
0.367600
0.367600
0.367600
0.367600
0.367601
0.367601
0.367601
0.367601
0.367601
0.367607
0.367607
0.367607
0.367608
0.367608
0.367613
0.367616
0.367616
0.367627
0.367635
0.367637
0.367638
0.367638
0.367640
0.367641
0.367650
0.367652
0.367677
0.367681
0.367681
0.367681
0.367686
0.367686
0.367686
0.367687
0.367691
0.367692
0.367692
0.367692
0.367692
0.367689
0.367691
0.367691
0.367697
0.367697
0.367697
0.367701
0.367701
0.367702
0.367702
0.367707
0.367725
0.367725
0.367735
0.367735
0.367735
0.367745
0.367746
0.367749
0.367751
0.367762
0.367762
0.367762
0.367764
0.367764
0.367765
0.367766
0.367766
0.367771
0.367771
0.367773
0.367773
0.367778
0.367779
0.367783
0.367783
0.367783
0.367783
0.367785
0.367785
0.367789
0.367793
0.367793
0.367793
0.367793
0.367795
0.367795
0.367795
0.367795
0.367795
0.367799
0.367799
0.367801
0.367801
0.367801
0.367812
0.367815
0.367827
0.367827
0.367831
0.367831
0.367831
0.367831
0.367831
0.367831
0.367834
0.367834
0.367834
0.367840
0.367847
0.367849
0.367849
0.367849
0.367849
0.367852
0.367857
0.367858
0.367858
0.367858
0.367858
0.367862
0.367863
0.367863
0.367871
0.367875
0.367875
0.367875
0.367878
0.367877
0.367877
0.367878
0.367878
0.367878
0.367878
0.367882
0.367882
0.367884
0.367885
0.367900
0.367900
0.367901
0.367904
0.367919
0.367929
0.367929
0.367929
0.367929
0.367926
0.367932
0.367932
0.367935
0.367949
0.367961
0.367962
0.367964
0.367969
0.367970
0.367970
0.367971
0.367971
0.367971
0.367978
0.367984
0.367985
0.367986
0.367986
0.367993
0.367993
0.367996
0.367996
0.367997
0.367997
0.368009
0.368009
0.368021
0.368021
0.368021
0.368031
0.368032
0.368040
0.368046
0.368056
0.368056
0.368056
0.368057
0.368054
0.368055
0.368055
0.368057
0.368063
0.368063
0.368063
0.368063
0.368065
0.368065
0.368065
0.368065
0.368070
0.368070
0.368070
0.368070
0.368070
0.368070
0.368070
0.368068
0.368069
0.368074
0.368074
0.368074
0.368078
0.368078
0.368078
0.368080
0.368080
0.368080
0.368082
0.368084
0.368084
0.368084
0.368086
0.368086
0.368092
0.368093
0.368093
0.368093
0.368097
0.368099
0.368099
0.368099
0.368100
0.368100
0.368100
0.368102
0.368102
0.368102
0.368112
0.368112
0.368115
0.368119
0.368132
0.368132
0.368132
0.368134
0.368134
0.368142
0.368145
0.368145
0.368150
0.368151
0.368151
0.368151
0.368154
0.368154
0.368154
0.368158
0.368158
0.368158
0.368158
0.368162
0.368162
0.368160
0.368162
0.368162
0.368162
0.368162
0.368162
0.368162
0.368163
0.368163
0.368163
0.368166
0.368167
0.368169
0.368169
0.368168
0.368168
0.368173
0.368173
0.368173
0.368173
0.368173
0.368174
0.368174
0.368174
0.368174
0.368174
0.368184
0.368184
0.368184
0.368184
0.368184
0.368184
0.368189
0.368189
0.368191
0.368189
0.368191
0.368191
0.368191
0.368191
0.368212
0.368212
0.368212
0.368223
0.368223
0.368223
0.368224
0.368224
0.368225
0.368225
0.368231
0.368231
0.368232
0.368234
0.368237
0.368237
0.368237
0.368243
0.368250
0.368252
0.368256
0.368256
0.368256
0.368256
0.368256
0.368258
0.368259
0.368259
0.368259
0.368259
0.368277
0.368277
0.368278
0.368278
0.368278
0.368278
0.368282
0.368285
0.368285
0.368285
0.368288
0.368288
0.368289
0.368291
0.368291
0.368298
0.368298
0.368301
0.368301
0.368305
0.368305
0.368305
0.368305
0.368305
0.368305
0.368307
0.368307
0.368307
0.368307
0.368308
0.368308
0.368308
0.368308
0.368308
0.368317
0.368335
0.368354
0.368354
0.368354
0.368360
0.368360
0.368360
0.368362
0.368364
0.368364
0.368365
0.368365
0.368365
0.368387
0.368387
0.368387
0.368385
0.368396
0.368396
0.368397
0.368397
0.368402
0.368402
0.368402
0.368409
0.368409
0.368409
0.368409
0.368410
0.368410
0.368413
0.368416
0.368418
0.368420
0.368421
0.368425
0.368425
0.368425
0.368436
0.368437
0.368439
0.368440
0.368440
0.368440
0.368440
0.368443
0.368453
0.368466
0.368466
0.368469
0.368469
0.368469
0.368469
0.368469
0.368469
0.368477
0.368477
0.368477
0.368477
0.368485
0.368485
0.368492
0.368487
0.368487
0.368495
0.368503
0.368514
0.368514
0.368517
0.368523
0.368523
0.368523
0.368523
0.368523
0.368533
0.368537
0.368537
0.368540
0.368540
0.368544
0.368544
0.368544
0.368543
0.368547
0.368547
0.368547
0.368547
0.368547
0.368550
0.368550
0.368552
0.368553
0.368553
0.368563
0.368563
0.368561
0.368562
0.368562
0.368562
0.368562
0.368562
0.368562
0.368567
0.368571
0.368571
0.368577
0.368578
0.368588
0.368589
0.368589
0.368585
0.368585
0.368587
0.368587
0.368587
0.368587
0.368587
0.368588
0.368590
0.368590
0.368590
0.368590
0.368590
0.368604
0.368632
0.368639
0.368639
0.368639
0.368639
0.368641
0.368647
0.368647
0.368648
0.368655
0.368655
0.368661
0.368661
0.368682
0.368685
0.368687
0.368692
0.368692
0.368695
0.368695
0.368695
0.368695
0.368702
0.368702
0.368704
0.368704
0.368704
0.368704
0.368704
0.368707
0.368707
0.368716
0.368719
0.368720
0.368723
0.368723
0.368725
0.368729
0.368731
0.368731
0.368734
0.368734
0.368734
0.368735
0.368735
0.368734
0.368734
0.368732
0.368732
0.368735
0.368739
0.368741
0.368743
0.368743
0.368748
0.368748
0.368748
0.368751
0.368751
0.368755
0.368756
0.368756
0.368760
0.368760
0.368760
0.368760
0.368760
0.368760
0.368760
0.368765
0.368765
0.368767
0.368767
0.368767
0.368769
0.368769
0.368769
0.368772
0.368772
0.368772
0.368772
0.368772
0.368772
0.368775
0.368798
0.368798
0.368798
0.368809
0.368815
0.368820
0.368818
0.368827
0.368827
0.368837
0.368837
0.368841
0.368841
0.368841
0.368846
0.368846
0.368850
0.368852
0.368852
0.368852
0.368852
0.368852
0.368852
0.368857
0.368857
0.368859
0.368868
0.368868
0.368868
0.368867
0.368868
0.368868
0.368868
0.368868
0.368873
0.368873
0.368875
0.368876
0.368876
0.368876
0.368876
0.368876
0.368878
0.368878
0.368885
0.368914
0.368914
0.368915
0.368924
0.368924
0.368924
0.368924
0.368925
0.368925
0.368932
0.368932
0.368932
0.368932
0.368932
0.368932
0.368932
0.368932
0.368932
0.368933
0.368933
0.368933
0.368933
0.368939
0.368944
0.368944
0.368945
0.368950
0.368950
0.368958
0.368958
0.368958
0.368960
0.368980
0.368984
0.368989
0.368989
0.368992
0.368994
0.368997
0.368997
0.368997
0.369005
0.369016
0.369017
0.369017
0.369023
0.369023
0.369023
0.369028
0.369029
0.369029
0.369030
0.369033
0.369033
0.369035
0.369035
0.369041
0.369041
0.369041
0.369046
0.369046
0.369046
0.369046
0.369048
0.369050
0.369051
0.369051
0.369052
0.369057
0.369058
0.369058
0.369058
0.369058
0.369069
0.369072
0.369072
0.369130
0.369130
0.369130
0.369132
0.369132
0.369127
0.369127
0.369128
0.369128
0.369128
0.369128
0.369128
0.369128
0.369130
0.369143
0.369144
0.369146
0.369151
0.369153
0.369153
0.369151
0.369157
0.369159
0.369161
0.369161
0.369161
0.369161
0.369172
0.369174
0.369174
0.369174
0.369179
0.369179
0.369179
0.369181
0.369182
0.369182
0.369183
0.369183
0.369183
0.369183
0.369185
0.369187
0.369188
0.369188
0.369188
0.369188
0.369188
0.369195
0.369198
0.369198
0.369199
0.369196
0.369196
0.369202
0.369202
0.369202
0.369203
0.369205
0.369210
0.369210
0.369210
0.369214
0.369212
0.369218
0.369218
0.369218
0.369221
0.369238
0.369238
0.369238
0.369238
0.369241
0.369248
0.369248
0.369248
0.369248
0.369248
0.369253
0.369250
0.369260
0.369260
0.369260
0.369260
0.369269
0.369278
0.369278
0.369283
0.369283
0.369288
0.369299
0.369300
0.369301
0.369301
0.369302
0.369302
0.369303
0.369303
0.369311
0.369312
0.369312
0.369312
0.369315
0.369315
0.369316
0.369317
0.369318
0.369318
0.369320
0.369320
0.369330
0.369330
0.369330
0.369330
0.369332
0.369333
0.369333
0.369333
0.369337
0.369338
0.369338
0.369338
0.369344
0.369346
0.369346
0.369349
0.369355
0.369357
0.369357
0.369357
0.369357
0.369357
0.369385
0.369393
0.369394
0.369394
0.369394
0.369398
0.369399
0.369399
0.369401
0.369410
0.369413
0.369419
0.369422
0.369423
0.369423
0.369423
0.369432
0.369434
0.369439
0.369448
0.369451
0.369454
0.369458
0.369458
0.369464
0.369478
0.369478
0.369479
0.369479
0.369479
0.369483
0.369483
0.369489
0.369493
0.369493
0.369493
0.369495
0.369506
0.369505
0.369505
0.369507
0.369509
0.369509
0.369509
0.369514
0.369533
0.369542
0.369545
0.369550
0.369550
0.369561
0.369561
0.369565
0.369570
0.369571
0.369571
0.369571
0.369571
0.369571
0.369573
0.369573
0.369573
0.369573
0.369573
0.369573
0.369575
0.369591
0.369591
0.369591
0.369592
0.369592
0.369604
0.369604
0.369604
0.369604
0.369604
0.369604
0.369606
0.369612
0.369613
0.369613
0.369613
0.369613
0.369613
0.369613
0.369614
0.369614
0.369615
0.369615
0.369615
0.369615
0.369615
0.369615
0.369620
0.369620
0.369620
0.369622
0.369622
0.369623
0.369623
0.369624
0.369626
0.369627
0.369627
0.369627
0.369627
0.369628
0.369628
0.369630
0.369631
0.369631
0.369633
0.369635
0.369647
0.369647
0.369647
0.369651
0.369651
0.369651
0.369651
0.369651
0.369651
0.369653
0.369657
0.369666
0.369666
0.369666
0.369667
0.369652
0.369649
0.369649
0.369649
0.369650
0.369650
0.369661
0.369664
0.369664
0.369664
0.369666
0.369684
0.369684
0.369684
0.369684
0.369684
0.369689
0.369704
0.369705
0.369705
0.369705
0.369710
0.369715
0.369716
0.369721
0.369721
0.369721
0.369721
0.369722
0.369722
0.369722
0.369722
0.369723
0.369723
0.369730
0.369730
0.369730
0.369730
0.369734
0.369735
0.369735
0.369735
0.369735
0.369735
0.369737
0.369737
0.369737
0.369737
0.369737
0.369737
0.369737
0.369739
0.369747
0.369747
0.369770
0.369773
0.369773
0.369783
0.369784
0.369785
0.369793
0.369794
0.369809
0.369820
0.369824
0.369824
0.369832
0.369832
0.369832
0.369832
0.369832
0.369834
0.369835
0.369835
0.369835
0.369835
0.369835
0.369835
0.369846
0.369856
0.369856
0.369857
0.369857
0.369858
0.369858
0.369859
0.369861
0.369861
0.369863
0.369863
0.369874
0.369874
0.369874
0.369874
0.369880
0.369894
0.369894
0.369896
0.369896
0.369892
0.369892
0.369892
0.369893
0.369893
0.369893
0.369894
0.369901
0.369901
0.369902
0.369902
0.369903
0.369903
0.369903
0.369903
0.369903
0.369904
0.369904
0.369905
0.369909
0.369909
0.369912
0.369913
0.369913
0.369913
0.369918
0.369918
0.369921
0.369921
0.369922
0.369922
0.369922
0.369927
0.369930
0.369935
0.369935
0.369935
0.369935
0.369937
0.369939
0.369939
0.369941
0.369941
0.369941
0.369941
0.369941
0.369955
0.369955
0.369955
0.369958
0.369961
0.369965
0.369977
0.369979
0.369979
0.369981
0.369981
0.369981
0.369983
0.369984
0.369986
0.369987
0.369987
0.369987
0.369987
0.369987
0.369987
0.369989
0.369989
0.369990
0.369990
0.369990
0.369990
0.369994
0.369994
0.369994
0.369994
0.369997
0.369997
0.369997
0.369993
0.370005
0.370032
0.370032
0.370048
0.370051
0.370050
0.370051
0.370051
0.370051
0.370049
0.370049
0.370051
0.370058
0.370060
0.370061
0.370065
0.370066
0.370065
0.370061
0.370060
0.370060
0.370060
0.370060
0.370062
0.370062
0.370066
0.370066
0.370067
0.370067
0.370067
0.370069
0.370073
0.370074
0.370074
0.370074
0.370074
0.370093
0.370094
0.370094
0.370097
0.370097
0.370101
0.370101
0.370105
0.370111
0.370111
0.370111
0.370113
0.370119
0.370125
0.370125
0.370127
0.370127
0.370127
0.370127
0.370130
0.370136
0.370141
0.370141
0.370144
0.370145
0.370145
0.370157
0.370158
0.370158
0.370158
0.370161
0.370161
0.370161
0.370161
0.370161
0.370161
0.370161
0.370162
0.370163
0.370163
0.370167
0.370172
0.370168
0.370168
0.370168
0.370168
0.370176
0.370176
0.370176
0.370176
0.370178
0.370180
0.370181
0.370181
0.370183
0.370183
0.370183
0.370183
0.370192
0.370192
0.370192
0.370192
0.370192
0.370192
0.370193
0.370193
0.370198
0.370198
0.370198
0.370198
0.370198
0.370198
0.370199
0.370199
0.370198
0.370198
0.370198
0.370200
0.370200
0.370200
0.370196
0.370198
0.370198
0.370198
0.370201
0.370206
0.370206
0.370206
0.370206
0.370206
0.370207
0.370207
0.370208
0.370210
0.370220
0.370220
0.370223
0.370223
0.370223
0.370223
0.370223
0.370232
0.370238
0.370244
0.370245
0.370245
0.370245
0.370246
0.370246
0.370246
0.370251
0.370259
0.370259
0.370258
0.370260
0.370267
0.370270
0.370270
0.370274
0.370274
0.370274
0.370286
0.370286
0.370286
0.370286
0.370286
0.370288
0.370288
0.370291
0.370293
0.370296
0.370296
0.370310
0.370310
0.370311
0.370337
0.370337
0.370337
0.370337
0.370337
0.370336
0.370336
0.370339
0.370347
0.370348
0.370348
0.370348
0.370348
0.370348
0.370348
0.370349
0.370349
0.370349
0.370349
0.370349
0.370349
0.370349
0.370351
0.370351
0.370369
0.370373
0.370372
0.370375
0.370377
0.370382
0.370382
0.370385
0.370394
0.370398
0.370398
0.370398
0.370405
0.370406
0.370410
0.370415
0.370417
0.370423
0.370425
0.370425
0.370426
0.370426
0.370428
0.370429
0.370429
0.370429
0.370429
0.370429
0.370430
0.370434
0.370446
0.370446
0.370438
0.370438
0.370438
0.370440
0.370442
0.370442
0.370451
0.370456
0.370462
0.370463
0.370463
0.370465
0.370459
0.370459
0.370461
0.370465
0.370487
0.370488
0.370489
0.370493
0.370493
0.370493
0.370498
0.370502
0.370504
0.370504
0.370504
0.370504
0.370508
0.370508
0.370508
0.370508
0.370509
0.370509
0.370509
0.370509
0.370509
0.370509
0.370513
0.370513
0.370514
0.370514
0.370514
0.370514
0.370515
0.370515
0.370517
0.370517
0.370517
0.370517
0.370517
0.370524
0.370524
0.370524
0.370529
0.370539
0.370542
0.370542
0.370547
0.370547
0.370547
0.370550
0.370550
0.370555
0.370556
0.370549
0.370549
0.370558
0.370558
0.370560
0.370560
0.370560
0.370560
0.370560
0.370560
0.370560
0.370569
0.370571
0.370572
0.370575
0.370575
0.370575
0.370575
0.370575
0.370577
0.370577
0.370566
0.370566
0.370566
0.370566
0.370567
0.370576
0.370578
0.370579
0.370581
0.370581
0.370586
0.370586
0.370581
0.370582
0.370596
0.370604
0.370608
0.370613
0.370639
0.370640
0.370640
0.370640
0.370638
0.370640
0.370648
0.370649
0.370652
0.370654
0.370654
0.370654
0.370656
0.370655
0.370655
0.370661
0.370663
0.370672
0.370672
0.370674
0.370674
0.370729
0.370729
0.370729
0.370729
0.370729
0.370732
0.370732
0.370732
0.370737
0.370737
0.370737
0.370737
0.370740
0.370740
0.370746
0.370746
0.370746
0.370747
0.370749
0.370749
0.370749
0.370749
0.370758
0.370758
0.370758
0.370759
0.370759
0.370759
0.370760
0.370760
0.370765
0.370766
0.370772
0.370778
0.370785
0.370785
0.370785
0.370786
0.370789
0.370789
0.370794
0.370794
0.370794
0.370804
0.370804
0.370804
0.370804
0.370804
0.370805
0.370805
0.370805
0.370811
0.370811
0.370811
0.370812
0.370812
0.370812
0.370812
0.370812
0.370812
0.370812
0.370819
0.370819
0.370819
0.370819
0.370819
0.370830
0.370830
0.370835
0.370835
0.370835
0.370841
0.370841
0.370841
0.370844
0.370844
0.370844
0.370845
0.370845
0.370848
0.370848
0.370848
0.370848
0.370848
0.370849
0.370849
0.370849
0.370852
0.370852
0.370852
0.370852
0.370854
0.370854
0.370854
0.370854
0.370854
0.370854
0.370854
0.370854
0.370859
0.370853
0.370857
0.370858
0.370858
0.370858
0.370858
0.370858
0.370859
0.370866
0.370872
0.370874
0.370879
0.370879
0.370879
0.370879
0.370879
0.370879
0.370880
0.370881
0.370881
0.370881
0.370881
0.370881
0.370883
0.370884
0.370884
0.370884
0.370898
0.370900
0.370906
0.370915
0.370915
0.370915
0.370919
0.370919
0.370920
0.370920
0.370920
0.370920
0.370918
0.370918
0.370918
0.370918
0.370918
0.370918
0.370918
0.370922
0.370922
0.370922
0.370922
0.370927
0.370933
0.370935
0.370935
0.370940
0.370942
0.370944
0.370945
0.370945
0.370945
0.370952
0.370952
0.370966
0.370971
0.370972
0.370972
0.370973
0.370973
0.370973
0.370977
0.370983
0.370985
0.370985
0.370985
0.370989
0.370989
0.370993
0.370993
0.370994
0.370994
0.370994
0.370994
0.370996
0.371019
0.371019
0.371019
0.371019
0.371021
0.371023
0.371023
0.371025
0.371025
0.371025
0.371026
0.371027
0.371040
0.371042
0.371042
0.371051
0.371054
0.371055
0.371055
0.371055
0.371055
0.371056
0.371062
0.371062
0.371062
0.371062
0.371073
0.371087
0.371090
0.371090
0.371095
0.371095
0.371095
0.371095
0.371098
0.371098
0.371098
0.371098
0.371097
0.371097
0.371098
0.371099
0.371100
0.371100
0.371102
0.371103
0.371103
0.371103
0.371103
0.371104
0.371104
0.371104
0.371104
0.371113
0.371118
0.371118
0.371118
0.371119
0.371123
0.371132
0.371134
0.371134
0.371134
0.371139
0.371139
0.371142
0.371144
0.371147
0.371157
0.371164
0.371166
0.371166
0.371172
0.371172
0.371173
0.371177
0.371187
0.371197
0.371197
0.371199
0.371202
0.371205
0.371218
0.371219
0.371224
0.371219
0.371219
0.371219
0.371219
0.371219
0.371231
0.371233
0.371233
0.371233
0.371233
0.371240
0.371240
0.371240
0.371243
0.371248
0.371248
0.371251
0.371251
0.371255
0.371255
0.371255
0.371258
0.371258
0.371258
0.371258
0.371270
0.371271
0.371271
0.371271
0.371271
0.371270
0.371274
0.371279
0.371281
0.371281
0.371281
0.371280
0.371280
0.371280
0.371283
0.371284
0.371286
0.371288
0.371294
0.371294
0.371294
0.371294
0.371294
0.371301
0.371302
0.371308
0.371308
0.371308
0.371308
0.371308
0.371309
0.371309
0.371310
0.371310
0.371310
0.371310
0.371308
0.371309
0.371309
0.371311
0.371311
0.371311
0.371321
0.371321
0.371321
0.371322
0.371323
0.371325
0.371330
0.371332
0.371338
0.371338
0.371338
0.371338
0.371339
0.371339
0.371339
0.371345
0.371346
0.371346
0.371354
0.371354
0.371354
0.371354
0.371354
0.371364
0.371365
0.371365
0.371365
0.371365
0.371365
0.371367
0.371367
0.371374
0.371374
0.371374
0.371374
0.371374
0.371374
0.371374
0.371374
0.371375
0.371375
0.371375
0.371375
0.371375
0.371377
0.371377
0.371378
0.371378
0.371383
0.371383
0.371383
0.371403
0.371403
0.371403
0.371403
0.371406
0.371406
0.371406
0.371406
0.371407
0.371412
0.371419
0.371419
0.371419
0.371419
0.371418
0.371419
0.371427
0.371427
0.371428
0.371428
0.371429
0.371430
0.371430
0.371430
0.371430
0.371430
0.371433
0.371434
0.371434
0.371434
0.371437
0.371437
0.371437
0.371437
0.371437
0.371443
0.371448
0.371448
0.371448
0.371460
0.371454
0.371454
0.371456
0.371456
0.371456
0.371456
0.371457
0.371461
0.371461
0.371461
0.371462
0.371466
0.371468
0.371468
0.371468
0.371470
0.371481
0.371477
0.371482
0.371486
0.371486
0.371487
0.371487
0.371487
0.371487
0.371488
0.371488
0.371488
0.371488
0.371488
0.371491
0.371500
0.371503
0.371503
0.371503
0.371503
0.371503
0.371503
0.371503
0.371503
0.371504
0.371504
0.371504
0.371507
0.371507
0.371508
0.371517
0.371517
0.371517
0.371517
0.371537
0.371548
0.371549
0.371549
0.371549
0.371549
0.371549
0.371559
0.371560
0.371560
0.371561
0.371569
0.371569
0.371569
0.371569
0.371569
0.371569
0.371569
0.371570
0.371570
0.371570
0.371575
0.371575
0.371575
0.371580
0.371585
0.371585
0.371585
0.371585
0.371586
0.371587
0.371588
0.371588
0.371588
0.371588
0.371591
0.371597
0.371597
0.371597
0.371597
0.371604
0.371604
0.371603
0.371604
0.371604
0.371605
0.371610
0.371610
0.371610
0.371610
0.371610
0.371610
0.371610
0.371610
0.371621
0.371622
0.371629
0.371629
0.371629
0.371629
0.371629
0.371629
0.371629
0.371629
0.371629
0.371632
0.371634
0.371634
0.371635
0.371636
0.371638
0.371644
0.371645
0.371645
0.371645
0.371645
0.371644
0.371644
0.371645
0.371645
0.371645
0.371645
0.371645
0.371649
0.371649
0.371649
0.371649
0.371649
0.371650
0.371653
0.371663
0.371663
0.371663
0.371663
0.371663
0.371663
0.371669
0.371669
0.371669
0.371669
0.371674
0.371680
0.371680
0.371688
0.371696
0.371704
0.371704
0.371704
0.371708
0.371709
0.371710
0.371705
0.371705
0.371705
0.371705
0.371727
0.371727
0.371731
0.371731
0.371731
0.371730
0.371730
0.371730
0.371730
0.371730
0.371730
0.371731
0.371737
0.371738
0.371738
0.371738
0.371741
0.371741
0.371741
0.371741
0.371741
0.371741
0.371741
0.371741
0.371741
0.371741
0.371741
0.371741
0.371741
0.371741
0.371741
0.371741
0.371741
0.371741
0.371742
0.371744
0.371748
0.371748
0.371748
0.371747
0.371747
0.371747
0.371747
0.371754
0.371756
0.371756
0.371758
0.371759
0.371759
0.371759
0.371759
0.371759
0.371762
0.371762
0.371766
0.371766
0.371768
0.371790
0.371790
0.371790
0.371791
0.371791
0.371791
0.371791
0.371793
0.371793
0.371799
0.371812
0.371812
0.371823
0.371823
0.371827
0.371835
0.371833
0.371833
0.371838
0.371838
0.371838
0.371839
0.371839
0.371839
0.371839
0.371839
0.371839
0.371839
0.371839
0.371839
0.371838
0.371848
0.371850
0.371852
0.371852
0.371852
0.371852
0.371854
0.371854
0.371854
0.371854
0.371854
0.371854
0.371854
0.371854
0.371854
0.371853
0.371853
0.371853
0.371853
0.371854
0.371859
0.371863
0.371863
0.371859
0.371860
0.371860
0.371861
0.371861
0.371861
0.371861
0.371862
0.371862
0.371862
0.371862
0.371866
0.371866
0.371868
0.371869
0.371869
0.371869
0.371869
0.371875
0.371875
0.371887
0.371888
0.371890
0.371891
0.371891
0.371891
0.371891
0.371891
0.371911
0.371911
0.371911
0.371911
0.371911
0.371911
0.371911
0.371911
0.371911
0.371914
0.371914
0.371916
0.371916
0.371916
0.371911
0.371911
0.371911
0.371911
0.371911
0.371911
0.371917
0.371917
0.371920
0.371922
0.371923
0.371926
0.371926
0.371928
0.371929
0.371929
0.371929
0.371929
0.371929
0.371929
0.371929
0.371929
0.371929
0.371930
0.371930
0.371930
0.371934
0.371934
0.371934
0.371943
0.371943
0.371943
0.371943
0.371962
0.371962
0.371962
0.371964
0.371969
0.371969
0.371969
0.371969
0.371979
0.371979
0.371983
0.371990
0.371990
0.371990
0.371990
0.371990
0.371990
0.371992
0.371993
0.371994
0.371994
0.371994
0.371994
0.371994
0.371995
0.371996
0.371996
0.371998
0.372014
0.372033
0.372037
0.372039
0.372051
0.372051
0.372059
0.372059
0.372063
0.372063
0.372063
0.372068
0.372068
0.372069
0.372069
0.372069
0.372069
0.372069
0.372069
0.372069
0.372069
0.372070
0.372070
0.372070
0.372070
0.372070
0.372070
0.372070
0.372070
0.372070
0.372070
0.372071
0.372071
0.372071
0.372071
0.372071
0.372071
0.372074
0.372074
0.372074
0.372074
0.372074
0.372074
0.372075
0.372075
0.372075
0.372075
0.372075
0.372076
0.372076
0.372080
0.372080
0.372081
0.372084
0.372084
0.372084
0.372090
0.372090
0.372090
0.372090
0.372090
0.372102
0.372102
0.372102
0.372102
0.372102
0.372102
0.372102
0.372108
0.372109
0.372109
0.372109
0.372115
0.372115
0.372115
0.372115
0.372115
0.372118
0.372118
0.372118
0.372118
0.372118
0.372118
0.372118
0.372118
0.372118
0.372118
0.372118
0.372118
0.372118
0.372118
0.372118
0.372118
0.372120
0.372120
0.372120
0.372122
0.372122
0.372122
0.372128
0.372128
0.372128
0.372128
0.372128
0.372128
0.372138
0.372139
0.372139
0.372139
0.372139
0.372139
0.372143
0.372146
0.372146
0.372146
0.372146
0.372147
0.372147
0.372152
0.372152
0.372162
0.372163
0.372163
0.372164
0.372164
0.372167
0.372171
0.372171
0.372174
0.372174
0.372174
0.372175
0.372175
0.372175
0.372175
0.372175
0.372179
0.372179
0.372181
0.372181
0.372181
0.372181
0.372188
0.372188
0.372189
0.372189
0.372189
0.372194
0.372191
0.372191
0.372191
0.372192
0.372194
0.372195
0.372196
0.372196
0.372195
0.372195
0.372195
0.372195
0.372195
0.372194
0.372205
0.372205
0.372205
0.372213
0.372213
0.372215
0.372215
0.372215
0.372215
0.372218
0.372218
0.372215
0.372215
0.372216
0.372216
0.372222
0.372222
0.372221
0.372226
0.372224
0.372224
0.372224
0.372228
0.372228
0.372228
0.372231
0.372233
0.372233
0.372233
0.372233
0.372234
0.372234
0.372234
0.372234
0.372235
0.372235
0.372235
0.372235
0.372237
0.372237
0.372241
0.372241
0.372242
0.372242
0.372242
0.372243
0.372247
0.372247
0.372256
0.372256
0.372256
0.372257
0.372262
0.372262
0.372262
0.372262
0.372266
0.372273
0.372273
0.372273
0.372273
0.372275
0.372275
0.372277
0.372278
0.372279
0.372279
0.372279
0.372279
0.372281
0.372286
0.372287
0.372287
0.372288
0.372288
0.372288
0.372288
0.372288
0.372290
0.372290
0.372290
0.372290
0.372291
0.372291
0.372292
0.372292
0.372292
0.372292
0.372292
0.372292
0.372292
0.372290
0.372302
0.372300
0.372300
0.372304
0.372312
0.372312
0.372312
0.372310
0.372310
0.372310
0.372312
0.372312
0.372312
0.372312
0.372315
0.372315
0.372322
0.372322
0.372323
0.372324
0.372324
0.372324
0.372325
0.372325
0.372325
0.372330
0.372333
0.372333
0.372333
0.372336
0.372336
0.372337
0.372338
0.372338
0.372363
0.372363
0.372364
0.372364
0.372364
0.372364
0.372370
0.372374
0.372377
0.372383
0.372383
0.372387
0.372387
0.372387
0.372387
0.372387
0.372387
0.372387
0.372387
0.372394
0.372394
0.372394
0.372403
0.372403
0.372404
0.372404
0.372404
0.372404
0.372405
0.372404
0.372404
0.372404
0.372416
0.372416
0.372417
0.372417
0.372417
0.372417
0.372417
0.372417
0.372420
0.372420
0.372421
0.372421
0.372421
0.372426
0.372426
0.372427
0.372432
0.372434
0.372434
0.372434
0.372434
0.372434
0.372436
0.372436
0.372438
0.372438
0.372438
0.372438
0.372439
0.372444
0.372444
0.372447
0.372449
0.372449
0.372449
0.372449
0.372453
0.372456
0.372470
0.372470
0.372470
0.372470
0.372472
0.372475
0.372478
0.372478
0.372478
0.372478
0.372493
0.372495
0.372495
0.372495
0.372496
0.372496
0.372496
0.372496
0.372501
0.372501
0.372504
0.372504
0.372504
0.372506
0.372506
0.372506
0.372506
0.372506
0.372506
0.372513
0.372513
0.372513
0.372513
0.372513
0.372513
0.372513
0.372516
0.372521
0.372521
0.372521
0.372521
0.372521
0.372530
0.372552
0.372552
0.372558
0.372556
0.372557
0.372558
0.372565
0.372565
0.372565
0.372574
0.372578
0.372582
0.372582
0.372582
0.372582
0.372582
0.372582
0.372585
0.372585
0.372586
0.372586
0.372587
0.372587
0.372587
0.372587
0.372591
0.372598
0.372598
0.372599
0.372599
0.372600
0.372600
0.372601
0.372601
0.372601
0.372601
0.372602
0.372602
0.372602
0.372602
0.372602
0.372602
0.372602
0.372602
0.372602
0.372605
0.372605
0.372605
0.372604
0.372605
0.372605
0.372606
0.372608
0.372608
0.372608
0.372608
0.372608
0.372613
0.372618
0.372618
0.372627
0.372628
0.372628
0.372628
0.372629
0.372629
0.372629
0.372630
0.372630
0.372648
0.372648
0.372649
0.372649
0.372652
0.372657
0.372657
0.372659
0.372659
0.372659
0.372666
0.372667
0.372667
0.372667
0.372667
0.372670
0.372671
0.372671
0.372671
0.372672
0.372672
0.372674
0.372674
0.372676
0.372676
0.372677
0.372681
0.372684
0.372684
0.372684
0.372684
0.372686
0.372689
0.372689
0.372689
0.372689
0.372689
0.372689
0.372690
0.372691
0.372691
0.372691
0.372691
0.372691
0.372691
0.372692
0.372692
0.372692
0.372695
0.372697
0.372699
0.372699
0.372699
0.372702
0.372706
0.372706
0.372706
0.372707
0.372707
0.372713
0.372713
0.372718
0.372718
0.372718
0.372718
0.372718
0.372718
0.372718
0.372723
0.372724
0.372724
0.372724
0.372724
0.372718
0.372718
0.372718
0.372718
0.372718
0.372718
0.372721
0.372716
0.372716
0.372718
0.372723
0.372724
0.372742
0.372743
0.372742
0.372743
0.372744
0.372745
0.372745
0.372745
0.372747
0.372747
0.372747
0.372747
0.372750
0.372750
0.372752
0.372753
0.372753
0.372753
0.372781
0.372781
0.372780
0.372791
0.372791
0.372791
0.372791
0.372791
0.372791
0.372788
0.372788
0.372788
0.372788
0.372792
0.372792
0.372792
0.372795
0.372795
0.372795
0.372795
0.372796
0.372796
0.372816
0.372820
0.372823
0.372824
0.372824
0.372823
0.372818
0.372818
0.372819
0.372819
0.372823
0.372823
0.372823
0.372822
0.372822
0.372822
0.372822
0.372822
0.372822
0.372823
0.372823
0.372826
0.372826
0.372826
0.372827
0.372827
0.372827
0.372827
0.372829
0.372829
0.372830
0.372829
0.372829
0.372829
0.372830
0.372830
0.372834
0.372840
0.372843
0.372844
0.372844
0.372843
0.372846
0.372846
0.372846
0.372846
0.372846
0.372848
0.372848
0.372848
0.372848
0.372848
0.372848
0.372848
0.372851
0.372852
0.372852
0.372853
0.372856
0.372856
0.372859
0.372859
0.372859
0.372864
0.372870
0.372871
0.372884
0.372888
0.372892
0.372894
0.372896
0.372897
0.372900
0.372900
0.372907
0.372907
0.372907
0.372907
0.372907
0.372910
0.372910
0.372911
0.372911
0.372911
0.372914
0.372914
0.372914
0.372914
0.372914
0.372914
0.372914
0.372917
0.372917
0.372917
0.372917
0.372917
0.372917
0.372917
0.372918
0.372918
0.372918
0.372918
0.372918
0.372918
0.372918
0.372919
0.372920
0.372920
0.372920
0.372920
0.372921
0.372921
0.372921
0.372921
0.372921
0.372921
0.372921
0.372921
0.372921
0.372921
0.372921
0.372921
0.372921
0.372921
0.372922
0.372927
0.372927
0.372927
0.372927
0.372927
0.372927
0.372930
0.372930
0.372937
0.372939
0.372942
0.372951
0.372952
0.372953
0.372957
0.372957
0.372957
0.372964
0.372964
0.372965
0.372965
0.372965
0.372965
0.372965
0.372967
0.372967
0.372967
0.372976
0.372979
0.372979
0.373009
0.373016
0.373016
0.373022
0.373022
0.373043
0.373043
0.373046
0.373046
0.373047
0.373047
0.373051
0.373054
0.373054
0.373054
0.373054
0.373054
0.373054
0.373048
0.373048
0.373048
0.373048
0.373048
0.373048
0.373052
0.373052
0.373055
0.373053
0.373053
0.373055
0.373055
0.373057
0.373064
0.373064
0.373064
0.373064
0.373064
0.373066
0.373066
0.373066
0.373066
0.373066
0.373071
0.373072
0.373079
0.373079
0.373080
0.373083
0.373083
0.373084
0.373088
0.373088
0.373090
0.373090
0.373091
0.373091
0.373091
0.373092
0.373093
0.373094
0.373094
0.373094
0.373094
0.373094
0.373094
0.373094
0.373094
0.373094
0.373094
0.373094
0.373095
0.373095
0.373095
0.373095
0.373095
0.373098
0.373098
0.373098
0.373100
0.373100
0.373100
0.373100
0.373101
0.373101
0.373101
0.373104
0.373105
0.373106
0.373107
0.373107
0.373107
0.373107
0.373107
0.373107
0.373107
0.373107
0.373107
0.373108
0.373108
0.373108
0.373108
0.373108
0.373111
0.373111
0.373111
0.373111
0.373111
0.373111
0.373111
0.373111
0.373112
0.373112
0.373112
0.373112
0.373112
0.373112
0.373112
0.373112
0.373112
0.373112
0.373115
0.373115
0.373117
0.373117
0.373117
0.373117
0.373117
0.373117
0.373118
0.373118
0.373128
0.373128
0.373128
0.373128
0.373128
0.373128
0.373128
0.373128
0.373128
0.373128
0.373128
0.373136
0.373136
0.373140
0.373141
0.373142
0.373142
0.373143
0.373143
0.373145
0.373145
0.373145
0.373145
0.373150
0.373150
0.373150
0.373151
0.373152
0.373152
0.373152
0.373152
0.373155
0.373155
0.373167
0.373167
0.373167
0.373167
0.373167
0.373167
0.373167
0.373167
0.373170
0.373170
0.373178
0.373178
0.373178
0.373178
0.373179
0.373185
0.373185
0.373185
0.373185
0.373185
0.373185
0.373187
0.373188
0.373188
0.373188
0.373188
0.373188
0.373188
0.373188
0.373189
0.373189
0.373189
0.373189
0.373189
0.373189
0.373201
0.373201
0.373201
0.373201
0.373201
0.373196
0.373196
0.373196
0.373197
0.373201
0.373201
0.373209
0.373209
0.373209
0.373210
0.373210
0.373211
0.373211
0.373212
0.373213
0.373213
0.373213
0.373213
0.373216
0.373216
0.373216
0.373216
0.373216
0.373216
0.373221
0.373225
0.373225
0.373225
0.373227
0.373227
0.373227
0.373227
0.373227
0.373227
0.373227
0.373227
0.373227
0.373231
0.373238
0.373238
0.373245
0.373245
0.373245
0.373245
0.373245
0.373244
0.373261
0.373262
0.373262
0.373263
0.373263
0.373261
0.373261
0.373262
0.373272
0.373272
0.373272
0.373277
0.373279
0.373284
0.373288
0.373289
0.373288
0.373288
0.373291
0.373291
0.373296
0.373296
0.373296
0.373296
0.373299
0.373299
0.373304
0.373304
0.373304
0.373304
0.373305
0.373305
0.373307
0.373307
0.373307
0.373307
0.373308
0.373309
0.373309
0.373319
0.373319
0.373323
0.373323
0.373323
0.373323
0.373322
0.373322
0.373322
0.373323
0.373323
0.373323
0.373323
0.373328
0.373330
0.373330
0.373330
0.373334
0.373334
0.373334
0.373334
0.373333
0.373334
0.373334
0.373335
0.373335
0.373346
0.373346
0.373347
0.373348
0.373369
0.373369
0.373369
0.373368
0.373368
0.373368
0.373368
0.373368
0.373368
0.373368
0.373368
0.373371
0.373387
0.373393
0.373393
0.373393
0.373394
0.373394
0.373396
0.373410
0.373413
0.373413
0.373413
0.373428
0.373428
0.373428
0.373429
0.373429
0.373429
0.373428
0.373428
0.373431
0.373431
0.373435
0.373435
0.373450
0.373450
0.373450
0.373453
0.373454
0.373454
0.373454
0.373456
0.373456
0.373456
0.373459
0.373471
0.373471
0.373471
0.373474
0.373474
0.373474
0.373474
0.373474
0.373476
0.373476
0.373476
0.373477
0.373477
0.373477
0.373477
0.373478
0.373478
0.373478
0.373477
0.373477
0.373479
0.373490
0.373490
0.373490
0.373492
0.373493
0.373493
0.373498
0.373498
0.373498
0.373502
0.373502
0.373503
0.373505
0.373506
0.373506
0.373506
0.373507
0.373510
0.373515
0.373519
0.373523
0.373523
0.373526
0.373527
0.373527
0.373535
0.373537
0.373537
0.373537
0.373539
0.373539
0.373539
0.373542
0.373545
0.373550
0.373550
0.373550
0.373550
0.373550
0.373550
0.373550
0.373550
0.373550
0.373550
0.373551
0.373551
0.373551
0.373555
0.373555
0.373555
0.373555
0.373555
0.373555
0.373556
0.373556
0.373556
0.373556
0.373557
0.373558
0.373558
0.373558
0.373559
0.373559
0.373559
0.373559
0.373559
0.373565
0.373565
0.373565
0.373565
0.373565
0.373565
0.373565
0.373565
0.373565
0.373565
0.373565
0.373565
0.373565
0.373565
0.373565
0.373565
0.373565
0.373565
0.373565
0.373568
0.373569
0.373569
0.373569
0.373573
0.373577
