0.287218
0.297588
0.302325
0.304623
0.306330
0.308385
0.308697
0.309118
0.309491
0.309678
0.309916
0.310016
0.310066
0.309263
0.309359
0.309660
0.309297
0.308713
0.308509
0.308914
0.308896
0.308901
0.308886
0.308649
0.308526
0.308497
0.308464
0.308226
0.308282
0.308324
0.308378
0.308248
0.308248
0.308242
0.308104
0.307909
0.308005
0.308048
0.308048
0.307917
0.307868
0.307371
0.307286
0.307287
0.307283
0.307065
0.307002
0.307128
0.307025
0.306973
0.306975
0.306864
0.306576
0.306569
0.306522
0.306361
0.306410
0.306382
0.306475
0.306226
0.306249
0.306139
0.306038
0.306028
0.305960
0.306004
0.306004
0.305922
0.306144
0.306085
0.306060
0.306023
0.305640
0.305621
0.305557
0.305591
0.305435
0.305503
0.305477
0.305440
0.305279
0.305264
0.305129
0.305120
0.305134
0.305134
0.305108
0.305229
0.305166
0.305064
0.305054
0.305095
0.305059
0.305009
0.305034
0.305141
0.305141
0.305091
0.305031
0.305031
0.304991
0.304865
0.304863
0.304799
0.304800
0.304733
0.304820
0.304701
0.304713
0.304623
0.304512
0.304540
0.304361
0.304343
0.304343
0.304214
0.304477
0.304558
0.304514
0.304508
0.304508
0.304551
0.304665
0.304470
0.304421
0.304369
0.304344
0.304429
0.304487
0.304459
0.304557
0.304423
0.304413
0.304422
0.304461
0.304461
0.304477
0.304474
0.304477
0.304540
0.304540
0.304540
0.304274
0.304276
0.304191
0.304284
0.304281
0.304281
0.304291
0.304257
0.304232
0.304232
0.304152
0.304276
0.304276
0.304295
0.304365
0.304202
0.304110
0.304178
0.304169
0.304199
0.304204
0.304225
0.304232
0.304329
0.304411
0.304280
0.304342
0.304342
0.304307
0.304219
0.304336
0.304347
0.304304
0.304421
0.304359
0.304374
0.304301
0.304299
0.304299
0.304307
0.304254
0.304114
0.304205
0.304214
0.304486
0.304486
0.304492
0.304506
0.304450
0.304464
0.304469
0.304476
0.304475
0.304458
0.304549
0.304559
0.304524
0.304552
0.304490
0.304490
0.304673
0.304673
0.304753
0.304713
0.304681
0.304719
0.304711
0.304749
0.304749
0.304756
0.304722
0.304694
0.304610
0.304650
0.304498
0.304498
0.304570
0.304566
0.304566
0.304615
0.304504
0.304539
0.304539
0.304576
0.304613
0.304662
0.304616
0.304668
0.304668
0.304641
0.304639
0.304659
0.304627
0.304615
0.304633
0.304596
0.304591
0.304617
0.304617
0.304615
0.304555
0.304584
0.304625
0.304566
0.304566
0.304610
0.304438
0.304428
0.304439
0.304512
0.304611
0.304545
0.304445
0.304393
0.304393
0.304393
0.304498
0.304498
0.304498
0.304466
0.304511
0.304561
0.304561
0.304596
0.304596
0.304575
0.304527
0.304527
0.304632
0.304620
0.304646
0.304646
0.304595
0.304588
0.304573
0.304637
0.304678
0.304720
0.304671
0.304659
0.304659
0.304649
0.304625
0.304625
0.304607
0.304564
0.304564
0.304622
0.304541
0.304548
0.304542
0.304542
0.304552
0.304493
0.304493
0.304559
0.304559
0.304564
0.304602
0.304602
0.304611
0.304577
0.304436
0.304456
0.304505
0.304517
0.304583
0.304556
0.304612
0.304555
0.304539
0.304539
0.304584
0.304475
0.304575
0.304575
0.304523
0.304517
0.304649
0.304642
0.304657
0.304676
0.304658
0.304682
0.304614
0.304641
0.304694
0.304767
0.304667
0.304657
0.304657
0.304676
0.304687
0.304754
0.304727
0.304745
0.304707
0.304707
0.304736
0.304736
0.304783
0.304705
0.304710
0.304713
0.304718
0.304718
0.304754
0.304752
0.304694
0.304728
0.304760
0.304760
0.304760
0.304747
0.304814
0.304775
0.304810
0.304817
0.304817
0.304817
0.304772
0.304773
0.304773
0.304785
0.304790
0.304790
0.304802
0.304802
0.304825
0.304756
0.304735
0.304735
0.304735
0.304677
0.304633
0.304512
0.304487
0.304482
0.304564
0.304546
0.304542
0.304610
0.304667
0.304669
0.304669
0.304633
0.304633
0.304620
0.304626
0.304636
0.304632
0.304631
0.304573
0.304588
0.304635
0.304575
0.304581
0.304581
0.304582
0.304581
0.304580
0.304583
0.304618
0.304579
0.304583
0.304471
0.304460
0.304460
0.304460
0.304470
0.304513
0.304598
0.304598
0.304549
0.304523
0.304575
0.304575
0.304575
0.304575
0.304575
0.304703
0.304676
0.304662
0.304662
0.304661
0.304661
0.304727
0.304725
0.304809
0.304754
0.304799
0.304777
0.304797
0.304757
0.304749
0.304751
0.304750
0.304678
0.304646
0.304644
0.304644
0.304668
0.304665
0.304667
0.304667
0.304627
0.304639
0.304633
0.304626
0.304590
0.304645
0.304657
0.304686
0.304662
0.304662
0.304662
0.304643
0.304655
0.304701
0.304658
0.304651
0.304622
0.304632
0.304685
0.304661
0.304661
0.304676
0.304676
0.304675
0.304659
0.304696
0.304707
0.304689
0.304696
0.304591
0.304593
0.304570
0.304578
0.304549
0.304602
0.304661
0.304679
0.304634
0.304660
0.304678
0.304688
0.304697
0.304696
0.304671
0.304671
0.304671
0.304726
0.304710
0.304728
0.304720
0.304762
0.304745
0.304704
0.304704
0.304704
0.304721
0.304693
0.304693
0.304670
0.304671
0.304664
0.304664
0.304696
0.304722
0.304715
0.304715
0.304726
0.304697
0.304633
0.304593
0.304643
0.304610
0.304597
0.304548
0.304548
0.304583
0.304579
0.304646
0.304637
0.304634
0.304607
0.304602
0.304598
0.304603
0.304607
0.304660
0.304674
0.304688
0.304679
0.304599
0.304604
0.304600
0.304644
0.304644
0.304653
0.304614
0.304614
0.304590
0.304628
0.304628
0.304654
0.304671
0.304660
0.304670
0.304646
0.304688
0.304677
0.304677
0.304654
0.304674
0.304683
0.304682
0.304682
0.304641
0.304648
0.304651
0.304651
0.304666
0.304645
0.304660
0.304660
0.304652
0.304637
0.304637
0.304645
0.304645
0.304686
0.304660
0.304642
0.304621
0.304621
0.304627
0.304617
0.304624
0.304662
0.304656
0.304638
0.304655
0.304655
0.304677
0.304651
0.304651
0.304697
0.304702
0.304717
0.304770
0.304700
0.304695
0.304678
0.304688
0.304707
0.304744
0.304749
0.304706
0.304684
0.304684
0.304668
0.304628
0.304636
0.304636
0.304638
0.304682
0.304696
0.304683
0.304657
0.304632
0.304632
0.304612
0.304626
0.304637
0.304611
0.304572
0.304572
0.304533
0.304556
0.304590
0.304590
0.304610
0.304616
0.304641
0.304678
0.304668
0.304654
0.304646
0.304646
0.304651
0.304663
0.304682
0.304700
0.304724
0.304724
0.304724
0.304744
0.304715
0.304688
0.304656
0.304643
0.304643
0.304663
0.304663
0.304663
0.304672
0.304672
0.304672
0.304672
0.304672
0.304680
0.304634
0.304636
0.304598
0.304544
0.304544
0.304549
0.304549
0.304614
0.304622
0.304622
0.304622
0.304622
0.304622
0.304622
0.304622
0.304622
0.304656
0.304629
0.304627
0.304598
0.304598
0.304598
0.304636
0.304641
0.304620
0.304626
0.304631
0.304675
0.304681
0.304706
0.304697
0.304682
0.304682
0.304665
0.304721
0.304716
0.304720
0.304673
0.304658
0.304549
0.304593
0.304593
0.304585
0.304558
0.304595
0.304462
0.304458
0.304465
0.304455
0.304457
0.304493
0.304493
0.304493
0.304449
0.304449
0.304449
0.304427
0.304418
0.304424
0.304461
0.304477
0.304481
0.304481
0.304501
0.304439
0.304444
0.304453
0.304458
0.304458
0.304433
0.304421
0.304432
0.304434
0.304449
0.304458
0.304406
0.304406
0.304412
0.304413
0.304464
0.304439
0.304439
0.304411
0.304411
0.304411
0.304469
0.304464
0.304452
0.304466
0.304395
0.304393
0.304410
0.304346
0.304352
0.304388
0.304418
0.304418
0.304454
0.304458
0.304452
0.304433
0.304424
0.304402
0.304402
0.304392
0.304379
0.304361
0.304334
0.304319
0.304353
0.304384
0.304384
0.304390
0.304375
0.304349
0.304358
0.304388
0.304392
0.304352
0.304364
0.304364
0.304373
0.304351
0.304381
0.304388
0.304403
0.304416
0.304415
0.304404
0.304404
0.304447
0.304431
0.304439
0.304439
0.304439
0.304460
0.304462
0.304462
0.304462
0.304472
0.304468
0.304463
0.304463
0.304463
0.304463
0.304466
0.304408
0.304429
0.304436
0.304440
0.304436
0.304437
0.304437
0.304428
0.304449
0.304449
0.304469
0.304364
0.304363
0.304338
0.304361
0.304344
0.304370
0.304370
0.304338
0.304354
0.304351
0.304393
0.304257
0.304304
0.304304
0.304277
0.304282
0.304332
0.304298
0.304321
0.304346
0.304370
0.304370
0.304385
0.304380
0.304386
0.304398
0.304394
0.304404
0.304372
0.304323
0.304371
0.304387
0.304371
0.304371
0.304371
0.304386
0.304383
0.304374
0.304386
0.304386
0.304421
0.304419
0.304403
0.304403
0.304371
0.304410
0.304398
0.304398
0.304433
0.304433
0.304423
0.304419
0.304433
0.304436
0.304482
0.304491
0.304490
0.304495
0.304487
0.304489
0.304489
0.304483
0.304495
0.304511
0.304511
0.304534
0.304551
0.304554
0.304554
0.304554
0.304551
0.304494
0.304483
0.304483
0.304483
0.304536
0.304534
0.304534
0.304496
0.304499
0.304494
0.304441
0.304441
0.304415
0.304437
0.304422
0.304433
0.304473
0.304500
0.304512
0.304483
0.304493
0.304488
0.304502
0.304510
0.304514
0.304524
0.304534
0.304523
0.304552
0.304532
0.304525
0.304525
0.304529
0.304509
0.304526
0.304544
0.304543
0.304520
0.304570
0.304565
0.304557
0.304580
0.304588
0.304588
0.304532
0.304529
0.304529
0.304529
0.304561
0.304600
0.304622
0.304622
0.304622
0.304624
0.304630
0.304639
0.304674
0.304684
0.304687
0.304685
0.304685
0.304689
0.304699
0.304685
0.304648
0.304642
0.304642
0.304646
0.304684
0.304713
0.304714
0.304714
0.304714
0.304683
0.304690
0.304721
0.304748
0.304763
0.304764
0.304767
0.304743
0.304702
0.304714
0.304714
0.304714
0.304730
0.304708
0.304709
0.304732
0.304740
0.304731
0.304742
0.304745
0.304746
0.304760
0.304783
0.304783
0.304782
0.304782
0.304787
0.304797
0.304810
0.304793
0.304793
0.304816
0.304818
0.304840
0.304840
0.304840
0.304866
0.304873
0.304860
0.304860
0.304902
0.304902
0.304908
0.304910
0.304925
0.304925
0.304911
0.304928
0.304924
0.304920
0.304965
0.304965
0.304968
0.304968
0.304968
0.304965
0.304966
0.304973
0.304960
0.304960
0.304975
0.304977
0.304982
0.304976
0.304978
0.304978
0.304996
0.305001
0.304994
0.305040
0.305082
0.305091
0.305093
0.305086
0.305084
0.305084
0.305084
0.305078
0.305078
0.305100
0.305101
0.305103
0.305103
0.305103
0.305107
0.305104
0.305104
0.305097
0.305059
0.305059
0.305104
0.305104
0.305104
0.305155
0.305155
0.305155
0.305154
0.305161
0.305174
0.305177
0.305182
0.305233
0.305251
0.305251
0.305229
0.305217
0.305218
0.305225
0.305237
0.305226
0.305154
0.305136
0.305136
0.305145
0.305145
0.305145
0.305142
0.305217
0.305220
0.305225
0.305235
0.305232
0.305230
0.305195
0.305191
0.305191
0.305220
0.305226
0.305226
0.305217
0.305219
0.305222
0.305228
0.305232
0.305235
0.305243
0.305243
0.305243
0.305163
0.305163
0.305163
0.305160
0.305133
0.305156
0.305170
0.305170
0.305167
0.305191
0.305181
0.305183
0.305156
0.305175
0.305128
0.305107
0.305112
0.305112
0.305112
0.305135
0.305167
0.305164
0.305165
0.305169
0.305135
0.305135
0.305142
0.305134
0.305131
0.305132
0.305117
0.305137
0.305123
0.305134
0.305146
0.305161
0.305176
0.305156
0.305168
0.305186
0.305171
0.305183
0.305201
0.305199
0.305189
0.305189
0.305189
0.305154
0.305176
0.305180
0.305189
0.305220
0.305221
0.305193
0.305228
0.305232
0.305224
0.305243
0.305240
0.305233
0.305250
0.305250
0.305252
0.305258
0.305238
0.305238
0.305248
0.305248
0.305246
0.305256
0.305256
0.305271
0.305285
0.305308
0.305297
0.305281
0.305281
0.305283
0.305280
0.305283
0.305283
0.305298
0.305298
0.305285
0.305304
0.305307
0.305301
0.305297
0.305304
0.305323
0.305327
0.305306
0.305299
0.305308
0.305285
0.305285
0.305285
0.305230
0.305235
0.305235
0.305235
0.305268
0.305319
0.305281
0.305281
0.305273
0.305308
0.305308
0.305366
0.305368
0.305368
0.305325
0.305313
0.305316
0.305328
0.305328
0.305321
0.305318
0.305318
0.305326
0.305346
0.305351
0.305351
0.305348
0.305330
0.305329
0.305339
0.305368
0.305380
0.305389
0.305399
0.305399
0.305414
0.305414
0.305415
0.305419
0.305417
0.305404
0.305405
0.305407
0.305392
0.305433
0.305433
0.305433
0.305410
0.305370
0.305359
0.305359
0.305372
0.305372
0.305335
0.305329
0.305370
0.305368
0.305341
0.305389
0.305362
0.305341
0.305335
0.305322
0.305334
0.305334
0.305353
0.305352
0.305372
0.305372
0.305356
0.305365
0.305365
0.305365
0.305386
0.305387
0.305387
0.305387
0.305382
0.305403
0.305408
0.305402
0.305420
0.305433
0.305403
0.305421
0.305420
0.305401
0.305367
0.305364
0.305364
0.305411
0.305423
0.305431
0.305446
0.305446
0.305432
0.305436
0.305442
0.305436
0.305441
0.305441
0.305462
0.305494
0.305507
0.305509
0.305447
0.305448
0.305448
0.305456
0.305456
0.305456
0.305472
0.305474
0.305474
0.305474
0.305480
0.305506
0.305506
0.305526
0.305515
0.305511
0.305510
0.305510
0.305492
0.305481
0.305490
0.305468
0.305503
0.305503
0.305506
0.305496
0.305496
0.305482
0.305464
0.305464
0.305489
0.305485
0.305492
0.305489
0.305489
0.305489
0.305501
0.305492
0.305503
0.305518
0.305491
0.305478
0.305483
0.305483
0.305492
0.305515
0.305518
0.305524
0.305524
0.305543
0.305552
0.305579
0.305582
0.305617
0.305611
0.305619
0.305584
0.305591
0.305579
0.305579
0.305579
0.305603
0.305672
0.305687
0.305687
0.305687
0.305687
0.305685
0.305676
0.305676
0.305666
0.305665
0.305688
0.305688
0.305717
0.305717
0.305734
0.305713
0.305713
0.305702
0.305702
0.305708
0.305706
0.305744
0.305731
0.305723
0.305731
0.305731
0.305733
0.305745
0.305760
0.305764
0.305764
0.305749
0.305749
0.305719
0.305717
0.305717
0.305713
0.305719
0.305719
0.305730
0.305738
0.305754
0.305755
0.305755
0.305720
0.305720
0.305736
0.305742
0.305769
0.305782
0.305753
0.305742
0.305742
0.305740
0.305755
0.305755
0.305785
0.305784
0.305784
0.305723
0.305713
0.305713
0.305713
0.305725
0.305728
0.305728
0.305764
0.305763
0.305763
0.305745
0.305710
0.305710
0.305711
0.305718
0.305736
0.305736
0.305745
0.305745
0.305746
0.305777
0.305776
0.305785
0.305788
0.305786
0.305785
0.305791
0.305757
0.305751
0.305760
0.305764
0.305764
0.305764
0.305817
0.305813
0.305814
0.305815
0.305815
0.305817
0.305814
0.305823
0.305823
0.305822
0.305822
0.305822
0.305845
0.305847
0.305838
0.305828
0.305855
0.305855
0.305870
0.305866
0.305866
0.305866
0.305865
0.305873
0.305873
0.305851
0.305851
0.305851
0.305851
0.305851
0.305854
0.305854
0.305854
0.305866
0.305828
0.305828
0.305853
0.305853
0.305869
0.305864
0.305872
0.305808
0.305817
0.305808
0.305811
0.305811
0.305811
0.305840
0.305840
0.305831
0.305831
0.305831
0.305757
0.305763
0.305756
0.305751
0.305709
0.305716
0.305771
0.305770
0.305770
0.305825
0.305811
0.305805
0.305793
0.305792
0.305803
0.305803
0.305833
0.305835
0.305841
0.305863
0.305853
0.305835
0.305840
0.305855
0.305855
0.305851
0.305860
0.305880
0.305880
0.305880
0.305881
0.305881
0.305883
0.305880
0.305879
0.305881
0.305881
0.305886
0.305882
0.305884
0.305884
0.305875
0.305837
0.305837
0.305837
0.305897
0.305877
0.305868
0.305880
0.305880
0.305889
0.305886
0.305887
0.305892
0.305892
0.305895
0.305883
0.305883
0.305883
0.305867
0.305857
0.305871
0.305871
0.305871
0.305875
0.305875
0.305899
0.305894
0.305894
0.305916
0.305930
0.305888
0.305888
0.305888
0.305899
0.305941
0.305917
0.305917
0.305905
0.305916
0.305916
0.305917
0.305913
0.305923
0.305921
0.305916
0.305896
0.305904
0.305904
0.305910
0.305929
0.305943
0.305943
0.305941
0.305941
0.305934
0.305934
0.305933
0.305930
0.305927
0.305934
0.305933
0.305907
0.305902
0.305922
0.305924
0.305923
0.305941
0.305941
0.305941
0.305940
0.305937
0.305933
0.305912
0.305893
0.305905
0.305905
0.305901
0.305906
0.305919
0.305946
0.305961
0.305967
0.305967
0.305961
0.305961
0.305963
0.305959
0.305959
0.305974
0.305974
0.305960
0.305974
0.305990
0.305990
0.305990
0.305985
0.305985
0.305985
0.305973
0.305977
0.305977
0.305967
0.305953
0.305966
0.305966
0.305966
0.305964
0.305958
0.305969
0.305976
0.305976
0.305976
0.306007
0.306007
0.306002
0.305994
0.306004
0.306001
0.306005
0.306013
0.306017
0.306017
0.305985
0.305985
0.305987
0.305978
0.305985
0.305981
0.305999
0.305987
0.305999
0.305997
0.306004
0.306009
0.306017
0.306017
0.306035
0.306035
0.306035
0.306075
0.306074
0.306074
0.306060
0.306048
0.306048
0.306045
0.306045
0.306043
0.305804
0.305810
0.305824
0.305812
0.305812
0.305798
0.305787
0.305787
0.305778
0.305787
0.305824
0.305824
0.305819
0.305787
0.305786
0.305786
0.305786
0.305784
0.305784
0.305821
0.305821
0.305821
0.305791
0.305791
0.305779
0.305738
0.305744
0.305740
0.305819
0.305819
0.305826
0.305809
0.305809
0.305750
0.305745
0.305745
0.305746
0.305755
0.305762
0.305763
0.305761
0.305761
0.305756
0.305757
0.305747
0.305747
0.305747
0.305728
0.305728
0.305731
0.305731
0.305745
0.305766
0.305761
0.305748
0.305748
0.305747
0.305761
0.305759
0.305759
0.305779
0.305700
0.305763
0.305759
0.305759
0.305729
0.305729
0.305729
0.305729
0.305729
0.305774
0.305781
0.305776
0.305776
0.305769
0.305755
0.305752
0.305726
0.305741
0.305738
0.305738
0.305738
0.305744
0.305752
0.305759
0.305741
0.305750
0.305750
0.305750
0.305750
0.305773
0.305772
0.305770
0.305750
0.305750
0.305750
0.305740
0.305730
0.305718
0.305715
0.305715
0.305715
0.305745
0.305731
0.305727
0.305737
0.305749
0.305749
0.305751
0.305751
0.305751
0.305765
0.305745
0.305740
0.305763
0.305771
0.305776
0.305776
0.305776
0.305784
0.305798
0.305798
0.305800
0.305791
0.305787
0.305807
0.305807
0.305807
0.305821
0.305821
0.305821
0.305828
0.305830
0.305830
0.305811
0.305829
0.305843
0.305843
0.305841
0.305841
0.305841
0.305814
0.305783
0.305783
0.305775
0.305792
0.305792
0.305756
0.305758
0.305760
0.305760
0.305780
0.305804
0.305830
0.305830
0.305833
0.305824
0.305825
0.305856
0.305856
0.305856
0.305856
0.305868
0.305865
0.305865
0.305865
0.305865
0.305865
0.305865
0.305865
0.305865
0.305881
0.305878
0.305883
0.305887
0.305896
0.305911
0.305880
0.305882
0.305882
0.305878
0.305884
0.305886
0.305901
0.305888
0.305840
0.305826
0.305823
0.305842
0.305842
0.305847
0.305858
0.305879
0.305907
0.305907
0.305901
0.305901
0.305900
0.305900
0.305911
0.305891
0.305897
0.305886
0.305896
0.305897
0.305887
0.305887
0.305927
0.305931
0.305925
0.305887
0.305887
0.305893
0.305893
0.305884
0.305900
0.305900
0.305900
0.305923
0.305917
0.305928
0.305922
0.305934
0.305937
0.305938
0.305936
0.305936
0.305936
0.305935
0.305935
0.305935
0.305932
0.305932
0.305932
0.305956
0.305956
0.305954
0.305954
0.305956
0.305953
0.305959
0.305959
0.305957
0.305981
0.305981
0.305980
0.305980
0.305966
0.305966
0.305952
0.305952
0.305944
0.305955
0.306009
0.306011
0.306011
0.306008
0.305983
0.305969
0.305968
0.305968
0.305968
0.305964
0.305962
0.305988
0.305988
0.305988
0.306000
0.306000
0.305986
0.305981
0.305979
0.305979
0.305970
0.305961
0.305946
0.305953
0.305953
0.305968
0.305993
0.305993
0.305993
0.305999
0.305987
0.305990
0.306012
0.306012
0.306013
0.305994
0.306006
0.306006
0.306004
0.306010
0.306013
0.306013
0.306021
0.306033
0.306033
0.306033
0.306042
0.306044
0.306039
0.306039
0.306039
0.306053
0.306053
0.306056
0.306048
0.306048
0.306048
0.306049
0.306049
0.306049
0.306053
0.306053
0.306057
0.306069
0.306069
0.306069
0.306069
0.306066
0.306066
0.306058
0.306035
0.306035
0.306041
0.306041
0.306018
0.306020
0.306022
0.306033
0.306033
0.306030
0.306031
0.306033
0.306054
0.306054
0.306058
0.306055
0.306054
0.306064
0.306061
0.306061
0.306055
0.306058
0.306058
0.306054
0.306059
0.306056
0.306076
0.306068
0.306043
0.306043
0.306068
0.306063
0.306057
0.306054
0.306080
0.306083
0.306083
0.306083
0.306122
0.306118
0.306118
0.306118
0.306127
0.306129
0.306128
0.306128
0.306128
0.306128
0.306136
0.306140
0.306140
0.306134
0.306155
0.306136
0.306146
0.306146
0.306131
0.306170
0.306163
0.306161
0.306161
0.306161
0.306158
0.306163
0.306165
0.306177
0.306177
0.306182
0.306182
0.306185
0.306184
0.306184
0.306199
0.306205
0.306195
0.306195
0.306202
0.306205
0.306205
0.306204
0.306204
0.306204
0.306204
0.306204
0.306201
0.306233
0.306254
0.306254
0.306254
0.306231
0.306240
0.306245
0.306259
0.306259
0.306213
0.306213
0.306204
0.306204
0.306203
0.306199
0.306206
0.306221
0.306221
0.306227
0.306227
0.306216
0.306216
0.306200
0.306195
0.306191
0.306189
0.306205
0.306203
0.306206
0.306202
0.306200
0.306207
0.306212
0.306212
0.306212
0.306221
0.306223
0.306225
0.306218
0.306218
0.306215
0.306215
0.306203
0.306218
0.306218
0.306224
0.306235
0.306226
0.306245
0.306248
0.306248
0.306261
0.306252
0.306264
0.306263
0.306263
0.306280
0.306280
0.306283
0.306283
0.306272
0.306272
0.306272
0.306272
0.306272
0.306272
0.306277
0.306289
0.306290
0.306291
0.306291
0.306289
0.306289
0.306289
0.306278
0.306278
0.306286
0.306286
0.306290
0.306276
0.306275
0.306273
0.306276
0.306281
0.306281
0.306282
0.306293
0.306293
0.306293
0.306293
0.306280
0.306255
0.306259
0.306273
0.306302
0.306300
0.306292
0.306289
0.306289
0.306289
0.306302
0.306303
0.306305
0.306311
0.306310
0.306327
0.306327
0.306322
0.306306
0.306305
0.306318
0.306313
0.306314
0.306314
0.306299
0.306299
0.306291
0.306300
0.306315
0.306279
0.306280
0.306281
0.306281
0.306280
0.306314
0.306314
0.306314
0.306318
0.306318
0.306303
0.306332
0.306341
0.306341
0.306341
0.306344
0.306359
0.306359
0.306365
0.306365
0.306365
0.306365
0.306366
0.306367
0.306374
0.306373
0.306374
0.306398
0.306413
0.306422
0.306422
0.306425
0.306425
0.306419
0.306420
0.306424
0.306427
0.306427
0.306433
0.306433
0.306433
0.306434
0.306442
0.306442
0.306442
0.306442
0.306455
0.306455
0.306450
0.306452
0.306452
0.306452
0.306456
0.306456
0.306448
0.306448
0.306441
0.306441
0.306441
0.306441
0.306447
0.306442
0.306441
0.306441
0.306450
0.306461
0.306460
0.306468
0.306468
0.306459
0.306459
0.306461
0.306461
0.306466
0.306466
0.306473
0.306473
0.306473
0.306473
0.306473
0.306477
0.306477
0.306462
0.306462
0.306462
0.306461
0.306454
0.306455
0.306455
0.306445
0.306445
0.306445
0.306449
0.306449
0.306441
0.306446
0.306445
0.306457
0.306448
0.306450
0.306450
0.306446
0.306434
0.306433
0.306433
0.306438
0.306447
0.306447
0.306467
0.306464
0.306450
0.306446
0.306444
0.306430
0.306429
0.306429
0.306446
0.306463
0.306461
0.306461
0.306461
0.306461
0.306466
0.306465
0.306463
0.306465
0.306467
0.306462
0.306460
0.306454
0.306454
0.306454
0.306461
0.306461
0.306466
0.306466
0.306465
0.306465
0.306465
0.306471
0.306478
0.306478
0.306469
0.306452
0.306449
0.306439
0.306439
0.306446
0.306465
0.306445
0.306444
0.306444
0.306444
0.306444
0.306444
0.306443
0.306457
0.306457
0.306459
0.306459
0.306465
0.306465
0.306464
0.306464
0.306469
0.306466
0.306472
0.306472
0.306477
0.306477
0.306476
0.306476
0.306487
0.306487
0.306478
0.306480
0.306480
0.306478
0.306478
0.306482
0.306482
0.306487
0.306487
0.306476
0.306468
0.306464
0.306457
0.306477
0.306498
0.306498
0.306498
0.306510
0.306505
0.306461
0.306469
0.306469
0.306453
0.306448
0.306464
0.306471
0.306471
0.306471
0.306465
0.306465
0.306482
0.306485
0.306493
0.306512
0.306512
0.306555
0.306548
0.306548
0.306531
0.306525
0.306524
0.306515
0.306510
0.306510
0.306508
0.306501
0.306503
0.306515
0.306517
0.306517
0.306517
0.306511
0.306507
0.306507
0.306516
0.306517
0.306517
0.306532
0.306532
0.306532
0.306525
0.306525
0.306540
0.306536
0.306536
0.306536
0.306541
0.306541
0.306530
0.306521
0.306526
0.306524
0.306532
0.306534
0.306534
0.306540
0.306544
0.306549
0.306549
0.306558
0.306563
0.306563
0.306563
0.306563
0.306563
0.306562
0.306563
0.306571
0.306571
0.306587
0.306587
0.306586
0.306586
0.306586
0.306591
0.306564
0.306593
0.306593
0.306565
0.306560
0.306570
0.306570
0.306591
0.306591
0.306582
0.306583
0.306583
0.306600
0.306600
0.306602
0.306602
0.306590
0.306590
0.306591
0.306593
0.306593
0.306593
0.306607
0.306599
0.306590
0.306592
0.306592
0.306592
0.306592
0.306592
0.306572
0.306569
0.306569
0.306569
0.306580
0.306581
0.306582
0.306591
0.306597
0.306610
0.306610
0.306610
0.306609
0.306612
0.306613
0.306613
0.306620
0.306627
0.306627
0.306626
0.306620
0.306620
0.306620
0.306621
0.306619
0.306619
0.306619
0.306616
0.306616
0.306616
0.306620
0.306619
0.306638
0.306640
0.306638
0.306636
0.306636
0.306636
0.306636
0.306636
0.306645
0.306649
0.306650
0.306634
0.306624
0.306630
0.306627
0.306644
0.306644
0.306632
0.306632
0.306637
0.306637
0.306637
0.306653
0.306666
0.306642
0.306614
0.306614
0.306613
0.306598
0.306610
0.306600
0.306600
0.306598
0.306610
0.306627
0.306631
0.306631
0.306645
0.306645
0.306645
0.306638
0.306639
0.306640
0.306643
0.306648
0.306651
0.306651
0.306651
0.306653
0.306653
0.306649
0.306640
0.306640
0.306640
0.306652
0.306644
0.306644
0.306648
0.306651
0.306652
0.306651
0.306651
0.306651
0.306682
0.306690
0.306673
0.306675
0.306675
0.306658
0.306658
0.306668
0.306672
0.306680
0.306680
0.306680
0.306690
0.306679
0.306695
0.306695
0.306691
0.306691
0.306692
0.306697
0.306700
0.306700
0.306700
0.306700
0.306700
0.306714
0.306714
0.306714
0.306713
0.306711
0.306706
0.306706
0.306706
0.306714
0.306713
0.306713
0.306713
0.306710
0.306704
0.306708
0.306708
0.306703
0.306697
0.306697
0.306697
0.306704
0.306712
0.306716
0.306716
0.306716
0.306716
0.306716
0.306723
0.306725
0.306715
0.306713
0.306713
0.306729
0.306722
0.306726
0.306726
0.306726
0.306726
0.306726
0.306738
0.306738
0.306738
0.306709
0.306709
0.306709
0.306701
0.306701
0.306723
0.306723
0.306723
0.306730
0.306730
0.306730
0.306730
0.306730
0.306730
0.306730
0.306730
0.306730
0.306729
0.306738
0.306738
0.306741
0.306739
0.306735
0.306735
0.306735
0.306735
0.306735
0.306736
0.306736
0.306746
0.306746
0.306743
0.306738
0.306741
0.306741
0.306741
0.306767
0.306769
0.306775
0.306767
0.306773
0.306773
0.306777
0.306785
0.306778
0.306789
0.306778
0.306784
0.306783
0.306786
0.306788
0.306788
0.306788
0.306782
0.306783
0.306783
0.306783
0.306783
0.306783
0.306784
0.306784
0.306784
0.306784
0.306784
0.306784
0.306784
0.306775
0.306782
0.306773
0.306777
0.306780
0.306780
0.306779
0.306781
0.306777
0.306777
0.306777
0.306773
0.306787
0.306792
0.306781
0.306775
0.306760
0.306755
0.306755
0.306774
0.306783
0.306800
0.306800
0.306791
0.306798
0.306798
0.306799
0.306811
0.306811
0.306809
0.306809
0.306809
0.306821
0.306820
0.306820
0.306820
0.306824
0.306824
0.306810
0.306816
0.306811
0.306811
0.306811
0.306811
0.306812
0.306823
0.306841
0.306841
0.306841
0.306841
0.306841
0.306841
0.306845
0.306836
0.306836
0.306836
0.306838
0.306847
0.306835
0.306835
0.306845
0.306854
0.306854
0.306851
0.306842
0.306843
0.306836
0.306829
0.306829
0.306831
0.306831
0.306836
0.306836
0.306846
0.306856
0.306856
0.306856
0.306855
0.306855
0.306855
0.306853
0.306852
0.306848
0.306849
0.306849
0.306857
0.306848
0.306847
0.306850
0.306850
0.306865
0.306869
0.306869
0.306853
0.306851
0.306864
0.306868
0.306883
0.306883
0.306883
0.306885
0.306857
0.306857
0.306857
0.306860
0.306860
0.306867
0.306867
0.306876
0.306864
0.306867
0.306875
0.306875
0.306878
0.306878
0.306878
0.306880
0.306875
0.306873
0.306879
0.306880
0.306879
0.306879
0.306898
0.306898
0.306893
0.306874
0.306871
0.306871
0.306871
0.306863
0.306878
0.306882
0.306876
0.306900
0.306900
0.306892
0.306894
0.306891
0.306891
0.306891
0.306888
0.306888
0.306890
0.306889
0.306889
0.306899
0.306897
0.306902
0.306902
0.306902
0.306900
0.306900
0.306899
0.306899
0.306895
0.306894
0.306894
0.306896
0.306890
0.306892
0.306892
0.306896
0.306898
0.306905
0.306905
0.306907
0.306895
0.306895
0.306892
0.306882
0.306886
0.306880
0.306889
0.306909
0.306909
0.306908
0.306908
0.306903
0.306902
0.306900
0.306918
0.306891
0.306896
0.306896
0.306896
0.306904
0.306901
0.306889
0.306887
0.306887
0.306893
0.306901
0.306901
0.306904
0.306885
0.306885
0.306885
0.306885
0.306903
0.306903
0.306903
0.306903
0.306905
0.306902
0.306902
0.306893
0.306893
0.306882
0.306882
0.306884
0.306893
0.306896
0.306897
0.306897
0.306908
0.306908
0.306909
0.306909
0.306906
0.306897
0.306897
0.306926
0.306926
0.306926
0.306932
0.306943
0.306943
0.306940
0.306933
0.306905
0.306878
0.306873
0.306905
0.306904
0.306902
0.306901
0.306899
0.306872
0.306872
0.306877
0.306878
0.306878
0.306878
0.306878
0.306878
0.306878
0.306879
0.306881
0.306884
0.306884
0.306886
0.306876
0.306886
0.306887
0.306877
0.306885
0.306896
0.306896
0.306896
0.306903
0.306903
0.306912
0.306912
0.306917
0.306916
0.306916
0.306919
0.306919
0.306902
0.306906
0.306903
0.306910
0.306914
0.306914
0.306930
0.306930
0.306930
0.306930
0.306929
0.306927
0.306936
0.306936
0.306936
0.306936
0.306951
0.306951
0.306951
0.306951
0.306951
0.306951
0.306951
0.306945
0.306943
0.306943
0.306943
0.306943
0.306943
0.306937
0.306937
0.306948
0.306946
0.306937
0.306939
0.306939
0.306939
0.306938
0.306939
0.306939
0.306939
0.306928
0.306928
0.306928
0.306919
0.306919
0.306925
0.306924
0.306943
0.306943
0.306943
0.306943
0.306954
0.306954
0.306956
0.306948
0.306939
0.306939
0.306939
0.306944
0.306944
0.306944
0.306948
0.306948
0.306949
0.306949
0.306950
0.306941
0.306938
0.306938
0.306968
0.306975
0.306975
0.306968
0.306965
0.306965
0.306948
0.306951
0.306948
0.306972
0.306971
0.306976
0.306964
0.306964
0.306964
0.306961
0.306964
0.306968
0.306968
0.306987
0.306982
0.306982
0.306982
0.306982
0.306982
0.306984
0.306998
0.307007
0.307010
0.307010
0.307007
0.307007
0.307001
0.307001
0.307001
0.306992
0.306989
0.306997
0.306993
0.307001
0.307016
0.307016
0.307012
0.307010
0.307010
0.307010
0.307010
0.307010
0.307013
0.307012
0.307015
0.307015
0.307015
0.307021
0.307016
0.307016
0.307016
0.307016
0.307016
0.307016
0.307007
0.307006
0.307006
0.307006
0.307010
0.307006
0.307005
0.307006
0.307006
0.307015
0.307029
0.307029
0.307027
0.307026
0.307024
0.307018
0.307020
0.307028
0.307020
0.307020
0.307020
0.307016
0.307028
0.307028
0.307029
0.307030
0.307030
0.307033
0.307033
0.307036
0.307034
0.307034
0.307042
0.307043
0.307043
0.307044
0.307056
0.307051
0.307051
0.307051
0.307051
0.307051
0.307051
0.307058
0.307050
0.307038
0.307048
0.307048
0.307047
0.307056
0.307060
0.307055
0.307055
0.307055
0.307055
0.307062
0.307052
0.307053
0.307054
0.307054
0.307061
0.307070
0.307073
0.307074
0.307078
0.307078
0.307074
0.307076
0.307076
0.307068
0.307069
0.307073
0.307073
0.307073
0.307077
0.307077
0.307071
0.307071
0.307069
0.307058
0.307058
0.307058
0.307062
0.307061
0.307076
0.307076
0.307076
0.307076
0.307077
0.307077
0.307065
0.307065
0.307066
0.307066
0.307067
0.307067
0.307086
0.307086
0.307087
0.307083
0.307085
0.307085
0.307077
0.307077
0.307075
0.307077
0.307084
0.307085
0.307085
0.307085
0.307085
0.307088
0.307088
0.307089
0.307085
0.307089
0.307089
0.307092
0.307092
0.307091
0.307105
0.307105
0.307089
0.307089
0.307095
0.307101
0.307102
0.307102
0.307102
0.307097
0.307099
0.307100
0.307100
0.307101
0.307101
0.307104
0.307120
0.307122
0.307128
0.307131
0.307131
0.307143
0.307140
0.307140
0.307130
0.307145
0.307145
0.307145
0.307150
0.307143
0.307115
0.307116
0.307114
0.307114
0.307141
0.307131
0.307103
0.307103
0.307100
0.307105
0.307115
0.307115
0.307115
0.307115
0.307115
0.307115
0.307130
0.307130
0.307130
0.307128
0.307130
0.307130
0.307130
0.307127
0.307127
0.307127
0.307123
0.307127
0.307134
0.307134
0.307134
0.307120
0.307124
0.307124
0.307124
0.307123
0.307123
0.307123
0.307123
0.307123
0.307122
0.307144
0.307145
0.307145
0.307145
0.307142
0.307142
0.307142
0.307142
0.307138
0.307133
0.307136
0.307136
0.307139
0.307136
0.307146
0.307146
0.307146
0.307142
0.307142
0.307142
0.307143
0.307144
0.307144
0.307144
0.307143
0.307143
0.307144
0.307145
0.307147
0.307149
0.307151
0.307151
0.307151
0.307157
0.307159
0.307159
0.307158
0.307161
0.307161
0.307161
0.307163
0.307167
0.307167
0.307167
0.307165
0.307165
0.307162
0.307170
0.307176
0.307176
0.307181
0.307177
0.307170
0.307164
0.307175
0.307175
0.307167
0.307167
0.307168
0.307179
0.307178
0.307171
0.307160
0.307159
0.307159
0.307168
0.307182
0.307182
0.307181
0.307181
0.307180
0.307189
0.307175
0.307176
0.307176
0.307176
0.307190
0.307190
0.307188
0.307191
0.307186
0.307187
0.307190
0.307199
0.307199
0.307199
0.307206
0.307210
0.307208
0.307208
0.307201
0.307195
0.307195
0.307195
0.307194
0.307206
0.307212
0.307212
0.307208
0.307203
0.307203
0.307202
0.307204
0.307208
0.307208
0.307222
0.307223
0.307207
0.307207
0.307225
0.307228
0.307228
0.307227
0.307227
0.307227
0.307230
0.307234
0.307235
0.307230
0.307230
0.307233
0.307233
0.307233
0.307236
0.307236
0.307236
0.307236
0.307236
0.307236
0.307238
0.307230
0.307230
0.307230
0.307230
0.307230
0.307229
0.307229
0.307229
0.307230
0.307230
0.307230
0.307230
0.307228
0.307230
0.307224
0.307204
0.307204
0.307204
0.307204
0.307207
0.307213
0.307213
0.307225
0.307197
0.307193
0.307197
0.307197
0.307211
0.307220
0.307209
0.307210
0.307210
0.307210
0.307209
0.307213
0.307213
0.307215
0.307215
0.307217
0.307230
0.307231
0.307227
0.307226
0.307230
0.307234
0.307234
0.307233
0.307233
0.307234
0.307231
0.307231
0.307238
0.307241
0.307241
0.307242
0.307241
0.307241
0.307241
0.307239
0.307239
0.307229
0.307232
0.307232
0.307232
0.307244
0.307244
0.307244
0.307248
0.307251
0.307251
0.307251
0.307251
0.307251
0.307251
0.307256
0.307259
0.307281
0.307281
0.307281
0.307281
0.307279
0.307281
0.307281
0.307277
0.307278
0.307266
0.307266
0.307266
0.307266
0.307269
0.307269
0.307263
0.307268
0.307266
0.307266
0.307266
0.307263
0.307274
0.307278
0.307278
0.307276
0.307283
0.307276
0.307283
0.307283
0.307283
0.307285
0.307286
0.307286
0.307281
0.307281
0.307297
0.307296
0.307296
0.307278
0.307278
0.307280
0.307278
0.307276
0.307276
0.307268
0.307278
0.307294
0.307294
0.307296
0.307297
0.307295
0.307295
0.307292
0.307285
0.307297
0.307297
0.307297
0.307297
0.307302
0.307302
0.307302
0.307303
0.307304
0.307291
0.307291
0.307291
0.307303
0.307286
0.307287
0.307287
0.307291
0.307302
0.307301
0.307301
0.307298
0.307301
0.307301
0.307303
0.307305
0.307309
0.307309
0.307309
0.307312
0.307312
0.307312
0.307312
0.307312
0.307316
0.307316
0.307316
0.307300
0.307294
0.307295
0.307295
0.307322
0.307336
0.307336
0.307333
0.307337
0.307334
0.307334
0.307337
0.307339
0.307339
0.307344
0.307344
0.307345
0.307350
0.307348
0.307348
0.307348
0.307352
0.307352
0.307358
0.307363
0.307354
0.307361
0.307361
0.307361
0.307369
0.307369
0.307371
0.307372
0.307371
0.307371
0.307371
0.307383
0.307379
0.307383
0.307384
0.307382
0.307382
0.307383
0.307388
0.307391
0.307391
0.307392
0.307392
0.307392
0.307393
0.307393
0.307398
0.307397
0.307387
0.307388
0.307388
0.307388
0.307388
0.307391
0.307387
0.307386
0.307381
0.307377
0.307353
0.307353
0.307353
0.307354
0.307361
0.307358
0.307358
0.307368
0.307364
0.307362
0.307352
0.307360
0.307360
0.307360
0.307358
0.307358
0.307360
0.307361
0.307361
0.307365
0.307365
0.307365
0.307365
0.307356
0.307350
0.307306
0.307306
0.307309
0.307317
0.307319
0.307323
0.307323
0.307323
0.307325
0.307326
0.307327
0.307327
0.307327
0.307324
0.307324
0.307325
0.307325
0.307325
0.307316
0.307316
0.307316
0.307316
0.307316
0.307321
0.307321
0.307333
0.307333
0.307330
0.307325
0.307324
0.307325
0.307327
0.307327
0.307330
0.307329
0.307329
0.307350
0.307347
0.307347
0.307337
0.307337
0.307330
0.307333
0.307333
0.307337
0.307337
0.307342
0.307342
0.307348
0.307348
0.307335
0.307335
0.307332
0.307327
0.307337
0.307337
0.307328
0.307336
0.307346
0.307347
0.307347
0.307350
0.307350
0.307350
0.307350
0.307350
0.307350
0.307337
0.307337
0.307343
0.307339
0.307344
0.307335
0.307335
0.307342
0.307341
0.307352
0.307344
0.307341
0.307362
0.307368
0.307365
0.307370
0.307370
0.307370
0.307371
0.307371
0.307374
0.307374
0.307375
0.307381
0.307380
0.307382
0.307382
0.307380
0.307380
0.307382
0.307382
0.307382
0.307385
0.307385
0.307383
0.307383
0.307388
0.307388
0.307388
0.307388
0.307388
0.307385
0.307388
0.307388
0.307388
0.307388
0.307388
0.307404
0.307402
0.307403
0.307405
0.307422
0.307422
0.307422
0.307424
0.307424
0.307413
0.307413
0.307405
0.307400
0.307412
0.307412
0.307389
0.307389
0.307387
0.307377
0.307398
0.307398
0.307402
0.307401
0.307398
0.307396
0.307416
0.307416
0.307416
0.307416
0.307419
0.307421
0.307421
0.307421
0.307421
0.307421
0.307409
0.307415
0.307400
0.307400
0.307419
0.307420
0.307421
0.307421
0.307421
0.307424
0.307445
0.307445
0.307445
0.307445
0.307450
0.307455
0.307452
0.307448
0.307448
0.307447
0.307447
0.307427
0.307438
0.307477
0.307464
0.307464
0.307464
0.307464
0.307460
0.307460
0.307479
0.307486
0.307486
0.307486
0.307486
0.307486
0.307486
0.307480
0.307480
0.307480
0.307480
0.307480
0.307480
0.307480
0.307480
0.307480
0.307480
0.307480
0.307480
0.307478
0.307480
0.307480
0.307479
0.307479
0.307480
0.307480
0.307493
0.307494
0.307493
0.307496
0.307496
0.307515
0.307509
0.307507
0.307507
0.307507
0.307511
0.307505
0.307505
0.307505
0.307506
0.307512
0.307512
0.307512
0.307508
0.307506
0.307506
0.307506
0.307496
0.307499
0.307510
0.307510
0.307508
0.307514
0.307514
0.307514
0.307515
0.307514
0.307516
0.307516
0.307515
0.307515
0.307523
0.307523
0.307523
0.307523
0.307523
0.307523
0.307524
0.307527
0.307527
0.307500
0.307500
0.307500
0.307498
0.307498
0.307493
0.307511
0.307511
0.307511
0.307511
0.307511
0.307506
0.307501
0.307501
0.307502
0.307503
0.307500
0.307500
0.307515
0.307532
0.307528
0.307528
0.307528
0.307523
0.307523
0.307491
0.307491
0.307497
0.307498
0.307504
0.307512
0.307517
0.307520
0.307523
0.307525
0.307525
0.307525
0.307529
0.307530
0.307530
0.307552
0.307539
0.307530
0.307530
0.307530
0.307536
0.307535
0.307547
0.307547
0.307547
0.307552
0.307564
0.307579
0.307574
0.307574
0.307571
0.307575
0.307577
0.307575
0.307572
0.307570
0.307583
0.307583
0.307580
0.307585
0.307584
0.307582
0.307582
0.307579
0.307577
0.307577
0.307577
0.307569
0.307569
0.307571
0.307584
0.307584
0.307584
0.307584
0.307584
0.307563
0.307577
0.307588
0.307588
0.307588
0.307588
0.307588
0.307585
0.307591
0.307591
0.307589
0.307592
0.307595
0.307595
0.307595
0.307595
0.307601
0.307603
0.307603
0.307598
0.307598
0.307596
0.307600
0.307605
0.307605
0.307597
0.307597
0.307598
0.307591
0.307591
0.307591
0.307581
0.307581
0.307590
0.307596
0.307595
0.307588
0.307591
0.307610
0.307627
0.307627
0.307629
0.307625
0.307625
0.307623
0.307623
0.307617
0.307613
0.307613
0.307609
0.307619
0.307617
0.307617
0.307617
0.307620
0.307618
0.307618
0.307618
0.307618
0.307624
0.307626
0.307626
0.307625
0.307625
0.307626
0.307624
0.307624
0.307626
0.307628
0.307629
0.307629
0.307628
0.307628
0.307628
0.307627
0.307627
0.307628
0.307628
0.307629
0.307629
0.307629
0.307625
0.307625
0.307636
0.307626
0.307641
0.307641
0.307632
0.307630
0.307630
0.307630
0.307630
0.307625
0.307625
0.307625
0.307633
0.307643
0.307648
0.307648
0.307654
0.307663
0.307669
0.307648
0.307650
0.307647
0.307647
0.307647
0.307654
0.307654
0.307654
0.307654
0.307659
0.307661
0.307672
0.307678
0.307695
0.307696
0.307697
0.307694
0.307694
0.307685
0.307685
0.307685
0.307718
0.307722
0.307725
0.307735
0.307723
0.307723
0.307726
0.307734
0.307724
0.307728
0.307728
0.307728
0.307728
0.307726
0.307751
0.307751
0.307751
0.307751
0.307751
0.307751
0.307756
0.307756
0.307756
0.307756
0.307746
0.307746
0.307746
0.307746
0.307739
0.307743
0.307741
0.307741
0.307758
0.307758
0.307770
0.307770
0.307771
0.307782
0.307782
0.307778
0.307778
0.307768
0.307757
0.307755
0.307762
0.307771
0.307771
0.307772
0.307777
0.307777
0.307777
0.307777
0.307777
0.307774
0.307768
0.307747
0.307747
0.307749
0.307760
0.307760
0.307760
0.307760
0.307760
0.307760
0.307760
0.307760
0.307760
0.307775
0.307779
0.307779
0.307779
0.307779
0.307779
0.307780
0.307772
0.307775
0.307784
0.307772
0.307772
0.307772
0.307780
0.307785
0.307781
0.307760
0.307755
0.307755
0.307755
0.307755
0.307760
0.307760
0.307773
0.307773
0.307772
0.307772
0.307772
0.307781
0.307777
0.307777
0.307777
0.307779
0.307776
0.307773
0.307773
0.307773
0.307766
0.307767
0.307771
0.307771
0.307780
0.307780
0.307780
0.307786
0.307784
0.307785
0.307780
0.307778
0.307778
0.307774
0.307774
0.307778
0.307778
0.307774
0.307778
0.307778
0.307778
0.307785
0.307785
0.307785
0.307785
0.307810
0.307807
0.307805
0.307805
0.307805
0.307805
0.307805
0.307806
0.307806
0.307804
0.307787
0.307793
0.307793
0.307793
0.307800
0.307800
0.307800
0.307800
0.307800
0.307800
0.307804
0.307801
0.307801
0.307801
0.307804
0.307806
0.307806
0.307806
0.307805
0.307804
0.307804
0.307804
0.307804
0.307805
0.307810
0.307810
0.307809
0.307809
0.307812
0.307803
0.307807
0.307806
0.307806
0.307806
0.307823
0.307823
0.307816
0.307816
0.307816
0.307816
0.307816
0.307824
0.307824
0.307824
0.307824
0.307824
0.307847
0.307847
0.307848
0.307848
0.307849
0.307837
0.307837
0.307836
0.307836
0.307836
0.307843
0.307844
0.307844
0.307844
0.307844
0.307843
0.307843
0.307841
0.307836
0.307836
0.307836
0.307837
0.307837
0.307836
0.307834
0.307827
0.307834
0.307832
0.307833
0.307837
0.307844
0.307838
0.307839
0.307836
0.307836
0.307848
0.307849
0.307851
0.307851
0.307851
0.307851
0.307851
0.307852
0.307852
0.307852
0.307852
0.307861
0.307861
0.307861
0.307861
0.307861
0.307861
0.307858
0.307858
0.307858
0.307860
0.307860
0.307860
0.307860
0.307860
0.307865
0.307865
0.307865
0.307860
0.307862
0.307862
0.307862
0.307866
0.307851
0.307849
0.307840
0.307833
0.307833
0.307839
0.307859
0.307860
0.307860
0.307857
0.307857
0.307855
0.307837
0.307833
0.307846
0.307846
0.307867
0.307872
0.307867
0.307868
0.307868
0.307868
0.307869
0.307871
0.307876
0.307875
0.307876
0.307882
0.307882
0.307882
0.307883
0.307882
0.307881
0.307881
0.307882
0.307883
0.307884
0.307884
0.307875
0.307875
0.307875
0.307880
0.307877
0.307876
0.307876
0.307876
0.307876
0.307881
0.307881
0.307881
0.307888
0.307888
0.307888
0.307889
0.307889
0.307889
0.307892
0.307893
0.307890
0.307890
0.307892
0.307892
0.307890
0.307892
0.307891
0.307891
0.307891
0.307891
0.307891
0.307893
0.307892
0.307892
0.307892
0.307892
0.307892
0.307892
0.307892
0.307892
0.307894
0.307894
0.307894
0.307895
0.307895
0.307895
0.307890
0.307893
0.307893
0.307893
0.307893
0.307899
0.307895
0.307895
0.307888
0.307893
0.307890
0.307890
0.307917
0.307917
0.307904
0.307905
0.307897
0.307897
0.307897
0.307899
0.307904
0.307906
0.307906
0.307901
0.307902
0.307900
0.307900
0.307892
0.307892
0.307893
0.307908
0.307913
0.307913
0.307913
0.307915
0.307915
0.307919
0.307916
0.307916
0.307916
0.307917
0.307907
0.307911
0.307911
0.307898
0.307906
0.307906
0.307906
0.307912
0.307912
0.307931
0.307941
0.307930
0.307926
0.307926
0.307931
0.307933
0.307933
0.307926
0.307926
0.307929
0.307929
0.307930
0.307929
0.307926
0.307929
0.307930
0.307930
0.307930
0.307932
0.307931
0.307931
0.307933
0.307930
0.307930
0.307930
0.307930
0.307934
0.307927
0.307927
0.307920
0.307920
0.307920
0.307928
0.307928
0.307942
0.307949
0.307948
0.307948
0.307950
0.307949
0.307948
0.307948
0.307948
0.307948
0.307948
0.307948
0.307950
0.307950
0.307955
0.307955
0.307960
0.307960
0.307960
0.307960
0.307962
0.307969
0.307970
0.307974
0.307974
0.307974
0.307973
0.307973
0.307974
0.307974
0.307971
0.307985
0.307985
0.307985
0.307989
0.307991
0.307991
0.307991
0.307996
0.308027
0.308027
0.308027
0.308027
0.308025
0.308029
0.308029
0.308029
0.308029
0.308022
0.308025
0.308030
0.308030
0.308033
0.308031
0.308031
0.308030
0.308030
0.308030
0.308030
0.308035
0.308035
0.308034
0.308042
0.308042
0.308042
0.308042
0.308040
0.308040
0.308047
0.308047
0.308046
0.308046
0.308041
0.308041
0.308041
0.308041
0.308041
0.308041
0.308036
0.308036
0.308036
0.308038
0.308040
0.308040
0.308040
0.308045
0.308047
0.308047
0.308047
0.308047
0.308032
0.308032
0.308035
0.308027
0.308031
0.308033
0.308023
0.308033
0.308020
0.308020
0.308020
0.308020
0.308046
0.308050
0.308050
0.308050
0.308050
0.308053
0.308053
0.308053
0.308037
0.308037
0.308037
0.308038
0.308051
0.308048
0.308048
0.308048
0.308042
0.308042
0.308038
0.308063
0.308065
0.308065
0.308063
0.308061
0.308061
0.308064
0.308073
0.308073
0.308073
0.308068
0.308068
0.308068
0.308069
0.308069
0.308074
0.308078
0.308078
0.308081
0.308084
0.308084
0.308084
0.308087
0.308087
0.308087
0.308087
0.308088
0.308088
0.308088
0.308088
0.308088
0.308088
0.308088
0.308088
0.308089
0.308089
0.308089
0.308093
0.308093
0.308088
0.308088
0.308089
0.308088
0.308088
0.308088
0.308088
0.308088
0.308088
0.308088
0.308088
0.308088
0.308088
0.308090
0.308090
0.308086
0.308088
0.308087
0.308093
0.308093
0.308093
0.308094
0.308074
0.308074
0.308086
0.308093
0.308096
0.308101
0.308102
0.308101
0.308101
0.308101
0.308101
0.308102
0.308102
0.308102
0.308102
0.308102
0.308099
0.308095
0.308101
0.308101
0.308101
0.308109
0.308109
0.308108
0.308108
0.308108
0.308107
0.308108
0.308111
0.308108
0.308108
0.308098
0.308098
0.308102
0.308102
0.308105
0.308100
0.308100
0.308122
0.308122
0.308122
0.308124
0.308124
0.308124
0.308124
0.308124
0.308126
0.308126
0.308126
0.308126
0.308126
0.308126
0.308128
0.308128
0.308128
0.308128
0.308128
0.308128
0.308128
0.308128
0.308128
0.308128
0.308128
0.308128
0.308128
0.308133
0.308133
0.308133
0.308133
0.308133
0.308133
0.308132
0.308138
0.308138
0.308137
0.308128
0.308128
0.308128
0.308128
0.308128
0.308128
0.308131
0.308141
0.308141
0.308141
0.308141
0.308154
0.308154
0.308156
0.308152
0.308151
0.308146
0.308146
0.308127
0.308128
0.308138
0.308140
0.308140
0.308140
0.308136
0.308136
0.308138
0.308139
0.308143
0.308144
0.308147
0.308147
0.308142
0.308146
0.308146
0.308145
0.308135
0.308146
0.308139
0.308138
0.308138
0.308142
0.308147
0.308147
0.308147
0.308150
0.308147
0.308147
0.308142
0.308142
0.308145
0.308145
0.308145
0.308144
0.308145
0.308145
0.308145
0.308150
0.308150
0.308150
0.308151
0.308156
0.308156
0.308146
0.308146
0.308146
0.308169
0.308169
0.308168
0.308168
0.308168
0.308156
0.308162
0.308161
0.308163
0.308164
0.308163
0.308176
0.308176
0.308178
0.308180
0.308182
0.308185
0.308185
0.308183
0.308190
0.308190
0.308198
0.308197
0.308200
0.308198
0.308201
0.308201
0.308201
0.308202
0.308203
0.308203
0.308205
0.308205
0.308205
0.308206
0.308215
0.308220
0.308221
0.308211
0.308210
0.308209
0.308218
0.308218
0.308217
0.308217
0.308214
0.308216
0.308217
0.308217
0.308217
0.308217
0.308217
0.308224
0.308225
0.308225
0.308225
0.308225
0.308222
0.308228
0.308228
0.308224
0.308226
0.308228
0.308233
0.308234
0.308234
0.308234
0.308234
0.308236
0.308236
0.308236
0.308233
0.308227
0.308236
0.308238
0.308238
0.308238
0.308238
0.308238
0.308238
0.308240
0.308240
0.308244
0.308256
0.308256
0.308265
0.308276
0.308276
0.308277
0.308277
0.308273
0.308273
0.308273
0.308273
0.308273
0.308273
0.308274
0.308274
0.308272
0.308272
0.308272
0.308276
0.308276
0.308276
0.308276
0.308273
0.308273
0.308273
0.308273
0.308273
0.308273
0.308280
0.308283
0.308280
0.308280
0.308280
0.308282
0.308282
0.308282
0.308282
0.308285
0.308285
0.308285
0.308290
0.308289
0.308289
0.308289
0.308290
0.308289
0.308289
0.308289
0.308289
0.308271
0.308271
0.308270
0.308270
0.308282
0.308282
0.308284
0.308284
0.308286
0.308292
0.308295
0.308295
0.308296
0.308297
0.308300
0.308300
0.308295
0.308295
0.308299
0.308302
0.308308
0.308316
0.308316
0.308315
0.308313
0.308313
0.308313
0.308312
0.308311
0.308311
0.308313
0.308313
0.308313
0.308315
0.308315
0.308317
0.308314
0.308311
0.308315
0.308315
0.308325
0.308324
0.308309
0.308309
0.308298
0.308298
0.308298
0.308298
0.308297
0.308297
0.308293
0.308293
0.308288
0.308288
0.308288
0.308296
0.308298
0.308298
0.308295
0.308286
0.308286
0.308286
0.308273
0.308282
0.308282
0.308282
0.308292
0.308286
0.308272
0.308272
0.308270
0.308275
0.308273
0.308281
0.308281
0.308281
0.308281
0.308280
0.308280
0.308279
0.308279
0.308282
0.308282
0.308282
0.308289
0.308289
0.308289
0.308289
0.308293
0.308293
0.308300
0.308301
0.308300
0.308300
0.308300
0.308291
0.308287
0.308283
0.308283
0.308292
0.308296
0.308297
0.308292
0.308306
0.308306
0.308306
0.308306
0.308303
0.308304
0.308304
0.308307
0.308307
0.308307
0.308311
0.308309
0.308309
0.308315
0.308313
0.308321
0.308332
0.308332
0.308334
0.308334
0.308334
0.308313
0.308331
0.308334
0.308334
0.308332
0.308343
0.308342
0.308342
0.308355
0.308357
0.308357
0.308341
0.308325
0.308327
0.308327
0.308327
0.308346
0.308346
0.308346
0.308353
0.308359
0.308358
0.308358
0.308360
0.308360
0.308361
0.308361
0.308361
0.308361
0.308356
0.308356
0.308359
0.308364
0.308364
0.308364
0.308363
0.308366
0.308367
0.308367
0.308367
0.308364
0.308356
0.308356
0.308358
0.308356
0.308368
0.308365
0.308365
0.308347
0.308347
0.308345
0.308354
0.308353
0.308353
0.308360
0.308365
0.308365
0.308359
0.308368
0.308368
0.308371
0.308371
0.308371
0.308371
0.308370
0.308370
0.308366
0.308367
0.308367
0.308368
0.308368
0.308367
0.308368
0.308368
0.308374
0.308375
0.308375
0.308375
0.308379
0.308381
0.308384
0.308409
0.308409
0.308408
0.308411
0.308411
0.308411
0.308411
0.308416
0.308415
0.308420
0.308419
0.308419
0.308419
0.308419
0.308419
0.308419
0.308420
0.308420
0.308420
0.308420
0.308420
0.308423
0.308423
0.308429
0.308425
0.308425
0.308425
0.308425
0.308427
0.308427
0.308427
0.308437
0.308437
0.308437
0.308437
0.308437
0.308435
0.308440
0.308442
0.308442
0.308445
0.308445
0.308444
0.308442
0.308442
0.308444
0.308447
0.308447
0.308447
0.308445
0.308450
0.308449
0.308449
0.308449
0.308453
0.308453
0.308453
0.308463
0.308455
0.308455
0.308455
0.308457
0.308458
0.308458
0.308459
0.308459
0.308458
0.308458
0.308458
0.308458
0.308454
0.308454
0.308454
0.308454
0.308454
0.308454
0.308450
0.308450
0.308450
0.308450
0.308450
0.308455
0.308455
0.308455
0.308460
0.308460
0.308461
0.308466
0.308466
0.308459
0.308481
0.308478
0.308486
0.308488
0.308488
0.308496
0.308496
0.308497
0.308479
0.308491
0.308492
0.308486
0.308489
0.308489
0.308488
0.308488
0.308496
0.308505
0.308505
0.308484
0.308484
0.308497
0.308498
0.308496
0.308496
0.308496
0.308496
0.308496
0.308492
0.308492
0.308491
0.308491
0.308491
0.308491
0.308494
0.308494
0.308494
0.308494
0.308496
0.308496
0.308496
0.308500
0.308496
0.308496
0.308496
0.308480
0.308480
0.308480
0.308505
0.308505
0.308505
0.308507
0.308507
0.308507
0.308507
0.308507
0.308507
0.308507
0.308507
0.308507
0.308506
0.308506
0.308506
0.308506
0.308506
0.308509
0.308509
0.308510
0.308510
0.308510
0.308512
0.308512
0.308516
0.308516
0.308513
0.308513
0.308513
0.308513
0.308513
0.308513
0.308519
0.308514
0.308514
0.308512
0.308512
0.308516
0.308516
0.308516
0.308516
0.308516
0.308516
0.308516
0.308519
0.308523
0.308527
0.308531
0.308531
0.308534
0.308534
0.308534
0.308535
0.308540
0.308540
0.308541
0.308540
0.308540
0.308542
0.308544
0.308545
0.308540
0.308531
0.308531
0.308532
0.308532
0.308509
0.308509
0.308509
0.308517
0.308527
0.308527
0.308520
0.308514
0.308501
0.308505
0.308509
0.308509
0.308509
0.308509
0.308502
0.308500
0.308495
0.308502
0.308509
0.308500
0.308511
0.308511
0.308514
0.308514
0.308514
0.308514
0.308511
0.308512
0.308512
0.308512
0.308513
0.308516
0.308516
0.308516
0.308516
0.308518
0.308522
0.308516
0.308516
0.308517
0.308518
0.308530
0.308535
0.308535
0.308530
0.308523
0.308520
0.308520
0.308520
0.308523
0.308535
0.308528
0.308528
0.308525
0.308525
0.308525
0.308519
0.308518
0.308518
0.308520
0.308520
0.308520
0.308520
0.308520
0.308520
0.308519
0.308519
0.308519
0.308519
0.308522
0.308522
0.308522
0.308522
0.308522
0.308522
0.308528
0.308527
0.308523
0.308523
0.308523
0.308515
0.308515
0.308517
0.308524
0.308524
0.308523
0.308525
0.308518
0.308518
0.308518
0.308519
0.308512
0.308511
0.308512
0.308521
0.308520
0.308520
0.308518
0.308523
0.308515
0.308515
0.308515
0.308515
0.308515
0.308515
0.308515
0.308515
0.308512
0.308518
0.308518
0.308518
0.308523
0.308523
0.308523
0.308524
0.308524
0.308522
0.308526
0.308526
0.308526
0.308526
0.308528
0.308528
0.308531
0.308528
0.308526
0.308526
0.308525
0.308525
0.308525
0.308529
0.308529
0.308529
0.308529
0.308529
0.308529
0.308529
0.308533
0.308533
0.308528
0.308528
0.308528
0.308528
0.308528
0.308528
0.308528
0.308528
0.308528
0.308528
0.308525
0.308511
0.308511
0.308510
0.308524
0.308535
0.308535
0.308530
0.308530
0.308523
0.308527
0.308542
0.308542
0.308542
0.308542
0.308546
0.308543
0.308543
0.308543
0.308541
0.308541
0.308541
0.308537
0.308540
0.308540
0.308540
0.308538
0.308538
0.308538
0.308538
0.308538
0.308540
0.308539
0.308539
0.308539
0.308538
0.308538
0.308543
0.308543
0.308543
0.308543
0.308542
0.308543
0.308543
0.308543
0.308543
0.308543
0.308543
0.308542
0.308526
0.308527
0.308531
0.308532
0.308532
0.308533
0.308533
0.308533
0.308533
0.308533
0.308537
0.308537
0.308537
0.308538
0.308539
0.308534
0.308534
0.308534
0.308534
0.308534
0.308534
0.308534
0.308534
0.308537
0.308540
0.308540
0.308539
0.308542
0.308542
0.308542
0.308542
0.308543
0.308543
0.308552
0.308552
0.308549
0.308549
0.308549
0.308551
0.308552
0.308551
0.308565
0.308569
0.308558
0.308558
0.308556
0.308553
0.308553
0.308553
0.308552
0.308560
0.308559
0.308559
0.308558
0.308560
0.308560
0.308561
0.308566
0.308566
0.308566
0.308566
0.308566
0.308572
0.308572
0.308572
0.308573
0.308572
0.308572
0.308572
0.308576
0.308570
0.308570
0.308570
0.308582
0.308582
0.308589
0.308586
0.308586
0.308586
0.308586
0.308586
0.308586
0.308587
0.308587
0.308588
0.308588
0.308588
0.308588
0.308588
0.308588
0.308588
0.308589
0.308589
0.308589
0.308584
0.308580
0.308579
0.308579
0.308583
0.308583
0.308594
0.308600
0.308598
0.308598
0.308594
0.308594
0.308595
0.308592
0.308590
0.308592
0.308596
0.308596
0.308596
0.308596
0.308597
0.308597
0.308597
0.308602
0.308602
0.308609
0.308609
0.308611
0.308605
0.308605
0.308605
0.308605
0.308604
0.308605
0.308598
0.308601
0.308592
0.308592
0.308589
0.308589
0.308589
0.308589
0.308596
0.308596
0.308596
0.308596
0.308581
0.308587
0.308585
0.308585
0.308587
0.308587
0.308587
0.308586
0.308586
0.308597
0.308597
0.308597
0.308600
0.308600
0.308593
0.308598
0.308598
0.308605
0.308605
0.308606
0.308594
0.308588
0.308588
0.308593
0.308603
0.308603
0.308603
0.308607
0.308612
0.308611
0.308611
0.308611
0.308622
0.308621
0.308619
0.308619
0.308619
0.308616
0.308616
0.308615
0.308620
0.308620
0.308623
0.308623
0.308624
0.308624
0.308624
0.308624
0.308624
0.308624
0.308609
0.308611
0.308611
0.308620
0.308622
0.308622
0.308631
0.308631
0.308629
0.308626
0.308626
0.308626
0.308627
0.308640
0.308639
0.308639
0.308639
0.308638
0.308629
0.308630
0.308636
0.308632
0.308632
0.308632
0.308632
0.308633
0.308645
0.308645
0.308645
0.308645
0.308646
0.308647
0.308650
0.308650
0.308650
0.308650
0.308652
0.308653
0.308654
0.308654
0.308654
0.308656
0.308656
0.308653
0.308653
0.308652
0.308654
0.308654
0.308653
0.308653
0.308653
0.308658
0.308662
0.308662
0.308662
0.308662
0.308660
0.308659
0.308673
0.308667
0.308667
0.308660
0.308648
0.308648
0.308648
0.308660
0.308664
0.308667
0.308667
0.308667
0.308667
0.308667
0.308665
0.308665
0.308666
0.308666
0.308666
0.308669
0.308669
0.308675
0.308675
0.308675
0.308674
0.308679
0.308686
0.308675
0.308673
0.308673
0.308676
0.308676
0.308683
0.308683
0.308683
0.308683
0.308687
0.308687
0.308686
0.308686
0.308686
0.308686
0.308687
0.308687
0.308687
0.308687
0.308687
0.308686
0.308687
0.308675
0.308675
0.308675
0.308685
0.308686
0.308686
0.308687
0.308687
0.308684
0.308682
0.308683
0.308683
0.308685
0.308704
0.308709
0.308709
0.308709
0.308704
0.308702
0.308701
0.308701
0.308701
0.308682
0.308683
0.308683
0.308690
0.308698
0.308698
0.308698
0.308698
0.308698
0.308702
0.308705
0.308705
0.308707
0.308719
0.308719
0.308719
0.308719
0.308715
0.308715
0.308712
0.308712
0.308713
0.308715
0.308714
0.308714
0.308714
0.308708
0.308708
0.308707
0.308713
0.308713
0.308713
0.308713
0.308713
0.308708
0.308708
0.308710
0.308710
0.308714
0.308714
0.308714
0.308717
0.308716
0.308720
0.308720
0.308719
0.308719
0.308716
0.308716
0.308716
0.308717
0.308715
0.308715
0.308715
0.308711
0.308711
0.308713
0.308713
0.308712
0.308714
0.308708
0.308712
0.308712
0.308714
0.308714
0.308699
0.308698
0.308697
0.308701
0.308717
0.308717
0.308729
0.308729
0.308726
0.308725
0.308725
0.308725
0.308722
0.308722
0.308729
0.308729
0.308739
0.308739
0.308731
0.308731
0.308731
0.308739
0.308739
0.308735
0.308735
0.308735
0.308735
0.308737
0.308737
0.308734
0.308734
0.308734
0.308734
0.308734
0.308736
0.308736
0.308736
0.308736
0.308736
0.308735
0.308735
0.308736
0.308724
0.308719
0.308719
0.308735
0.308741
0.308731
0.308731
0.308734
0.308738
0.308736
0.308732
0.308738
0.308741
0.308741
0.308745
0.308748
0.308748
0.308748
0.308750
0.308750
0.308750
0.308750
0.308750
0.308751
0.308752
0.308751
0.308751
0.308759
0.308758
0.308759
0.308754
0.308753
0.308753
0.308753
0.308759
0.308759
0.308758
0.308755
0.308755
0.308758
0.308758
0.308760
0.308760
0.308762
0.308766
0.308766
0.308766
0.308766
0.308766
0.308769
0.308769
0.308769
0.308769
0.308769
0.308766
0.308766
0.308758
0.308763
0.308763
0.308758
0.308756
0.308756
0.308757
0.308757
0.308761
0.308761
0.308761
0.308759
0.308758
0.308761
0.308761
0.308761
0.308761
0.308777
0.308779
0.308779
0.308779
0.308779
0.308779
0.308778
0.308779
0.308789
0.308789
0.308789
0.308789
0.308789
0.308789
0.308789
0.308789
0.308789
0.308789
0.308787
0.308787
0.308787
0.308784
0.308786
0.308792
0.308792
0.308792
0.308792
0.308792
0.308792
0.308797
0.308800
0.308805
0.308812
0.308813
0.308815
0.308814
0.308817
0.308817
0.308825
0.308825
0.308833
0.308846
0.308846
0.308847
0.308850
0.308847
0.308851
0.308851
0.308846
0.308852
0.308852
0.308851
0.308851
0.308847
0.308847
0.308856
0.308854
0.308854
0.308854
0.308861
0.308861
0.308861
0.308861
0.308863
0.308863
0.308861
0.308860
0.308860
0.308860
0.308860
0.308863
0.308865
0.308865
0.308865
0.308867
0.308866
0.308867
0.308867
0.308866
0.308866
0.308867
0.308867
0.308867
0.308870
0.308868
0.308868
0.308868
0.308870
0.308870
0.308870
0.308870
0.308875
0.308877
0.308877
0.308877
0.308877
0.308877
0.308877
0.308880
0.308880
0.308880
0.308882
0.308882
0.308882
0.308879
0.308882
0.308885
0.308898
0.308900
0.308900
0.308903
0.308903
0.308898
0.308912
0.308912
0.308914
0.308914
0.308913
0.308914
0.308914
0.308914
0.308913
0.308913
0.308913
0.308913
0.308913
0.308913
0.308913
0.308914
0.308928
0.308930
0.308930
0.308926
0.308926
0.308926
0.308922
0.308918
0.308928
0.308937
0.308937
0.308924
0.308924
0.308924
0.308922
0.308917
0.308926
0.308929
0.308934
0.308933
0.308933
0.308931
0.308931
0.308933
0.308933
0.308935
0.308936
0.308936
0.308936
0.308936
0.308936
0.308917
0.308917
0.308917
0.308917
0.308899
0.308899
0.308899
0.308899
0.308903
0.308903
0.308915
0.308919
0.308920
0.308915
0.308915
0.308916
0.308928
0.308930
0.308930
0.308930
0.308930
0.308928
0.308928
0.308922
0.308924
0.308924
0.308923
0.308923
0.308923
0.308919
0.308919
0.308923
0.308923
0.308930
0.308930
0.308923
0.308923
0.308928
0.308931
0.308931
0.308931
0.308931
0.308931
0.308931
0.308931
0.308931
0.308931
0.308931
0.308934
0.308933
0.308933
0.308932
0.308932
0.308940
0.308940
0.308940
0.308941
0.308941
0.308941
0.308941
0.308941
0.308941
0.308941
0.308941
0.308938
0.308938
0.308938
0.308918
0.308918
0.308918
0.308920
0.308932
0.308931
0.308930
0.308930
0.308930
0.308930
0.308943
0.308944
0.308945
0.308946
0.308946
0.308945
0.308922
0.308922
0.308922
0.308926
0.308926
0.308926
0.308938
0.308938
0.308938
0.308938
0.308938
0.308938
0.308939
0.308939
0.308939
0.308939
0.308939
0.308938
0.308934
0.308935
0.308935
0.308935
0.308935
0.308941
0.308944
0.308945
0.308941
0.308941
0.308941
0.308946
0.308949
0.308939
0.308939
0.308939
0.308944
0.308951
0.308951
0.308958
0.308958
0.308958
0.308960
0.308960
0.308954
0.308954
0.308954
0.308964
0.308966
0.308969
0.308971
0.308972
0.308970
0.308969
0.308969
0.308969
0.308969
0.308971
0.308971
0.308970
0.308970
0.308970
0.308970
0.308970
0.308970
0.308970
0.308970
0.308974
0.308974
0.308969
0.308961
0.308961
0.308962
0.308965
0.308965
0.308970
0.308979
0.308979
0.308979
0.308979
0.308979
0.308976
0.308977
0.308968
0.308968
0.308964
0.308964
0.308966
0.308966
0.308966
0.308966
0.308966
0.308966
0.308962
0.308962
0.308963
0.308962
0.308962
0.308961
0.308961
0.308968
0.308968
0.308968
0.308960
0.308960
0.308956
0.308959
0.308957
0.308955
0.308967
0.308967
0.308980
0.308978
0.308976
0.308976
0.308972
0.308972
0.308972
0.308975
0.308979
0.308979
0.308974
0.308974
0.308974
0.308974
0.308974
0.308974
0.308978
0.308975
0.308975
0.308975
0.308977
0.308977
0.308977
0.308977
0.308977
0.308979
0.308981
0.308981
0.308983
0.308987
0.308987
0.308972
0.308972
0.308972
0.308972
0.308986
0.308988
0.309005
0.309005
0.309005
0.309005
0.309008
0.309007
0.309009
0.309006
0.309005
0.309005
0.309005
0.309006
0.309002
0.309002
0.309004
0.309004
0.309004
0.309004
0.309012
0.309012
0.309012
0.309014
0.309015
0.309017
0.309017
0.309013
0.309012
0.309013
0.309013
0.309013
0.309031
0.309031
0.309034
0.309034
0.309035
0.309031
0.309035
0.309035
0.309018
0.309018
0.309018
0.309018
0.309018
0.309018
0.309034
0.309031
0.309031
0.309028
0.309035
0.309036
0.309035
0.309035
0.309029
0.309029
0.309030
0.309033
0.309034
0.309034
0.309037
0.309037
0.309022
0.309024
0.309024
0.309026
0.309026
0.309026
0.309026
0.309041
0.309041
0.309041
0.309038
0.309038
0.309042
0.309044
0.309044
0.309044
0.309041
0.309041
0.309045
0.309045
0.309034
0.309040
0.309040
0.309042
0.309042
0.309042
0.309042
0.309047
0.309049
0.309049
0.309048
0.309048
0.309050
0.309053
0.309053
0.309053
0.309052
0.309052
0.309053
0.309053
0.309054
0.309053
0.309054
0.309067
0.309073
0.309073
0.309075
0.309075
0.309073
0.309073
0.309073
0.309073
0.309078
0.309074
0.309079
0.309079
0.309079
0.309079
0.309082
0.309088
0.309090
0.309090
0.309090
0.309090
0.309090
0.309090
0.309090
0.309090
0.309090
0.309090
0.309090
0.309090
0.309090
0.309090
0.309090
0.309090
0.309090
0.309088
0.309088
0.309088
0.309087
0.309087
0.309093
0.309092
0.309092
0.309093
0.309094
0.309094
0.309094
0.309091
0.309091
0.309091
0.309091
0.309091
0.309093
0.309093
0.309095
0.309097
0.309097
0.309097
0.309097
0.309098
0.309099
0.309099
0.309100
0.309108
0.309107
0.309107
0.309099
0.309104
0.309104
0.309103
0.309103
0.309103
0.309103
0.309103
0.309109
0.309107
0.309107
0.309107
0.309107
0.309107
0.309107
0.309101
0.309098
0.309098
0.309098
0.309100
0.309100
0.309089
0.309089
0.309091
0.309095
0.309102
0.309102
0.309102
0.309102
0.309104
0.309104
0.309104
0.309101
0.309101
0.309110
0.309114
0.309112
0.309110
0.309108
0.309108
0.309108
0.309108
0.309109
0.309112
0.309112
0.309117
0.309119
0.309119
0.309119
0.309119
0.309115
0.309115
0.309115
0.309115
0.309116
0.309119
0.309119
0.309118
0.309122
0.309122
0.309118
0.309118
0.309115
0.309115
0.309115
0.309114
0.309122
0.309128
0.309127
0.309127
0.309127
0.309127
0.309126
0.309124
0.309120
0.309127
0.309128
0.309128
0.309127
0.309127
0.309127
0.309127
0.309127
0.309139
0.309135
0.309134
0.309134
0.309134
0.309131
0.309141
0.309145
0.309145
0.309148
0.309148
0.309148
0.309148
0.309148
0.309148
0.309148
0.309148
0.309148
0.309148
0.309148
0.309148
0.309146
0.309148
0.309148
0.309148
0.309149
0.309152
0.309152
0.309152
0.309150
0.309150
0.309150
0.309155
0.309155
0.309161
0.309161
0.309161
0.309161
0.309161
0.309162
0.309162
0.309155
0.309155
0.309155
0.309156
0.309156
0.309156
0.309156
0.309156
0.309156
0.309154
0.309154
0.309154
0.309155
0.309155
0.309156
0.309156
0.309156
0.309156
0.309156
0.309156
0.309155
0.309155
0.309155
0.309155
0.309155
0.309155
0.309165
0.309165
0.309164
0.309164
0.309164
0.309151
0.309151
0.309151
0.309152
0.309152
0.309159
0.309165
0.309165
0.309165
0.309169
0.309169
0.309165
0.309165
0.309165
0.309164
0.309168
0.309177
0.309177
0.309178
0.309178
0.309181
0.309180
0.309180
0.309180
0.309179
0.309179
0.309179
0.309179
0.309174
0.309174
0.309174
0.309167
0.309162
0.309164
0.309162
0.309162
0.309162
0.309162
0.309161
0.309167
0.309159
0.309159
0.309165
0.309165
0.309167
0.309167
0.309168
0.309168
0.309174
0.309174
0.309173
0.309173
0.309173
0.309172
0.309173
0.309173
0.309173
0.309174
0.309174
0.309174
0.309174
0.309174
0.309174
0.309174
0.309172
0.309177
0.309177
0.309177
0.309177
0.309178
0.309178
0.309178
0.309178
0.309178
0.309178
0.309180
0.309180
0.309181
0.309181
0.309181
0.309181
0.309181
0.309181
0.309181
0.309181
0.309181
0.309181
0.309181
0.309181
0.309181
0.309181
0.309181
0.309181
0.309181
0.309181
0.309181
0.309183
0.309183
0.309183
0.309183
0.309183
0.309182
0.309182
0.309182
0.309182
0.309182
0.309182
0.309182
0.309182
0.309182
0.309182
0.309182
0.309178
0.309180
0.309186
0.309186
0.309186
0.309185
0.309185
0.309185
0.309183
0.309183
0.309183
0.309183
0.309183
0.309184
0.309184
0.309184
0.309180
0.309180
0.309180
0.309182
0.309182
0.309182
0.309182
0.309182
0.309182
0.309182
0.309183
0.309183
0.309186
0.309184
0.309185
0.309187
0.309187
0.309186
0.309179
0.309179
0.309178
0.309178
0.309188
0.309190
0.309190
0.309192
0.309192
0.309192
0.309188
0.309188
0.309186
0.309184
0.309188
0.309188
0.309188
0.309186
0.309188
0.309187
0.309188
0.309188
0.309188
0.309188
0.309188
0.309181
0.309181
0.309181
0.309181
0.309183
0.309183
0.309185
0.309185
0.309185
0.309188
0.309188
0.309188
0.309188
0.309188
0.309186
0.309186
0.309186
0.309191
0.309200
0.309205
0.309207
0.309207
0.309204
0.309200
0.309203
0.309206
0.309206
0.309207
0.309208
0.309210
0.309210
0.309210
0.309210
0.309201
0.309200
0.309209
0.309209
0.309210
0.309210
0.309210
0.309166
0.309186
0.309192
0.309192
0.309214
0.309207
0.309209
0.309209
0.309213
0.309213
0.309213
0.309213
0.309213
0.309213
0.309221
0.309221
0.309221
0.309221
0.309213
0.309213
0.309212
0.309212
0.309216
0.309222
0.309222
0.309222
0.309219
0.309219
0.309219
0.309219
0.309221
0.309220
0.309220
0.309220
0.309220
0.309220
0.309220
0.309220
0.309220
0.309220
0.309220
0.309220
0.309220
0.309220
0.309220
0.309220
0.309216
0.309217
0.309217
0.309218
0.309217
0.309217
0.309217
0.309217
0.309224
0.309224
0.309216
0.309216
0.309231
0.309228
0.309236
0.309239
0.309239
0.309241
0.309241
0.309239
0.309242
0.309237
0.309237
0.309240
0.309240
0.309242
0.309247
0.309250
0.309250
0.309251
0.309252
0.309250
0.309257
0.309257
0.309257
0.309257
0.309257
0.309254
0.309255
0.309250
0.309250
0.309252
0.309252
0.309252
0.309252
0.309252
0.309252
0.309252
0.309252
0.309252
0.309252
0.309255
0.309255
0.309255
0.309253
0.309256
0.309256
0.309258
0.309261
0.309266
0.309265
0.309270
0.309270
0.309274
0.309274
0.309274
0.309274
0.309274
0.309287
0.309287
0.309287
0.309283
0.309304
0.309302
0.309306
0.309307
0.309310
0.309302
0.309302
0.309302
0.309307
0.309307
0.309307
0.309306
0.309306
0.309306
0.309308
0.309313
0.309312
0.309312
0.309311
0.309311
0.309311
0.309311
0.309311
0.309316
0.309316
0.309317
0.309317
0.309317
0.309316
0.309316
0.309315
0.309315
0.309315
0.309315
0.309312
0.309312
0.309314
0.309314
0.309310
0.309310
0.309309
0.309309
0.309309
0.309315
0.309314
0.309314
0.309309
0.309304
0.309304
0.309298
0.309304
0.309312
0.309316
0.309313
0.309305
0.309306
0.309306
0.309310
0.309313
0.309312
0.309313
0.309316
0.309316
0.309316
0.309316
0.309309
0.309311
0.309316
0.309314
0.309315
0.309315
0.309319
0.309329
0.309328
0.309324
0.309322
0.309325
0.309325
0.309329
0.309324
0.309325
0.309325
0.309325
0.309326
0.309330
0.309330
0.309330
0.309330
0.309330
0.309330
0.309331
0.309331
0.309332
0.309337
0.309343
0.309344
0.309341
0.309344
0.309344
0.309343
0.309341
0.309343
0.309343
0.309343
0.309349
0.309349
0.309349
0.309349
0.309348
0.309343
0.309343
0.309343
0.309340
0.309340
0.309344
0.309344
0.309347
0.309347
0.309347
0.309346
0.309351
0.309350
0.309350
0.309351
0.309351
0.309349
0.309349
0.309349
0.309350
0.309350
0.309350
0.309350
0.309350
0.309350
0.309346
0.309346
0.309347
0.309347
0.309349
0.309352
0.309352
0.309352
0.309352
0.309353
0.309353
0.309353
0.309360
0.309361
0.309360
0.309360
0.309360
0.309365
0.309369
0.309369
0.309369
0.309376
0.309376
0.309376
0.309374
0.309371
0.309371
0.309373
0.309373
0.309373
0.309376
0.309376
0.309379
0.309380
0.309380
0.309376
0.309376
0.309376
0.309381
0.309376
0.309376
0.309376
0.309376
0.309376
0.309376
0.309381
0.309381
0.309381
0.309381
0.309377
0.309377
0.309377
0.309377
0.309378
0.309378
0.309378
0.309378
0.309378
0.309379
0.309377
0.309383
0.309383
0.309383
0.309385
0.309385
0.309385
0.309385
0.309385
0.309385
0.309385
0.309385
0.309373
0.309370
0.309379
0.309396
0.309398
0.309398
0.309398
0.309398
0.309400
0.309400
0.309400
0.309400
0.309401
0.309400
0.309400
0.309400
0.309400
0.309400
0.309400
0.309400
0.309401
0.309403
0.309410
0.309410
0.309409
0.309416
0.309416
0.309410
0.309410
0.309410
0.309414
0.309412
0.309415
0.309415
0.309418
0.309418
0.309422
0.309419
0.309419
0.309417
0.309417
0.309416
0.309416
0.309416
0.309418
0.309421
0.309421
0.309421
0.309421
0.309422
0.309422
0.309424
0.309424
0.309423
0.309423
0.309423
0.309417
0.309417
0.309417
0.309417
0.309415
0.309415
0.309416
0.309416
0.309418
0.309413
0.309413
0.309413
0.309411
0.309411
0.309411
0.309412
0.309414
0.309414
0.309414
0.309413
0.309413
0.309413
0.309413
0.309416
0.309416
0.309421
0.309421
0.309421
0.309421
0.309421
0.309421
0.309418
0.309418
0.309420
0.309420
0.309418
0.309420
0.309420
0.309423
0.309423
0.309428
0.309414
0.309421
0.309422
0.309429
0.309429
0.309429
0.309429
0.309429
0.309429
0.309429
0.309433
0.309432
0.309432
0.309432
0.309432
0.309432
0.309431
0.309428
0.309428
0.309428
0.309429
0.309432
0.309432
0.309432
0.309432
0.309423
0.309423
0.309423
0.309423
0.309423
0.309422
0.309422
0.309422
0.309435
0.309438
0.309438
0.309438
0.309436
0.309436
0.309436
0.309436
0.309436
0.309436
0.309437
0.309437
0.309440
0.309440
0.309441
0.309440
0.309442
0.309442
0.309442
0.309442
0.309442
0.309423
0.309423
0.309423
0.309423
0.309423
0.309423
0.309435
0.309437
0.309437
0.309436
0.309432
0.309432
0.309432
0.309432
0.309436
0.309436
0.309436
0.309436
0.309435
0.309436
0.309442
0.309444
0.309444
0.309445
0.309423
0.309423
0.309422
0.309422
0.309427
0.309427
0.309427
0.309418
0.309418
0.309421
0.309421
0.309421
0.309421
0.309417
0.309418
0.309418
0.309421
0.309421
0.309423
0.309426
0.309415
0.309413
0.309415
0.309415
0.309415
0.309409
0.309409
0.309409
0.309409
0.309409
0.309418
0.309418
0.309418
0.309418
0.309418
0.309420
0.309420
0.309420
0.309429
0.309429
0.309429
0.309434
0.309436
0.309438
0.309436
0.309437
0.309438
0.309437
0.309438
0.309438
0.309436
0.309435
0.309447
0.309447
0.309447
0.309451
0.309453
0.309454
0.309450
0.309450
0.309456
0.309456
0.309461
0.309462
0.309462
0.309468
0.309468
0.309468
0.309468
0.309467
0.309470
0.309470
0.309471
0.309483
0.309479
0.309479
0.309479
0.309479
0.309482
0.309482
0.309482
0.309477
0.309477
0.309473
0.309472
0.309470
0.309471
0.309476
0.309476
0.309476
0.309476
0.309475
0.309476
0.309478
0.309478
0.309478
0.309468
0.309470
0.309470
0.309462
0.309462
0.309462
0.309467
0.309467
0.309456
0.309456
0.309456
0.309457
0.309457
0.309449
0.309453
0.309453
0.309453
0.309453
0.309453
0.309455
0.309453
0.309453
0.309454
0.309454
0.309454
0.309456
0.309456
0.309456
0.309456
0.309456
0.309456
0.309456
0.309455
0.309453
0.309453
0.309453
0.309453
0.309457
0.309457
0.309457
0.309457
0.309457
0.309457
0.309457
0.309457
0.309457
0.309457
0.309457
0.309460
0.309460
0.309460
0.309460
0.309460
0.309460
0.309458
0.309458
0.309461
0.309461
0.309463
0.309463
0.309463
0.309462
0.309465
0.309467
0.309467
0.309475
0.309475
0.309474
0.309474
0.309472
0.309472
0.309472
0.309472
0.309480
0.309478
0.309474
0.309481
0.309478
0.309473
0.309473
0.309473
0.309473
0.309486
0.309487
0.309487
0.309489
0.309489
0.309489
0.309489
0.309489
0.309489
0.309489
0.309489
0.309486
0.309485
0.309485
0.309489
0.309489
0.309488
0.309488
0.309488
0.309488
0.309488
0.309491
0.309493
0.309494
0.309494
0.309494
0.309494
0.309494
0.309494
0.309494
0.309496
0.309493
0.309493
0.309491
0.309491
0.309496
0.309498
0.309498
0.309498
0.309501
0.309502
0.309502
0.309502
0.309502
0.309502
0.309501
0.309501
0.309498
0.309498
0.309498
0.309498
0.309501
0.309501
0.309502
0.309502
0.309502
0.309499
0.309499
0.309499
0.309496
0.309498
0.309498
0.309499
0.309499
0.309501
0.309502
0.309502
0.309503
0.309505
0.309505
0.309505
0.309500
0.309500
0.309497
0.309494
0.309493
0.309493
0.309488
0.309488
0.309488
0.309497
0.309497
0.309495
0.309495
0.309495
0.309495
0.309495
0.309496
0.309496
0.309493
0.309495
0.309497
0.309497
0.309492
0.309492
0.309492
0.309492
0.309496
0.309496
0.309495
0.309495
0.309495
0.309495
0.309494
0.309493
0.309489
0.309489
0.309490
0.309490
0.309490
0.309485
0.309488
0.309487
0.309490
0.309492
0.309488
0.309492
0.309491
0.309491
0.309492
0.309494
0.309495
0.309495
0.309495
0.309495
0.309496
0.309504
0.309501
0.309501
0.309504
0.309504
0.309504
0.309503
0.309504
0.309504
0.309504
0.309504
0.309493
0.309501
0.309501
0.309501
0.309501
0.309497
0.309496
0.309496
0.309501
0.309501
0.309501
0.309501
0.309501
0.309503
0.309503
0.309503
0.309503
0.309503
0.309507
0.309507
0.309503
0.309503
0.309503
0.309501
0.309501
0.309501
0.309501
0.309501
0.309501
0.309501
0.309501
0.309503
0.309504
0.309504
0.309504
0.309504
0.309504
0.309504
0.309504
0.309504
0.309506
0.309506
0.309507
0.309507
0.309507
0.309505
0.309502
0.309502
0.309502
0.309502
0.309503
0.309503
0.309501
0.309505
0.309508
0.309508
0.309510
0.309511
0.309510
0.309510
0.309510
0.309510
0.309510
0.309520
0.309523
0.309525
0.309521
0.309522
0.309522
0.309522
0.309524
0.309514
0.309514
0.309515
0.309515
0.309521
0.309522
0.309522
0.309522
0.309520
0.309520
0.309520
0.309520
0.309519
0.309520
0.309522
0.309523
0.309518
0.309518
0.309522
0.309522
0.309522
0.309522
0.309521
0.309521
0.309521
0.309521
0.309523
0.309523
0.309523
0.309523
0.309523
0.309523
0.309523
0.309516
0.309516
0.309516
0.309516
0.309510
0.309510
0.309510
0.309512
0.309523
0.309521
0.309520
0.309520
0.309521
0.309525
0.309525
0.309525
0.309525
0.309525
0.309523
0.309523
0.309526
0.309526
0.309526
0.309523
0.309521
0.309521
0.309525
0.309525
0.309525
0.309530
0.309530
0.309530
0.309531
0.309531
0.309538
0.309536
0.309538
0.309538
0.309539
0.309541
0.309543
0.309543
0.309543
0.309544
0.309544
0.309544
0.309542
0.309542
0.309545
0.309545
0.309545
0.309545
0.309545
0.309545
0.309545
0.309548
0.309548
0.309548
0.309551
0.309549
0.309549
0.309550
0.309558
0.309561
0.309561
0.309561
0.309563
0.309563
0.309563
0.309563
0.309563
0.309563
0.309563
0.309561
0.309561
0.309561
0.309568
0.309567
0.309567
0.309567
0.309570
0.309570
0.309570
0.309566
0.309556
0.309556
0.309555
0.309555
0.309553
0.309548
0.309560
0.309560
0.309560
0.309562
0.309562
0.309562
0.309562
0.309562
0.309561
0.309562
0.309562
0.309562
0.309560
0.309561
0.309561
0.309562
0.309564
0.309564
0.309564
0.309569
0.309567
0.309568
0.309568
0.309569
0.309562
0.309562
0.309562
0.309562
0.309562
0.309562
0.309562
0.309564
0.309564
0.309564
0.309564
0.309564
0.309564
0.309567
0.309567
0.309564
0.309564
0.309564
0.309566
0.309567
0.309567
0.309566
0.309564
0.309568
0.309568
0.309568
0.309568
0.309568
0.309568
0.309577
0.309574
0.309574
0.309576
0.309576
0.309576
0.309578
0.309578
0.309579
0.309579
0.309578
0.309570
0.309570
0.309570
0.309576
0.309576
0.309576
0.309576
0.309577
0.309578
0.309578
0.309578
0.309578
0.309578
0.309578
0.309581
0.309583
0.309583
0.309569
0.309569
0.309568
0.309567
0.309575
0.309575
0.309580
0.309579
0.309579
0.309579
0.309579
0.309580
0.309580
0.309580
0.309583
0.309583
0.309583
0.309583
0.309584
0.309584
0.309584
0.309584
0.309584
0.309584
0.309585
0.309586
0.309586
0.309590
0.309590
0.309590
0.309590
0.309590
0.309590
0.309591
0.309591
0.309591
0.309591
0.309591
0.309591
0.309585
0.309588
0.309588
0.309588
0.309588
0.309588
0.309588
0.309585
0.309578
0.309578
0.309578
0.309573
0.309581
0.309576
0.309578
0.309583
0.309586
0.309586
0.309584
0.309586
0.309587
0.309587
0.309592
0.309593
0.309593
0.309593
0.309593
0.309595
0.309595
0.309595
0.309594
0.309596
0.309596
0.309598
0.309598
0.309598
0.309598
0.309598
0.309596
0.309598
0.309601
0.309601
0.309603
0.309605
0.309605
0.309605
0.309605
0.309610
0.309599
0.309599
0.309606
0.309606
0.309605
0.309605
0.309605
0.309602
0.309606
0.309606
0.309611
0.309613
0.309613
0.309613
0.309614
0.309613
0.309613
0.309623
0.309623
0.309623
0.309621
0.309624
0.309624
0.309624
0.309620
0.309620
0.309621
0.309621
0.309615
0.309615
0.309615
0.309615
0.309619
0.309622
0.309622
0.309622
0.309623
0.309624
0.309624
0.309624
0.309624
0.309624
0.309624
0.309624
0.309624
0.309624
0.309624
0.309628
0.309628
0.309628
0.309628
0.309627
0.309633
0.309633
0.309633
0.309633
0.309634
0.309631
0.309635
0.309635
0.309631
0.309631
0.309631
0.309631
0.309640
0.309642
0.309642
0.309642
0.309642
0.309639
0.309639
0.309639
0.309639
0.309640
0.309640
0.309641
0.309642
0.309642
0.309642
0.309642
0.309641
0.309639
0.309639
0.309639
0.309639
0.309639
0.309639
0.309639
0.309639
0.309639
0.309639
0.309639
0.309639
0.309639
0.309643
0.309643
0.309643
0.309642
0.309642
0.309637
0.309642
0.309637
0.309638
0.309638
0.309642
0.309642
0.309636
0.309635
0.309635
0.309635
0.309635
0.309642
0.309638
0.309638
0.309638
0.309641
0.309645
0.309644
0.309646
0.309652
0.309652
0.309651
0.309647
0.309650
0.309650
0.309650
0.309650
0.309653
0.309655
0.309655
0.309655
0.309655
0.309656
0.309659
0.309659
0.309659
0.309659
0.309659
0.309659
0.309660
0.309660
0.309660
0.309660
0.309660
0.309660
0.309660
0.309660
0.309660
0.309660
0.309660
0.309660
0.309660
0.309660
0.309660
0.309650
0.309650
0.309662
0.309662
0.309662
0.309662
0.309660
0.309660
0.309660
0.309658
0.309658
0.309659
0.309659
0.309659
0.309660
0.309660
0.309659
0.309659
0.309659
0.309662
0.309664
0.309663
0.309663
0.309663
0.309663
0.309665
0.309665
0.309665
0.309659
0.309659
0.309659
0.309660
0.309660
0.309660
0.309661
0.309660
0.309667
0.309667
0.309667
0.309670
0.309667
0.309669
0.309677
0.309677
0.309675
0.309675
0.309677
0.309678
0.309678
0.309677
0.309681
0.309681
0.309681
0.309681
0.309681
0.309674
0.309674
0.309674
0.309679
0.309685
0.309685
0.309685
0.309685
0.309677
0.309661
0.309661
0.309661
0.309663
0.309673
0.309671
0.309671
0.309673
0.309673
0.309675
0.309669
0.309669
0.309669
0.309669
0.309672
0.309672
0.309672
0.309671
0.309671
0.309673
0.309673
0.309673
0.309676
0.309676
0.309676
0.309676
0.309676
0.309673
0.309673
0.309673
0.309675
0.309668
0.309668
0.309668
0.309674
0.309674
0.309674
0.309674
0.309674
0.309674
0.309678
0.309678
0.309679
0.309679
0.309680
0.309678
0.309678
0.309678
0.309678
0.309678
0.309677
0.309670
0.309670
0.309674
0.309663
0.309663
0.309663
0.309663
0.309665
0.309671
0.309671
0.309680
0.309676
0.309676
0.309676
0.309676
0.309677
0.309677
0.309683
0.309679
0.309679
0.309679
0.309679
0.309680
0.309680
0.309681
0.309681
0.309683
0.309682
0.309682
0.309682
0.309682
0.309682
0.309683
0.309687
0.309687
0.309687
0.309687
0.309687
0.309687
0.309687
0.309687
0.309687
0.309687
0.309687
0.309687
0.309687
0.309687
0.309687
0.309687
0.309687
0.309687
0.309680
0.309686
0.309686
0.309686
0.309690
0.309701
0.309696
0.309696
0.309697
0.309697
0.309700
0.309703
0.309703
0.309704
0.309705
0.309705
0.309705
0.309707
0.309709
0.309709
0.309708
0.309708
0.309712
0.309721
0.309722
0.309723
0.309723
0.309723
0.309723
0.309723
0.309724
0.309720
0.309720
0.309717
0.309717
0.309720
0.309724
0.309725
0.309725
0.309725
0.309722
0.309722
0.309723
0.309723
0.309723
0.309729
0.309729
0.309729
0.309721
0.309721
0.309721
0.309721
0.309736
0.309736
0.309736
0.309738
0.309738
0.309734
0.309734
0.309734
0.309734
0.309730
0.309730
0.309730
0.309730
0.309730
0.309732
0.309734
0.309734
0.309734
0.309749
0.309749
0.309749
0.309749
0.309746
0.309747
0.309752
0.309751
0.309750
0.309750
0.309752
0.309752
0.309755
0.309755
0.309755
0.309755
0.309756
0.309756
0.309756
0.309756
0.309757
0.309760
0.309760
0.309760
0.309760
0.309758
0.309759
0.309760
0.309767
0.309768
0.309772
0.309772
0.309773
0.309773
0.309773
0.309773
0.309775
0.309776
0.309773
0.309773
0.309787
0.309787
0.309787
0.309783
0.309792
0.309794
0.309797
0.309794
0.309791
0.309785
0.309785
0.309787
0.309787
0.309787
0.309787
0.309787
0.309791
0.309788
0.309788
0.309788
0.309788
0.309789
0.309788
0.309788
0.309787
0.309787
0.309787
0.309787
0.309787
0.309787
0.309787
0.309787
0.309787
0.309787
0.309787
0.309787
0.309787
0.309787
0.309787
0.309787
0.309783
0.309783
0.309783
0.309783
0.309783
0.309785
0.309772
0.309772
0.309765
0.309763
0.309761
0.309761
0.309761
0.309761
0.309763
0.309763
0.309768
0.309765
0.309765
0.309759
0.309757
0.309761
0.309761
0.309761
0.309763
0.309763
0.309764
0.309764
0.309762
0.309762
0.309763
0.309761
0.309768
0.309768
0.309765
0.309770
0.309770
0.309770
0.309770
0.309770
0.309770
0.309772
0.309772
0.309774
0.309757
0.309758
0.309758
0.309758
0.309768
0.309769
0.309771
0.309771
0.309772
0.309772
0.309777
0.309782
0.309781
0.309781
0.309784
0.309784
0.309786
0.309780
0.309781
0.309781
0.309781
0.309780
0.309780
0.309780
0.309781
0.309781
0.309781
0.309781
0.309781
0.309781
0.309781
0.309781
0.309781
0.309781
0.309781
0.309781
0.309780
0.309780
0.309785
0.309785
0.309786
0.309781
0.309781
0.309781
0.309783
0.309786
0.309786
0.309788
0.309788
0.309788
0.309787
0.309787
0.309787
0.309787
0.309787
0.309788
0.309780
0.309780
0.309780
0.309780
0.309780
0.309777
0.309777
0.309777
0.309773
0.309773
0.309773
0.309773
0.309773
0.309772
0.309776
0.309776
0.309776
0.309776
0.309776
0.309776
0.309776
0.309774
0.309774
0.309774
0.309774
0.309777
0.309777
0.309777
0.309777
0.309770
0.309770
0.309770
0.309770
0.309769
0.309769
0.309777
0.309777
0.309777
0.309777
0.309777
0.309775
0.309789
0.309789
0.309786
0.309786
0.309786
0.309786
0.309786
0.309786
0.309786
0.309784
0.309784
0.309784
0.309784
0.309784
0.309787
0.309787
0.309787
0.309787
0.309787
0.309787
0.309787
0.309791
0.309794
0.309794
0.309793
0.309793
0.309793
0.309793
0.309793
0.309791
0.309791
0.309791
0.309792
0.309792
0.309792
0.309792
0.309788
0.309789
0.309789
0.309796
0.309794
0.309794
0.309794
0.309794
0.309797
0.309797
0.309797
0.309797
0.309797
0.309810
0.309810
0.309810
0.309807
0.309807
0.309807
0.309807
0.309809
0.309809
0.309805
0.309805
0.309805
0.309808
0.309808
0.309811
0.309816
0.309816
0.309817
0.309810
0.309806
0.309806
0.309802
0.309802
0.309805
0.309810
0.309807
0.309807
0.309805
0.309808
0.309808
0.309808
0.309808
0.309808
0.309815
0.309812
0.309812
0.309812
0.309811
0.309813
0.309809
0.309809
0.309809
0.309811
0.309815
0.309815
0.309815
0.309815
0.309812
0.309817
0.309827
0.309826
0.309826
0.309824
0.309824
0.309825
0.309826
0.309826
0.309826
0.309826
0.309826
0.309822
0.309824
0.309824
0.309824
0.309825
0.309825
0.309825
0.309825
0.309837
0.309834
0.309840
0.309841
0.309844
0.309844
0.309844
0.309844
0.309841
0.309841
0.309841
0.309835
0.309845
0.309849
0.309855
0.309855
0.309854
0.309854
0.309854
0.309857
0.309865
0.309865
0.309865
0.309865
0.309865
0.309861
0.309861
0.309861
0.309860
0.309860
0.309860
0.309860
0.309860
0.309860
0.309860
0.309855
0.309857
0.309857
0.309857
0.309857
0.309867
0.309867
0.309869
0.309869
0.309869
0.309860
0.309858
0.309859
0.309868
0.309868
0.309871
0.309870
0.309870
0.309870
0.309870
0.309870
0.309870
0.309870
0.309871
0.309871
0.309871
0.309871
0.309878
0.309878
0.309878
0.309878
0.309885
0.309885
0.309882
0.309884
0.309884
0.309884
0.309884
0.309885
0.309885
0.309884
0.309884
0.309883
0.309884
0.309884
0.309884
0.309884
0.309882
0.309881
0.309882
0.309882
0.309876
0.309877
0.309877
0.309881
0.309887
0.309886
0.309883
0.309877
0.309877
0.309877
0.309879
0.309888
0.309888
0.309888
0.309888
0.309886
0.309886
0.309879
0.309880
0.309880
0.309884
0.309884
0.309884
0.309884
0.309888
0.309899
0.309900
0.309900
0.309900
0.309903
0.309903
0.309903
0.309900
0.309900
0.309904
0.309904
0.309907
0.309910
0.309909
0.309909
0.309909
0.309904
0.309904
0.309901
0.309900
0.309900
0.309900
0.309904
0.309904
0.309904
0.309904
0.309902
0.309902
0.309901
0.309893
0.309893
0.309894
0.309894
0.309893
0.309893
0.309899
0.309899
0.309899
0.309899
0.309900
0.309900
0.309906
0.309906
0.309906
0.309906
0.309907
0.309907
0.309907
0.309907
0.309907
0.309907
0.309907
0.309907
0.309907
0.309907
0.309907
0.309907
0.309907
0.309905
0.309899
0.309899
0.309899
0.309899
0.309896
0.309908
0.309908
0.309908
0.309908
0.309908
0.309908
0.309910
0.309910
0.309910
0.309910
0.309910
0.309910
0.309910
0.309914
0.309915
0.309915
0.309915
0.309915
0.309915
0.309915
0.309910
0.309910
0.309907
0.309907
0.309911
0.309912
0.309912
0.309912
0.309910
0.309913
0.309913
0.309913
0.309916
0.309916
0.309916
0.309916
0.309916
0.309916
0.309918
0.309918
0.309923
0.309920
0.309920
0.309920
0.309922
0.309922
0.309922
0.309921
0.309921
0.309921
0.309915
0.309918
0.309918
0.309918
0.309918
0.309918
0.309918
0.309912
0.309912
0.309912
0.309912
0.309912
0.309912
0.309912
0.309917
0.309917
0.309919
0.309918
0.309918
0.309917
0.309914
0.309914
0.309920
0.309920
0.309920
0.309920
0.309920
0.309923
0.309923
0.309923
0.309923
0.309923
0.309924
0.309924
0.309914
0.309914
0.309914
0.309914
0.309914
0.309915
0.309915
0.309919
0.309919
0.309919
0.309919
0.309919
0.309919
0.309919
0.309919
0.309921
0.309922
0.309923
0.309922
0.309922
0.309925
0.309925
0.309927
0.309927
0.309927
0.309929
0.309929
0.309929
0.309928
0.309928
0.309928
0.309928
0.309928
0.309929
0.309930
0.309929
0.309929
0.309924
0.309927
0.309927
0.309927
0.309927
0.309927
0.309925
0.309925
0.309929
0.309929
0.309929
0.309928
0.309928
0.309928
0.309928
0.309933
0.309933
0.309933
0.309943
0.309943
0.309943
0.309943
0.309943
0.309943
0.309943
0.309943
0.309943
0.309943
0.309943
0.309944
0.309942
0.309943
0.309943
0.309943
0.309943
0.309943
0.309942
0.309944
0.309944
0.309944
0.309944
0.309944
0.309944
0.309947
0.309948
0.309945
0.309948
0.309948
0.309948
0.309948
0.309948
0.309959
0.309962
0.309962
0.309964
0.309961
0.309963
0.309963
0.309963
0.309963
0.309963
0.309958
0.309958
0.309958
0.309960
0.309960
0.309961
0.309961
0.309964
0.309965
0.309965
0.309967
0.309967
0.309967
0.309967
0.309967
0.309967
0.309967
0.309961
0.309958
0.309955
0.309958
0.309958
0.309958
0.309961
0.309961
0.309973
0.309973
0.309973
0.309973
0.309970
0.309971
0.309971
0.309971
0.309970
0.309970
0.309970
0.309972
0.309979
0.309979
0.309979
0.309979
0.309979
0.309978
0.309978
0.309979
0.309986
0.309986
0.309983
0.309978
0.309978
0.309978
0.309978
0.309978
0.309989
0.309991
0.309991
0.309989
0.309988
0.309988
0.309989
0.309988
0.309988
0.309988
0.309989
0.309989
0.309986
0.309986
0.309986
0.309977
0.309983
0.309983
0.309983
0.309983
0.309983
0.309983
0.309983
0.309983
0.309981
0.309981
0.309981
0.309981
0.309981
0.309985
0.309985
0.309985
0.309985
0.309984
0.309987
0.309987
0.309989
0.309989
0.309987
0.309991
0.309986
0.309986
0.309986
0.309990
0.309990
0.309989
0.309997
0.310001
0.310012
0.310012
0.310013
0.310012
0.310012
0.310012
0.310014
0.310007
0.310008
0.310007
0.310007
0.310007
0.310017
0.310017
0.310020
0.310021
0.310021
0.310021
0.310021
0.310021
0.310021
0.310021
0.310021
0.310021
0.310021
0.310021
0.310021
0.310021
0.310021
0.310022
0.310022
0.310022
0.310022
0.310022
0.310022
0.310020
0.310020
0.310024
0.310024
0.310025
0.310025
0.310027
0.310026
0.310021
0.310027
0.310027
0.310029
0.310027
0.310025
0.310025
0.310026
0.310026
0.310024
0.310023
0.310023
0.310024
0.310024
0.310025
0.310025
0.310025
0.310026
0.310026
0.310026
0.310025
0.310025
0.310019
0.310029
0.310029
0.310029
0.310029
0.310026
0.310026
0.310026
0.310031
0.310031
0.310031
0.310028
0.310028
0.310026
0.310023
0.310026
0.310027
0.310028
0.310032
0.310036
0.310036
0.310038
0.310037
0.310041
0.310041
0.310044
0.310044
0.310044
0.310044
0.310044
0.310045
0.310044
0.310050
0.310051
0.310044
0.310044
0.310044
0.310044
0.310053
0.310053
0.310053
0.310053
0.310053
0.310053
0.310053
0.310052
0.310052
0.310052
0.310052
0.310052
0.310052
0.310052
0.310056
0.310056
0.310056
0.310056
0.310056
0.310056
0.310057
0.310057
0.310057
0.310057
0.310057
0.310057
0.310060
0.310060
0.310053
0.310053
0.310053
0.310053
0.310053
0.310058
0.310058
0.310058
0.310058
0.310057
0.310058
0.310058
0.310058
0.310058
0.310058
0.310057
0.310057
0.310057
0.310057
0.310058
0.310058
0.310065
0.310065
0.310065
0.310065
0.310065
0.310065
0.310065
0.310067
0.310066
0.310066
0.310066
0.310066
0.310067
0.310067
0.310066
0.310066
0.310069
0.310069
0.310069
0.310065
0.310065
0.310067
0.310068
0.310068
0.310068
0.310068
0.310062
0.310063
0.310063
0.310063
0.310063
0.310067
0.310067
0.310068
0.310065
0.310065
0.310055
0.310050
0.310050
0.310054
0.310054
0.310067
0.310067
0.310067
0.310068
0.310064
0.310064
0.310064
0.310064
0.310064
0.310067
0.310067
0.310067
0.310067
0.310067
0.310067
0.310067
0.310065
0.310064
0.310064
0.310064
0.310065
0.310063
0.310063
0.310063
0.310060
0.310060
0.310060
0.310060
0.310060
0.310057
0.310057
0.310056
0.310053
0.310053
0.310053
0.310053
0.310053
0.310053
0.310058
0.310062
0.310059
0.310059
0.310059
0.310058
0.310058
0.310058
0.310059
0.310059
0.310059
0.310062
0.310059
0.310062
0.310062
0.310065
0.310065
0.310065
0.310065
0.310059
0.310059
0.310059
0.310059
0.310059
0.310059
0.310063
0.310063
0.310066
0.310063
0.310063
0.310063
0.310063
0.310072
0.310072
0.310067
0.310067
0.310070
0.310070
0.310070
0.310071
0.310070
0.310070
0.310070
0.310063
0.310063
0.310068
0.310068
0.310071
0.310071
0.310069
0.310069
0.310069
0.310061
0.310061
0.310061
0.310061
0.310061
0.310066
0.310072
0.310072
0.310074
0.310074
0.310074
0.310074
0.310074
0.310074
0.310074
0.310075
0.310075
0.310075
0.310075
0.310082
0.310082
0.310082
0.310082
0.310082
0.310084
0.310084
0.310083
0.310083
0.310083
0.310082
0.310082
0.310082
0.310082
0.310082
0.310082
0.310082
0.310082
0.310082
0.310082
0.310082
0.310082
0.310082
0.310082
0.310082
0.310080
0.310081
0.310081
0.310081
0.310081
0.310081
0.310079
0.310082
0.310082
0.310085
0.310085
0.310085
0.310085
0.310090
0.310090
0.310088
0.310088
0.310088
0.310089
0.310089
0.310089
0.310089
0.310089
0.310089
0.310092
0.310092
0.310092
0.310092
0.310089
0.310089
0.310089
0.310087
0.310078
0.310078
0.310084
0.310088
0.310092
0.310092
0.310090
0.310090
0.310090
0.310092
0.310095
0.310094
0.310093
0.310093
0.310093
0.310093
0.310095
0.310095
0.310095
0.310099
0.310098
0.310100
0.310100
0.310098
0.310097
0.310098
0.310098
0.310098
0.310101
0.310108
0.310108
0.310108
0.310108
0.310104
0.310102
0.310105
0.310109
0.310119
0.310119
0.310119
0.310119
0.310119
0.310118
0.310118
0.310118
0.310122
0.310118
0.310118
0.310118
0.310121
0.310114
0.310114
0.310114
0.310114
0.310119
0.310119
0.310119
0.310119
0.310119
0.310119
0.310119
0.310119
0.310120
0.310120
0.310117
0.310117
0.310117
0.310117
0.310117
0.310117
0.310121
0.310121
0.310114
0.310114
0.310114
0.310118
0.310120
0.310120
0.310119
0.310119
0.310122
0.310122
0.310122
0.310122
0.310123
0.310121
0.310121
0.310115
0.310115
0.310118
0.310118
0.310118
0.310110
0.310110
0.310114
0.310116
0.310116
0.310115
0.310115
0.310115
0.310115
0.310119
0.310119
0.310119
0.310119
0.310119
0.310119
0.310119
0.310119
0.310119
0.310119
0.310122
0.310122
0.310122
0.310117
0.310119
0.310119
0.310119
0.310113
0.310112
0.310112
0.310114
0.310114
0.310126
0.310127
0.310127
0.310127
0.310125
0.310125
0.310124
0.310125
0.310125
0.310128
0.310128
0.310130
0.310132
0.310132
0.310131
0.310132
0.310132
0.310132
0.310123
0.310123
0.310123
0.310132
0.310131
0.310131
0.310131
0.310132
0.310132
0.310132
0.310132
0.310132
0.310132
0.310132
0.310132
0.310132
0.310134
0.310139
0.310140
0.310140
0.310140
0.310140
0.310140
0.310132
0.310132
0.310132
0.310132
0.310134
0.310134
0.310134
0.310134
0.310134
0.310134
0.310144
0.310141
0.310141
0.310141
0.310146
0.310151
0.310151
0.310151
0.310152
0.310159
0.310159
0.310159
0.310160
0.310161
0.310158
0.310159
0.310159
0.310159
0.310164
0.310164
0.310164
0.310163
0.310163
0.310162
0.310163
0.310163
0.310163
0.310163
0.310163
