-0.137935
-0.135608
-0.128747
-0.123441
-0.118165
-0.113378
-0.106844
-0.104166
-0.101657
-0.098720
-0.098490
-0.097571
-0.095395
-0.089876
-0.084706
-0.083766
-0.082469
-0.079306
-0.075454
-0.073910
-0.073860
-0.073433
-0.073211
-0.070696
-0.069750
-0.068981
-0.068706
-0.066392
-0.066263
-0.065364
-0.063443
-0.061278
-0.061278
-0.061263
-0.058432
-0.055112
-0.055074
-0.054811
-0.054811
-0.053418
-0.052755
-0.048433
-0.047419
-0.047403
-0.045838
-0.042727
-0.042177
-0.042003
-0.041146
-0.040066
-0.039282
-0.037473
-0.035526
-0.033853
-0.033608
-0.032053
-0.031925
-0.030776
-0.029803
-0.028485
-0.027889
-0.027408
-0.026572
-0.025740
-0.022436
-0.022262
-0.022262
-0.021598
-0.020508
-0.019827
-0.017554
-0.017499
-0.015014
-0.014848
-0.013498
-0.012082
-0.011201
-0.010322
-0.007991
-0.007915
-0.004822
-0.002473
-0.000096
0.000347
0.000776
0.000776
0.000810
0.000995
0.001962
0.002825
0.002861
0.004389
0.005148
0.005206
0.006406
0.006451
0.006844
0.006987
0.007650
0.007650
0.008612
0.010074
0.010248
0.010532
0.010588
0.011266
0.011440
0.012071
0.014185
0.015520
0.016233
0.016955
0.018052
0.018394
0.018394
0.019463
0.020053
0.021493
0.021827
0.021862
0.021862
0.022104
0.022615
0.023818
0.025140
0.026292
0.026926
0.027700
0.027889
0.028423
0.028919
0.030020
0.031973
0.031981
0.032505
0.032505
0.032601
0.033811
0.033817
0.033844
0.033844
0.033844
0.035456
0.036209
0.036489
0.036522
0.037285
0.037285
0.039090
0.039833
0.040525
0.040525
0.041042
0.041176
0.041176
0.041722
0.041883
0.043234
0.043821
0.043858
0.044191
0.044456
0.044563
0.044951
0.045298
0.045424
0.045989
0.047293
0.047403
0.047403
0.047584
0.048345
0.049200
0.049311
0.049383
0.049757
0.050427
0.051497
0.052122
0.052184
0.052184
0.052349
0.052718
0.053784
0.053876
0.053869
0.054498
0.054498
0.055177
0.055303
0.055685
0.055709
0.056436
0.056849
0.057131
0.057879
0.058281
0.058816
0.059971
0.059962
0.060366
0.060366
0.061115
0.061115
0.061338
0.061595
0.062007
0.062077
0.062159
0.062219
0.062219
0.062555
0.062816
0.063324
0.063926
0.064168
0.065158
0.065158
0.065317
0.065492
0.065492
0.065901
0.066840
0.066955
0.066955
0.067451
0.067630
0.067912
0.068271
0.068584
0.068584
0.068845
0.068915
0.069433
0.070006
0.070119
0.070193
0.070702
0.070777
0.072398
0.072398
0.072537
0.073066
0.073553
0.073725
0.073807
0.073807
0.074181
0.075558
0.075624
0.076166
0.076204
0.076309
0.076919
0.077343
0.077700
0.077919
0.077919
0.078030
0.078030
0.078030
0.078487
0.078774
0.079350
0.079350
0.079567
0.079567
0.080146
0.080417
0.080417
0.080876
0.081139
0.081242
0.081242
0.081683
0.081693
0.081796
0.082293
0.082357
0.082392
0.082616
0.082657
0.082657
0.082699
0.083024
0.083024
0.083209
0.083481
0.083481
0.083849
0.084201
0.084639
0.084742
0.084742
0.084970
0.085505
0.085505
0.085746
0.085746
0.085868
0.086377
0.086377
0.086414
0.086603
0.087420
0.087490
0.087486
0.088066
0.088184
0.088274
0.088609
0.089193
0.089359
0.089359
0.089435
0.089851
0.089886
0.089886
0.090219
0.090459
0.090875
0.091194
0.091484
0.091583
0.091872
0.091913
0.092119
0.092438
0.092667
0.092773
0.093450
0.093486
0.093486
0.093774
0.094089
0.094383
0.095002
0.095008
0.095253
0.095253
0.095463
0.095463
0.095483
0.095960
0.095985
0.095995
0.096030
0.096030
0.096091
0.096107
0.096519
0.096857
0.096993
0.096993
0.096993
0.097071
0.097202
0.097394
0.097396
0.097551
0.097551
0.097551
0.098040
0.098134
0.098134
0.098149
0.098408
0.098408
0.098438
0.098438
0.098467
0.099032
0.099196
0.099196
0.099196
0.099620
0.100207
0.101244
0.101426
0.101465
0.101562
0.102041
0.102170
0.102359
0.102376
0.102378
0.102718
0.102896
0.102896
0.103523
0.103558
0.103598
0.103695
0.103814
0.103922
0.104001
0.104375
0.104745
0.104769
0.104769
0.104801
0.104886
0.104889
0.104927
0.104953
0.105015
0.105233
0.105525
0.105626
0.105626
0.105626
0.105647
0.105713
0.105878
0.105878
0.106168
0.106641
0.106790
0.106790
0.106790
0.106790
0.106790
0.107068
0.107752
0.107909
0.107909
0.108271
0.108271
0.108337
0.108434
0.108511
0.108762
0.108887
0.108944
0.109127
0.109554
0.109566
0.109589
0.109727
0.110365
0.110451
0.110730
0.110736
0.110929
0.111157
0.111216
0.111216
0.111565
0.111600
0.111649
0.111797
0.111999
0.112157
0.112208
0.112367
0.112914
0.112914
0.112921
0.112963
0.113047
0.113266
0.113436
0.113471
0.113657
0.113715
0.113797
0.113903
0.113903
0.113980
0.113980
0.114004
0.114161
0.114342
0.114347
0.114523
0.114713
0.115006
0.115013
0.115149
0.115295
0.115339
0.115612
0.115629
0.115711
0.115853
0.115926
0.115957
0.116046
0.116274
0.116318
0.116444
0.116514
0.116515
0.116593
0.116643
0.116909
0.117036
0.117111
0.117183
0.117450
0.117450
0.117450
0.117450
0.117668
0.117668
0.117803
0.117818
0.117903
0.117903
0.117881
0.117951
0.118228
0.118229
0.118629
0.118962
0.119487
0.119935
0.120018
0.120130
0.120168
0.120607
0.120607
0.120723
0.120961
0.120929
0.121043
0.121055
0.121539
0.121585
0.121742
0.121820
0.122147
0.122170
0.122185
0.122391
0.122527
0.122836
0.122939
0.122951
0.123104
0.123104
0.123105
0.123275
0.123275
0.123369
0.123449
0.123449
0.123609
0.123688
0.123826
0.124123
0.124162
0.124199
0.124338
0.124338
0.124379
0.124448
0.124451
0.124452
0.124452
0.124625
0.124705
0.124861
0.124861
0.124920
0.125206
0.125308
0.125308
0.125521
0.125796
0.125796
0.125817
0.125817
0.125900
0.126183
0.126314
0.126831
0.126831
0.126854
0.126981
0.127261
0.127255
0.127628
0.127868
0.127968
0.127968
0.127986
0.128308
0.128308
0.128442
0.128453
0.128516
0.128533
0.128745
0.128761
0.128845
0.128862
0.128935
0.128960
0.129002
0.129122
0.129192
0.129192
0.129387
0.129653
0.129683
0.129683
0.129760
0.129808
0.130154
0.130206
0.130314
0.130373
0.130373
0.130511
0.130737
0.130741
0.130865
0.131055
0.131055
0.131135
0.131130
0.131411
0.131411
0.131531
0.131603
0.131650
0.131786
0.131935
0.131959
0.132073
0.132073
0.132135
0.132242
0.132270
0.132344
0.132448
0.132448
0.132448
0.132452
0.132864
0.133279
0.133681
0.133871
0.133871
0.133999
0.133999
0.133999
0.134023
0.134023
0.134023
0.134023
0.134023
0.134029
0.134105
0.134233
0.134332
0.134572
0.134572
0.134653
0.134653
0.134729
0.134924
0.134924
0.134924
0.134924
0.134924
0.134924
0.134924
0.134924
0.134990
0.135053
0.135128
0.135456
0.135456
0.135456
0.135495
0.135565
0.135662
0.135804
0.135847
0.135925
0.135970
0.135985
0.136087
0.136166
0.136166
0.136268
0.136386
0.136497
0.136551
0.136737
0.136811
0.137180
0.137232
0.137232
0.137367
0.137405
0.137546
0.137757
0.137786
0.137969
0.137983
0.137981
0.138213
0.138213
0.138213
0.138414
0.138414
0.138414
0.138754
0.138874
0.138914
0.139133
0.139311
0.139315
0.139315
0.139409
0.139879
0.139894
0.139886
0.139909
0.139909
0.139951
0.140238
0.140348
0.140505
0.140509
0.140561
0.140683
0.140683
0.140687
0.140723
0.140880
0.140993
0.140993
0.141095
0.141095
0.141095
0.141135
0.141169
0.141301
0.141298
0.141550
0.141752
0.141757
0.141947
0.142034
0.142038
0.142031
0.142031
0.142075
0.142109
0.142140
0.142346
0.142521
0.142589
0.142589
0.142631
0.142681
0.142751
0.142820
0.142937
0.143050
0.143057
0.143057
0.143145
0.143363
0.143589
0.143596
0.143734
0.143756
0.143824
0.143819
0.143819
0.143967
0.144105
0.144245
0.144362
0.144389
0.144449
0.144512
0.144729
0.144730
0.144760
0.144988
0.145003
0.145003
0.145003
0.145130
0.145139
0.145139
0.145139
0.145162
0.145220
0.145321
0.145321
0.145321
0.145321
0.145333
0.145540
0.145678
0.145770
0.145916
0.145959
0.145959
0.146147
0.146181
0.146285
0.146285
0.146280
0.146521
0.146528
0.146665
0.146683
0.146711
0.146823
0.146823
0.147052
0.147086
0.147274
0.147256
0.147554
0.147718
0.147718
0.147940
0.148063
0.148099
0.148234
0.148341
0.148402
0.148408
0.148408
0.148592
0.148726
0.148740
0.148736
0.148743
0.148762
0.148902
0.149090
0.149153
0.149155
0.149232
0.149232
0.149232
0.149553
0.149641
0.149767
0.150021
0.150021
0.150068
0.150071
0.150216
0.150216
0.150302
0.150497
0.150694
0.150694
0.150811
0.150811
0.150828
0.151074
0.151155
0.151214
0.151202
0.151230
0.151321
0.151386
0.151424
0.151493
0.151508
0.151519
0.151608
0.151630
0.151630
0.151645
0.151672
0.151680
0.151680
0.151680
0.151684
0.151871
0.151973
0.151973
0.151973
0.151966
0.152031
0.152031
0.152295
0.152293
0.152320
0.152501
0.152506
0.153154
0.153170
0.153385
0.153382
0.153566
0.153629
0.153636
0.153758
0.153758
0.153845
0.153850
0.153844
0.153856
0.153907
0.154040
0.154091
0.154416
0.154580
0.154634
0.154634
0.154639
0.154783
0.154800
0.154800
0.154868
0.154960
0.155163
0.155176
0.155234
0.155262
0.155269
0.155269
0.155453
0.155491
0.155491
0.155491
0.155559
0.155865
0.155866
0.155866
0.155866
0.155882
0.155999
0.156127
0.156148
0.156245
0.156375
0.156424
0.156424
0.156452
0.156547
0.156712
0.156927
0.157116
0.157116
0.157122
0.157142
0.157244
0.157465
0.157465
0.157465
0.157712
0.157746
0.157810
0.157865
0.158020
0.158087
0.158086
0.158175
0.158417
0.158514
0.158514
0.158514
0.158582
0.158659
0.158686
0.158681
0.158725
0.158798
0.158798
0.158799
0.158812
0.158814
0.158869
0.158869
0.158987
0.158987
0.159036
0.159079
0.159074
0.159173
0.159173
0.159279
0.159327
0.159325
0.159325
0.159325
0.159441
0.159535
0.159623
0.159623
0.159638
0.159638
0.159744
0.159767
0.159791
0.159791
0.159893
0.159935
0.159981
0.160053
0.160116
0.160116
0.160115
0.160115
0.160115
0.160224
0.160334
0.160344
0.160396
0.160396
0.160391
0.160487
0.160655
0.160664
0.160691
0.160925
0.160958
0.161031
0.161044
0.161143
0.161228
0.161227
0.161240
0.161283
0.161291
0.161291
0.161291
0.161390
0.161390
0.161448
0.161490
0.161495
0.161534
0.161537
0.161552
0.161626
0.161626
0.161795
0.161932
0.161932
0.161914
0.161914
0.161914
0.162050
0.162119
0.162119
0.162143
0.162360
0.162367
0.162434
0.162463
0.162542
0.162551
0.162551
0.162746
0.162835
0.162835
0.162858
0.163183
0.163220
0.163524
0.163642
0.163642
0.163686
0.163686
0.163686
0.163704
0.164029
0.164046
0.164083
0.164081
0.164170
0.164363
0.164575
0.164624
0.164624
0.164638
0.164756
0.164756
0.164803
0.164913
0.164914
0.165009
0.165137
0.165140
0.165195
0.165195
0.165195
0.165693
0.165693
0.165693
0.165928
0.166062
0.166070
0.166148
0.166148
0.166248
0.166325
0.166539
0.166554
0.166605
0.166636
0.166804
0.167045
0.167055
0.167198
0.167198
0.167195
0.167284
0.167305
0.167331
0.167335
0.167455
0.167455
0.167463
0.167555
0.167823
0.167880
0.167932
0.167975
0.168063
0.168063
0.168078
0.168205
0.168204
0.168390
0.168405
0.168412
0.168543
0.168579
0.168688
0.168696
0.168749
0.168749
0.168783
0.168982
0.169031
0.169074
0.169093
0.169096
0.169096
0.169162
0.169177
0.169190
0.169450
0.169527
0.169596
0.169640
0.169714
0.169714
0.169715
0.169713
0.169775
0.169775
0.169786
0.169821
0.169827
0.169850
0.169850
0.169857
0.170006
0.170020
0.170127
0.170238
0.170245
0.170267
0.170393
0.170404
0.170404
0.170459
0.170459
0.170507
0.170584
0.170601
0.170732
0.170739
0.170784
0.170858
0.170862
0.170970
0.171007
0.171037
0.171151
0.171151
0.171151
0.171374
0.171401
0.171401
0.171401
0.171490
0.171453
0.171550
0.171554
0.171575
0.171585
0.171585
0.171627
0.171630
0.171630
0.171780
0.171877
0.171924
0.172020
0.172020
0.172065
0.172274
0.172274
0.172294
0.172334
0.172356
0.172356
0.172378
0.172448
0.172486
0.172542
0.172744
0.172733
0.172750
0.172921
0.172921
0.172959
0.172959
0.172988
0.172997
0.173064
0.173238
0.173249
0.173248
0.173272
0.173372
0.173372
0.173372
0.173493
0.173555
0.173574
0.173575
0.173591
0.173591
0.173689
0.173768
0.173817
0.173822
0.173908
0.173885
0.174007
0.174060
0.174086
0.174113
0.174118
0.174118
0.174120
0.174128
0.174774
0.174774
0.174892
0.174933
0.174933
0.174933
0.175044
0.175044
0.175044
0.175073
0.175194
0.175210
0.175358
0.175524
0.175521
0.175571
0.175676
0.175671
0.175707
0.175769
0.176004
0.176041
0.176041
0.176077
0.176109
0.176162
0.176165
0.176165
0.176232
0.176273
0.176328
0.176338
0.176485
0.176485
0.176530
0.176517
0.176561
0.176562
0.176705
0.176731
0.176731
0.176747
0.176747
0.176747
0.176914
0.177046
0.177046
0.177046
0.177166
0.177149
0.177149
0.177134
0.177209
0.177224
0.177309
0.177309
0.177367
0.177416
0.177428
0.177507
0.177614
0.177614
0.177730
0.177765
0.177765
0.177934
0.178024
0.178024
0.178024
0.178032
0.178062
0.178081
0.178092
0.178092
0.178127
0.178254
0.178293
0.178307
0.178403
0.178485
0.178513
0.178513
0.178535
0.178544
0.178588
0.178610
0.178698
0.178725
0.178746
0.178757
0.178762
0.178818
0.178853
0.178849
0.179063
0.179068
0.179159
0.179159
0.179159
0.179197
0.179176
0.179183
0.179183
0.179183
0.179183
0.179245
0.179269
0.179269
0.179304
0.179371
0.179421
0.179421
0.179416
0.179416
0.179537
0.179570
0.179570
0.179910
0.179910
0.179905
0.179945
0.179941
0.179972
0.180072
0.180123
0.180123
0.180127
0.180139
0.180169
0.180177
0.180177
0.180216
0.180216
0.180460
0.180559
0.180559
0.180562
0.180568
0.180568
0.180608
0.180628
0.180636
0.180661
0.180661
0.180960
0.180960
0.181063
0.181106
0.181148
0.181261
0.181405
0.181434
0.181434
0.181464
0.181487
0.181487
0.181480
0.181488
0.181488
0.181695
0.181720
0.181765
0.181768
0.181899
0.181899
0.181900
0.181904
0.181930
0.181930
0.182038
0.182208
0.182208
0.182210
0.182244
0.182312
0.182312
0.182347
0.182347
0.182383
0.182469
0.182479
0.182475
0.182478
0.182493
0.182511
0.182598
0.182754
0.182771
0.182806
0.182808
0.182808
0.182808
0.182846
0.182929
0.182937
0.182992
0.182992
0.183004
0.183053
0.183061
0.183061
0.183099
0.183099
0.183099
0.183239
0.183282
0.183318
0.183355
0.183358
0.183358
0.183425
0.183506
0.183506
0.183506
0.183513
0.183570
0.183570
0.183627
0.183627
0.183629
0.183629
0.183629
0.183712
0.183712
0.183712
0.183743
0.183868
0.183876
0.183903
0.183903
0.183915
0.183955
0.183986
0.184174
0.184201
0.184248
0.184246
0.184246
0.184246
0.184360
0.184360
0.184518
0.184518
0.184518
0.184810
0.184843
0.184994
0.185049
0.185198
0.185210
0.185310
0.185398
0.185398
0.185479
0.185531
0.185627
0.185799
0.185837
0.185886
0.185886
0.185916
0.185983
0.186101
0.186106
0.186264
0.186313
0.186344
0.186361
0.186361
0.186369
0.186390
0.186422
0.186425
0.186425
0.186438
0.186438
0.186449
0.186501
0.186508
0.186526
0.186526
0.186585
0.186594
0.186770
0.186770
0.186838
0.186934
0.186934
0.186934
0.187083
0.187165
0.187206
0.187213
0.187213
0.187232
0.187236
0.187265
0.187280
0.187280
0.187279
0.187377
0.187377
0.187377
0.187468
0.187501
0.187517
0.187517
0.187517
0.187537
0.187537
0.187558
0.187582
0.187582
0.187646
0.187651
0.187708
0.187708
0.187708
0.187702
0.187783
0.187912
0.187912
0.187971
0.187988
0.187988
0.187993
0.188012
0.188008
0.188069
0.188095
0.188204
0.188212
0.188212
0.188218
0.188213
0.188252
0.188255
0.188402
0.188402
0.188430
0.188430
0.188460
0.188562
0.188568
0.188581
0.188606
0.188679
0.188789
0.188884
0.188899
0.188901
0.188921
0.188921
0.188921
0.188925
0.188999
0.189011
0.189135
0.189185
0.189222
0.189222
0.189235
0.189253
0.189292
0.189286
0.189297
0.189301
0.189301
0.189313
0.189313
0.189315
0.189327
0.189328
0.189362
0.189383
0.189422
0.189441
0.189456
0.189456
0.189462
0.189494
0.189494
0.189494
0.189542
0.189542
0.189542
0.189571
0.189618
0.189612
0.189617
0.189617
0.189689
0.189725
0.189722
0.189722
0.189722
0.189722
0.189729
0.189735
0.189769
0.189854
0.189880
0.189903
0.189903
0.189911
0.189921
0.189921
0.190057
0.190057
0.190056
0.190127
0.190211
0.190260
0.190288
0.190397
0.190463
0.190613
0.190636
0.190665
0.190705
0.190730
0.190744
0.190747
0.190747
0.190749
0.190753
0.190753
0.190797
0.190916
0.190916
0.190982
0.190982
0.190986
0.191483
0.191487
0.191486
0.191507
0.191507
0.191550
0.191576
0.191576
0.191617
0.191720
0.191983
0.191983
0.192024
0.192249
0.192274
0.192274
0.192274
0.192282
0.192282
0.192265
0.192265
0.192265
0.192455
0.192455
0.192609
0.192740
0.192741
0.192819
0.192813
0.192813
0.192809
0.192846
0.192846
0.193018
0.193108
0.193108
0.193116
0.193134
0.193132
0.193132
0.193145
0.193145
0.193278
0.193280
0.193301
0.193301
0.193306
0.193621
0.193621
0.193713
0.193713
0.193716
0.193862
0.193943
0.193964
0.193964
0.194023
0.194072
0.194083
0.194083
0.194104
0.194255
0.194271
0.194305
0.194305
0.194437
0.194437
0.194437
0.194437
0.194437
0.194456
0.194485
0.194508
0.194508
0.194519
0.194549
0.194573
0.194807
0.194830
0.194876
0.194876
0.194876
0.194895
0.194896
0.194912
0.195014
0.195029
0.195029
0.195029
0.195029
0.195034
0.195073
0.195145
0.195187
0.195187
0.195187
0.195231
0.195283
0.195333
0.195339
0.195339
0.195339
0.195355
0.195443
0.195483
0.195516
0.195561
0.195561
0.195583
0.195583
0.195583
0.195594
0.195625
0.195629
0.195726
0.195764
0.195811
0.195811
0.195811
0.195870
0.195882
0.195882
0.195881
0.195948
0.195961
0.195974
0.195974
0.195974
0.196002
0.196002
0.196002
0.196018
0.196087
0.196087
0.196154
0.196154
0.196157
0.196157
0.196174
0.196174
0.196174
0.196222
0.196379
0.196379
0.196445
0.196441
0.196444
0.196565
0.196642
0.196652
0.196652
0.196680
0.196720
0.196754
0.196755
0.196790
0.196807
0.196883
0.196889
0.196889
0.196889
0.196889
0.196906
0.196924
0.196924
0.196930
0.196930
0.196930
0.196930
0.197014
0.197033
0.197156
0.197163
0.197166
0.197238
0.197314
0.197365
0.197455
0.197455
0.197455
0.197525
0.197575
0.197602
0.197635
0.197689
0.197886
0.197953
0.197958
0.197990
0.197990
0.198008
0.198028
0.198030
0.198069
0.198069
0.198150
0.198150
0.198172
0.198172
0.198178
0.198237
0.198359
0.198422
0.198419
0.198419
0.198462
0.198462
0.198490
0.198506
0.198592
0.198703
0.198703
0.198733
0.198733
0.198841
0.198847
0.198847
0.198847
0.198845
0.198884
0.198879
0.198893
0.198902
0.198902
0.198903
0.198913
0.198913
0.198916
0.198919
0.198919
0.198919
0.198980
0.198980
0.198980
0.198997
0.198997
0.198999
0.199004
0.199010
0.199030
0.199080
0.199080
0.199113
0.199101
0.199101
0.199107
0.199107
0.199136
0.199136
0.199162
0.199162
0.199187
0.199206
0.199176
0.199180
0.199180
0.199230
0.199455
0.199488
0.199500
0.199500
0.199500
0.199651
0.199652
0.199694
0.199694
0.199694
0.199699
0.199699
0.199756
0.199810
0.199830
0.199836
0.199920
0.199966
0.200061
0.200069
0.200088
0.200116
0.200148
0.200148
0.200150
0.200210
0.200319
0.200342
0.200350
0.200350
0.200350
0.200419
0.200421
0.200421
0.200428
0.200480
0.200530
0.200530
0.200534
0.200542
0.200542
0.200545
0.200580
0.200579
0.200720
0.200721
0.200721
0.200718
0.200718
0.200724
0.200751
0.200751
0.200751
0.200763
0.200763
0.200763
0.200767
0.200767
0.200773
0.200792
0.200792
0.200794
0.200794
0.200844
0.200844
0.200855
0.200953
0.200953
0.200981
0.200981
0.201029
0.201042
0.201041
0.201057
0.201057
0.201096
0.201130
0.201131
0.201197
0.201197
0.201197
0.201334
0.201336
0.201387
0.201399
0.201399
0.201411
0.201482
0.201482
0.201501
0.201506
0.201552
0.201592
0.201646
0.201694
0.201695
0.201716
0.201762
0.201798
0.201807
0.201802
0.201829
0.201829
0.201830
0.201858
0.201918
0.201921
0.201921
0.201915
0.201932
0.201935
0.201935
0.201935
0.201935
0.201987
0.201985
0.201985
0.202013
0.202069
0.202112
0.202135
0.202135
0.202159
0.202194
0.202206
0.202220
0.202220
0.202220
0.202230
0.202240
0.202264
0.202281
0.202281
0.202316
0.202319
0.202316
0.202328
0.202328
0.202361
0.202426
0.202475
0.202475
0.202473
0.202477
0.202477
0.202481
0.202488
0.202488
0.202488
0.202488
0.202521
0.202526
0.202682
0.202682
0.202682
0.202765
0.202767
0.202823
0.202846
0.202846
0.202984
0.202984
0.203122
0.203122
0.203154
0.203161
0.203192
0.203219
0.203219
0.203222
0.203222
0.203344
0.203344
0.203416
0.203483
0.203489
0.203545
0.203585
0.203600
0.203608
0.203618
0.203626
0.203698
0.203714
0.203714
0.203714
0.203758
0.203759
0.203761
0.203773
0.203773
0.203809
0.203809
0.203830
0.203830
0.203830
0.203920
0.203919
0.203954
0.203999
0.204023
0.204023
0.204031
0.204045
0.204072
0.204108
0.204111
0.204151
0.204156
0.204159
0.204159
0.204218
0.204218
0.204218
0.204218
0.204218
0.204218
0.204224
0.204213
0.204301
0.204393
0.204393
0.204397
0.204397
0.204397
0.204416
0.204416
0.204486
0.204486
0.204505
0.204553
0.204557
0.204580
0.204675
0.204752
0.204752
0.204790
0.204791
0.204822
0.204822
0.204822
0.204879
0.204961
0.204972
0.204976
0.204989
0.204992
0.205009
0.205034
0.205034
0.205034
0.205034
0.205074
0.205086
0.205090
0.205094
0.205137
0.205138
0.205163
0.205182
0.205199
0.205194
0.205256
0.205257
0.205257
0.205374
0.205379
0.205406
0.205414
0.205417
0.205576
0.205594
0.205596
0.205596
0.205598
0.205593
0.205593
0.205593
0.205591
0.205591
0.205609
0.205593
0.205609
0.205609
0.205609
0.205613
0.205630
0.205630
0.205653
0.205653
0.205653
0.205653
0.205657
0.205657
0.205657
0.205658
0.205667
0.205685
0.205762
0.205776
0.205776
0.205795
0.205795
0.205826
0.205826
0.205828
0.205860
0.205860
0.205861
0.205861
0.205861
0.205862
0.205914
0.205914
0.205914
0.205915
0.205988
0.206015
0.206040
0.206062
0.206062
0.206062
0.206067
0.206067
0.206084
0.206084
0.206114
0.206114
0.206114
0.206114
0.206123
0.206187
0.206189
0.206189
0.206183
0.206280
0.206284
0.206288
0.206324
0.206342
0.206342
0.206346
0.206346
0.206354
0.206354
0.206359
0.206359
0.206359
0.206359
0.206395
0.206431
0.206431
0.206506
0.206506
0.206506
0.206510
0.206536
0.206536
0.206552
0.206606
0.206606
0.206606
0.206607
0.206607
0.206640
0.206699
0.206710
0.206742
0.206783
0.206794
0.206794
0.206874
0.206906
0.206914
0.206914
0.206920
0.206927
0.206927
0.206952
0.206963
0.207034
0.207047
0.207088
0.207133
0.207160
0.207160
0.207212
0.207252
0.207256
0.207256
0.207256
0.207256
0.207274
0.207286
0.207294
0.207296
0.207294
0.207303
0.207308
0.207326
0.207326
0.207326
0.207365
0.207365
0.207367
0.207397
0.207398
0.207398
0.207399
0.207439
0.207459
0.207459
0.207477
0.207522
0.207528
0.207541
0.207541
0.207577
0.207573
0.207599
0.207620
0.207620
0.207620
0.207620
0.207620
0.207640
0.207641
0.207641
0.207641
0.207641
0.207657
0.207657
0.207658
0.207658
0.207677
0.207692
0.207691
0.207691
0.207716
0.207716
0.207724
0.207724
0.207722
0.207722
0.207769
0.207804
0.207804
0.207806
0.207806
0.207804
0.207804
0.207800
0.207800
0.207835
0.207851
0.207883
0.207893
0.207907
0.207893
0.207893
0.207893
0.207903
0.207914
0.208068
0.208088
0.208088
0.208125
0.208139
0.208220
0.208213
0.208213
0.208213
0.208261
0.208265
0.208280
0.208310
0.208306
0.208327
0.208329
0.208348
0.208486
0.208486
0.208570
0.208586
0.208613
0.208666
0.208686
0.208686
0.208702
0.208730
0.208769
0.208772
0.208787
0.208878
0.208878
0.208902
0.208948
0.208948
0.208956
0.209008
0.209008
0.209054
0.209054
0.209109
0.209128
0.209208
0.209212
0.209219
0.209218
0.209218
0.209241
0.209241
0.209334
0.209351
0.209373
0.209380
0.209383
0.209384
0.209384
0.209384
0.209390
0.209424
0.209424
0.209435
0.209454
0.209454
0.209454
0.209466
0.209499
0.209504
0.209504
0.209535
0.209609
0.209635
0.209635
0.209652
0.209652
0.209652
0.209668
0.209824
0.209815
0.209815
0.209855
0.209898
0.209894
0.209894
0.209928
0.209928
0.209987
0.210006
0.210006
0.210006
0.210006
0.210018
0.210018
0.210136
0.210136
0.210136
0.210159
0.210159
0.210159
0.210154
0.210186
0.210211
0.210213
0.210213
0.210213
0.210213
0.210227
0.210295
0.210337
0.210337
0.210337
0.210487
0.210490
0.210489
0.210517
0.210546
0.210574
0.210574
0.210574
0.210581
0.210601
0.210617
0.210617
0.210634
0.210636
0.210636
0.210636
0.210676
0.210676
0.210676
0.210681
0.210717
0.210717
0.210775
0.210798
0.210798
0.210798
0.210819
0.210828
0.210848
0.210849
0.210852
0.210857
0.210857
0.210858
0.210858
0.210858
0.210860
0.210871
0.210876
0.210916
0.210958
0.210958
0.210981
0.210999
0.210999
0.211025
0.211025
0.211031
0.211031
0.211031
0.211029
0.211030
0.211093
0.211199
0.211199
0.211217
0.211333
0.211358
0.211370
0.211370
0.211395
0.211434
0.211462
0.211476
0.211476
0.211501
0.211501
0.211590
0.211648
0.211649
0.211651
0.211652
0.211650
0.211675
0.211675
0.211675
0.211710
0.211711
0.211720
0.211732
0.211732
0.211732
0.211736
0.211785
0.211785
0.211788
0.211794
0.211800
0.211827
0.211827
0.211827
0.211806
0.211801
0.211829
0.211826
0.211826
0.211852
0.211852
0.211859
0.211906
0.211932
0.211932
0.211932
0.211948
0.212007
0.212031
0.212031
0.212038
0.212058
0.212063
0.212067
0.212090
0.212090
0.212103
0.212103
0.212103
0.212173
0.212173
0.212173
0.212179
0.212183
0.212192
0.212192
0.212192
0.212190
0.212226
0.212226
0.212226
0.212230
0.212258
0.212310
0.212310
0.212334
0.212356
0.212356
0.212356
0.212368
0.212376
0.212380
0.212380
0.212380
0.212380
0.212380
0.212413
0.212425
0.212486
0.212512
0.212512
0.212529
0.212588
0.212587
0.212587
0.212587
0.212587
0.212594
0.212607
0.212607
0.212607
0.212643
0.212643
0.212643
0.212721
0.212721
0.212715
0.212715
0.212715
0.212711
0.212711
0.212711
0.212711
0.212711
0.212711
0.212711
0.212727
0.212727
0.212733
0.212760
0.212760
0.212787
0.212811
0.212819
0.212819
0.212819
0.212819
0.212819
0.212869
0.212869
0.212882
0.212882
0.212889
0.212909
0.212912
0.212912
0.212912
0.212921
0.212920
0.212922
0.212981
0.212995
0.212995
0.213018
0.213022
0.213042
0.213045
0.213106
0.213150
0.213179
0.213180
0.213196
0.213196
0.213196
0.213251
0.213289
0.213289
0.213289
0.213289
0.213289
0.213290
0.213290
0.213290
0.213290
0.213290
0.213290
0.213290
0.213318
0.213336
0.213360
0.213355
0.213368
0.213368
0.213398
0.213401
0.213426
0.213433
0.213433
0.213442
0.213495
0.213524
0.213581
0.213600
0.213650
0.213684
0.213684
0.213723
0.213721
0.213714
0.213714
0.213760
0.213768
0.213769
0.213769
0.213777
0.213780
0.213840
0.213840
0.213840
0.213853
0.213853
0.213853
0.213853
0.213858
0.213858
0.213908
0.213936
0.213962
0.213962
0.213962
0.213962
0.213975
0.213986
0.214031
0.214031
0.214031
0.214034
0.214034
0.214047
0.214071
0.214097
0.214097
0.214097
0.214149
0.214174
0.214204
0.214204
0.214254
0.214258
0.214258
0.214273
0.214302
0.214308
0.214345
0.214361
0.214361
0.214366
0.214366
0.214378
0.214378
0.214400
0.214407
0.214407
0.214407
0.214411
0.214411
0.214411
0.214436
0.214444
0.214475
0.214485
0.214485
0.214509
0.214543
0.214549
0.214590
0.214590
0.214645
0.214655
0.214655
0.214682
0.214699
0.214693
0.214699
0.214717
0.214717
0.214717
0.214719
0.214753
0.214768
0.214768
0.214804
0.214804
0.214830
0.214838
0.214893
0.214916
0.214937
0.214937
0.214937
0.214934
0.214934
0.214934
0.214951
0.214958
0.214964
0.214964
0.215103
0.215109
0.215109
0.215114
0.215114
0.215131
0.215165
0.215180
0.215180
0.215180
0.215193
0.215193
0.215191
0.215199
0.215177
0.215177
0.215207
0.215208
0.215214
0.215214
0.215221
0.215240
0.215251
0.215258
0.215261
0.215261
0.215284
0.215305
0.215312
0.215312
0.215312
0.215322
0.215322
0.215330
0.215330
0.215335
0.215335
0.215336
0.215334
0.215385
0.215387
0.215387
0.215391
0.215389
0.215390
0.215390
0.215413
0.215443
0.215443
0.215452
0.215495
0.215495
0.215536
0.215528
0.215543
0.215543
0.215558
0.215558
0.215590
0.215590
0.215594
0.215592
0.215645
0.215658
0.215658
0.215658
0.215662
0.215665
0.215706
0.215735
0.215735
0.215739
0.215747
0.215747
0.215752
0.215802
0.215816
0.215816
0.215817
0.215809
0.215811
0.215811
0.215811
0.215813
0.215815
0.215815
0.215845
0.215845
0.215874
0.215874
0.215893
0.215889
0.215900
0.215900
0.215900
0.215909
0.215909
0.215909
0.215943
0.215990
0.216028
0.216028
0.216044
0.216044
0.216044
0.216061
0.216070
0.216070
0.216101
0.216110
0.216164
0.216230
0.216250
0.216234
0.216236
0.216242
0.216244
0.216248
0.216347
0.216347
0.216346
0.216390
0.216390
0.216390
0.216390
0.216390
0.216390
0.216423
0.216439
0.216465
0.216465
0.216468
0.216526
0.216538
0.216538
0.216578
0.216575
0.216597
0.216597
0.216598
0.216619
0.216619
0.216659
0.216659
0.216666
0.216670
0.216670
0.216702
0.216702
0.216736
0.216765
0.216793
0.216808
0.216813
0.216813
0.216800
0.216803
0.216803
0.216805
0.216806
0.216833
0.216846
0.216846
0.216846
0.216846
0.216869
0.216870
0.216870
0.216870
0.216870
0.216870
0.216870
0.216882
0.216889
0.216889
0.216894
0.216894
0.216894
0.216908
0.216949
0.216950
0.216956
0.216972
0.216978
0.216978
0.216978
0.216991
0.217011
0.217011
0.217011
0.217064
0.217064
0.217064
0.217105
0.217105
0.217131
0.217189
0.217208
0.217208
0.217210
0.217211
0.217216
0.217216
0.217216
0.217259
0.217275
0.217275
0.217275
0.217343
0.217343
0.217343
0.217358
0.217358
0.217358
0.217358
0.217366
0.217392
0.217428
0.217428
0.217454
0.217454
0.217454
0.217487
0.217585
0.217585
0.217616
0.217614
0.217619
0.217643
0.217645
0.217649
0.217669
0.217669
0.217671
0.217700
0.217701
0.217707
0.217707
0.217742
0.217752
0.217752
0.217752
0.217752
0.217752
0.217770
0.217782
0.217775
0.217774
0.217774
0.217801
0.217801
0.217823
0.217836
0.217836
0.217866
0.217873
0.217869
0.217877
0.217877
0.217878
0.217878
0.217901
0.217911
0.217911
0.217916
0.217916
0.217916
0.217942
0.217950
0.217976
0.217976
0.217985
0.217998
0.218056
0.218056
0.218056
0.218056
0.218056
0.218056
0.218101
0.218117
0.218117
0.218117
0.218121
0.218128
0.218130
0.218131
0.218131
0.218136
0.218146
0.218146
0.218161
0.218162
0.218167
0.218190
0.218210
0.218261
0.218276
0.218276
0.218276
0.218288
0.218291
0.218299
0.218308
0.218319
0.218319
0.218344
0.218344
0.218348
0.218354
0.218354
0.218366
0.218366
0.218366
0.218365
0.218417
0.218481
0.218481
0.218481
0.218481
0.218481
0.218481
0.218490
0.218518
0.218540
0.218540
0.218540
0.218543
0.218537
0.218543
0.218576
0.218576
0.218576
0.218576
0.218573
0.218611
0.218612
0.218614
0.218614
0.218644
0.218653
0.218652
0.218666
0.218670
0.218670
0.218681
0.218685
0.218685
0.218730
0.218735
0.218732
0.218732
0.218732
0.218734
0.218734
0.218743
0.218743
0.218749
0.218794
0.218794
0.218794
0.218802
0.218822
0.218839
0.218841
0.218841
0.218841
0.218840
0.218845
0.218863
0.218866
0.218872
0.218872
0.218872
0.218872
0.218894
0.218895
0.218910
0.218924
0.218927
0.218927
0.218938
0.218955
0.218964
0.218963
0.218964
0.218966
0.218966
0.218966
0.218966
0.218976
0.218976
0.218985
0.219006
0.219006
0.219008
0.219025
0.219025
0.219052
0.219053
0.219092
0.219128
0.219129
0.219131
0.219138
0.219137
0.219137
0.219137
0.219171
0.219196
0.219198
0.219198
0.219198
0.219198
0.219202
0.219221
0.219256
0.219267
0.219269
0.219281
0.219298
0.219311
0.219323
0.219417
0.219407
0.219407
0.219407
0.219414
0.219483
0.219517
0.219516
0.219519
0.219519
0.219583
0.219635
0.219693
0.219693
0.219733
0.219790
0.219807
0.219807
0.219807
0.219807
0.219807
0.219807
0.219823
0.219823
0.219823
0.219847
0.219848
0.219848
0.219848
0.219855
0.219855
0.219855
0.219868
0.219907
0.219902
0.219902
0.219902
0.219917
0.219923
0.219923
0.219923
0.219928
0.219928
0.219928
0.219928
0.219928
0.219943
0.219960
0.219967
0.219967
0.219967
0.219996
0.219996
0.219996
0.219996
0.220008
0.220064
0.220074
0.220075
0.220085
0.220126
0.220132
0.220132
0.220132
0.220143
0.220143
0.220143
0.220143
0.220142
0.220143
0.220153
0.220153
0.220153
0.220162
0.220196
0.220212
0.220213
0.220215
0.220215
0.220215
0.220222
0.220225
0.220231
0.220233
0.220242
0.220242
0.220243
0.220242
0.220244
0.220247
0.220247
0.220261
0.220261
0.220286
0.220280
0.220289
0.220322
0.220329
0.220349
0.220367
0.220378
0.220399
0.220399
0.220428
0.220428
0.220448
0.220457
0.220459
0.220470
0.220542
0.220547
0.220560
0.220555
0.220553
0.220553
0.220558
0.220558
0.220573
0.220580
0.220607
0.220620
0.220620
0.220620
0.220638
0.220638
0.220670
0.220670
0.220695
0.220695
0.220703
0.220712
0.220712
0.220712
0.220739
0.220738
0.220741
0.220741
0.220762
0.220776
0.220782
0.220782
0.220788
0.220805
0.220803
0.220804
0.220810
0.220825
0.220825
0.220828
0.220844
0.220844
0.220844
0.220844
0.220846
0.220896
0.220896
0.220924
0.220955
0.220955
0.220956
0.220956
0.220956
0.220953
0.220984
0.220991
0.220998
0.221003
0.221006
0.221006
0.221006
0.221007
0.221007
0.221022
0.221022
0.221022
0.221022
0.221027
0.221041
0.221041
0.221041
0.221041
0.221041
0.221041
0.221041
0.221041
0.221048
0.221048
0.221048
0.221048
0.221057
0.221063
0.221077
0.221107
0.221107
0.221107
0.221119
0.221120
0.221123
0.221123
0.221128
0.221187
0.221201
0.221200
0.221200
0.221202
0.221203
0.221219
0.221227
0.221227
0.221227
0.221230
0.221268
0.221268
0.221271
0.221271
0.221275
0.221298
0.221300
0.221308
0.221329
0.221353
0.221361
0.221361
0.221370
0.221370
0.221369
0.221377
0.221377
0.221382
0.221384
0.221384
0.221392
0.221393
0.221393
0.221393
0.221407
0.221407
0.221433
0.221444
0.221444
0.221444
0.221449
0.221449
0.221449
0.221452
0.221459
0.221459
0.221459
0.221459
0.221459
0.221459
0.221476
0.221493
0.221493
0.221493
0.221511
0.221515
0.221518
0.221517
0.221517
0.221529
0.221547
0.221596
0.221596
0.221596
0.221596
0.221599
0.221602
0.221611
0.221619
0.221627
0.221627
0.221637
0.221681
0.221670
0.221673
0.221673
0.221692
0.221697
0.221720
0.221719
0.221719
0.221719
0.221716
0.221756
0.221756
0.221786
0.221786
0.221787
0.221790
0.221790
0.221847
0.221847
0.221871
0.221874
0.221880
0.221880
0.221957
0.221969
0.221965
0.221965
0.221964
0.221964
0.221969
0.221969
0.221977
0.221996
0.222029
0.222029
0.222029
0.222029
0.222036
0.222036
0.222036
0.222056
0.222056
0.222084
0.222084
0.222084
0.222098
0.222212
0.222215
0.222215
0.222222
0.222217
0.222217
0.222217
0.222224
0.222221
0.222221
0.222240
0.222244
0.222299
0.222299
0.222299
0.222311
0.222311
0.222311
0.222311
0.222311
0.222312
0.222312
0.222312
0.222330
0.222346
0.222346
0.222346
0.222352
0.222392
0.222392
0.222459
0.222477
0.222489
0.222491
0.222494
0.222508
0.222508
0.222513
0.222513
0.222517
0.222557
0.222580
0.222618
0.222618
0.222670
0.222677
0.222688
0.222761
0.222785
0.222802
0.222802
0.222802
0.222819
0.222819
0.222821
0.222822
0.222824
0.222824
0.222824
0.222820
0.222832
0.222839
0.222850
0.222883
0.222883
0.222888
0.222897
0.222897
0.222897
0.222910
0.222910
0.222910
0.222910
0.222910
0.222915
0.222919
0.222949
0.222951
0.222951
0.222977
0.222977
0.222978
0.223032
0.223036
0.223069
0.223091
0.223191
0.223191
0.223191
0.223216
0.223210
0.223230
0.223230
0.223237
0.223273
0.223275
0.223302
0.223302
0.223302
0.223302
0.223304
0.223304
0.223309
0.223309
0.223309
0.223314
0.223314
0.223314
0.223314
0.223373
0.223381
0.223490
0.223490
0.223491
0.223495
0.223497
0.223522
0.223522
0.223522
0.223523
0.223523
0.223528
0.223528
0.223528
0.223665
0.223665
0.223667
0.223668
0.223680
0.223713
0.223713
0.223713
0.223713
0.223713
0.223714
0.223714
0.223709
0.223709
0.223714
0.223732
0.223744
0.223747
0.223747
0.223747
0.223747
0.223754
0.223754
0.223769
0.223788
0.223788
0.223838
0.223838
0.223856
0.223857
0.223859
0.223855
0.223855
0.223853
0.223853
0.223862
0.223862
0.223908
0.223908
0.223913
0.223945
0.223958
0.223958
0.223993
0.223992
0.223994
0.223995
0.223995
0.224003
0.224003
0.224003
0.224004
0.224005
0.224005
0.224051
0.224051
0.224049
0.224064
0.224069
0.224130
0.224130
0.224128
0.224141
0.224147
0.224201
0.224228
0.224230
0.224261
0.224278
0.224289
0.224303
0.224303
0.224301
0.224301
0.224322
0.224322
0.224331
0.224330
0.224331
0.224334
0.224334
0.224337
0.224337
0.224352
0.224352
0.224352
0.224354
0.224354
0.224366
0.224366
0.224383
0.224383
0.224383
0.224434
0.224434
0.224452
0.224450
0.224452
0.224452
0.224452
0.224452
0.224484
0.224486
0.224488
0.224488
0.224500
0.224500
0.224500
0.224506
0.224506
0.224540
0.224540
0.224574
0.224585
0.224577
0.224579
0.224633
0.224633
0.224641
0.224672
0.224696
0.224696
0.224703
0.224708
0.224717
0.224721
0.224744
0.224744
0.224744
0.224744
0.224744
0.224750
0.224753
0.224753
0.224753
0.224753
0.224780
0.224803
0.224823
0.224823
0.224829
0.224847
0.224852
0.224852
0.224852
0.224850
0.224877
0.224877
0.224877
0.224877
0.224876
0.224908
0.224914
0.224921
0.224921
0.224933
0.224933
0.225015
0.225020
0.225012
0.225057
0.225057
0.225058
0.225058
0.225065
0.225065
0.225053
0.225057
0.225057
0.225057
0.225057
0.225057
0.225057
0.225078
0.225078
0.225078
0.225078
0.225078
0.225078
0.225078
0.225078
0.225078
0.225078
0.225078
0.225078
0.225086
0.225105
0.225121
0.225148
0.225148
0.225183
0.225183
0.225185
0.225184
0.225185
0.225183
0.225184
0.225218
0.225255
0.225258
0.225258
0.225258
0.225257
0.225275
0.225275
0.225275
0.225275
0.225276
0.225276
0.225276
0.225340
0.225344
0.225344
0.225344
0.225384
0.225389
0.225408
0.225408
0.225414
0.225420
0.225420
0.225420
0.225422
0.225423
0.225425
0.225425
0.225432
0.225432
0.225448
0.225448
0.225448
0.225448
0.225454
0.225454
0.225456
0.225458
0.225458
0.225493
0.225493
0.225494
0.225504
0.225504
0.225547
0.225538
0.225538
0.225538
0.225539
0.225539
0.225553
0.225585
0.225585
0.225592
0.225609
0.225627
0.225627
0.225620
0.225710
0.225742
0.225742
0.225742
0.225755
0.225755
0.225829
0.225829
0.225836
0.225838
0.225838
0.225843
0.225841
0.225864
0.225868
0.225871
0.225871
0.225871
0.225871
0.225872
0.225872
0.225864
0.225888
0.225905
0.225905
0.225905
0.225918
0.225940
0.225950
0.225955
0.225961
0.225957
0.225977
0.225974
0.226007
0.226007
0.226023
0.226044
0.226070
0.226072
0.226084
0.226089
0.226092
0.226092
0.226096
0.226094
0.226100
0.226104
0.226104
0.226111
0.226125
0.226125
0.226125
0.226138
0.226138
0.226137
0.226156
0.226156
0.226156
0.226156
0.226156
0.226219
0.226214
0.226224
0.226224
0.226224
0.226224
0.226224
0.226231
0.226239
0.226239
0.226245
0.226264
0.226263
0.226263
0.226263
0.226264
0.226260
0.226261
0.226261
0.226274
0.226298
0.226302
0.226325
0.226344
0.226344
0.226368
0.226368
0.226398
0.226411
0.226411
0.226411
0.226434
0.226434
0.226473
0.226500
0.226501
0.226527
0.226525
0.226513
0.226519
0.226519
0.226537
0.226542
0.226542
0.226555
0.226555
0.226677
0.226690
0.226692
0.226701
0.226702
0.226709
0.226709
0.226709
0.226710
0.226715
0.226715
0.226715
0.226715
0.226720
0.226747
0.226747
0.226748
0.226759
0.226758
0.226772
0.226772
0.226777
0.226778
0.226779
0.226779
0.226784
0.226784
0.226784
0.226787
0.226787
0.226791
0.226791
0.226805
0.226805
0.226828
0.226847
0.226847
0.226860
0.226875
0.226878
0.226878
0.226893
0.226895
0.226895
0.226895
0.226895
0.226921
0.226921
0.226921
0.226917
0.226939
0.226940
0.226940
0.226945
0.226970
0.226974
0.227003
0.227008
0.227011
0.227011
0.227011
0.227038
0.227038
0.227038
0.227038
0.227037
0.227069
0.227061
0.227061
0.227061
0.227084
0.227084
0.227087
0.227087
0.227115
0.227116
0.227116
0.227122
0.227132
0.227144
0.227145
0.227172
0.227172
0.227178
0.227189
0.227227
0.227226
0.227226
0.227226
0.227231
0.227233
0.227248
0.227248
0.227248
0.227248
0.227248
0.227248
0.227259
0.227259
0.227268
0.227268
0.227311
0.227311
0.227311
0.227311
0.227338
0.227362
0.227386
0.227386
0.227397
0.227397
0.227418
0.227435
0.227437
0.227430
0.227430
0.227459
0.227477
0.227521
0.227567
0.227585
0.227592
0.227589
0.227594
0.227606
0.227623
0.227623
0.227623
0.227623
0.227623
0.227656
0.227677
0.227713
0.227713
0.227712
0.227723
0.227723
0.227723
0.227723
0.227723
0.227723
0.227723
0.227723
0.227723
0.227722
0.227742
0.227742
0.227742
0.227742
0.227742
0.227741
0.227759
0.227765
0.227782
0.227812
0.227812
0.227812
0.227827
0.227824
0.227840
0.227922
0.227939
0.227939
0.227946
0.227968
0.227968
0.227968
0.227988
0.227988
0.227996
0.227996
0.227996
0.227992
0.227999
0.227999
0.227999
0.228028
0.228044
0.228061
0.228061
0.228061
0.228080
0.228080
0.228080
0.228080
0.228078
0.228078
0.228078
0.228092
0.228104
0.228111
0.228123
0.228155
0.228155
0.228165
0.228170
0.228182
0.228182
0.228199
0.228203
0.228203
0.228203
0.228197
0.228197
0.228197
0.228197
0.228208
0.228217
0.228219
0.228219
0.228219
0.228251
0.228251
0.228250
0.228250
0.228254
0.228287
0.228288
0.228288
0.228288
0.228284
0.228284
0.228284
0.228299
0.228299
0.228299
0.228384
0.228397
0.228397
0.228401
0.228406
0.228405
0.228405
0.228411
0.228435
0.228436
0.228436
0.228436
0.228436
0.228436
0.228434
0.228434
0.228434
0.228434
0.228443
0.228460
0.228458
0.228495
0.228495
0.228529
0.228541
0.228541
0.228550
0.228550
0.228550
0.228567
0.228567
0.228567
0.228567
0.228567
0.228577
0.228583
0.228626
0.228626
0.228632
0.228632
0.228632
0.228688
0.228691
0.228693
0.228694
0.228694
0.228696
0.228695
0.228695
0.228695
0.228696
0.228698
0.228698
0.228706
0.228739
0.228739
0.228739
0.228748
0.228748
0.228762
0.228805
0.228819
0.228817
0.228821
0.228827
0.228833
0.228830
0.228843
0.228845
0.228854
0.228854
0.228884
0.228884
0.228897
0.228897
0.228897
0.228897
0.228897
0.228897
0.228897
0.228897
0.228897
0.228898
0.228898
0.228898
0.228898
0.228898
0.228898
0.228902
0.228902
0.228902
0.228903
0.228903
0.228903
0.228903
0.228903
0.228918
0.228918
0.228918
0.228923
0.228932
0.228935
0.228935
0.228935
0.228979
0.228995
0.229020
0.229042
0.229056
0.229065
0.229069
0.229070
0.229080
0.229091
0.229091
0.229122
0.229161
0.229165
0.229178
0.229178
0.229207
0.229254
0.229267
0.229267
0.229267
0.229267
0.229270
0.229293
0.229294
0.229296
0.229300
0.229303
0.229303
0.229303
0.229311
0.229318
0.229338
0.229338
0.229339
0.229355
0.229355
0.229355
0.229369
0.229369
0.229369
0.229370
0.229383
0.229384
0.229384
0.229384
0.229387
0.229402
0.229402
0.229402
0.229397
0.229397
0.229397
0.229397
0.229404
0.229404
0.229405
0.229404
0.229410
0.229410
0.229412
0.229418
0.229421
0.229428
0.229429
0.229440
0.229440
0.229440
0.229440
0.229449
0.229450
0.229450
0.229450
0.229450
0.229450
0.229450
0.229451
0.229451
0.229464
0.229464
0.229464
0.229464
0.229464
0.229464
0.229486
0.229493
0.229493
0.229493
0.229493
0.229490
0.229507
0.229507
0.229532
0.229537
0.229552
0.229552
0.229554
0.229554
0.229641
0.229641
0.229655
0.229655
0.229655
0.229657
0.229656
0.229657
0.229657
0.229667
0.229681
0.229810
0.229810
0.229870
0.229870
0.229889
0.229949
0.229949
0.229950
0.229950
0.229953
0.229953
0.229960
0.229973
0.229974
0.229974
0.229976
0.230003
0.230001
0.230001
0.230019
0.230028
0.230032
0.230032
0.230032
0.230032
0.230026
0.230018
0.230085
0.230106
0.230106
0.230101
0.230101
0.230101
0.230123
0.230123
0.230127
0.230127
0.230136
0.230148
0.230157
0.230159
0.230160
0.230160
0.230160
0.230165
0.230168
0.230168
0.230168
0.230176
0.230178
0.230178
0.230178
0.230176
0.230224
0.230224
0.230251
0.230251
0.230251
0.230294
0.230294
0.230295
0.230296
0.230300
0.230300
0.230307
0.230315
0.230328
0.230328
0.230328
0.230328
0.230328
0.230328
0.230327
0.230327
0.230331
0.230331
0.230330
0.230330
0.230334
0.230334
0.230336
0.230331
0.230334
0.230351
0.230351
0.230351
0.230366
0.230366
0.230367
0.230367
0.230370
0.230374
0.230374
0.230374
0.230378
0.230380
0.230380
0.230380
0.230386
0.230403
0.230403
0.230403
0.230405
0.230427
0.230426
0.230429
0.230429
0.230429
0.230450
0.230479
0.230482
0.230482
0.230485
0.230494
0.230494
0.230496
0.230496
0.230496
0.230496
0.230559
0.230559
0.230563
0.230558
0.230558
0.230558
0.230558
0.230569
0.230569
0.230579
0.230579
0.230583
0.230583
0.230606
0.230606
0.230606
0.230606
0.230606
0.230606
0.230644
0.230644
0.230644
0.230655
0.230657
0.230657
0.230657
0.230653
0.230655
0.230656
0.230656
0.230657
0.230697
0.230697
0.230705
0.230718
0.230721
0.230727
0.230753
0.230747
0.230771
0.230771
0.230771
0.230771
0.230765
0.230764
0.230764
0.230764
0.230773
0.230788
0.230789
0.230789
0.230819
0.230819
0.230819
0.230824
0.230823
0.230839
0.230839
0.230839
0.230931
0.230931
0.230946
0.230944
0.230959
0.230959
0.230964
0.230971
0.230971
0.230974
0.230990
0.230990
0.230990
0.231029
0.231029
0.231029
0.231035
0.231035
0.231055
0.231056
0.231056
0.231059
0.231076
0.231076
0.231076
0.231081
0.231081
0.231081
0.231081
0.231081
0.231081
0.231081
0.231081
0.231081
0.231081
0.231081
0.231098
0.231099
0.231100
0.231100
0.231101
0.231101
0.231128
0.231128
0.231131
0.231133
0.231133
0.231133
0.231133
0.231134
0.231134
0.231134
0.231137
0.231153
0.231153
0.231155
0.231155
0.231195
0.231199
0.231205
0.231208
0.231208
0.231208
0.231208
0.231240
0.231244
0.231256
0.231256
0.231257
0.231264
0.231283
0.231284
0.231303
0.231303
0.231303
0.231308
0.231308
0.231308
0.231308
0.231308
0.231325
0.231337
0.231339
0.231339
0.231339
0.231342
0.231342
0.231345
0.231348
0.231348
0.231353
0.231353
0.231355
0.231368
0.231368
0.231379
0.231379
0.231384
0.231384
0.231386
0.231409
0.231409
0.231419
0.231419
0.231419
0.231424
0.231424
0.231424
0.231424
0.231424
0.231425
0.231425
0.231425
0.231426
0.231426
0.231426
0.231427
0.231427
0.231427
0.231427
0.231427
0.231427
0.231429
0.231429
0.231429
0.231429
0.231429
0.231429
0.231429
0.231437
0.231437
0.231437
0.231437
0.231437
0.231437
0.231440
0.231443
0.231443
0.231462
0.231473
0.231473
0.231473
0.231473
0.231473
0.231473
0.231473
0.231481
0.231481
0.231481
0.231481
0.231517
0.231517
0.231515
0.231530
0.231534
0.231545
0.231545
0.231624
0.231624
0.231617
0.231620
0.231625
0.231633
0.231643
0.231643
0.231654
0.231653
0.231653
0.231655
0.231653
0.231653
0.231665
0.231670
0.231670
0.231672
0.231701
0.231738
0.231751
0.231757
0.231757
0.231768
0.231764
0.231764
0.231764
0.231765
0.231776
0.231777
0.231788
0.231788
0.231791
0.231791
0.231791
0.231813
0.231815
0.231815
0.231815
0.231811
0.231811
0.231811
0.231815
0.231834
0.231834
0.231851
0.231855
0.231855
0.231832
0.231832
0.231855
0.231857
0.231857
0.231886
0.231913
0.231915
0.231923
0.231925
0.231933
0.231934
0.231934
0.231933
0.231940
0.231942
0.231943
0.231943
0.231955
0.231975
0.232005
0.232001
0.232005
0.232008
0.232020
0.232034
0.232034
0.232034
0.232049
0.232066
0.232066
0.232075
0.232075
0.232075
0.232075
0.232076
0.232072
0.232085
0.232106
0.232108
0.232111
0.232110
0.232110
0.232120
0.232120
0.232146
0.232174
0.232175
0.232194
0.232194
0.232194
0.232194
0.232192
0.232191
0.232191
0.232191
0.232191
0.232200
0.232212
0.232232
0.232242
0.232240
0.232240
0.232251
0.232251
0.232256
0.232256
0.232256
0.232255
0.232255
0.232308
0.232321
0.232331
0.232324
0.232323
0.232323
0.232323
0.232323
0.232339
0.232339
0.232347
0.232347
0.232351
0.232344
0.232344
0.232350
0.232349
0.232349
0.232366
0.232366
0.232384
0.232384
0.232384
0.232387
0.232388
0.232388
0.232388
0.232388
0.232398
0.232398
0.232398
0.232403
0.232403
0.232403
0.232403
0.232410
0.232410
0.232410
0.232410
0.232410
0.232410
0.232414
0.232413
0.232424
0.232424
0.232424
0.232431
0.232431
0.232431
0.232431
0.232431
0.232431
0.232431
0.232435
0.232444
0.232444
0.232444
0.232447
0.232449
0.232449
0.232449
0.232449
0.232496
0.232496
0.232504
0.232504
0.232500
0.232500
0.232506
0.232508
0.232508
0.232507
0.232513
0.232513
0.232513
0.232518
0.232524
0.232524
0.232542
0.232542
0.232542
0.232576
0.232577
0.232595
0.232595
0.232597
0.232603
0.232603
0.232603
0.232605
0.232605
0.232605
0.232604
0.232605
0.232605
0.232620
0.232620
0.232629
0.232634
0.232648
0.232644
0.232644
0.232635
0.232640
0.232678
0.232678
0.232702
0.232702
0.232702
0.232702
0.232705
0.232705
0.232709
0.232709
0.232728
0.232728
0.232728
0.232735
0.232737
0.232737
0.232809
0.232837
0.232837
0.232837
0.232897
0.232915
0.232915
0.232915
0.232920
0.232933
0.233039
0.233039
0.233045
0.233048
0.233051
0.233044
0.233044
0.233044
0.233044
0.233048
0.233048
0.233051
0.233051
0.233082
0.233082
0.233083
0.233084
0.233084
0.233084
0.233084
0.233084
0.233084
0.233094
0.233097
0.233143
0.233143
0.233146
0.233175
0.233233
0.233240
0.233240
0.233240
0.233238
0.233244
0.233267
0.233264
0.233264
0.233264
0.233264
0.233293
0.233296
0.233296
0.233295
0.233295
0.233295
0.233317
0.233329
0.233329
0.233338
0.233345
0.233354
0.233350
0.233350
0.233358
0.233358
0.233358
0.233393
0.233398
0.233395
0.233395
0.233397
0.233406
0.233409
0.233409
0.233401
0.233403
0.233404
0.233448
0.233492
0.233491
0.233491
0.233498
0.233499
0.233499
0.233499
0.233506
0.233533
0.233536
0.233536
0.233535
0.233535
0.233534
0.233534
0.233534
0.233534
0.233549
0.233549
0.233552
0.233554
0.233559
0.233559
0.233563
0.233565
0.233571
0.233571
0.233571
0.233583
0.233598
0.233598
0.233597
0.233605
0.233611
0.233616
0.233616
0.233639
0.233639
0.233644
0.233640
0.233642
0.233642
0.233637
0.233663
0.233663
0.233676
0.233723
0.233728
0.233729
0.233729
0.233729
0.233729
0.233736
0.233736
0.233753
0.233754
0.233754
0.233756
0.233776
0.233788
0.233789
0.233789
0.233812
0.233812
0.233815
0.233815
0.233825
0.233825
0.233832
0.233812
0.233812
0.233837
0.233857
0.233857
0.233884
0.233884
0.233887
0.233898
0.233913
0.233913
0.233913
0.233913
0.233913
0.233913
0.233913
0.233919
0.233919
0.233919
0.233919
0.233919
0.233932
0.233932
0.233938
0.233961
0.233961
0.233961
0.233961
0.233979
0.233979
0.233979
0.234010
0.234010
0.234010
0.234010
0.234010
0.234024
0.234028
0.234031
0.234031
0.234030
0.234030
0.234044
0.234054
0.234054
0.234059
0.234057
0.234057
0.234057
0.234061
0.234103
0.234107
0.234107
0.234107
0.234107
0.234107
0.234107
0.234109
0.234127
0.234127
0.234127
0.234136
0.234139
0.234162
0.234169
0.234169
0.234174
0.234174
0.234174
0.234179
0.234201
0.234201
0.234201
0.234201
0.234201
0.234201
0.234210
0.234210
0.234210
0.234210
0.234245
0.234250
0.234250
0.234250
0.234255
0.234255
0.234263
0.234263
0.234263
0.234281
0.234260
0.234274
0.234268
0.234274
0.234274
0.234275
0.234275
0.234279
0.234310
0.234315
0.234314
0.234330
0.234342
0.234342
0.234350
0.234350
0.234356
0.234347
0.234347
0.234378
0.234378
0.234387
0.234387
0.234403
0.234403
0.234403
0.234403
0.234403
0.234411
0.234411
0.234414
0.234414
0.234414
0.234414
0.234415
0.234415
0.234415
0.234415
0.234414
0.234414
0.234414
0.234451
0.234459
0.234459
0.234459
0.234512
0.234512
0.234512
0.234506
0.234507
0.234507
0.234507
0.234507
0.234507
0.234507
0.234507
0.234507
0.234507
0.234507
0.234507
0.234510
0.234510
0.234510
0.234510
0.234510
0.234508
0.234508
0.234513
0.234516
0.234516
0.234516
0.234516
0.234526
0.234526
0.234564
0.234564
0.234564
0.234564
0.234568
0.234568
0.234567
0.234578
0.234578
0.234581
0.234581
0.234579
0.234579
0.234580
0.234580
0.234580
0.234580
0.234580
0.234580
0.234592
0.234598
0.234606
0.234606
0.234608
0.234613
0.234613
0.234618
0.234627
0.234627
0.234627
0.234628
0.234628
0.234632
0.234630
0.234632
0.234639
0.234653
0.234653
0.234653
0.234654
0.234719
0.234719
0.234719
0.234719
0.234716
0.234716
0.234742
0.234759
0.234797
0.234816
0.234839
0.234839
0.234839
0.234839
0.234849
0.234871
0.234885
0.234885
0.234884
0.234913
0.234917
0.234917
0.234916
0.234916
0.234916
0.234916
0.234920
0.234922
0.234922
0.234922
0.234923
0.234965
0.234965
0.234966
0.234966
0.234973
0.234990
0.235019
0.235019
0.235022
0.235023
0.235028
0.235025
0.235025
0.235031
0.235046
0.235078
0.235078
0.235078
0.235077
0.235078
0.235111
0.235122
0.235128
0.235128
0.235128
0.235145
0.235145
0.235145
0.235145
0.235145
0.235145
0.235145
0.235145
0.235146
0.235150
0.235150
0.235150
0.235150
0.235149
0.235149
0.235149
0.235149
0.235149
0.235149
0.235157
0.235159
0.235168
0.235168
0.235168
0.235180
0.235180
0.235205
0.235204
0.235204
0.235206
0.235214
0.235231
0.235231
0.235231
0.235239
0.235252
0.235277
0.235283
0.235287
0.235305
0.235306
0.235313
0.235311
0.235341
0.235341
0.235341
0.235357
0.235357
0.235357
0.235357
0.235357
0.235364
0.235367
0.235367
0.235367
0.235369
0.235369
0.235369
0.235386
0.235386
0.235392
0.235401
0.235401
0.235401
0.235401
0.235401
0.235401
0.235416
0.235421
0.235424
0.235424
0.235441
0.235441
0.235441
0.235444
0.235444
0.235458
0.235459
0.235459
0.235459
0.235459
0.235458
0.235458
0.235475
0.235490
0.235490
0.235490
0.235490
0.235490
0.235490
0.235490
0.235490
0.235490
0.235508
0.235556
0.235556
0.235561
0.235559
0.235550
0.235550
0.235559
0.235559
0.235576
0.235595
0.235590
0.235590
0.235590
0.235590
0.235596
0.235602
0.235602
0.235602
0.235608
0.235608
0.235608
0.235620
0.235627
0.235629
0.235629
0.235634
0.235635
0.235635
0.235635
0.235635
0.235651
0.235658
0.235658
0.235658
0.235665
0.235665
0.235662
0.235666
0.235666
0.235666
0.235667
0.235676
0.235676
0.235677
0.235677
0.235677
0.235677
0.235682
0.235703
0.235703
0.235712
0.235712
0.235712
0.235714
0.235714
0.235714
0.235714
0.235714
0.235713
0.235714
0.235714
0.235714
0.235719
0.235723
0.235723
0.235723
0.235723
0.235723
0.235723
0.235723
0.235723
0.235725
0.235727
0.235727
0.235742
0.235744
0.235748
0.235748
0.235748
0.235749
0.235749
0.235745
0.235745
0.235754
0.235755
0.235755
0.235760
0.235760
0.235763
0.235764
0.235799
0.235824
0.235824
0.235837
0.235840
0.235840
0.235840
0.235844
0.235849
0.235851
0.235851
0.235853
0.235852
0.235852
0.235862
0.235871
0.235871
0.235871
0.235879
0.235879
0.235873
0.235873
0.235873
0.235873
0.235874
0.235874
0.235874
0.235903
0.235925
0.235925
0.235925
0.235923
0.235923
0.235936
0.235947
0.235947
0.235947
0.235947
0.235947
0.235947
0.235947
0.235947
0.235947
0.235947
0.235949
0.235949
0.235949
0.235949
0.235949
0.235953
0.235953
0.235953
0.235964
0.236000
0.236003
0.236003
0.236003
0.236003
0.236011
0.236005
0.236011
0.236011
0.236033
0.236033
0.236034
0.236042
0.236047
0.236053
0.236053
0.236053
0.236053
0.236053
0.236054
0.236059
0.236059
0.236067
0.236067
0.236066
0.236066
0.236070
0.236113
0.236113
0.236113
0.236113
0.236119
0.236124
0.236144
0.236145
0.236167
0.236167
0.236182
0.236200
0.236200
0.236200
0.236196
0.236196
0.236196
0.236196
0.236223
0.236228
0.236254
0.236254
0.236252
0.236263
0.236263
0.236267
0.236267
0.236284
0.236284
0.236284
0.236303
0.236303
0.236310
0.236318
0.236318
0.236318
0.236318
0.236328
0.236357
0.236368
0.236368
0.236371
0.236369
0.236369
0.236369
0.236404
0.236401
0.236407
0.236407
0.236407
0.236409
0.236420
0.236422
0.236422
0.236422
0.236427
0.236434
0.236436
0.236439
0.236439
0.236438
0.236438
0.236450
0.236450
0.236450
0.236450
0.236450
0.236450
0.236472
0.236480
0.236480
0.236480
0.236478
0.236478
0.236478
0.236478
0.236479
0.236487
0.236487
0.236487
0.236490
0.236489
0.236528
0.236528
0.236528
0.236548
0.236571
0.236575
0.236571
0.236604
0.236604
0.236604
0.236604
0.236606
0.236609
0.236609
0.236610
0.236610
0.236609
0.236614
0.236613
0.236617
0.236617
0.236617
0.236648
0.236654
0.236656
0.236656
0.236656
0.236663
0.236663
0.236670
0.236670
0.236675
0.236674
0.236675
0.236702
0.236702
0.236702
0.236704
0.236702
0.236702
0.236702
0.236702
0.236708
0.236712
0.236698
0.236708
0.236708
0.236728
0.236759
0.236759
0.236759
0.236758
0.236759
0.236763
0.236763
0.236764
0.236764
0.236764
0.236780
0.236780
0.236779
0.236779
0.236779
0.236782
0.236782
0.236792
0.236792
0.236792
0.236799
0.236803
0.236818
0.236830
0.236838
0.236838
0.236841
0.236841
0.236835
0.236854
0.236854
0.236854
0.236855
0.236855
0.236857
0.236857
0.236857
0.236857
0.236864
0.236881
0.236881
0.236881
0.236881
0.236884
0.236883
0.236944
0.236944
0.236944
0.236958
0.236963
0.236963
0.236965
0.236965
0.236971
0.236979
0.236978
0.236978
0.236975
0.236970
0.236966
0.236966
0.236968
0.236979
0.236983
0.237005
0.237011
0.237011
0.237044
0.237060
0.237060
0.237061
0.237069
0.237069
0.237093
0.237095
0.237095
0.237099
0.237098
0.237104
0.237107
0.237101
0.237101
0.237101
0.237101
0.237120
0.237120
0.237130
0.237130
0.237134
0.237135
0.237138
0.237138
0.237138
0.237164
0.237164
0.237165
0.237169
0.237169
0.237179
0.237179
0.237179
0.237204
0.237204
0.237214
0.237214
0.237210
0.237210
0.237210
0.237225
0.237228
0.237230
0.237230
0.237245
0.237245
0.237251
0.237251
0.237251
0.237252
0.237261
0.237273
0.237273
0.237281
0.237281
0.237280
0.237280
0.237286
0.237284
0.237293
0.237291
0.237291
0.237302
0.237302
0.237335
0.237340
0.237342
0.237338
0.237331
0.237332
0.237340
0.237340
0.237349
0.237349
0.237349
0.237351
0.237356
0.237356
0.237359
0.237359
0.237354
0.237354
0.237379
0.237379
0.237391
0.237403
0.237406
0.237412
0.237412
0.237440
0.237440
0.237440
0.237440
0.237451
0.237451
0.237451
0.237451
0.237451
0.237456
0.237467
0.237467
0.237467
0.237467
0.237471
0.237471
0.237472
0.237524
0.237529
0.237529
0.237532
0.237536
0.237556
0.237556
0.237553
0.237552
0.237566
0.237572
0.237590
0.237610
0.237610
0.237612
0.237617
0.237617
0.237617
0.237617
0.237617
0.237617
0.237617
0.237617
0.237657
0.237658
0.237659
0.237660
0.237668
0.237669
0.237670
0.237682
0.237685
0.237685
0.237685
0.237694
0.237694
0.237696
0.237711
0.237711
0.237712
0.237712
0.237720
0.237720
0.237721
0.237722
0.237722
0.237727
0.237728
0.237728
0.237744
0.237744
0.237744
0.237744
0.237745
0.237759
0.237761
0.237785
0.237785
0.237785
0.237793
0.237809
0.237809
0.237811
0.237811
0.237811
0.237811
0.237811
0.237815
0.237818
0.237829
0.237829
0.237829
0.237829
0.237847
0.237846
0.237846
0.237853
0.237853
0.237862
0.237870
0.237871
0.237873
0.237878
0.237878
0.237878
0.237878
0.237878
0.237878
0.237879
0.237879
0.237879
0.237884
0.237884
0.237884
0.237900
0.237901
0.237900
0.237900
0.237900
0.237900
0.237900
0.237900
0.237916
0.237916
0.237915
0.237914
0.237915
0.237929
0.237930
0.237933
0.237933
0.237955
0.237955
0.237948
0.237980
0.237980
0.237979
0.237990
0.237999
0.238006
0.238016
0.238023
0.238050
0.238050
0.238073
0.238073
0.238103
0.238103
0.238104
0.238107
0.238107
0.238107
0.238120
0.238120
0.238120
0.238120
0.238122
0.238122
0.238130
0.238132
0.238132
0.238132
0.238132
0.238132
0.238139
0.238139
0.238139
0.238141
0.238144
0.238145
0.238145
0.238152
0.238151
0.238154
0.238162
0.238162
0.238165
0.238168
0.238168
0.238168
0.238167
0.238167
0.238167
0.238167
0.238166
0.238172
0.238172
0.238172
0.238173
0.238181
0.238181
0.238186
0.238186
0.238186
0.238203
0.238203
0.238203
0.238209
0.238209
0.238210
0.238226
0.238230
0.238230
0.238236
0.238236
0.238259
0.238253
0.238253
0.238263
0.238263
0.238265
0.238265
0.238265
0.238265
0.238266
0.238266
0.238266
0.238266
0.238266
0.238266
0.238266
0.238270
0.238270
0.238273
0.238273
0.238280
0.238281
0.238283
0.238313
0.238321
0.238318
0.238321
0.238321
0.238365
0.238365
0.238365
0.238369
0.238378
0.238390
0.238394
0.238391
0.238399
0.238399
0.238401
0.238401
0.238403
0.238403
0.238402
0.238402
0.238402
0.238402
0.238402
0.238407
0.238453
0.238453
0.238453
0.238452
0.238472
0.238472
0.238472
0.238472
0.238477
0.238477
0.238470
0.238467
0.238469
0.238488
0.238488
0.238492
0.238492
0.238490
0.238490
0.238491
0.238492
0.238495
0.238495
0.238507
0.238516
0.238516
0.238526
0.238526
0.238526
0.238545
0.238545
0.238545
0.238545
0.238556
0.238556
0.238566
0.238567
0.238606
0.238605
0.238605
0.238605
0.238610
0.238610
0.238610
0.238610
0.238610
0.238612
0.238612
0.238613
0.238622
0.238623
0.238644
0.238644
0.238637
0.238637
0.238656
0.238661
0.238661
0.238661
0.238661
0.238661
0.238661
0.238661
0.238661
0.238693
0.238693
0.238693
0.238737
0.238737
0.238737
0.238740
0.238732
0.238742
0.238748
0.238748
0.238748
0.238752
0.238788
0.238791
0.238793
0.238793
0.238793
0.238798
0.238847
0.238854
0.238854
0.238854
0.238854
0.238854
0.238851
0.238851
0.238859
0.238859
0.238859
0.238859
0.238858
0.238858
0.238858
0.238858
0.238858
0.238859
0.238907
0.238907
0.238907
0.238907
0.238907
0.238917
0.238922
0.238923
0.238957
0.238957
0.238957
0.238975
0.238976
0.239010
0.239010
0.239010
0.239026
0.239031
0.239031
0.239146
0.239146
0.239146
0.239146
0.239146
0.239192
0.239192
0.239192
0.239189
0.239192
0.239193
0.239200
0.239223
0.239233
0.239236
0.239236
0.239238
0.239238
0.239237
0.239237
0.239239
0.239239
0.239239
0.239239
0.239239
0.239240
0.239240
0.239240
0.239260
0.239260
0.239268
0.239291
0.239291
0.239291
0.239290
0.239290
0.239294
0.239290
0.239290
0.239290
0.239290
0.239290
0.239296
0.239304
0.239320
0.239320
0.239341
0.239341
0.239341
0.239341
0.239341
0.239341
0.239341
0.239341
0.239347
0.239347
0.239348
0.239349
0.239349
0.239360
0.239360
0.239420
0.239420
0.239420
0.239438
0.239439
0.239456
0.239483
0.239495
0.239502
0.239523
0.239523
0.239529
0.239537
0.239556
0.239565
0.239584
0.239584
0.239584
0.239584
0.239589
0.239589
0.239602
0.239602
0.239602
0.239602
0.239602
0.239602
0.239599
0.239604
0.239604
0.239604
0.239608
0.239608
0.239608
0.239608
0.239608
0.239607
0.239614
0.239614
0.239624
0.239621
0.239623
0.239655
0.239655
0.239655
0.239655
0.239657
0.239668
0.239670
0.239670
0.239670
0.239670
0.239670
0.239679
0.239677
0.239682
0.239695
0.239695
0.239695
0.239695
0.239703
0.239705
0.239705
0.239705
0.239710
0.239721
0.239729
0.239729
0.239729
0.239728
0.239729
0.239734
0.239734
0.239753
0.239754
0.239754
0.239756
0.239769
0.239778
0.239778
0.239775
0.239775
0.239775
0.239794
0.239807
0.239807
0.239841
0.239841
0.239841
0.239841
0.239847
0.239847
0.239840
0.239851
0.239851
0.239860
0.239875
0.239885
0.239888
0.239888
0.239905
0.239905
0.239909
0.239911
0.239910
0.239910
0.239911
0.239912
0.239936
0.239936
0.239936
0.239936
0.239936
0.239936
0.239936
0.239946
0.239947
0.239947
0.239962
0.239962
0.239959
0.239962
0.239962
0.239962
0.239969
0.239969
0.239984
0.239984
0.239999
0.240009
0.240010
0.240012
0.240013
0.240013
0.240013
0.240017
0.240023
0.240023
0.240025
0.240029
0.240062
0.240065
0.240065
0.240065
0.240072
0.240072
0.240071
0.240071
0.240071
0.240076
0.240077
0.240084
0.240107
0.240107
0.240105
0.240105
0.240112
0.240112
0.240112
0.240112
0.240115
0.240120
0.240135
0.240135
0.240135
0.240135
0.240143
0.240150
0.240154
0.240154
0.240154
0.240154
0.240154
0.240154
0.240154
0.240154
0.240154
0.240154
0.240154
0.240154
0.240154
0.240154
0.240154
0.240154
0.240154
0.240167
0.240167
0.240167
0.240169
0.240169
0.240171
0.240173
0.240173
0.240173
0.240173
0.240173
0.240173
0.240180
0.240180
0.240180
0.240180
0.240180
0.240180
0.240180
0.240183
0.240181
0.240181
0.240181
0.240181
0.240190
0.240191
0.240191
0.240194
0.240195
0.240199
0.240199
0.240209
0.240209
0.240209
0.240220
0.240244
0.240244
0.240244
0.240244
0.240240
0.240246
0.240246
0.240246
0.240246
0.240246
0.240246
0.240270
0.240273
0.240273
0.240274
0.240277
0.240277
0.240291
0.240291
0.240293
0.240294
0.240292
0.240292
0.240292
0.240292
0.240317
0.240317
0.240317
0.240346
0.240348
0.240371
0.240376
0.240380
0.240398
0.240416
0.240416
0.240416
0.240416
0.240421
0.240418
0.240418
0.240435
0.240460
0.240460
0.240460
0.240460
0.240501
0.240501
0.240501
0.240501
0.240507
0.240508
0.240508
0.240515
0.240542
0.240542
0.240554
0.240573
0.240589
0.240589
0.240597
0.240600
0.240615
0.240614
0.240617
0.240617
0.240617
0.240617
0.240653
0.240661
0.240671
0.240718
0.240721
0.240721
0.240724
0.240724
0.240728
0.240728
0.240728
0.240722
0.240726
0.240741
0.240741
0.240741
0.240747
0.240763
0.240766
0.240766
0.240764
0.240764
0.240774
0.240774
0.240774
0.240774
0.240774
0.240783
0.240799
0.240801
0.240811
0.240815
0.240821
0.240822
0.240822
0.240822
0.240828
0.240868
0.240868
0.240869
0.240883
0.240883
0.240887
0.240890
0.240890
0.240891
0.240891
0.240894
0.240894
0.240894
0.240896
0.240896
0.240919
0.240919
0.240922
0.240923
0.240923
0.240923
0.240923
0.240923
0.240923
0.240928
0.240928
0.240928
0.240929
0.240929
0.240928
0.240928
0.240928
0.240930
0.240930
0.240930
0.240931
0.240931
0.240931
0.240931
0.240931
0.240931
0.240944
0.240944
0.240945
0.240945
0.240947
0.240972
0.240972
0.240972
0.240971
0.240971
0.240968
0.240975
0.240975
0.240975
0.240983
0.240983
0.241006
0.241006
0.241006
0.241012
0.241056
0.241054
0.241054
0.241053
0.241053
0.241088
0.241092
0.241092
0.241092
0.241094
0.241094
0.241094
0.241095
0.241111
0.241111
0.241111
0.241125
0.241136
0.241138
0.241145
0.241145
0.241145
0.241145
0.241167
0.241164
0.241175
0.241175
0.241174
0.241174
0.241176
0.241176
0.241176
0.241183
0.241196
0.241196
0.241199
0.241199
0.241199
0.241207
0.241210
0.241210
0.241210
0.241210
0.241210
0.241210
0.241210
0.241210
0.241210
0.241210
0.241212
0.241211
0.241211
0.241211
0.241211
0.241211
0.241211
0.241211
0.241211
0.241211
0.241211
0.241210
0.241210
0.241213
0.241217
0.241217
0.241217
0.241217
0.241217
0.241217
0.241217
0.241217
0.241217
0.241217
0.241217
0.241217
0.241217
0.241217
0.241217
0.241217
0.241217
0.241217
0.241215
0.241215
0.241215
0.241215
0.241215
0.241217
0.241217
0.241217
0.241217
0.241217
0.241217
0.241217
0.241217
0.241217
0.241217
0.241221
0.241227
0.241225
0.241227
0.241227
0.241227
0.241228
0.241228
0.241228
0.241242
0.241242
0.241242
0.241242
0.241242
0.241241
0.241241
0.241241
0.241271
0.241271
0.241271
0.241271
0.241271
0.241271
0.241279
0.241288
0.241288
0.241288
0.241288
0.241288
0.241290
0.241298
0.241298
0.241305
0.241305
0.241306
0.241327
0.241327
0.241334
0.241337
0.241336
0.241338
0.241338
0.241346
0.241348
0.241348
0.241355
0.241355
0.241359
0.241367
0.241373
0.241373
0.241373
0.241393
0.241402
0.241405
0.241406
0.241406
0.241406
0.241406
0.241406
0.241431
0.241431
0.241431
0.241431
0.241436
0.241436
0.241436
0.241436
0.241436
0.241436
0.241436
0.241436
0.241436
0.241436
0.241452
0.241452
0.241452
0.241449
0.241449
0.241463
0.241464
0.241464
0.241470
0.241491
0.241495
0.241499
0.241499
0.241506
0.241509
0.241510
0.241511
0.241519
0.241519
0.241533
0.241535
0.241539
0.241539
0.241540
0.241540
0.241540
0.241593
0.241587
0.241585
0.241585
0.241581
0.241594
0.241609
0.241609
0.241609
0.241616
0.241616
0.241616
0.241616
0.241616
0.241616
0.241616
0.241616
0.241616
0.241653
0.241653
0.241656
0.241655
0.241653
0.241656
0.241656
0.241656
0.241665
0.241665
0.241665
0.241665
0.241664
0.241669
0.241669
0.241669
0.241671
0.241671
0.241671
0.241671
0.241671
0.241671
0.241671
0.241671
0.241671
0.241674
0.241674
0.241674
0.241680
0.241680
0.241680
0.241680
0.241685
0.241685
0.241685
0.241685
0.241688
0.241688
0.241716
0.241733
0.241737
0.241745
0.241744
0.241742
0.241742
0.241750
0.241758
0.241763
0.241773
0.241782
0.241782
0.241784
0.241784
0.241783
0.241799
0.241803
0.241803
0.241803
0.241805
0.241817
0.241826
0.241826
0.241826
0.241826
0.241826
0.241831
0.241833
0.241843
0.241844
0.241846
0.241846
0.241846
0.241846
0.241846
0.241847
0.241847
0.241847
0.241847
0.241847
0.241876
0.241876
0.241876
0.242013
0.242011
0.242011
0.242012
0.242017
0.242037
0.242040
0.242042
0.242042
0.242065
0.242065
0.242065
0.242065
0.242065
0.242069
0.242069
0.242069
0.242076
0.242059
0.242070
0.242070
0.242070
0.242072
0.242089
0.242089
0.242089
0.242086
0.242086
0.242086
0.242089
0.242089
0.242089
0.242089
0.242093
0.242096
0.242106
0.242107
0.242107
0.242107
0.242107
0.242107
0.242104
0.242104
0.242104
0.242104
0.242104
0.242105
0.242105
0.242109
0.242109
0.242109
0.242109
0.242116
0.242116
0.242115
0.242115
0.242120
0.242120
0.242133
0.242133
0.242133
0.242135
0.242137
0.242137
0.242145
0.242154
0.242154
0.242163
0.242190
0.242187
0.242184
0.242190
0.242207
0.242209
0.242209
0.242210
0.242208
0.242209
0.242224
0.242230
0.242230
0.242230
0.242230
0.242241
0.242240
0.242236
0.242244
0.242253
0.242253
0.242257
0.242275
0.242278
0.242288
0.242292
0.242299
0.242299
0.242304
0.242339
0.242341
0.242341
0.242341
0.242344
0.242341
0.242341
0.242345
0.242345
0.242346
0.242345
0.242355
0.242355
0.242355
0.242354
0.242352
0.242356
0.242375
0.242373
0.242373
0.242375
0.242379
0.242379
0.242379
0.242380
0.242386
0.242386
0.242386
0.242386
0.242387
0.242421
0.242421
0.242421
0.242427
0.242427
0.242437
0.242437
0.242435
0.242435
0.242435
0.242436
0.242435
0.242436
0.242436
0.242436
0.242435
0.242440
0.242440
0.242440
0.242440
0.242440
0.242440
0.242453
0.242453
0.242453
0.242466
0.242466
0.242466
0.242466
0.242472
0.242472
0.242472
0.242472
0.242472
0.242473
0.242473
0.242473
0.242477
0.242501
0.242504
0.242504
0.242504
0.242509
0.242513
0.242513
0.242513
0.242516
0.242518
0.242518
0.242547
0.242584
0.242584
0.242590
0.242590
0.242590
0.242589
0.242589
0.242590
0.242590
0.242590
0.242600
0.242600
0.242600
0.242603
0.242648
0.242648
0.242648
0.242648
0.242648
0.242648
0.242653
0.242653
0.242653
0.242653
0.242685
0.242684
0.242684
0.242684
0.242684
0.242684
0.242685
0.242685
0.242685
0.242695
0.242696
0.242703
0.242703
0.242703
0.242703
0.242703
0.242703
0.242703
0.242703
0.242703
0.242703
0.242703
0.242735
0.242739
0.242740
0.242749
0.242747
0.242747
0.242747
0.242750
0.242748
0.242748
0.242748
0.242748
0.242759
0.242762
0.242762
0.242762
0.242762
0.242763
0.242763
0.242763
0.242766
0.242764
0.242805
0.242806
0.242811
0.242826
0.242826
0.242833
0.242833
0.242833
0.242848
0.242856
0.242854
0.242855
0.242857
0.242857
0.242852
0.242865
0.242865
0.242870
0.242870
0.242872
0.242872
0.242872
0.242875
0.242876
0.242876
0.242876
0.242876
0.242878
0.242878
0.242882
0.242882
0.242903
0.242903
0.242903
0.242911
0.242911
0.242911
0.242911
0.242914
0.242914
0.242917
0.242917
0.242916
0.242927
0.242932
0.242932
0.242938
0.242938
0.242938
0.242938
0.242941
0.242941
0.242941
0.242941
0.242941
0.242941
0.242941
0.242941
0.242941
0.242946
0.242946
0.242946
0.242946
0.242947
0.242947
0.242957
0.242957
0.242968
0.242968
0.242992
0.242993
0.242993
0.242992
0.242992
0.242999
0.243030
0.243028
0.243036
0.243048
0.243052
0.243052
0.243052
0.243052
0.243052
0.243052
0.243053
0.243055
0.243055
0.243055
0.243055
0.243055
0.243057
0.243071
0.243071
0.243071
0.243070
0.243068
0.243068
0.243068
0.243068
0.243089
0.243090
0.243098
0.243098
0.243098
0.243104
0.243104
0.243104
0.243119
0.243124
0.243125
0.243125
0.243127
0.243127
0.243127
0.243127
0.243127
0.243127
0.243127
0.243127
0.243129
0.243129
0.243129
0.243133
0.243132
0.243132
0.243132
0.243132
0.243142
0.243185
0.243185
0.243185
0.243185
0.243185
0.243193
0.243185
0.243184
0.243184
0.243188
0.243193
0.243193
0.243194
0.243194
0.243222
0.243222
0.243222
0.243223
0.243227
0.243228
0.243227
0.243227
0.243227
0.243227
0.243265
0.243265
0.243270
0.243270
0.243266
0.243267
0.243267
0.243280
0.243280
0.243286
0.243286
0.243286
0.243286
0.243370
0.243371
0.243371
0.243380
0.243380
0.243380
0.243381
0.243394
0.243400
0.243403
0.243403
0.243403
0.243411
0.243411
0.243411
0.243411
0.243411
0.243423
0.243423
0.243423
0.243423
0.243429
0.243429
0.243429
0.243429
0.243428
0.243428
0.243428
0.243450
0.243453
0.243463
0.243466
0.243470
0.243479
0.243492
0.243496
0.243496
0.243499
0.243507
0.243502
0.243503
0.243504
0.243506
0.243515
0.243516
0.243533
0.243533
0.243538
0.243543
0.243541
0.243540
0.243540
0.243539
0.243539
0.243539
0.243553
0.243558
0.243562
0.243562
0.243598
0.243603
0.243607
0.243607
0.243607
0.243607
0.243619
0.243619
0.243619
0.243630
0.243630
0.243635
0.243639
0.243643
0.243656
0.243655
0.243655
0.243657
0.243657
0.243660
0.243660
0.243659
0.243659
0.243659
0.243681
0.243689
0.243690
0.243704
0.243704
0.243705
0.243704
0.243704
0.243741
0.243741
0.243741
0.243757
0.243757
0.243769
0.243767
0.243767
0.243767
0.243767
0.243767
0.243767
0.243782
0.243782
0.243783
0.243783
0.243783
0.243786
0.243786
0.243786
0.243786
0.243786
0.243786
0.243786
0.243787
0.243798
0.243798
0.243798
0.243798
0.243799
0.243800
0.243800
0.243800
0.243800
0.243800
0.243800
0.243800
0.243800
0.243800
0.243800
0.243801
0.243801
0.243801
0.243801
0.243801
0.243801
0.243810
0.243810
0.243813
0.243813
0.243817
0.243817
0.243817
0.243821
0.243832
0.243832
0.243832
0.243827
0.243827
0.243841
0.243841
0.243844
0.243844
0.243844
0.243844
0.243843
0.243846
0.243854
0.243856
0.243868
0.243885
0.243885
0.243885
0.243886
0.243879
0.243887
0.243887
0.243889
0.243889
0.243889
0.243889
0.243889
0.243889
0.243889
0.243894
0.243904
0.243915
0.243915
0.243926
0.243931
0.243932
0.243932
0.243940
0.243940
0.243940
0.243945
0.243949
0.243949
0.243949
0.243949
0.243950
0.243950
0.243950
0.243952
0.243953
0.243958
0.243958
0.243966
0.243966
0.243973
0.243971
0.243971
0.243971
0.243976
0.243984
0.243984
0.243984
0.243985
0.243991
0.243996
0.243996
0.244011
0.244011
0.244011
0.244011
0.244012
0.244012
0.244012
0.244012
0.244012
0.244027
0.244027
0.244027
0.244031
0.244034
0.244034
0.244035
0.244035
0.244056
0.244059
0.244059
0.244067
0.244072
0.244072
0.244072
0.244079
0.244079
0.244085
0.244095
0.244103
0.244124
0.244136
0.244136
0.244137
0.244134
0.244137
0.244144
0.244144
0.244144
0.244149
0.244149
0.244148
0.244150
0.244154
0.244158
0.244162
0.244162
0.244168
0.244168
0.244168
0.244168
0.244167
0.244167
0.244188
0.244188
0.244188
0.244188
0.244191
0.244196
0.244204
0.244204
0.244211
0.244211
0.244211
0.244218
0.244235
0.244240
0.244239
0.244244
0.244252
0.244252
0.244255
0.244255
0.244255
0.244262
0.244276
0.244276
0.244277
0.244277
0.244278
0.244270
0.244276
0.244276
0.244279
0.244279
0.244278
0.244284
0.244286
0.244286
0.244286
0.244287
0.244303
0.244306
0.244307
0.244308
0.244308
0.244321
0.244325
0.244325
0.244333
0.244333
0.244333
0.244333
0.244333
0.244333
0.244333
0.244333
0.244333
0.244333
0.244330
0.244335
0.244356
0.244356
0.244356
0.244362
0.244362
0.244362
0.244362
0.244362
0.244362
0.244362
0.244362
0.244361
0.244369
0.244369
0.244369
0.244369
0.244369
0.244369
0.244373
0.244373
0.244372
0.244372
0.244374
0.244374
0.244375
0.244378
0.244405
0.244406
0.244406
0.244406
0.244407
0.244407
0.244418
0.244415
0.244416
0.244416
0.244415
0.244418
0.244422
0.244422
0.244422
0.244422
0.244426
0.244429
0.244433
0.244431
0.244435
0.244436
0.244436
0.244436
0.244436
0.244458
0.244458
0.244458
0.244459
0.244456
0.244456
0.244464
0.244464
0.244475
0.244475
0.244475
0.244475
0.244484
0.244485
0.244488
0.244490
0.244505
0.244505
0.244503
0.244510
0.244510
0.244510
0.244514
0.244514
0.244514
0.244514
0.244515
0.244515
0.244515
0.244515
0.244515
0.244515
0.244515
0.244535
0.244535
0.244535
0.244535
0.244556
0.244556
0.244556
0.244555
0.244574
0.244576
0.244577
0.244577
0.244577
0.244578
0.244578
0.244581
0.244581
0.244581
0.244583
0.244583
0.244586
0.244586
0.244586
0.244603
0.244605
0.244605
0.244613
0.244613
0.244613
0.244615
0.244615
0.244615
0.244618
0.244618
0.244623
0.244627
0.244633
0.244633
0.244635
0.244635
0.244646
0.244646
0.244646
0.244650
0.244650
0.244650
0.244658
0.244658
0.244663
0.244663
0.244663
0.244663
0.244663
0.244663
0.244663
0.244669
0.244669
0.244669
0.244676
0.244678
0.244678
0.244682
0.244679
0.244677
0.244677
0.244677
0.244678
0.244678
0.244692
0.244692
0.244692
0.244692
0.244692
0.244696
0.244696
0.244696
0.244696
0.244697
0.244697
0.244697
0.244713
0.244713
0.244713
0.244717
0.244736
0.244751
0.244753
0.244753
0.244757
0.244786
0.244782
0.244782
0.244782
0.244783
0.244783
0.244783
0.244783
0.244793
0.244797
0.244796
0.244796
0.244796
0.244808
0.244808
0.244811
0.244812
0.244814
0.244814
0.244814
0.244825
0.244841
0.244842
0.244842
0.244842
0.244883
0.244883
0.244889
0.244889
0.244889
0.244889
0.244889
0.244920
0.244920
0.244920
0.244920
0.244920
0.244920
0.244925
0.244925
0.244934
0.244934
0.244934
0.244934
0.244934
0.244934
0.244947
0.244949
0.244950
0.244950
0.244950
0.244950
0.244965
0.244965
0.244961
0.244965
0.244965
0.244971
0.244971
0.244971
0.244972
0.244972
0.244972
0.244972
0.244973
0.244983
0.244984
0.244984
0.244983
0.244984
0.244986
0.244986
0.244998
0.245012
0.245012
0.245012
0.245012
0.245012
0.245012
0.245013
0.245027
0.245027
0.245062
0.245062
0.245064
0.245070
0.245067
0.245067
0.245064
0.245091
0.245092
0.245092
0.245092
0.245096
0.245096
0.245096
0.245102
0.245102
0.245102
0.245102
0.245112
0.245112
0.245112
0.245112
0.245112
0.245112
0.245112
0.245113
0.245113
0.245111
0.245111
0.245111
0.245111
0.245111
0.245111
0.245115
0.245115
0.245115
0.245115
0.245115
0.245115
0.245123
0.245123
0.245123
0.245123
0.245123
0.245123
0.245123
0.245127
0.245144
0.245144
0.245144
0.245155
0.245156
0.245165
0.245166
0.245187
0.245186
0.245186
0.245191
0.245191
0.245193
0.245193
0.245199
0.245200
0.245200
0.245202
0.245202
0.245206
0.245206
0.245206
0.245210
0.245212
0.245212
0.245217
0.245217
0.245217
0.245217
0.245217
0.245226
0.245226
0.245241
0.245243
0.245250
0.245250
0.245250
0.245250
0.245250
0.245248
0.245270
0.245270
0.245267
0.245267
0.245291
0.245291
0.245291
0.245295
0.245299
0.245299
0.245299
0.245298
0.245298
0.245298
0.245297
0.245300
0.245300
0.245298
0.245298
0.245298
0.245303
0.245301
0.245301
0.245302
0.245309
0.245309
0.245312
0.245312
0.245321
0.245321
0.245321
0.245321
0.245340
0.245344
0.245344
0.245344
0.245350
0.245358
0.245358
0.245359
0.245361
0.245361
0.245361
0.245361
0.245361
0.245361
0.245361
0.245366
0.245366
0.245366
0.245366
0.245367
0.245362
0.245362
0.245362
0.245362
0.245372
0.245385
0.245389
0.245390
0.245396
0.245396
0.245396
0.245397
0.245409
0.245408
0.245408
0.245425
0.245425
0.245435
0.245435
0.245435
0.245435
0.245435
0.245435
0.245446
0.245447
0.245447
0.245448
0.245448
0.245449
0.245451
0.245451
0.245451
0.245451
0.245451
0.245451
0.245451
0.245451
0.245451
0.245451
0.245451
0.245451
0.245451
0.245464
0.245464
0.245464
0.245470
0.245470
0.245476
0.245475
0.245482
0.245481
0.245482
0.245484
0.245484
0.245513
0.245523
0.245523
0.245523
0.245523
0.245523
0.245554
0.245554
0.245554
0.245553
0.245559
0.245566
0.245569
0.245572
0.245575
0.245576
0.245583
0.245591
0.245591
0.245591
0.245591
0.245589
0.245591
0.245591
0.245591
0.245591
0.245592
0.245598
0.245598
0.245598
0.245599
0.245599
0.245599
0.245599
0.245599
0.245599
0.245599
0.245599
0.245599
0.245600
0.245600
0.245600
0.245600
0.245600
0.245600
0.245600
0.245600
0.245600
0.245625
0.245625
0.245624
0.245624
0.245624
0.245624
0.245626
0.245626
0.245626
0.245629
0.245630
0.245642
0.245642
0.245642
0.245642
0.245642
0.245646
0.245646
0.245646
0.245645
0.245644
0.245655
0.245655
0.245656
0.245656
0.245656
0.245656
0.245657
0.245672
0.245674
0.245674
0.245674
0.245674
0.245674
0.245674
0.245692
0.245698
0.245698
0.245698
0.245697
0.245728
0.245727
0.245722
0.245722
0.245733
0.245737
0.245750
0.245750
0.245750
0.245754
0.245771
0.245771
0.245771
0.245771
0.245771
0.245788
0.245788
0.245788
0.245786
0.245782
0.245782
0.245782
0.245782
0.245808
0.245838
0.245838
0.245838
0.245843
0.245838
0.245846
0.245846
0.245845
0.245845
0.245844
0.245853
0.245853
0.245853
0.245853
0.245855
0.245855
0.245855
0.245858
0.245858
0.245856
0.245885
0.245885
0.245883
0.245883
0.245883
0.245883
0.245883
0.245888
0.245888
0.245888
0.245891
0.245908
0.245908
0.245908
0.245909
0.245909
0.245909
0.245909
0.245909
0.245909
0.245918
0.245918
0.245918
0.245919
0.245919
0.245924
0.245924
0.245923
0.245923
0.245923
0.245935
0.245944
0.245944
0.245948
0.245963
0.245963
0.245968
0.245968
0.245968
0.245966
0.245966
0.245962
0.245968
0.245968
0.245974
0.245974
0.245975
0.245975
0.245997
0.246005
0.246005
0.246005
0.246005
0.246006
0.246006
0.246006
0.246006
0.246005
0.246009
0.246009
0.246009
0.246014
0.246014
0.246014
0.246017
0.246017
0.246017
0.246018
0.246018
0.246018
0.246018
0.246018
0.246018
0.246018
0.246018
0.246018
0.246018
0.246018
0.246018
0.246018
0.246018
0.246018
0.246035
0.246037
0.246037
0.246037
0.246043
0.246035
0.246043
0.246043
0.246049
0.246049
0.246049
0.246060
0.246060
0.246064
0.246064
0.246064
0.246064
0.246067
0.246072
0.246072
0.246101
0.246101
0.246100
0.246100
0.246102
0.246102
0.246103
0.246106
0.246106
0.246106
0.246113
0.246135
0.246135
0.246149
0.246149
0.246150
0.246148
0.246148
0.246148
0.246149
0.246161
0.246161
0.246163
0.246163
0.246163
0.246164
0.246164
0.246164
0.246175
0.246175
0.246175
0.246175
0.246168
0.246168
0.246168
0.246169
0.246169
0.246206
0.246206
0.246206
0.246211
0.246226
0.246226
0.246226
0.246226
0.246226
0.246226
0.246228
0.246228
0.246228
0.246223
0.246223
0.246223
0.246223
0.246234
0.246244
0.246246
0.246263
0.246264
0.246264
0.246265
0.246268
0.246282
0.246282
0.246282
0.246282
0.246283
0.246283
0.246283
0.246283
0.246300
0.246301
0.246301
0.246301
0.246301
0.246308
0.246320
0.246324
0.246331
0.246331
0.246332
0.246332
0.246353
0.246353
0.246353
0.246353
0.246362
0.246363
0.246367
0.246367
0.246361
0.246361
0.246361
0.246367
0.246373
0.246373
0.246373
0.246378
0.246383
0.246395
0.246395
0.246394
0.246394
0.246394
0.246394
0.246394
0.246407
0.246414
0.246414
0.246414
0.246414
0.246414
0.246418
0.246418
0.246420
0.246420
0.246421
0.246421
0.246425
0.246425
0.246425
0.246431
0.246431
0.246432
0.246432
0.246434
0.246434
0.246434
0.246434
0.246434
0.246438
0.246438
0.246438
0.246438
0.246438
0.246447
0.246466
0.246466
0.246480
0.246481
0.246493
0.246493
0.246493
0.246493
0.246494
0.246494
0.246491
0.246498
0.246498
0.246506
0.246508
0.246507
0.246507
0.246507
0.246505
0.246505
0.246504
0.246504
0.246506
0.246506
0.246506
0.246508
0.246503
0.246503
0.246506
0.246504
0.246504
0.246504
0.246504
0.246504
0.246504
0.246502
0.246506
0.246504
0.246522
0.246521
0.246521
0.246522
0.246518
0.246519
0.246518
0.246518
0.246536
0.246536
0.246533
0.246534
0.246539
0.246539
0.246538
0.246538
0.246541
0.246569
0.246570
0.246574
0.246574
0.246575
0.246577
0.246577
0.246576
0.246576
0.246576
0.246577
0.246577
0.246577
0.246577
0.246577
0.246577
0.246577
0.246577
0.246577
0.246579
0.246579
0.246577
0.246577
0.246578
0.246583
0.246583
0.246585
0.246585
0.246584
0.246584
0.246585
0.246585
0.246585
0.246587
0.246590
0.246590
0.246590
0.246590
0.246590
0.246627
0.246627
0.246627
0.246627
0.246627
0.246637
0.246637
0.246637
0.246642
0.246642
0.246642
0.246642
0.246642
0.246650
0.246653
0.246656
0.246656
0.246660
0.246660
0.246660
0.246660
0.246663
0.246663
0.246663
0.246663
0.246662
0.246662
0.246662
0.246662
0.246699
0.246699
0.246699
0.246699
0.246701
0.246701
0.246698
0.246698
0.246698
0.246698
0.246698
0.246707
0.246699
0.246699
0.246711
0.246711
0.246711
0.246711
0.246711
0.246711
0.246711
0.246717
0.246719
0.246719
0.246719
0.246719
0.246719
0.246719
0.246719
0.246719
0.246719
0.246719
0.246719
0.246717
0.246717
0.246720
0.246721
0.246721
0.246721
0.246721
0.246721
0.246736
0.246736
0.246741
0.246741
0.246741
0.246741
0.246741
0.246756
0.246756
0.246756
0.246762
0.246764
0.246764
0.246764
0.246764
0.246766
0.246766
0.246766
0.246766
0.246766
0.246765
0.246765
0.246765
0.246769
0.246769
0.246769
0.246769
0.246768
0.246768
0.246774
0.246778
0.246778
0.246779
0.246787
0.246787
0.246795
0.246795
0.246801
0.246819
0.246825
0.246825
0.246830
0.246830
0.246837
0.246835
0.246841
0.246841
0.246843
0.246848
0.246848
0.246848
0.246848
0.246848
0.246844
0.246854
0.246854
0.246854
0.246855
0.246858
0.246866
0.246866
0.246867
0.246866
0.246866
0.246866
0.246866
0.246866
0.246877
0.246885
0.246913
0.246914
0.246914
0.246916
0.246916
0.246922
0.246926
0.246926
0.246926
0.246926
0.246926
0.246933
0.246934
0.246934
0.246934
0.246938
0.246940
0.246940
0.246940
0.246932
0.246938
0.246938
0.246939
0.246953
0.246953
0.246953
0.246953
0.246966
0.246966
0.246966
0.246977
0.246977
0.246978
0.246975
0.246978
0.246983
0.246983
0.246984
0.246984
0.246977
0.246977
0.246977
0.246977
0.246977
0.246981
0.246981
0.246981
0.246983
0.246983
0.246983
0.246983
0.246984
0.246984
0.246991
0.247002
0.247003
0.247003
0.247003
0.247003
0.247004
0.247004
0.247003
0.247003
0.247003
0.247014
0.247021
0.247021
0.247026
0.247026
0.247027
0.247034
0.247035
0.247035
0.247035
0.247035
0.247035
0.247035
0.247036
0.247036
0.247036
0.247036
0.247041
0.247041
0.247041
0.247040
0.247048
0.247048
0.247053
0.247058
0.247058
0.247058
0.247058
0.247068
0.247068
0.247079
0.247079
0.247081
0.247082
0.247082
0.247082
0.247082
0.247085
0.247089
0.247090
0.247090
0.247107
0.247106
0.247106
0.247105
0.247107
0.247126
0.247129
0.247139
0.247140
0.247140
0.247142
0.247140
0.247140
0.247140
0.247140
0.247142
0.247142
0.247154
0.247158
0.247158
0.247158
0.247158
0.247158
0.247158
0.247167
0.247164
0.247180
0.247180
0.247182
0.247179
0.247183
0.247183
0.247207
0.247207
0.247204
0.247204
0.247209
0.247206
0.247210
0.247212
0.247212
0.247218
0.247218
0.247229
0.247235
0.247235
0.247235
0.247235
0.247235
0.247238
0.247238
0.247245
0.247248
0.247254
0.247266
0.247266
0.247267
0.247267
0.247268
0.247268
0.247268
0.247268
0.247268
0.247268
0.247268
0.247268
0.247275
0.247275
0.247275
0.247275
0.247280
0.247280
0.247280
0.247280
0.247280
0.247281
0.247281
0.247281
0.247282
0.247284
0.247291
0.247296
0.247296
0.247310
0.247320
0.247320
0.247320
0.247320
0.247325
0.247326
0.247326
0.247326
0.247326
0.247326
0.247326
0.247325
0.247325
0.247325
0.247325
0.247325
0.247325
0.247325
0.247321
0.247320
0.247320
0.247320
0.247320
0.247320
0.247320
0.247342
0.247348
0.247358
0.247358
0.247355
0.247354
0.247354
0.247354
0.247357
0.247362
0.247362
0.247362
0.247363
0.247363
0.247363
0.247364
0.247364
0.247364
0.247370
0.247370
0.247377
0.247385
0.247385
0.247385
0.247385
0.247385
0.247385
0.247389
0.247389
0.247389
0.247412
0.247416
0.247416
0.247417
0.247417
0.247417
0.247420
0.247442
0.247443
0.247443
0.247443
0.247443
0.247443
0.247443
0.247448
0.247448
0.247447
0.247450
0.247450
0.247455
0.247459
0.247459
0.247463
0.247463
0.247463
0.247463
0.247463
0.247463
0.247463
0.247463
0.247471
0.247471
0.247471
0.247471
0.247490
0.247490
0.247490
0.247490
0.247490
0.247491
0.247491
0.247489
0.247489
0.247489
0.247489
0.247489
0.247489
0.247511
0.247511
0.247509
0.247510
0.247510
0.247511
0.247511
0.247525
0.247526
0.247527
0.247527
0.247527
0.247530
0.247530
0.247532
0.247535
0.247535
0.247538
0.247549
0.247549
0.247549
0.247552
0.247555
0.247555
0.247568
0.247588
0.247588
0.247588
0.247588
0.247588
0.247590
0.247590
0.247596
0.247598
0.247598
0.247600
0.247600
0.247600
0.247600
0.247599
0.247599
0.247599
0.247600
0.247600
0.247600
0.247600
0.247600
0.247600
0.247600
0.247600
0.247600
0.247600
0.247601
0.247607
0.247612
0.247613
0.247613
0.247613
0.247613
0.247613
0.247613
0.247615
0.247615
0.247615
0.247617
0.247617
0.247617
0.247616
0.247617
0.247621
0.247622
0.247623
0.247623
0.247623
0.247623
0.247617
0.247617
0.247617
0.247621
0.247628
0.247630
0.247631
0.247631
0.247631
0.247631
0.247640
0.247640
0.247640
0.247646
0.247646
0.247648
0.247653
0.247651
0.247652
0.247652
0.247652
0.247652
0.247652
0.247652
0.247661
0.247661
0.247661
0.247696
0.247717
0.247729
0.247734
0.247734
0.247734
0.247734
0.247734
0.247727
0.247727
0.247727
0.247727
0.247742
0.247742
0.247742
0.247742
0.247743
0.247743
0.247743
0.247743
0.247755
0.247755
0.247755
0.247755
0.247755
0.247758
0.247758
0.247757
0.247753
0.247753
0.247758
0.247771
0.247771
0.247771
0.247772
0.247772
0.247778
0.247777
0.247777
0.247779
0.247784
0.247785
0.247784
0.247785
0.247785
0.247785
0.247786
0.247787
0.247790
0.247790
0.247790
0.247811
0.247807
0.247807
0.247807
0.247818
0.247831
0.247831
0.247831
0.247831
0.247837
0.247837
0.247837
0.247838
0.247838
0.247838
0.247838
0.247838
0.247838
0.247843
0.247842
0.247842
0.247853
0.247853
0.247855
0.247857
0.247863
0.247869
0.247869
0.247867
0.247867
0.247869
0.247881
0.247880
0.247886
0.247886
0.247888
0.247895
0.247898
0.247898
0.247897
0.247909
0.247909
0.247911
0.247911
0.247911
0.247909
0.247909
0.247908
0.247907
0.247907
0.247907
0.247907
0.247907
0.247907
0.247907
0.247907
0.247907
0.247910
0.247910
0.247914
0.247914
0.247914
0.247913
0.247913
0.247913
0.247913
0.247914
0.247914
0.247916
0.247916
0.247917
0.247919
0.247920
0.247920
0.247919
0.247921
0.247947
0.247947
0.247947
0.247946
0.247951
0.247953
0.247953
0.247956
0.247956
0.247959
0.247961
0.247961
0.247961
0.247961
0.247961
0.247961
0.247961
0.247964
0.247964
0.247964
0.247965
0.247966
0.247978
0.247982
0.247982
0.247982
0.247982
0.247989
0.247989
0.247989
0.247987
0.247987
0.247987
0.247991
0.247991
0.247993
0.248012
0.248011
0.248012
0.248014
0.248025
0.248024
0.248030
0.248035
0.248036
0.248041
0.248048
0.248049
0.248049
0.248049
0.248054
0.248054
0.248055
0.248062
0.248075
0.248084
0.248093
0.248093
0.248093
0.248093
0.248096
0.248098
0.248098
0.248098
0.248098
0.248098
0.248098
0.248098
0.248098
0.248101
0.248101
0.248101
0.248101
0.248101
0.248101
0.248101
0.248101
0.248101
0.248101
0.248101
0.248101
0.248101
0.248101
0.248101
0.248101
0.248101
0.248099
0.248110
0.248118
0.248120
0.248120
0.248120
0.248120
0.248117
0.248117
0.248117
0.248117
0.248118
0.248119
0.248119
0.248119
0.248119
0.248119
0.248119
0.248119
0.248119
0.248119
0.248119
0.248119
0.248123
0.248123
0.248125
0.248128
0.248128
0.248128
0.248128
0.248128
0.248131
0.248131
0.248131
0.248131
0.248136
0.248136
0.248155
0.248155
0.248157
0.248157
0.248157
0.248167
0.248168
0.248167
0.248167
0.248167
0.248167
0.248168
0.248177
0.248178
0.248178
0.248178
0.248178
0.248174
0.248174
0.248180
0.248194
0.248194
0.248221
0.248226
0.248226
0.248225
0.248225
0.248231
0.248231
0.248234
0.248234
0.248238
0.248238
0.248238
0.248238
0.248238
0.248238
0.248238
0.248239
0.248239
0.248239
0.248239
0.248240
0.248245
0.248246
0.248246
0.248246
0.248247
0.248251
0.248251
0.248251
0.248265
0.248265
0.248265
0.248273
0.248273
0.248277
0.248277
0.248278
0.248285
0.248288
0.248289
0.248289
0.248289
0.248289
0.248287
0.248284
0.248289
0.248289
0.248290
0.248290
0.248290
0.248290
0.248291
0.248291
0.248291
0.248305
0.248308
0.248307
0.248307
0.248306
0.248306
0.248306
0.248307
0.248321
0.248321
0.248321
0.248321
0.248321
0.248321
0.248321
0.248321
0.248322
0.248329
0.248329
0.248329
0.248329
0.248323
0.248323
0.248330
0.248330
0.248330
0.248330
0.248330
0.248333
0.248338
0.248338
0.248338
0.248350
0.248350
0.248350
0.248350
0.248362
0.248362
0.248384
0.248384
0.248385
0.248395
0.248405
0.248405
0.248405
0.248405
0.248403
0.248408
0.248408
0.248414
0.248414
0.248415
0.248415
0.248415
0.248415
0.248415
0.248417
0.248416
0.248416
0.248418
0.248415
0.248416
0.248416
0.248416
0.248416
0.248415
0.248415
0.248418
0.248418
0.248418
0.248419
0.248419
0.248419
0.248419
0.248419
0.248419
0.248419
0.248419
0.248419
0.248419
0.248419
0.248419
0.248419
0.248419
0.248419
0.248424
0.248425
0.248425
0.248426
0.248426
0.248426
0.248438
0.248441
0.248441
0.248443
0.248443
0.248443
0.248443
0.248441
0.248441
0.248448
0.248448
0.248449
0.248448
0.248449
0.248449
0.248449
0.248449
0.248449
0.248446
0.248446
0.248446
0.248446
0.248457
0.248457
0.248457
0.248459
0.248469
0.248469
0.248471
0.248473
0.248475
0.248475
0.248484
0.248484
0.248489
0.248488
0.248485
0.248487
0.248491
0.248492
0.248492
0.248505
0.248507
0.248507
0.248507
0.248506
0.248528
0.248528
0.248528
0.248530
0.248537
0.248538
0.248540
0.248540
0.248538
0.248549
0.248551
0.248551
0.248551
0.248555
0.248560
0.248562
0.248563
0.248561
0.248561
0.248561
0.248561
0.248561
0.248563
0.248563
0.248570
0.248577
0.248582
0.248582
0.248588
0.248585
0.248593
0.248593
0.248593
0.248593
0.248594
0.248594
0.248594
0.248594
0.248594
0.248594
0.248594
0.248595
0.248597
0.248597
0.248611
0.248612
0.248612
0.248612
0.248612
0.248612
0.248613
0.248613
0.248624
0.248624
0.248624
0.248626
0.248625
0.248625
0.248626
0.248626
0.248626
0.248626
0.248626
0.248630
0.248632
0.248635
0.248635
0.248648
0.248648
0.248647
0.248647
0.248647
0.248665
0.248665
0.248665
0.248665
0.248665
0.248667
0.248667
0.248667
0.248667
0.248667
0.248667
0.248667
0.248667
0.248667
0.248667
0.248667
0.248671
0.248672
0.248672
0.248676
0.248676
0.248676
0.248687
0.248699
0.248699
0.248699
0.248718
0.248722
0.248722
0.248724
0.248724
0.248726
0.248726
0.248729
0.248729
0.248734
0.248734
0.248744
0.248744
0.248749
0.248748
0.248748
0.248752
0.248754
0.248754
0.248757
0.248757
0.248757
0.248757
0.248771
0.248771
0.248773
0.248770
0.248774
0.248774
0.248774
0.248776
0.248776
0.248776
0.248776
0.248776
0.248776
0.248776
0.248776
0.248776
0.248782
0.248779
0.248778
0.248778
0.248778
0.248778
0.248778
0.248796
0.248797
0.248797
0.248797
0.248795
0.248795
0.248795
0.248795
0.248796
0.248796
0.248794
0.248799
0.248799
0.248799
0.248818
0.248822
0.248822
0.248822
0.248826
0.248820
0.248820
0.248820
0.248820
0.248820
0.248825
0.248835
0.248836
0.248836
0.248834
0.248834
0.248834
0.248839
0.248839
0.248843
0.248843
0.248844
0.248844
0.248844
0.248844
