0.283809
0.287952
0.292960
0.296309
0.298808
0.300801
0.302920
0.304371
0.306185
0.307258
0.307890
0.308360
0.310239
0.310489
0.310970
0.311783
0.311702
0.312249
0.312283
0.312330
0.312607
0.313189
0.313401
0.313495
0.313587
0.313799
0.313917
0.314383
0.314614
0.315039
0.315290
0.315373
0.315937
0.315803
0.315873
0.315908
0.315799
0.316027
0.316027
0.316106
0.316176
0.316576
0.316632
0.316558
0.316426
0.316426
0.316979
0.317429
0.317684
0.317772
0.317965
0.317984
0.318242
0.318280
0.318133
0.318161
0.318083
0.318119
0.318077
0.318332
0.318342
0.318407
0.318273
0.318333
0.318369
0.318379
0.318729
0.318792
0.318808
0.318822
0.319221
0.319282
0.319192
0.319199
0.319275
0.319235
0.319235
0.319403
0.319374
0.319396
0.319341
0.319358
0.319496
0.319496
0.319777
0.319948
0.320134
0.320199
0.320236
0.320272
0.320318
0.320469
0.320511
0.320582
0.320415
0.320479
0.320463
0.320495
0.320541
0.320555
0.320689
0.320760
0.320899
0.321035
0.321035
0.321164
0.321220
0.321220
0.321177
0.321212
0.321167
0.321183
0.321203
0.321214
0.320914
0.320926
0.320928
0.320928
0.320965
0.321249
0.321249
0.321238
0.321247
0.321274
0.321257
0.321264
0.321328
0.321354
0.321392
0.321392
0.321392
0.321452
0.321509
0.321838
0.322213
0.322213
0.322192
0.322302
0.322319
0.322294
0.322276
0.322278
0.322271
0.322301
0.322362
0.322387
0.321923
0.321984
0.321990
0.321990
0.322000
0.321991
0.322011
0.322119
0.322298
0.322307
0.322292
0.322284
0.322312
0.322312
0.322383
0.322383
0.322372
0.322401
0.322401
0.322357
0.322357
0.322325
0.322327
0.322351
0.322250
0.322271
0.322273
0.322320
0.322510
0.322723
0.322723
0.322809
0.322809
0.322809
0.322843
0.322847
0.322866
0.322866
0.322893
0.322917
0.322912
0.322916
0.322874
0.322896
0.322904
0.322900
0.322900
0.322925
0.322941
0.322883
0.322902
0.322890
0.322890
0.322890
0.322922
0.322922
0.323035
0.323040
0.323040
0.323143
0.323156
0.323137
0.323137
0.323639
0.323639
0.323639
0.323647
0.323699
0.323665
0.323500
0.323256
0.323256
0.323256
0.323261
0.323264
0.323264
0.323264
0.323303
0.323303
0.323310
0.323270
0.323023
0.323266
0.323277
0.323247
0.323276
0.323263
0.323263
0.323266
0.323432
0.323432
0.323429
0.323429
0.323429
0.323450
0.323478
0.323497
0.323497
0.323514
0.323545
0.323545
0.323545
0.323545
0.323554
0.323594
0.323570
0.323574
0.323574
0.323574
0.323574
0.323574
0.323580
0.323580
0.323595
0.323595
0.323598
0.323598
0.323395
0.323403
0.323305
0.323388
0.323476
0.323348
0.323311
0.323311
0.323340
0.323340
0.323340
0.323340
0.323347
0.323347
0.323347
0.323347
0.323347
0.323274
0.323274
0.323274
0.323274
0.323274
0.323284
0.323284
0.323284
0.323284
0.323060
0.323060
0.323232
0.323276
0.323407
0.323335
0.323335
0.323337
0.323338
0.323338
0.323335
0.323340
0.323340
0.323340
0.323371
0.323371
0.323371
0.323380
0.323434
0.323492
0.323454
0.323488
0.323488
0.323488
0.323492
0.323482
0.323482
0.323487
0.323487
0.323499
0.323532
0.323532
0.323532
0.323532
0.323532
0.323532
0.323562
0.323562
0.323562
0.323562
0.323562
0.323609
0.323609
0.323609
0.323615
0.323615
0.323615
0.323615
0.323615
0.323615
0.323615
0.323615
0.323523
0.323535
0.323552
0.323552
0.323552
0.323552
0.323552
0.323552
0.323552
0.323552
0.323552
0.323575
0.323575
0.323604
0.323643
0.323643
0.324087
0.324063
0.324039
0.324041
0.324041
0.324041
0.324041
0.324110
0.324110
0.324174
0.324174
0.324195
0.324160
0.324024
0.324024
0.324179
0.324261
0.324407
0.324445
0.324496
0.324496
0.324497
0.324497
0.324497
0.324535
0.324614
0.324614
0.324619
0.324675
0.324656
0.324656
0.324660
0.324673
0.324691
0.324691
0.324702
0.324702
0.324702
0.324704
0.324709
0.324717
0.324717
0.324727
0.324727
0.324727
0.324911
0.324911
0.324949
0.324938
0.324938
0.324938
0.324938
0.324938
0.324950
0.324853
0.324619
0.324619
0.324622
0.324622
0.324622
0.324622
0.324550
0.324550
0.324555
0.324555
0.324603
0.324603
0.324640
0.324614
0.324630
0.324631
0.324631
0.324920
0.324923
0.324923
0.324923
0.324923
0.325049
0.325049
0.325019
0.325019
0.325019
0.325019
0.324992
0.324985
0.324788
0.324791
0.324733
0.324737
0.324738
0.324736
0.324745
0.324759
0.324728
0.324754
0.324754
0.324754
0.324754
0.324754
0.324754
0.324741
0.324741
0.324741
0.324816
0.324816
0.324816
0.324821
0.324821
0.324834
0.324844
0.324832
0.324832
0.324832
0.324832
0.324833
0.324833
0.324833
0.324833
0.324833
0.324833
0.324835
0.324835
0.324835
0.324837
0.324837
0.324853
0.324853
0.324853
0.324842
0.324842
0.324844
0.324860
0.324873
0.324873
0.324873
0.324873
0.324873
0.324873
0.324877
0.325006
0.325006
0.325006
0.325006
0.325006
0.325006
0.325007
0.325007
0.325142
0.325142
0.325172
0.325349
0.325359
0.325420
0.325427
0.325427
0.325441
0.325449
0.325449
0.325449
0.325454
0.325454
0.325456
0.325467
0.325523
0.325619
0.325638
0.325638
0.325640
0.325650
0.325650
0.325650
0.325650
0.325650
0.325650
0.325722
0.325729
0.325729
0.325729
0.325729
0.325729
0.325729
0.325810
0.325827
0.325835
0.325837
0.325837
0.325837
0.325853
0.325859
0.325859
0.325847
0.325857
0.325889
0.325889
0.325882
0.325835
0.325848
0.325848
0.325848
0.325855
0.325855
0.325855
0.325859
0.325859
0.325859
0.325859
0.325859
0.325890
0.325876
0.325876
0.325898
0.325898
0.325898
0.325917
0.325924
0.325924
0.325930
0.325930
0.325940
0.325940
0.325940
0.326010
0.326010
0.326010
0.326010
0.326010
0.326012
0.326012
0.326051
0.326030
0.326030
0.326047
0.326072
0.326072
0.326073
0.326073
0.326116
0.326125
0.326125
0.326125
0.326139
0.326139
0.326139
0.326139
0.326139
0.326156
0.326156
0.326157
0.326157
0.326159
0.326164
0.326164
0.326164
0.326164
0.326236
0.326236
0.326267
0.326267
0.326267
0.326272
0.326272
0.326291
0.326300
0.326300
0.326300
0.326300
0.326300
0.326300
0.326317
0.326317
0.326317
0.326317
0.326317
0.326317
0.326317
0.326317
0.326317
0.326330
0.326330
0.326377
0.326377
0.326377
0.326377
0.326379
0.326385
0.326385
0.326388
0.326388
0.326394
0.326394
0.326415
0.326415
0.326417
0.326441
0.326441
0.326441
0.326441
0.326456
0.326456
0.326456
0.326456
0.326459
0.326459
0.326459
0.326459
0.326464
0.326476
0.326483
0.326483
0.326513
0.326499
0.326907
0.326908
0.326908
0.326921
0.326921
0.326926
0.326933
0.326933
0.326933
0.326933
0.326933
0.326933
0.327040
0.327040
0.327077
0.327077
0.327156
0.327163
0.327163
0.327163
0.327163
0.327189
0.327189
0.327189
0.327231
0.327231
0.327236
0.327236
0.327236
0.327236
0.327236
0.327237
0.327284
0.327284
0.327284
0.327284
0.327289
0.327294
0.327294
0.327245
0.327265
0.327162
0.327166
0.327166
0.327166
0.327166
0.327144
0.327149
0.327149
0.327149
0.327160
0.327160
0.327160
0.327160
0.327160
0.327176
0.327177
0.327177
0.327177
0.327177
0.327190
0.327183
0.327183
0.327186
0.327186
0.327188
0.327188
0.327188
0.327195
0.327195
0.327195
0.327195
0.327349
0.327349
0.327362
0.327365
0.327365
0.327365
0.327388
0.327388
0.327388
0.327442
0.327442
0.327442
0.327339
0.327447
0.327447
0.327447
0.327447
0.327447
0.327447
0.327447
0.327465
0.327479
0.327485
0.327490
0.327507
0.327507
0.327507
0.327507
0.327507
0.327507
0.327507
0.327507
0.327579
0.327579
0.327579
0.327591
0.327573
0.327576
0.327576
0.327576
0.327576
0.327576
0.327576
0.327576
0.327576
0.327576
0.327576
0.327759
0.327764
0.327770
0.327770
0.327817
0.327817
0.327817
0.327822
0.327822
0.327904
0.327904
0.327907
0.327946
0.327951
0.327951
0.327951
0.327951
0.327950
0.327959
0.327959
0.327959
0.327959
0.327959
0.327961
0.327961
0.327961
0.328130
0.328102
0.328106
0.328114
0.328114
0.328192
0.328192
0.328201
0.328213
0.328213
0.328191
0.328191
0.328191
0.328191
0.328191
0.328191
0.328191
0.328191
0.328191
0.328172
0.328172
0.328172
0.328172
0.328172
0.328172
0.328200
0.328201
0.328201
0.328201
0.328220
0.328220
0.328281
0.328281
0.328281
0.328281
0.328281
0.328281
0.328281
0.328281
0.328281
0.328212
0.328217
0.328217
0.328217
0.328251
0.328251
0.328251
0.328485
0.328485
0.328530
0.328526
0.328526
0.328584
0.328584
0.328569
0.328575
0.328575
0.328592
0.328592
0.328571
0.328571
0.328571
0.328571
0.328611
0.328611
0.328615
0.328655
0.328667
0.328669
0.328672
0.328672
0.328672
0.328681
0.328682
0.328682
0.328682
0.328682
0.328682
0.328698
0.328698
0.328681
0.328681
0.328681
0.328681
0.328706
0.328707
0.328709
0.328709
0.328709
0.328755
0.328755
0.328755
0.328755
0.328755
0.328755
0.328693
0.328693
0.328697
0.328711
0.328711
0.328711
0.328723
0.328723
0.328724
0.328726
0.328726
0.328749
0.328779
0.328779
0.328779
0.328779
0.328779
0.328767
0.328767
0.328811
0.328811
0.328811
0.328811
0.328811
0.328824
0.328846
0.328918
0.328786
0.328802
0.328807
0.328807
0.328807
0.328807
0.328811
0.328823
0.328901
0.328919
0.328919
0.328947
0.328967
0.328941
0.328941
0.328941
0.328941
0.328941
0.328941
0.328941
0.328942
0.328937
0.328937
0.328937
0.328937
0.328940
0.328940
0.328940
0.328940
0.328945
0.328945
0.328945
0.328945
0.328945
0.328946
0.328954
0.328954
0.328961
0.328991
0.328991
0.328991
0.328991
0.328991
0.328991
0.329021
0.329021
0.329103
0.329182
0.329182
0.329182
0.329196
0.329196
0.329196
0.329217
0.329217
0.329217
0.329217
0.329219
0.329219
0.329254
0.329257
0.329257
0.329363
0.329378
0.329378
0.329378
0.329421
0.329432
0.329432
0.329432
0.329437
0.329438
0.329464
0.329464
0.329465
0.329466
0.329466
0.329466
0.329466
0.329466
0.329477
0.329493
0.329576
0.329576
0.329576
0.329596
0.329604
0.329604
0.329616
0.329616
0.329616
0.329616
0.329569
0.329569
0.329569
0.329569
0.329589
0.329589
0.329597
0.329604
0.329617
0.329622
0.329622
0.329619
0.329619
0.329623
0.329623
0.329632
0.329632
0.329632
0.329632
0.329632
0.329645
0.329597
0.329597
0.329597
0.329602
0.329602
0.329674
0.329674
0.329674
0.329700
0.329700
0.329700
0.329700
0.329729
0.329729
0.329729
0.329745
0.329745
0.329745
0.329745
0.329745
0.329745
0.329745
0.329745
0.329746
0.329845
0.329846
0.329846
0.329847
0.329854
0.329854
0.329854
0.329854
0.329854
0.329886
0.329886
0.329886
0.329886
0.329898
0.329898
0.329902
0.329902
0.329902
0.329907
0.329916
0.329916
0.329916
0.330047
0.330047
0.330137
0.330137
0.330137
0.330140
0.330154
0.330323
0.330323
0.330339
0.330339
0.330339
0.330338
0.330338
0.330338
0.330351
0.330353
0.330353
0.330365
0.330365
0.330368
0.330380
0.330419
0.330453
0.330453
0.330453
0.330453
0.330453
0.330453
0.330453
0.330453
0.330453
0.330453
0.330376
0.330376
0.330376
0.330376
0.330456
0.330456
0.330456
0.330471
0.330471
0.330471
0.330473
0.330342
0.330342
0.330429
0.330429
0.330458
0.330458
0.330481
0.330485
0.330519
0.330519
0.330521
0.330534
0.330534
0.330534
0.330534
0.330534
0.330534
0.330534
0.330551
0.330591
0.330591
0.330591
0.330615
0.330615
0.330615
0.330615
0.330615
0.330615
0.330615
0.330621
0.330606
0.330606
0.330616
0.330616
0.330618
0.330618
0.330618
0.330618
0.330618
0.330618
0.330577
0.330579
0.330579
0.330579
0.330581
0.330581
0.330582
0.330582
0.330582
0.330602
0.330615
0.330617
0.330617
0.330617
0.330617
0.330634
0.330639
0.330643
0.330661
0.330661
0.330661
0.330670
0.330693
0.330736
0.330736
0.330736
0.330754
0.330840
0.330841
0.330841
0.330841
0.330855
0.330855
0.330855
0.330855
0.330861
0.330861
0.330974
0.330974
0.331052
0.331052
0.331052
0.331169
0.331152
0.331152
0.331152
0.331157
0.331157
0.331157
0.331163
0.331163
0.331163
0.331163
0.331163
0.331173
0.331173
0.331177
0.331177
0.331216
0.331219
0.331219
0.331223
0.331275
0.331275
0.331275
0.331275
0.331275
0.331275
0.331280
0.331280
0.331287
0.331299
0.331261
0.331261
0.331261
0.331261
0.331261
0.331261
0.331266
0.331266
0.331312
0.331287
0.331287
0.331291
0.331291
0.331291
0.331291
0.331291
0.331291
0.331291
0.331291
0.331296
0.331296
0.331296
0.331299
0.331318
0.331318
0.331318
0.331319
0.331319
0.331321
0.331321
0.331321
0.331328
0.331328
0.331331
0.331338
0.331338
0.331338
0.331338
0.331338
0.331393
0.331393
0.331402
0.331404
0.331404
0.331404
0.331411
0.331415
0.331415
0.331415
0.331415
0.331415
0.331436
0.331462
0.331462
0.331462
0.331502
0.331506
0.331509
0.331481
0.331484
0.331484
0.331484
0.331484
0.331484
0.331488
0.331488
0.331488
0.331488
0.331488
0.331488
0.331488
0.331518
0.331530
0.331483
0.331483
0.331483
0.331483
0.331486
0.331500
0.331504
0.331504
0.331504
0.331504
0.331504
0.331504
0.331504
0.331504
0.331504
0.331504
0.331504
0.331508
0.331546
0.331546
0.331555
0.331555
0.331555
0.331565
0.331582
0.331604
0.331600
0.331600
0.331750
0.331770
0.331770
0.331770
0.331770
0.331773
0.331775
0.331775
0.331775
0.331775
0.331775
0.331783
0.331784
0.331784
0.331784
0.331784
0.331785
0.331785
0.331789
0.331789
0.331789
0.331789
0.331789
0.331789
0.331789
0.331789
0.331796
0.331796
0.331796
0.331796
0.331796
0.331796
0.331796
0.331796
0.331801
0.331794
0.331804
0.331804
0.331805
0.331805
0.331832
0.331832
0.331832
0.331856
0.331856
0.331871
0.331871
0.331871
0.331871
0.331871
0.331871
0.331891
0.331852
0.331854
0.331871
0.331871
0.331919
0.331921
0.331921
0.331922
0.331949
0.331949
0.331956
0.331973
0.331973
0.331973
0.331973
0.331986
0.331979
0.331982
0.331990
0.331990
0.331990
0.331994
0.331994
0.331996
0.331996
0.331996
0.331996
0.331996
0.331997
0.331997
0.331997
0.331997
0.331997
0.331997
0.331997
0.331997
0.331997
0.331997
0.331997
0.331997
0.331997
0.331997
0.332014
0.332014
0.332014
0.332039
0.332039
0.332039
0.332042
0.332042
0.332042
0.332170
0.332170
0.332162
0.332162
0.332169
0.332169
0.332169
0.332141
0.332141
0.332165
0.332165
0.332165
0.332165
0.332176
0.332183
0.332183
0.331967
0.331967
0.332001
0.332015
0.332019
0.332019
0.332031
0.331868
0.331871
0.331875
0.331875
0.331875
0.331875
0.331875
0.331875
0.331875
0.331875
0.331875
0.331939
0.331939
0.331941
0.331950
0.331950
0.331862
0.331949
0.331949
0.331949
0.331990
0.332045
0.332045
0.332054
0.332054
0.331993
0.331993
0.331993
0.331993
0.331995
0.331996
0.331996
0.331996
0.331999
0.332002
0.332060
0.332060
0.332167
0.332167
0.332167
0.332169
0.332177
0.332178
0.332178
0.332227
0.332237
0.332268
0.332272
0.332272
0.332272
0.332272
0.332272
0.332272
0.332276
0.332362
0.332362
0.332362
0.332362
0.332362
0.332362
0.332365
0.332365
0.332366
0.332366
0.332366
0.332366
0.332368
0.332389
0.332389
0.332389
0.332389
0.332389
0.332511
0.332511
0.332518
0.332528
0.332506
0.332506
0.332511
0.332511
0.332512
0.332512
0.332512
0.332512
0.332512
0.332512
0.332536
0.332536
0.332536
0.332479
0.332485
0.332493
0.332559
0.332584
0.332584
0.332592
0.332592
0.332592
0.332609
0.332609
0.332610
0.332613
0.332620
0.332620
0.332892
0.332892
0.332894
0.333168
0.333148
0.333152
0.333152
0.333152
0.333158
0.333158
0.333162
0.333170
0.333196
0.333196
0.333198
0.333198
0.333198
0.333198
0.333211
0.333213
0.333213
0.333218
0.333218
0.333218
0.333218
0.333218
0.333218
0.333229
0.333229
0.333238
0.333312
0.333312
0.333312
0.333312
0.333312
0.333312
0.333311
0.333311
0.333311
0.333311
0.333311
0.333334
0.333334
0.333334
0.333334
0.333336
0.333336
0.333336
0.333336
0.333336
0.333336
0.333336
0.333391
0.333407
0.333407
0.333407
0.333421
0.333423
0.333539
0.333541
0.333541
0.333541
0.333541
0.333608
0.333610
0.333610
0.333610
0.333623
0.333623
0.333623
0.333623
0.333623
0.333626
0.333705
0.333695
0.333695
0.333695
0.333695
0.333695
0.333695
0.333695
0.333699
0.333699
0.333699
0.333703
0.333711
0.333712
0.333719
0.333719
0.333719
0.333719
0.333719
0.333719
0.333707
0.333711
0.333711
0.333714
0.333714
0.333714
0.333714
0.333714
0.333714
0.333714
0.333714
0.333714
0.333714
0.333714
0.333714
0.333714
0.333656
0.333656
0.333709
0.333714
0.333852
0.333852
0.333852
0.333875
0.333876
0.333876
0.333876
0.333904
0.333904
0.333904
0.333908
0.333909
0.333909
0.333909
0.333979
0.333979
0.333992
0.333992
0.333992
0.333992
0.333993
0.333993
0.333993
0.333993
0.333993
0.333997
0.333997
0.333997
0.333997
0.333997
0.333997
0.334104
0.334104
0.334108
0.334108
0.334108
0.334108
0.334108
0.334108
0.334110
0.334110
0.334110
0.334110
0.334110
0.334110
0.334122
0.334122
0.334122
0.334122
0.334148
0.334152
0.334152
0.334184
0.334184
0.334184
0.334184
0.334184
0.334186
0.334186
0.334186
0.334186
0.334186
0.334186
0.334186
0.334202
0.334202
0.334217
0.334217
0.334230
0.334230
0.334230
0.334250
0.334250
0.334250
0.334250
0.334267
0.334267
0.334267
0.334267
0.334333
0.334333
0.334119
0.334143
0.334143
0.334143
0.334146
0.333929
0.333929
0.333935
0.333943
0.333943
0.334033
0.334036
0.334036
0.334036
0.334038
0.334038
0.334038
0.334038
0.334038
0.334038
0.334038
0.334040
0.334040
0.334040
0.334040
0.334040
0.334040
0.334040
0.334042
0.334042
0.334042
0.334042
0.334044
0.334044
0.334047
0.334047
0.334063
0.334063
0.334063
0.334063
0.334063
0.334063
0.334063
0.334053
0.334094
0.334094
0.334111
0.334111
0.334111
0.334111
0.334117
0.334117
0.334117
0.334117
0.334117
0.334117
0.334117
0.334158
0.334158
0.334158
0.334264
0.334288
0.334288
0.334289
0.334289
0.334291
0.334296
0.334296
0.334297
0.334300
0.334300
0.334300
0.334309
0.334311
0.334311
0.334311
0.334311
0.334311
0.334325
0.334325
0.334325
0.334325
0.334325
0.334325
0.334329
0.334329
0.334330
0.334330
0.334330
0.334330
0.334330
0.334330
0.334330
0.334337
0.334337
0.334337
0.334366
0.334366
0.334326
0.334326
0.334358
0.334375
0.334376
0.334376
0.334378
0.334378
0.334378
0.334383
0.334383
0.334388
0.334388
0.334388
0.334388
0.334388
0.334388
0.334388
0.334383
0.334408
0.334408
0.334408
0.334408
0.334444
0.334446
0.334475
0.334841
0.334851
0.334756
0.334705
0.334710
0.334731
0.334731
0.334731
0.334731
0.334689
0.334689
0.334689
0.334689
0.334689
0.334755
0.334755
0.334755
0.334756
0.334756
0.334756
0.334771
0.334798
0.334840
0.334840
0.334843
0.334987
0.335000
0.335000
0.335002
0.335002
0.335030
0.335030
0.335030
0.335030
0.335055
0.335055
0.335055
0.335055
0.335055
0.335055
0.335058
0.335058
0.335058
0.335058
0.335058
0.335060
0.335060
0.335060
0.335060
0.335060
0.335065
0.335052
0.335052
0.335054
0.335054
0.335054
0.335054
0.335054
0.335077
0.335077
0.335077
0.335085
0.335118
0.335138
0.335138
0.335138
0.335138
0.335138
0.335138
0.335109
0.335109
0.335109
0.335110
0.335110
0.335114
0.335120
0.335120
0.335120
0.334857
0.334858
0.334858
0.334858
0.334854
0.334854
0.334854
0.334869
0.334869
0.334869
0.334869
0.334869
0.334870
0.334870
0.334870
0.334870
0.334870
0.334903
0.334903
0.334903
0.334913
0.334913
0.334913
0.334913
0.334913
0.334913
0.334913
0.334913
0.334913
0.334913
0.335028
0.335028
0.335028
0.335075
0.335075
0.335075
0.335075
0.335104
0.335104
0.335104
0.335112
0.335112
0.335113
0.335113
0.335113
0.335113
0.335134
0.335157
0.335157
0.335157
0.335157
0.335161
0.335164
0.335164
0.335166
0.335168
0.335168
0.335171
0.335171
0.335171
0.335194
0.335194
0.335201
0.335201
0.335201
0.335201
0.335201
0.335201
0.335201
0.335201
0.335201
0.335201
0.335203
0.335203
0.335203
0.335203
0.335222
0.335226
0.335226
0.335230
0.335241
0.335241
0.335293
0.335298
0.335298
0.335312
0.335358
0.335358
0.335358
0.335344
0.335344
0.335344
0.335344
0.335344
0.335346
0.335346
0.335346
0.335346
0.335346
0.335346
0.335350
0.335351
0.335351
0.335363
0.335363
0.335363
0.335384
0.335385
0.335392
0.335392
0.335392
0.335392
0.335392
0.335392
0.335430
0.335430
0.335430
0.335436
0.335455
0.335456
0.335456
0.335456
0.335456
0.335456
0.335456
0.335456
0.335424
0.335443
0.335443
0.335452
0.335452
0.335452
0.335474
0.335483
0.335483
0.335483
0.335483
0.335487
0.335488
0.335488
0.335488
0.335488
0.335781
0.335781
0.335782
0.335798
0.335937
0.335937
0.335937
0.335937
0.335937
0.335937
0.335943
0.335876
0.335876
0.335876
0.335876
0.335876
0.335876
0.335876
0.335876
0.335876
0.335876
0.335876
0.335876
0.335876
0.335879
0.335879
0.335883
0.335883
0.335924
0.335924
0.336248
0.336253
0.336256
0.336256
0.336256
0.336256
0.336256
0.336256
0.336262
0.336262
0.336277
0.336277
0.336281
0.336292
0.336292
0.336252
0.336252
0.336252
0.336252
0.336262
0.336262
0.336262
0.336262
0.336262
0.336262
0.336262
0.336262
0.336262
0.336262
0.336262
0.336262
0.336266
0.336281
0.336281
0.336281
0.336281
0.336281
0.336281
0.336281
0.336281
0.336281
0.336301
0.336301
0.336294
0.336294
0.336294
0.336294
0.336315
0.336315
0.336315
0.336324
0.336324
0.336342
0.336352
0.336352
0.336352
0.336370
0.336370
0.336370
0.336361
0.336433
0.336440
0.336456
0.336456
0.336463
0.336463
0.336476
0.336477
0.336477
0.336477
0.336479
0.336479
0.336479
0.336479
0.336489
0.336489
0.336489
0.336489
0.336492
0.336492
0.336492
0.336492
0.336492
0.336492
0.336492
0.336510
0.336510
0.336493
0.336500
0.336500
0.336509
0.336526
0.336529
0.336529
0.336529
0.336529
0.336532
0.336532
0.336532
0.336547
0.336547
0.336547
0.336547
0.336552
0.336552
0.336552
0.336552
0.336555
0.336555
0.336562
0.336562
0.336570
0.336574
0.336574
0.336572
0.336572
0.336582
0.336582
0.336594
0.336594
0.336594
0.336597
0.336603
0.336603
0.336610
0.336612
0.336612
0.336612
0.336612
0.336612
0.336614
0.336614
0.336614
0.336614
0.336614
0.336617
0.336632
0.336632
0.336632
0.336632
0.336633
0.336633
0.336651
0.336651
0.336651
0.336651
0.336652
0.336652
0.336671
0.336674
0.336674
0.336674
0.336674
0.336674
0.336674
0.336688
0.336688
0.336690
0.336690
0.336727
0.336727
0.336727
0.336740
0.336742
0.336744
0.336746
0.336749
0.336768
0.336768
0.336768
0.336786
0.336786
0.336786
0.336786
0.336786
0.336786
0.336797
0.336802
0.336841
0.336841
0.336841
0.336843
0.336843
0.336843
0.336844
0.336844
0.336844
0.336844
0.336844
0.336844
0.336846
0.336870
0.336881
0.336885
0.336885
0.336885
0.336883
0.336883
0.336883
0.336883
0.336848
0.336848
0.336848
0.336857
0.336857
0.336857
0.336862
0.336862
0.336713
0.336742
0.336742
0.336742
0.336742
0.336742
0.336742
0.336742
0.336742
0.336745
0.336779
0.336779
0.336779
0.336823
0.336830
0.336842
0.336846
0.336846
0.336846
0.336849
0.336849
0.336849
0.336852
0.336886
0.336886
0.336893
0.336893
0.336893
0.336907
0.336907
0.336911
0.336916
0.336916
0.336923
0.336876
0.336876
0.336876
0.336888
0.336888
0.336890
0.336890
0.336890
0.336890
0.336890
0.336891
0.336891
0.336923
0.336862
0.336862
0.336863
0.336872
0.336872
0.336872
0.336877
0.336877
0.336877
0.336909
0.336909
0.336909
0.336909
0.336909
0.336909
0.336909
0.336917
0.336917
0.336917
0.336917
0.336917
0.336917
0.336917
0.336917
0.336925
0.336925
0.336934
0.336934
0.336937
0.336944
0.336962
0.337004
0.337008
0.337008
0.337008
0.337017
0.337017
0.337017
0.337017
0.337017
0.337028
0.337028
0.337028
0.337035
0.337036
0.337036
0.337036
0.337038
0.337044
0.337045
0.337047
0.337049
0.337049
0.337049
0.337049
0.337050
0.337033
0.337055
0.337055
0.337055
0.337055
0.337055
0.337055
0.337055
0.337053
0.337053
0.337053
0.337053
0.337054
0.337055
0.337065
0.337065
0.337068
0.337139
0.337144
0.337144
0.337146
0.337146
0.337153
0.337155
0.337155
0.337232
0.337232
0.337239
0.337240
0.337247
0.337247
0.337247
0.337247
0.337247
0.337279
0.337279
0.337279
0.337279
0.337299
0.337299
0.337304
0.337304
0.337305
0.337315
0.337316
0.337336
0.337336
0.337336
0.337315
0.337315
0.337315
0.337333
0.337334
0.337334
0.337334
0.337334
0.337317
0.337317
0.337326
0.337326
0.337326
0.337326
0.337326
0.337326
0.337326
0.337326
0.337326
0.337331
0.337330
0.337340
0.337340
0.337340
0.337384
0.337370
0.337370
0.337370
0.337370
0.337373
0.337375
0.337376
0.337376
0.337376
0.337376
0.337376
0.337376
0.337376
0.337376
0.337379
0.337379
0.337379
0.337399
0.337399
0.337399
0.337371
0.337371
0.337395
0.337395
0.337396
0.337401
0.337342
0.337342
0.337342
0.337342
0.337342
0.337345
0.337345
0.337345
0.337338
0.337338
0.337339
0.337342
0.337342
0.337342
0.337366
0.337366
0.337366
0.337398
0.337310
0.337310
0.337314
0.337314
0.337314
0.337314
0.337314
0.337315
0.337315
0.337315
0.337315
0.337315
0.337315
0.337315
0.337315
0.337315
0.337320
0.337320
0.337320
0.337326
0.337349
0.337339
0.337346
0.337346
0.337346
0.337347
0.337347
0.337347
0.337347
0.337297
0.337304
0.337304
0.337318
0.337325
0.337325
0.337325
0.337325
0.337325
0.337340
0.337349
0.337350
0.337356
0.337356
0.337322
0.337322
0.337322
0.337322
0.337332
0.337332
0.337332
0.337332
0.337332
0.337350
0.337350
0.337350
0.337248
0.337248
0.337248
0.337248
0.337248
0.337248
0.337248
0.337248
0.337248
0.337248
0.337248
0.337248
0.337262
0.337262
0.337263
0.337271
0.337276
0.337346
0.337346
0.337346
0.337346
0.337401
0.337401
0.337439
0.337444
0.337444
0.337444
0.337444
0.337448
0.337451
0.337451
0.337467
0.337467
0.337467
0.337467
0.337467
0.337467
0.337467
0.337516
0.337516
0.337516
0.337520
0.337520
0.337520
0.337520
0.337520
0.337520
0.337520
0.337520
0.337520
0.337520
0.337598
0.337597
0.337614
0.337614
0.337614
0.337652
0.337655
0.337655
0.337655
0.337655
0.337655
0.337655
0.337657
0.337657
0.337657
0.337671
0.337671
0.337673
0.337673
0.337673
0.337673
0.337673
0.337673
0.337673
0.337673
0.337676
0.337589
0.337605
0.337605
0.337605
0.337605
0.337605
0.337605
0.337605
0.337605
0.337615
0.337615
0.337615
0.337625
0.337625
0.337424
0.337424
0.337424
0.337424
0.337468
0.337475
0.337478
0.337478
0.337478
0.337478
0.337478
0.337503
0.337503
0.337471
0.337478
0.337478
0.337478
0.337401
0.337401
0.337401
0.337401
0.337408
0.337408
0.337408
0.337408
0.337408
0.337408
0.337408
0.337408
0.337408
0.337408
0.337408
0.337408
0.337408
0.337409
0.337409
0.337409
0.337409
0.337409
0.337469
0.337472
0.337472
0.337483
0.337487
0.337487
0.337487
0.337501
0.337501
0.337501
0.337504
0.337504
0.337504
0.337504
0.337504
0.337504
0.337504
0.337504
0.337504
0.337504
0.337504
0.337504
0.337504
0.337504
0.337515
0.337518
0.337519
0.337521
0.337522
0.337522
0.337522
0.337531
0.337531
0.337531
0.337575
0.337575
0.337585
0.337585
0.337585
0.337585
0.337585
0.337587
0.337591
0.337591
0.337597
0.337629
0.337640
0.337640
0.337640
0.337640
0.337640
0.337640
0.337640
0.337642
0.337642
0.337642
0.337642
0.337642
0.337642
0.337642
0.337656
0.337656
0.337659
0.337662
0.337662
0.337679
0.337679
0.337679
0.337679
0.337699
0.337699
0.337743
0.337743
0.337743
0.337743
0.337743
0.337757
0.337760
0.337760
0.337792
0.337793
0.337793
0.337793
0.337793
0.337793
0.337806
0.337806
0.337806
0.337805
0.337824
0.337827
0.337831
0.337850
0.337850
0.337850
0.337850
0.337850
0.337850
0.337850
0.337850
0.337850
0.337850
0.337860
0.337860
0.337860
0.337860
0.337860
0.337868
0.337869
0.337869
0.337869
0.337869
0.337869
0.337869
0.337871
0.337871
0.337881
0.337881
0.337881
0.337881
0.337883
0.337883
0.337883
0.337883
0.337883
0.337888
0.337888
0.337888
0.337901
0.337905
0.337929
0.337929
0.337929
0.337929
0.337930
0.337930
0.337930
0.337933
0.337939
0.337942
0.337996
0.337996
0.337996
0.338005
0.338005
0.338005
0.338005
0.338005
0.338005
0.338015
0.338015
0.338018
0.338018
0.338083
0.338083
0.337887
0.337887
0.337887
0.337887
0.337887
0.337890
0.337890
0.337890
0.337890
0.337890
0.337914
0.337920
0.337920
0.337920
0.337920
0.337889
0.337889
0.337889
0.337889
0.337889
0.337986
0.337993
0.337993
0.337993
0.337993
0.338001
0.338007
0.338042
0.338042
0.338042
0.338042
0.338091
0.338092
0.338092
0.338092
0.338092
0.338092
0.338094
0.338094
0.338094
0.338094
0.338095
0.338095
0.338095
0.338095
0.338095
0.338095
0.338095
0.338095
0.338097
0.338097
0.338102
0.338112
0.338112
0.338112
0.338112
0.338115
0.338121
0.338122
0.338122
0.338122
0.338122
0.338122
0.338122
0.338123
0.338123
0.338123
0.338123
0.338123
0.338123
0.338123
0.338123
0.338129
0.338129
0.338150
0.338150
0.338150
0.338150
0.338150
0.338150
0.338154
0.338154
0.338154
0.338154
0.338154
0.338154
0.338154
0.338154
0.338154
0.338154
0.338154
0.338227
0.338227
0.338227
0.338227
0.338227
0.338235
0.338253
0.338253
0.338253
0.338253
0.338253
0.338253
0.338253
0.338253
0.338253
0.338253
0.338253
0.338254
0.338254
0.338254
0.338254
0.338268
0.338248
0.338248
0.338248
0.338248
0.338248
0.338262
0.338261
0.338264
0.338264
0.338264
0.338264
0.338267
0.338273
0.338273
0.338275
0.338289
0.338289
0.338290
0.338290
0.338293
0.338293
0.338302
0.338306
0.338306
0.338306
0.338306
0.338306
0.338306
0.338306
0.338306
0.338306
0.338306
0.338306
0.338306
0.338306
0.338306
0.338315
0.338323
0.338323
0.338323
0.338363
0.338363
0.338363
0.338363
0.338363
0.338363
0.338363
0.338363
0.338363
0.338363
0.338363
0.338363
0.338370
0.338370
0.338370
0.338371
0.338391
0.338396
0.338396
0.338398
0.338398
0.338402
0.338427
0.338392
0.338392
0.338392
0.338395
0.338395
0.338395
0.338403
0.338407
0.338407
0.338407
0.338413
0.338415
0.338417
0.338420
0.338443
0.338443
0.338443
0.338533
0.338533
0.338593
0.338602
0.338602
0.338602
0.338602
0.338602
0.338602
0.338640
0.338645
0.338562
0.338562
0.338562
0.338562
0.338562
0.338562
0.338562
0.338586
0.338586
0.338586
0.338586
0.338586
0.338587
0.338587
0.338587
0.338587
0.338587
0.338594
0.338596
0.338596
0.338596
0.338619
0.338626
0.338632
0.338632
0.338632
0.338632
0.338632
0.338690
0.338690
0.338690
0.338698
0.338698
0.338698
0.338700
0.338700
0.338700
0.338700
0.338706
0.338706
0.338706
0.338706
0.338706
0.338706
0.338706
0.338719
0.338719
0.338719
0.338719
0.338719
0.338719
0.338745
0.338745
0.338745
0.338751
0.338751
0.338751
0.338751
0.338751
0.338751
0.338751
0.338751
0.338751
0.338751
0.338751
0.338751
0.338751
0.338778
0.338758
0.338758
0.338764
0.338764
0.338765
0.338777
0.338777
0.338778
0.338778
0.338784
0.338784
0.338784
0.338806
0.338813
0.338833
0.338839
0.338839
0.338839
0.338885
0.338895
0.338895
0.338895
0.338895
0.338895
0.338895
0.338895
0.338895
0.338895
0.338895
0.338903
0.338907
0.338907
0.338909
0.338909
0.338909
0.338909
0.338909
0.338909
0.338909
0.338909
0.338917
0.338918
0.338913
0.338920
0.338921
0.338921
0.338933
0.338933
0.338933
0.338934
0.338934
0.338934
0.338941
0.339001
0.339045
0.339045
0.339045
0.339045
0.339045
0.339045
0.339003
0.339003
0.339003
0.339003
0.339003
0.339003
0.339003
0.339003
0.339003
0.339003
0.339003
0.339003
0.339003
0.339003
0.339003
0.339003
0.339003
0.339003
0.339005
0.339005
0.339005
0.339005
0.339005
0.339005
0.339005
0.339006
0.339006
0.339025
0.339025
0.339025
0.339029
0.339058
0.339058
0.339058
0.339058
0.339058
0.339066
0.339067
0.339077
0.339077
0.339107
0.339107
0.339110
0.339118
0.339118
0.339116
0.339116
0.339116
0.339119
0.339119
0.339119
0.339119
0.339085
0.339090
0.339090
0.339090
0.339093
0.339093
0.339093
0.339093
0.339093
0.339093
0.339093
0.339093
0.339093
0.339093
0.339104
0.339104
0.339104
0.339104
0.339104
0.339104
0.339107
0.339107
0.339107
0.339121
0.339121
0.339121
0.339125
0.339125
0.339125
0.339125
0.339125
0.339125
0.339125
0.339125
0.339125
0.339106
0.339106
0.339106
0.339106
0.339118
0.339118
0.339118
0.339118
0.339121
0.339147
0.339147
0.339147
0.339147
0.339147
0.339149
0.339149
0.339149
0.339263
0.339263
0.339263
0.339263
0.339263
0.339263
0.339267
0.339267
0.339267
0.339270
0.339285
0.339285
0.339285
0.339285
0.339286
0.339286
0.339286
0.339286
0.339301
0.339301
0.339301
0.339301
0.339301
0.339301
0.339301
0.339301
0.339306
0.339306
0.339342
0.339342
0.339342
0.339342
0.339342
0.339342
0.339342
0.339342
0.339342
0.339342
0.339342
0.339346
0.339376
0.339383
0.339383
0.339383
0.339384
0.339377
0.339384
0.339384
0.339384
0.339384
0.339384
0.339384
0.339384
0.339384
0.339386
0.339386
0.339386
0.339386
0.339386
0.339386
0.339407
0.339407
0.339407
0.339407
0.339407
0.339408
0.339408
0.339408
0.339408
0.339408
0.339416
0.339416
0.339416
0.339416
0.339416
0.339349
0.339349
0.339349
0.339349
0.339349
0.339349
0.339371
0.339371
0.339371
0.339378
0.339358
0.339363
0.339367
0.339367
0.339371
0.339371
0.339371
0.339371
0.339371
0.339371
0.339371
0.339372
0.339372
0.339372
0.339375
0.339375
0.339375
0.339426
0.339426
0.339426
0.339426
0.339426
0.339426
0.339426
0.339426
0.339426
0.339426
0.339504
0.339504
0.339504
0.339504
0.339504
0.339504
0.339505
0.339505
0.339508
0.339508
0.339539
0.339539
0.339539
0.339539
0.339555
0.339555
0.339556
0.339556
0.339557
0.339557
0.339561
0.339561
0.339587
0.339587
0.339587
0.339587
0.339587
0.339597
0.339597
0.339597
0.339597
0.339597
0.339601
0.339610
0.339617
0.339617
0.339617
0.339617
0.339617
0.339617
0.339617
0.339617
0.339617
0.339617
0.339618
0.339618
0.339618
0.339635
0.339635
0.339635
0.339635
0.339635
0.339650
0.339650
0.339701
0.339705
0.339705
0.339705
0.339705
0.339708
0.339706
0.339706
0.339706
0.339712
0.339802
0.339802
0.339802
0.339808
0.339810
0.339810
0.339810
0.339810
0.339810
0.339810
0.339810
0.339819
0.339819
0.339819
0.339821
0.339821
0.339822
0.339822
0.339822
0.339822
0.339833
0.339833
0.339848
0.339848
0.339850
0.339851
0.339851
0.339852
0.339852
0.339852
0.339852
0.339852
0.339852
0.339852
0.339852
0.339852
0.339860
0.339860
0.339860
0.339860
0.339860
0.339860
0.339860
0.339737
0.339737
0.339737
0.339743
0.339743
0.339743
0.339744
0.339744
0.339744
0.339702
0.339707
0.339707
0.339707
0.339707
0.339712
0.339712
0.339712
0.339712
0.339712
0.339712
0.339712
0.339712
0.339718
0.339718
0.339718
0.339722
0.339722
0.339722
0.339723
0.339726
0.339726
0.339726
0.339732
0.339732
0.339732
0.339732
0.339735
0.339735
0.339769
0.339774
0.339774
0.339783
0.339783
0.339799
0.339799
0.339799
0.339809
0.339809
0.339809
0.339809
0.339809
0.339809
0.339809
0.339809
0.339809
0.339810
0.339821
0.339838
0.339838
0.339838
0.339838
0.339838
0.339838
0.339837
0.339837
0.339838
0.339766
0.339766
0.339766
0.339766
0.339766
0.339766
0.339766
0.339766
0.339792
0.339792
0.339792
0.339793
0.339793
0.339793
0.339793
0.339793
0.339807
0.339808
0.339808
0.339808
0.339808
0.339808
0.339819
0.339819
0.339819
0.339819
0.339819
0.339819
0.339819
0.339819
0.339820
0.339820
0.339820
0.339822
0.339822
0.339847
0.339847
0.339847
0.339847
0.339861
0.339867
0.339867
0.339867
0.339867
0.339868
0.339868
0.339868
0.339868
0.339871
0.339871
0.339871
0.339871
0.339884
0.339893
0.339893
0.339896
0.339896
0.339904
0.339933
0.339807
0.339807
0.339807
0.339807
0.339807
0.339807
0.339807
0.339816
0.339828
0.339828
0.339821
0.339783
0.339807
0.339807
0.339807
0.339807
0.339807
0.339807
0.339811
0.339811
0.339811
0.339811
0.339815
0.339815
0.339820
0.339820
0.339820
0.339820
0.339825
0.339825
0.339825
0.339825
0.339825
0.339825
0.339825
0.339825
0.339825
0.339844
0.339844
0.339844
0.339844
0.339844
0.339844
0.339844
0.339844
0.339845
0.339845
0.339845
0.339845
0.339900
0.339900
0.339900
0.339903
0.339903
0.339903
0.339904
0.339906
0.339906
0.339906
0.339916
0.339916
0.339918
0.339918
0.339918
0.339918
0.339918
0.339918
0.339918
0.339918
0.339937
0.339937
0.339937
0.340023
0.340023
0.340023
0.340025
0.340029
0.340029
0.340042
0.340045
0.340045
0.340046
0.340046
0.340047
0.340059
0.340060
0.340060
0.340060
0.340060
0.340060
0.340067
0.340067
0.340067
0.340067
0.340081
0.340088
0.340088
0.340088
0.340088
0.340090
0.340138
0.340138
0.340138
0.340138
0.340138
0.340138
0.340138
0.340138
0.340138
0.340147
0.340149
0.340178
0.340180
0.340180
0.340185
0.340186
0.340186
0.340186
0.340198
0.340198
0.340198
0.340219
0.340219
0.340219
0.340221
0.340221
0.340221
0.340221
0.340221
0.340266
0.340280
0.340280
0.340280
0.340284
0.340284
0.340284
0.340284
0.340284
0.340284
0.340289
0.340289
0.340298
0.340300
0.340300
0.340307
0.340307
0.340307
0.340307
0.340307
0.340307
0.340307
0.340307
0.340307
0.340311
0.340323
0.340323
0.340323
0.340323
0.340323
0.340325
0.340329
0.340329
0.340329
0.340329
0.340329
0.340329
0.340329
0.340329
0.340330
0.340330
0.340330
0.340330
0.340330
0.340331
0.340332
0.340332
0.340332
0.340332
0.340348
0.340348
0.340348
0.340361
0.340361
0.340361
0.340361
0.340369
0.340369
0.340370
0.340376
0.340376
0.340376
0.340345
0.340325
0.340331
0.340331
0.340333
0.340333
0.340335
0.340335
0.340335
0.340338
0.340338
0.340338
0.340338
0.340338
0.340384
0.340384
0.340384
0.340384
0.340384
0.340384
0.340384
0.340393
0.340393
0.340393
0.340393
0.340393
0.340393
0.340393
0.340393
0.340341
0.340341
0.340432
0.340432
0.340440
0.340440
0.340440
0.340440
0.340440
0.340440
0.340446
0.340446
0.340446
0.340448
0.340549
0.340560
0.340562
0.340562
0.340562
0.340563
0.340563
0.340563
0.340567
0.340574
0.340574
0.340574
0.340574
0.340580
0.340580
0.340580
0.340580
0.340581
0.340581
0.340581
0.340581
0.340581
0.340581
0.340581
0.340581
0.340581
0.340581
0.340581
0.340581
0.340581
0.340561
0.340561
0.340561
0.340561
0.340561
0.340561
0.340561
0.340561
0.340561
0.340566
0.340566
0.340566
0.340571
0.340573
0.340573
0.340573
0.340576
0.340576
0.340590
0.340590
0.340590
0.340590
0.340622
0.340622
0.340622
0.340622
0.340622
0.340622
0.340622
0.340622
0.340629
0.340641
0.340641
0.340646
0.340647
0.340651
0.340651
0.340651
0.340665
0.340665
0.340678
0.340697
0.340697
0.340697
0.340705
0.340705
0.340705
0.340708
0.340708
0.340708
0.340708
0.340708
0.340708
0.340732
0.340737
0.340737
0.340737
0.340737
0.340737
0.340737
0.340741
0.340741
0.340746
0.340746
0.340746
0.340746
0.340756
0.340756
0.340757
0.340757
0.340757
0.340757
0.340757
0.340757
0.340757
0.340761
0.340761
0.340761
0.340761
0.340761
0.340761
0.340763
0.340763
0.340763
0.340763
0.340763
0.340763
0.340763
0.340763
0.340833
0.340833
0.340833
0.340833
0.340839
0.340839
0.340839
0.340839
0.340839
0.340839
0.340839
0.340839
0.340839
0.340839
0.340839
0.340839
0.340839
0.340844
0.340844
0.340844
0.340844
0.340844
0.340845
0.340857
0.340857
0.340857
0.340857
0.340880
0.340880
0.340880
0.340891
0.340893
0.340805
0.340805
0.340805
0.340805
0.340799
0.340806
0.340806
0.340812
0.340812
0.340816
0.340816
0.340816
0.340819
0.340819
0.340823
0.340834
0.340834
0.340835
0.340840
0.340844
0.340844
0.340844
0.340844
0.340844
0.340844
0.340844
0.340844
0.340844
0.340844
0.340844
0.340844
0.340853
0.340853
0.340853
0.340853
0.340855
0.340859
0.340862
0.340866
0.340875
0.340875
0.340879
0.340835
0.340836
0.340846
0.340846
0.340846
0.340846
0.340846
0.340846
0.340846
0.340846
0.340846
0.340858
0.340858
0.340858
0.340858
0.340858
0.340858
0.340858
0.340858
0.340858
0.340861
0.340867
0.340871
0.340884
0.340884
0.340890
0.340890
0.340890
0.340891
0.340891
0.340891
0.340891
0.340892
0.340892
0.340893
0.340893
0.340901
0.340901
0.340902
0.340902
0.340902
0.340902
0.340902
0.340902
0.340902
0.340904
0.340904
0.340904
0.340904
0.340904
0.340904
0.340904
0.340904
0.340922
0.340922
0.340922
0.340962
0.340963
0.340969
0.340971
0.340985
0.340996
0.340996
0.340996
0.340996
0.340996
0.341002
0.341002
0.341002
0.341006
0.341017
0.341017
0.341017
0.341017
0.341017
0.341018
0.341018
0.341020
0.341020
0.341024
0.341024
0.341024
0.341027
0.341027
0.341043
0.341047
0.341047
0.341047
0.341047
0.341047
0.341047
0.341047
0.341047
0.341047
0.341047
0.341049
0.341049
0.341049
0.341049
0.341051
0.341084
0.341084
0.341085
0.341085
0.341085
0.341141
0.341141
0.341141
0.341145
0.341150
0.341150
0.341176
0.341176
0.341176
0.341176
0.341176
0.341176
0.341176
0.341176
0.341177
0.341411
0.341411
0.341411
0.341411
0.341411
0.341411
0.341411
0.341411
0.341411
0.341414
0.341415
0.341418
0.341418
0.341418
0.341418
0.341418
0.341418
0.341418
0.341421
0.341424
0.341428
0.341390
0.341404
0.341404
0.341410
0.341356
0.341356
0.341360
0.341360
0.341360
0.341332
0.341332
0.341343
0.341339
0.341339
0.341339
0.341340
0.341352
0.341352
0.341352
0.341352
0.341353
0.341353
0.341353
0.341353
0.341353
0.341353
0.341353
0.341353
0.341354
0.341344
0.341355
0.341355
0.341355
0.341355
0.341244
0.341248
0.341248
0.341248
0.341253
0.341253
0.341253
0.341263
0.341263
0.341263
0.341280
0.341280
0.341280
0.341315
0.341315
0.341315
0.341315
0.341315
0.341315
0.341315
0.341315
0.341336
0.341336
0.341337
0.341337
0.341337
0.341337
0.341337
0.341340
0.341340
0.341337
0.341337
0.341338
0.341338
0.341338
0.341342
0.341342
0.341352
0.341384
0.341384
0.341384
0.341384
0.341384
0.341384
0.341384
0.341384
0.341416
0.341420
0.341420
0.341489
0.341489
0.341489
0.341497
0.341497
0.341497
0.341497
0.341497
0.341497
0.341503
0.341503
0.341503
0.341504
0.341504
0.341526
0.341526
0.341526
0.341526
0.341526
0.341526
0.341527
0.341527
0.341527
0.341527
0.341545
0.341545
0.341545
0.341545
0.341545
0.341545
0.341545
0.341550
0.341551
0.341551
0.341551
0.341557
0.341565
0.341565
0.341565
0.341609
0.341615
0.341621
0.341621
0.341621
0.341621
0.341625
0.341625
0.341625
0.341625
0.341625
0.341625
0.341625
0.341625
0.341625
0.341639
0.341639
0.341639
0.341640
0.341640
0.341640
0.341640
0.341640
0.341640
0.341640
0.341640
0.341595
0.341595
0.341599
0.341599
0.341599
0.341599
0.341599
0.341599
0.341599
0.341599
0.341599
0.341599
0.341599
0.341599
0.341599
0.341599
0.341599
0.341602
0.341602
0.341611
0.341650
0.341650
0.341650
0.341650
0.341650
0.341650
0.341652
0.341652
0.341652
0.341652
0.341652
0.341652
0.341652
0.341652
0.341652
0.341652
0.341653
0.341653
0.341653
0.341653
0.341653
0.341653
0.341653
0.341653
0.341653
0.341653
0.341653
0.341655
0.341655
0.341655
0.341656
0.341656
0.341656
0.341656
0.341656
0.341656
0.341660
0.341660
0.341660
0.341660
0.341660
0.341660
0.341660
0.341660
0.341660
0.341660
0.341660
0.341660
0.341660
0.341660
0.341660
0.341660
0.341660
0.341660
0.341660
0.341660
0.341660
0.341660
0.341664
0.341664
0.341664
0.341664
0.341664
0.341685
0.341685
0.341685
0.341685
0.341685
0.341685
0.341685
0.341685
0.341685
0.341688
0.341688
0.341688
0.341694
0.341694
0.341694
0.341694
0.341694
0.341694
0.341694
0.341694
0.341694
0.341694
0.341716
0.341716
0.341716
0.341716
0.341723
0.341723
0.341723
0.341723
0.341735
0.341737
0.341737
0.341737
0.341737
0.341737
0.341748
0.341756
0.341756
0.341756
0.341756
0.341756
0.341756
0.341756
0.341756
0.341757
0.341757
0.341757
0.341789
0.341789
0.341793
0.341793
0.341793
0.341793
0.341793
0.341793
0.341793
0.341793
0.341795
0.341795
0.341794
0.341794
0.341794
0.341800
0.341800
0.341831
0.341831
0.341831
0.341831
0.341831
0.341831
0.341831
0.341834
0.341834
0.341850
0.341850
0.341850
0.341858
0.341858
0.341860
0.341861
0.341874
0.341876
0.341876
0.341876
0.341876
0.341876
0.341876
0.341876
0.341876
0.341873
0.341873
0.341873
0.341873
0.341873
0.341881
0.341881
0.341879
0.341879
0.341879
0.341879
0.341841
0.341841
0.341841
0.341841
0.341853
0.341853
0.341855
0.341858
0.341858
0.341859
0.341859
0.341866
0.341866
0.341867
0.341867
0.341867
0.341867
0.341861
0.341861
0.341861
0.341861
0.341877
0.341877
0.341877
0.341880
0.341883
0.341893
0.341899
0.341899
0.341899
0.341902
0.341902
0.341902
0.341902
0.341902
0.341902
0.341902
0.341942
0.341944
0.341949
0.341950
0.341950
0.341950
0.341950
0.341950
0.341950
0.341950
0.341952
0.341952
0.341958
0.341958
0.341958
0.341958
0.341958
0.341959
0.341965
0.341977
0.341977
0.341977
0.341977
0.341977
0.341986
0.341986
0.341986
0.341986
0.341986
0.341990
0.341992
0.341992
0.341992
0.341992
0.341992
0.341990
0.341990
0.341991
0.341991
0.341993
0.341993
0.341993
0.341993
0.342003
0.342003
0.342003
0.342003
0.342003
0.342003
0.342003
0.342003
0.342003
0.342009
0.342009
0.342009
0.341991
0.341991
0.341991
0.341995
0.341995
0.341995
0.342001
0.342001
0.342001
0.342019
0.342025
0.342025
0.342025
0.342310
0.342310
0.342312
0.342312
0.342312
0.342338
0.342366
0.342366
0.342366
0.342366
0.342366
0.342366
0.342366
0.342366
0.342367
0.342367
0.342367
0.342367
0.342369
0.342369
0.342369
0.342375
0.342375
0.342375
0.342375
0.342375
0.342404
0.342404
0.342423
0.342423
0.342423
0.342423
0.342423
0.342423
0.342423
0.342423
0.342423
0.342423
0.342452
0.342452
0.342452
0.342452
0.342452
0.342452
0.342390
0.342390
0.342390
0.342390
0.342390
0.342390
0.342390
0.342390
0.342390
0.342390
0.342390
0.342389
0.342389
0.342393
0.342393
0.342393
0.342393
0.342393
0.342393
0.342393
0.342393
0.342396
0.342396
0.342396
0.342397
0.342399
0.342403
0.342403
0.342403
0.342403
0.342413
0.342413
0.342432
0.342490
0.342490
0.342490
0.342491
0.342491
0.342491
0.342491
0.342492
0.342594
0.342594
0.342594
0.342594
0.342594
0.342594
0.342594
0.342594
0.342601
0.342601
0.342601
0.342601
0.342601
0.342601
0.342601
0.342615
0.342615
0.342615
0.342615
0.342641
0.342641
0.342641
0.342650
0.342665
0.342665
0.342666
0.342666
0.342666
0.342669
0.342671
0.342676
0.342676
0.342676
0.342676
0.342712
0.342714
0.342714
0.342714
0.342714
0.342714
0.342714
0.342715
0.342718
0.342718
0.342718
0.342718
0.342753
0.342761
0.342761
0.342767
0.342767
0.342767
0.342786
0.342786
0.342786
0.342786
0.342786
0.342786
0.342786
0.342786
0.342770
0.342771
0.342771
0.342771
0.342774
0.342882
0.342882
0.342882
0.342882
0.342882
0.342882
0.342882
0.342884
0.342884
0.342902
0.342902
0.342902
0.342902
0.342902
0.342902
0.342902
0.342902
0.342902
0.342902
0.342902
0.342909
0.342909
0.342912
0.342912
0.342912
0.342912
0.342912
0.342912
0.342914
0.342914
0.342900
0.342900
0.342900
0.342900
0.342900
0.342905
0.342923
0.342923
0.342932
0.342934
0.342970
0.342978
0.342978
0.342978
0.342978
0.342978
0.342978
0.342984
0.342984
0.342991
0.343000
0.343000
0.343000
0.343000
0.343053
0.343053
0.343053
0.343053
0.343056
0.343061
0.343072
0.343074
0.343077
0.343077
0.343077
0.343077
0.343078
0.343078
0.343078
0.343078
0.343079
0.343079
0.343079
0.343079
0.343079
0.343079
0.343079
0.343079
0.343080
0.343080
0.343080
0.343127
0.343129
0.343129
0.343129
0.343129
0.343129
0.343129
0.343129
0.343129
0.343129
0.343190
0.343190
0.343190
0.343193
0.343193
0.343193
0.343193
0.343193
0.343193
0.343193
0.343193
0.343193
0.343193
0.343194
0.343210
0.343211
0.343211
0.343211
0.343211
0.343211
0.343211
0.343211
0.343211
0.343213
0.343213
0.343213
0.343213
0.343213
0.343214
0.343218
0.343218
0.343218
0.343218
0.343218
0.343218
0.343218
0.343218
0.343218
0.343218
0.343218
0.343221
0.343221
0.343221
0.343221
0.343221
0.343221
0.343221
0.343221
0.343221
0.343221
0.343221
0.343221
0.343221
0.343221
0.343221
0.343221
0.343226
0.343226
0.343226
0.343226
0.343226
0.343226
0.343226
0.343483
0.343483
0.343485
0.343485
0.343485
0.343485
0.343485
0.343490
0.343490
0.343490
0.343490
0.343494
0.343494
0.343496
0.343496
0.343496
0.343496
0.343496
0.343496
0.343500
0.343501
0.343504
0.343504
0.343504
0.343507
0.343507
0.343482
0.343482
0.343482
0.343482
0.343482
0.343509
0.343513
0.343513
0.343513
0.343513
0.343525
0.343525
0.343525
0.343525
0.343526
0.343526
0.343526
0.343526
0.343526
0.343528
0.343530
0.343530
0.343530
0.343530
0.343541
0.343541
0.343541
0.343541
0.343542
0.343542
0.343542
0.343542
0.343542
0.343542
0.343542
0.343542
0.343542
0.343548
0.343548
0.343548
0.343548
0.343548
0.343548
0.343548
0.343548
0.343513
0.343513
0.343513
0.343513
0.343517
0.343517
0.343517
0.343517
0.343517
0.343517
0.343535
0.343535
0.343535
0.343535
0.343535
0.343540
0.343540
0.343546
0.343546
0.343546
0.343546
0.343546
0.343546
0.343546
0.343546
0.343546
0.343546
0.343546
0.343577
0.343584
0.343584
0.343584
0.343584
0.343584
0.343584
0.343586
0.343586
0.343586
0.343586
0.343586
0.343586
0.343586
0.343586
0.343586
0.343586
0.343586
0.343586
0.343599
0.343595
0.343595
0.343595
0.343595
0.343600
0.343600
0.343610
0.343610
0.343612
0.343612
0.343612
0.343612
0.343612
0.343616
0.343616
0.343567
0.343567
0.343567
0.343567
0.343567
0.343567
0.343610
0.343610
0.343610
0.343610
0.343610
0.343610
0.343610
0.343610
0.343610
0.343610
0.343610
0.343620
0.343620
0.343620
0.343622
0.343622
0.343622
0.343622
0.343622
0.343622
0.343639
0.343639
0.343640
0.343642
0.343642
0.343642
0.343642
0.343642
0.343642
0.343642
0.343642
0.343642
0.343642
0.343654
0.343654
0.343654
0.343654
0.343654
0.343654
0.343654
0.343654
0.343654
0.343654
0.343654
0.343654
0.343654
0.343654
0.343697
0.343697
0.343697
0.343697
0.343697
0.343697
0.343699
0.343699
0.343699
0.343699
0.343699
0.343710
0.343714
0.343714
0.343723
0.343723
0.343723
0.343723
0.343725
0.343725
0.343725
0.343725
0.343725
0.343744
0.343744
0.343744
0.343744
0.343744
0.343745
0.343747
0.343747
0.343747
0.343747
0.343789
0.343789
0.343789
0.343790
0.343790
0.344028
0.344028
0.344029
0.344023
0.344033
0.344045
0.344045
0.344045
0.344045
0.344045
0.344036
0.344053
0.344053
0.344053
0.344053
0.344053
0.344053
0.344053
0.344053
0.344053
0.344053
0.344056
0.344056
0.344056
0.344056
0.344063
0.344063
0.344069
0.344069
0.344076
0.344076
0.344076
0.344080
0.344080
0.344085
0.344085
0.344085
0.344108
0.344111
0.344136
0.344136
0.344136
0.344136
0.344136
0.344139
0.344139
0.344139
0.344139
0.344139
0.344139
0.344139
0.344139
0.344141
0.344141
0.344141
0.344141
0.344141
0.344141
0.344142
0.344146
0.344151
0.344050
0.344050
0.344050
0.344050
0.344041
0.344041
0.344041
0.344041
0.344041
0.344041
0.344041
0.344048
0.344048
0.344049
0.344049
0.344049
0.344053
0.343916
0.343935
0.343935
0.343935
0.343935
0.343935
0.343935
0.343935
0.343935
0.343935
0.343935
0.343935
0.343942
0.343944
0.343944
0.343944
0.343956
0.343956
0.343956
0.343956
0.343956
0.343956
0.343940
0.343940
0.343940
0.343940
0.343940
0.343940
0.343940
0.343940
0.343943
0.343943
0.343943
0.343943
0.343943
0.343943
0.343944
0.343944
0.343944
0.343944
0.343944
0.343944
0.343944
0.343944
0.343944
0.343944
0.343946
0.343946
0.343946
0.343946
0.343946
0.343946
0.343946
0.343960
0.343960
0.343964
0.343964
0.343964
0.343964
0.343964
0.343869
0.343869
0.343869
0.343869
0.343869
0.343869
0.343869
0.343869
0.343872
0.343872
0.343872
0.343872
0.343872
0.343872
0.343872
0.343872
0.343873
0.343876
0.343876
0.343880
0.343886
0.343886
0.343886
0.343886
0.343886
0.343886
0.343886
0.343886
0.343886
0.343903
0.343903
0.343903
0.343903
0.343915
0.343915
0.343920
0.343923
0.343923
0.343923
0.343923
0.343923
0.343923
0.343923
0.343923
0.343924
0.343924
0.343924
0.343939
0.343939
0.343939
0.343939
0.343939
0.343939
0.343939
0.344053
0.344054
0.344060
0.344060
0.344060
0.344060
0.344060
0.344060
0.344060
0.344060
0.344060
0.344063
0.344067
0.344067
0.344068
0.344100
0.344100
0.344100
0.344137
0.344137
0.344137
0.344137
0.344137
0.344147
0.344147
0.344147
0.344153
0.344153
0.344156
0.344156
0.344158
0.344158
0.344158
0.344174
0.344178
0.344190
0.344195
0.344199
0.344230
0.344230
0.344231
0.344231
0.344234
0.344234
0.344234
0.344234
0.344239
0.344239
0.344243
0.344243
0.344243
0.344243
0.344243
0.344251
0.344251
0.344251
0.344251
0.344258
0.344258
0.344258
0.344260
0.344260
0.344260
0.344279
0.344279
0.344279
0.344279
0.344282
0.344282
0.344282
0.344282
0.344282
0.344282
0.344263
0.344263
0.344263
0.344263
0.344270
0.344273
0.344273
0.344277
0.344278
0.344279
0.344279
0.344279
0.344279
0.344279
0.344279
0.344279
0.344279
0.344289
0.344289
0.344289
0.344289
0.344289
0.344289
0.344289
0.344289
0.344289
0.344289
0.344290
0.344290
0.344290
0.344290
0.344298
0.344298
0.344180
0.344180
0.344180
0.344189
0.344190
0.344190
0.344190
0.344190
0.344192
0.344192
0.344197
0.344199
0.344202
0.344202
0.344202
0.344202
0.344202
0.344202
0.344202
0.344132
0.344132
0.344132
0.344132
0.344132
0.344144
0.344153
0.344162
0.344162
0.344162
0.344162
0.344170
0.344176
0.344176
0.344176
0.344194
0.344268
0.344271
0.344271
0.344271
0.344271
0.344271
0.344271
0.344271
0.344271
0.344271
0.344271
0.344271
0.344271
0.344271
0.344271
0.344271
0.344272
0.344272
0.344272
0.344272
0.344272
0.344275
0.344275
0.344360
0.344360
0.344365
0.344365
0.344365
0.344365
0.344365
0.344365
0.344368
0.344371
0.344376
0.344380
0.344383
0.344383
0.344389
0.344389
0.344389
0.344389
0.344389
0.344389
0.344389
0.344389
0.344389
0.344389
0.344389
0.344389
0.344389
0.344389
0.344389
0.344389
0.344389
0.344389
0.344389
0.344389
0.344389
0.344390
0.344390
0.344391
0.344391
0.344391
0.344401
0.344401
0.344401
0.344401
0.344405
0.344405
0.344405
0.344405
0.344405
0.344405
0.344405
0.344405
0.344405
0.344405
0.344405
0.344405
0.344405
0.344405
0.344405
0.344405
0.344405
0.344405
0.344408
0.344408
0.344408
0.344409
0.344409
0.344409
0.344409
0.344409
0.344409
0.344409
0.344409
0.344409
0.344410
0.344410
0.344410
0.344410
0.344410
0.344410
0.344410
0.344415
0.344415
0.344419
0.344419
0.344419
0.344419
0.344419
0.344419
0.344419
0.344419
0.344419
0.344419
0.344443
0.344461
0.344461
0.344461
0.344461
0.344461
0.344463
0.344463
0.344473
0.344473
0.344473
0.344473
0.344474
0.344474
0.344474
0.344474
0.344474
0.344474
0.344474
0.344474
0.344474
0.344474
0.344474
0.344475
0.344485
0.344485
0.344485
0.344485
0.344485
0.344485
0.344485
0.344485
0.344485
0.344485
0.344485
0.344485
0.344614
0.344616
0.344616
0.344616
0.344616
0.344627
0.344627
0.344627
0.344758
0.344758
0.344758
0.344758
0.344758
0.344759
0.344759
0.344759
0.344759
0.344759
0.344766
0.344766
0.344766
0.344768
0.344768
0.344768
0.344768
0.344683
0.344683
0.344691
0.344691
0.344691
0.344691
0.344691
0.344693
0.344693
0.344693
0.344693
0.344693
0.344693
0.344693
0.344693
0.344693
0.344693
0.344693
0.344711
0.344711
0.344711
0.344711
0.344711
0.344711
0.344711
0.344711
0.344707
0.344707
0.344707
0.344709
0.344709
0.344709
0.344709
0.344709
0.344709
0.344714
0.344728
0.344728
0.344728
0.344737
0.344737
0.344737
0.344739
0.344739
0.344739
0.344739
0.344739
0.344800
0.344800
0.344800
0.344801
0.344801
0.344801
0.344809
0.344809
0.344814
0.344814
0.344814
0.344816
0.344816
0.344816
0.344818
0.344818
0.344818
0.344818
0.344818
0.344818
0.344823
0.344823
0.344823
0.344823
0.344823
0.344823
0.344823
0.344829
0.344829
0.344829
0.344829
0.344829
0.344829
0.344829
0.344829
0.344831
0.344831
0.344832
0.344832
0.344832
0.344837
0.344840
0.344840
0.344840
0.344840
0.344840
0.344845
0.344845
0.344849
0.344849
0.344857
0.344857
0.344858
0.344879
0.344879
0.344879
0.344879
0.344905
0.344905
0.344922
0.344922
0.344867
0.344867
0.344867
0.344867
0.344867
0.344867
0.344868
0.344881
0.344881
0.344881
0.344885
0.344885
0.344917
0.344935
0.344935
0.344935
0.344935
0.344938
0.344938
0.344938
0.344938
0.344938
0.344938
0.344890
0.344890
0.344891
0.344891
0.344891
0.344891
0.344898
0.344903
0.344903
0.344904
0.344904
0.344904
0.344904
0.344904
0.344909
0.344908
0.344908
0.344909
0.344909
0.344909
0.344909
0.344909
0.344909
0.344909
0.344915
0.344918
0.344918
0.344921
0.344921
0.344937
0.344937
0.344937
0.344938
0.344938
0.344938
0.344938
0.344938
0.344960
0.344960
0.344960
0.344960
0.344960
0.344960
0.344960
0.344960
0.344960
0.344960
0.344960
0.344960
0.344960
0.344960
0.344960
0.344960
0.344960
0.344960
0.344960
0.344960
0.344964
0.344964
0.344964
0.344974
0.344974
0.344974
0.344974
0.344974
0.344974
0.344974
0.344974
0.344974
0.344974
0.344974
0.344974
0.344974
0.344990
0.344990
0.344990
0.344990
0.344974
0.344976
0.344976
0.344993
0.344993
0.344993
0.344994
0.344994
0.344995
0.344995
0.344996
0.344996
0.344996
0.344996
0.344996
0.344996
0.344996
0.344997
0.344997
0.344997
0.344997
0.344997
0.344997
0.344997
0.344997
0.344997
0.344997
0.344997
0.344997
0.344999
0.344999
0.344999
0.344999
0.344999
0.344999
0.344999
0.344997
0.344997
0.344997
0.344997
0.344998
0.344998
0.344998
0.344999
0.345000
0.345000
0.345000
0.345000
0.345000
0.345001
0.345001
0.345007
0.345007
0.345007
0.345009
0.345009
0.345009
0.345009
0.345014
0.345015
0.345015
0.345015
0.345015
0.345015
0.345015
0.345029
0.345029
0.345044
0.345045
0.345045
0.345045
0.345045
0.345045
0.345088
0.345088
0.345088
0.345088
0.345088
0.345088
0.345088
0.345088
0.345088
0.345088
0.345088
0.345088
0.345088
0.345088
0.345088
0.345088
0.345090
0.345090
0.345090
0.345090
0.345090
0.345090
0.345090
0.345081
0.345081
0.345081
0.345193
0.345132
0.345132
0.345132
0.345132
0.345132
0.345132
0.345132
0.345132
0.345125
0.345132
0.345132
0.345134
0.345134
0.345134
0.345142
0.345142
0.345142
0.345142
0.345142
0.345142
0.345142
0.345148
0.345148
0.345148
0.345148
0.345148
0.345148
0.345148
0.345148
0.345148
0.345148
0.345149
0.345149
0.345149
0.345149
0.345161
0.345144
0.345146
0.345159
0.345159
0.345159
0.345159
0.345159
0.345159
0.345159
0.345159
0.345159
0.345159
0.345159
0.345159
0.345159
0.345161
0.345165
0.345165
0.345165
0.345165
0.345179
0.345179
0.345179
0.345179
0.345179
0.345179
0.345179
0.345179
0.345179
0.345181
0.345216
0.345216
0.345216
0.345216
0.345216
0.345216
0.345216
0.345216
0.345216
0.345213
0.345213
0.345213
0.345216
0.345217
0.345217
0.345221
0.345224
0.345225
0.345225
0.345225
0.345225
0.345215
0.345215
0.345214
0.345214
0.345219
0.345219
0.345221
0.345221
0.345222
0.345223
0.345223
0.345223
0.345223
0.345223
0.345223
0.345223
0.345223
0.345223
0.345223
0.345297
0.345297
0.345297
0.345297
0.345297
0.345297
0.345297
0.345297
0.345297
0.345302
0.345307
0.345307
0.345307
0.345326
0.345326
0.345326
0.345326
0.345326
0.345326
0.345326
0.345330
0.345330
0.345352
0.345352
0.345355
0.345355
0.345355
0.345355
0.345375
0.345375
0.345375
0.345375
0.345375
0.345375
0.345375
0.345375
0.345375
0.345375
0.345374
0.345374
0.345374
0.345374
0.345374
0.345374
0.345384
0.345389
0.345389
0.345401
0.345401
0.345401
0.345402
0.345402
0.345402
0.345403
0.345403
0.345403
0.345403
0.345403
0.345403
0.345403
0.345407
0.345407
0.345407
0.345407
0.345407
0.345407
0.345407
0.345407
0.345407
0.345407
0.345407
0.345408
0.345408
0.345408
0.345408
0.345408
0.345408
0.345408
0.345408
0.345408
0.345408
0.345408
0.345408
0.345408
0.345408
0.345408
0.345408
0.345423
0.345423
0.345423
0.345425
0.345425
0.345425
0.345427
0.345427
0.345427
0.345427
0.345445
0.345445
0.345447
0.345447
0.345451
0.345451
0.345451
0.345451
0.345451
0.345451
0.345451
0.345451
0.345455
0.345455
0.345455
0.345455
0.345455
0.345455
0.345456
0.345456
0.345456
0.345456
0.345456
0.345456
0.345456
0.345456
0.345456
0.345458
0.345458
0.345458
0.345458
0.345458
0.345458
0.345458
0.345458
0.345458
0.345458
0.345458
0.345458
0.345458
0.345458
0.345458
0.345458
0.345458
0.345458
0.345458
0.345458
0.345458
0.345467
0.345486
0.345486
0.345486
0.345486
0.345486
0.345486
0.345486
0.345486
0.345486
0.345486
0.345486
0.345491
0.345497
0.345497
0.345497
0.345497
0.345499
0.345499
0.345499
0.345499
0.345499
0.345499
0.345500
0.345500
0.345515
0.345515
0.345515
0.345516
0.345516
0.345516
0.345516
0.345516
0.345516
0.345516
0.345516
0.345516
0.345519
0.345519
0.345519
0.345519
0.345519
0.345525
0.345525
0.345525
0.345525
0.345525
0.345525
0.345525
0.345525
0.345525
0.345525
0.345525
0.345533
0.345533
0.345533
0.345533
0.345533
0.345533
0.345533
0.345533
0.345533
0.345539
0.345639
0.345639
0.345639
0.345639
0.345644
0.345644
0.345644
0.345644
0.345644
0.345644
0.345660
0.345660
0.345660
0.345660
0.345660
0.345660
0.345660
0.345660
0.345661
0.345661
0.345705
0.345701
0.345704
0.345704
0.345704
0.345704
0.345704
0.345717
0.345717
0.345717
0.345717
0.345717
0.345717
0.345721
0.345721
0.345722
0.345727
0.345727
0.345727
0.345727
0.345730
0.345730
0.345733
0.345739
0.345739
0.345739
0.345749
0.345749
0.345749
0.345750
0.345750
0.345750
0.345750
0.345750
0.345750
0.345751
0.345751
0.345751
0.345753
0.345753
0.345753
0.345753
0.345753
0.345753
0.345764
0.345739
0.345739
0.345739
0.345739
0.345739
0.345739
0.345739
0.345751
0.345751
0.345759
0.345759
0.345759
0.345759
0.345759
0.345764
0.345764
0.345764
0.345764
0.345767
0.345767
0.345767
0.345767
0.345767
0.345767
0.345767
0.345782
0.345782
0.345782
0.345782
0.345782
0.345782
0.345782
0.345782
0.345782
0.345782
0.345782
0.345782
0.345783
0.345786
0.345786
0.345792
0.345807
0.345807
0.345807
0.345799
0.345804
0.345804
0.345804
0.345827
0.345827
0.345827
0.345840
0.345840
0.345840
0.345840
0.345840
0.345840
0.345840
0.345840
0.345840
0.345840
0.345875
0.345875
0.345878
0.345889
0.345889
0.345889
0.345889
0.345896
0.345898
0.345898
0.345899
0.345899
0.345899
0.345899
0.345930
0.345930
0.345930
0.345930
0.345930
0.345934
0.345934
0.345934
0.345934
0.345935
0.345935
0.345935
0.345936
0.345938
0.345938
0.345938
0.345938
0.345938
0.345909
0.345911
0.345911
0.345911
0.345914
0.345914
0.345914
0.345914
0.345914
0.345923
0.345925
0.345925
0.345925
0.345925
0.345940
0.345940
0.345940
0.345940
0.345940
0.345940
0.345940
0.345940
0.345940
0.345940
0.345940
0.345942
0.345942
0.345944
0.345944
0.345944
0.345787
0.345787
0.345788
0.345788
0.345788
0.345859
0.345859
0.345938
0.345938
0.345941
0.345945
0.345945
0.345945
0.345945
0.345945
0.345945
0.345945
0.345945
0.345945
0.345945
0.345945
0.345945
0.345945
0.345945
0.345945
0.345945
0.345945
0.345945
0.345945
0.345945
0.345945
0.345945
0.345945
0.345945
0.345945
0.345945
0.345945
0.345945
0.345946
0.345946
0.345946
0.345950
0.345950
0.345950
0.345950
0.345950
0.345955
0.345955
0.345955
0.345955
0.345955
0.345955
0.345969
0.345970
0.345974
0.345974
0.345974
0.345974
0.345974
0.345974
0.345974
0.345974
0.345974
0.345974
0.345974
0.345974
0.345974
0.345977
0.345977
0.345977
0.345977
0.345977
0.345977
0.345977
0.345977
0.345977
0.345990
0.345991
0.345991
0.345991
0.345991
0.345991
0.346003
0.346003
0.346003
0.346003
0.346005
0.345994
0.345994
0.345994
0.345994
0.345998
0.345998
0.345998
0.345998
0.345998
0.345998
0.345998
0.346009
0.346009
0.346009
0.346009
0.346009
0.346009
0.346012
0.346017
0.346017
0.346017
0.346019
0.346019
0.346019
0.346019
0.346094
0.346101
0.346101
0.346101
0.346101
0.346101
0.346101
0.346101
0.346113
0.346113
0.346113
0.346113
0.346113
0.346113
0.346116
0.346116
0.346116
0.346116
0.346116
0.346116
0.346116
0.346116
0.346116
0.346116
0.346116
0.346116
0.346116
0.346116
0.346116
0.346137
0.346137
0.346137
0.346137
0.346137
0.346137
0.346137
0.346137
0.346137
0.346137
0.346203
0.346203
0.346203
0.346203
0.346212
0.346214
0.346214
0.346214
0.346214
0.346140
0.346121
0.346121
0.346121
0.346121
0.346121
0.346121
0.346121
0.346121
0.346125
0.346125
0.346125
0.346125
0.346147
0.346147
0.346147
0.346147
0.346150
0.346150
0.346150
0.346150
0.346150
0.346150
0.346157
0.346162
0.346162
0.346162
0.346162
0.346162
0.346162
0.346162
0.346162
0.346162
0.346162
0.346162
0.346162
0.346162
0.346165
0.346165
0.346165
0.346165
0.346167
0.346167
0.346167
0.346167
0.346167
0.346167
0.346167
0.346167
0.346167
0.346167
0.346279
0.346279
0.346280
0.346280
0.346280
0.346309
0.346309
0.346309
0.346309
0.346309
0.346319
0.345968
0.345968
0.345968
0.345968
0.345968
0.345968
0.345968
0.345968
0.345973
0.345973
0.345977
0.345977
0.345977
0.345992
0.345992
0.345992
0.345930
0.345930
0.345954
0.345954
0.345954
0.345954
0.345954
0.345954
0.345954
0.345954
0.345961
0.345961
0.345962
0.345962
0.345962
0.345962
0.345962
0.345962
0.345966
0.345966
0.345966
0.345966
0.345982
0.345982
0.346202
0.346202
0.346202
0.346202
0.346202
0.346202
0.346203
0.346203
0.346203
0.346203
0.346209
0.346210
0.346210
0.346244
0.346244
0.346244
0.346244
0.346244
0.346250
0.346250
0.346250
0.346259
0.346259
0.346261
0.346261
0.346261
0.346262
0.346262
0.346262
0.346262
0.346262
0.346262
0.346262
0.346262
0.346262
0.346262
0.346262
0.346262
0.346262
0.346266
0.346266
0.346274
0.346274
0.346274
0.346291
0.346291
0.346291
0.346291
0.346291
0.346297
0.346297
0.346297
0.346297
0.346300
0.346300
0.346300
0.346301
0.346301
0.346303
0.346306
0.346306
0.346307
0.346307
0.346307
0.346307
0.346310
0.346310
0.346310
0.346310
0.346310
0.346310
0.346310
0.346314
0.346314
0.346314
0.346314
0.346314
0.346314
0.346314
0.346314
0.346314
0.346314
0.346316
0.346316
0.346316
0.346316
0.346316
0.346316
0.346316
0.346316
0.346316
0.346316
0.346341
0.346341
0.346348
0.346348
0.346348
0.346348
0.346348
0.346352
0.346350
0.346350
0.346350
0.346350
0.346350
0.346350
0.346350
0.346350
0.346350
0.346350
0.346350
0.346350
0.346350
0.346360
0.346437
0.346437
0.346437
0.346437
0.346440
0.346440
0.346444
0.346444
0.346444
0.346483
0.346483
0.346483
0.346483
0.346483
0.346403
0.346403
0.346403
0.346406
0.346406
0.346406
0.346418
0.346418
0.346418
0.346418
0.346418
0.346419
0.346419
0.346419
0.346419
0.346419
0.346427
0.346427
0.346427
0.346427
0.346427
0.346427
0.346427
0.346427
0.346427
0.346427
0.346429
0.346429
0.346429
0.346429
0.346429
0.346429
0.346430
0.346430
0.346430
0.346430
0.346430
0.346430
0.346430
0.346337
0.346337
0.346337
0.346337
0.346337
0.346345
0.346345
0.346345
0.346347
0.346347
0.346347
0.346347
0.346347
0.346347
0.346347
0.346348
0.346348
0.346348
0.346348
0.346348
0.346375
0.346375
0.346375
0.346375
0.346375
0.346375
0.346375
0.346375
0.346375
0.346377
0.346377
0.346377
0.346378
0.346372
0.346372
0.346372
0.346372
0.346372
0.346372
0.346372
0.346372
0.346372
0.346372
0.346388
0.346388
0.346388
0.346388
0.346388
0.346388
0.346390
0.346390
0.346390
0.346390
0.346390
0.346401
0.346401
0.346401
0.346401
0.346399
0.346399
0.346399
0.346399
0.346399
0.346399
0.346399
0.346399
0.346399
0.346399
0.346399
0.346399
0.346301
0.346301
0.346301
0.346301
0.346301
0.346321
0.346321
0.346321
0.346321
0.346328
0.346329
0.346339
0.346343
0.346343
0.346343
0.346370
0.346370
0.346370
0.346370
0.346370
0.346370
0.346370
0.346370
0.346370
0.346376
0.346376
0.346376
0.346376
0.346376
0.346382
0.346382
0.346383
0.346383
0.346383
0.346384
0.346384
0.346390
0.346390
0.346390
0.346390
0.346390
0.346390
0.346391
0.346392
0.346392
0.346392
0.346396
0.346396
0.346396
0.346396
0.346396
0.346396
0.346396
0.346452
0.346452
0.346452
0.346452
0.346452
0.346452
0.346452
0.346452
0.346463
0.346469
0.346469
0.346473
0.346473
0.346473
0.346473
0.346473
0.346473
0.346472
0.346472
0.346472
0.346472
0.346472
0.346472
0.346472
0.346472
0.346473
0.346484
0.346484
0.346484
0.346484
0.346484
0.346484
0.346484
0.346484
0.346484
0.346484
0.346484
0.346484
0.346485
0.346485
0.346495
0.346495
0.346501
0.346501
0.346501
0.346501
0.346501
0.346501
0.346501
0.346509
0.346511
0.346634
0.346634
0.346634
0.346634
0.346634
0.346634
0.346634
0.346636
0.346636
0.346636
0.346636
0.346564
0.346564
0.346564
0.346564
0.346564
0.346564
0.346564
0.346564
0.346564
0.346576
0.346576
0.346576
0.346576
0.346576
0.346576
0.346576
0.346576
0.346576
0.346576
0.346585
0.346585
0.346585
0.346585
0.346585
0.346585
0.346585
0.346580
0.346580
0.346581
0.346587
0.346591
0.346591
0.346592
0.346652
0.346652
0.346652
0.346652
0.346652
0.346652
0.346652
0.346672
0.346672
0.346676
0.346676
0.346676
0.346676
0.346676
0.346676
0.346676
0.346677
0.346685
0.346735
0.346735
0.346728
0.346728
0.346728
0.346728
0.346728
0.346728
0.346741
0.346741
0.346747
0.346747
0.346757
0.346757
0.346757
0.346757
0.346757
0.346757
0.346757
0.346757
0.346765
0.346768
0.346768
0.346770
0.346770
0.346771
0.346771
0.346771
0.346786
0.346786
0.346788
0.346788
0.346788
0.346788
0.346788
0.346788
0.346789
0.346789
0.346789
0.346789
0.346789
0.346789
0.346795
0.346795
0.346800
0.346801
0.346801
0.346801
0.346801
0.346801
0.346801
0.346802
0.346802
0.346802
0.346811
0.346811
0.346811
0.346811
0.346818
0.346818
0.346818
0.346818
0.346822
0.346822
0.346822
0.346822
0.346822
0.346823
0.346823
0.346823
0.346823
0.346810
0.346810
0.346811
0.346811
0.346811
0.346811
0.346829
0.346829
0.346829
0.346829
0.346830
0.346830
0.346830
0.346832
0.346836
0.346836
0.346844
0.346846
0.346846
0.346846
0.346851
0.346850
0.346850
0.346850
0.346850
0.346850
0.346850
0.346850
0.346850
0.346850
0.346850
0.346850
0.346850
0.346850
0.346850
0.346850
0.346868
0.346868
0.346869
0.346885
0.346885
0.346885
0.346887
0.346887
0.346887
0.346887
0.346887
0.346887
0.346887
0.346887
0.346887
0.346889
0.346889
0.346900
0.346931
0.346931
0.346931
0.346969
0.346974
0.346974
0.346974
0.346974
0.346974
0.346977
0.346977
0.346977
0.346977
0.346977
0.346977
0.346987
0.346987
0.346990
0.346990
0.346990
0.346990
0.346997
0.346997
0.346997
0.346997
0.346997
0.346997
0.346997
0.347000
0.347000
0.347000
0.347000
0.347000
0.347000
0.347000
0.347000
0.347000
0.347000
0.347000
0.347000
0.347000
0.347000
0.347000
0.347000
0.347000
0.347000
0.347000
0.347044
0.347055
0.347055
0.347055
0.347055
0.347124
0.347124
0.347130
0.347135
0.347135
0.347137
0.347137
0.347146
0.347146
0.347146
0.347146
0.347146
0.347159
0.347159
0.347162
0.347162
0.347162
0.347162
0.347162
0.347162
0.347162
0.347162
0.347162
0.347162
0.347162
0.347162
0.347162
0.347162
0.347162
0.347165
0.347165
0.347165
0.347165
0.347165
0.347165
0.347165
0.347165
0.347165
0.347165
0.347165
0.347165
0.347165
0.347165
0.347165
0.347165
0.347165
0.347165
0.347165
0.347165
0.347165
0.347165
0.347165
0.347165
0.347165
0.347165
0.347165
0.347165
0.347165
0.347165
0.347165
0.347165
0.347165
0.347242
0.347242
0.347242
0.347242
0.347251
0.347251
0.347251
0.347251
0.347251
0.347252
0.347254
0.347254
0.347254
0.347254
0.347254
0.347254
0.347254
0.347254
0.347254
0.347254
0.347254
0.347254
0.347254
0.347254
0.347254
0.347254
0.347254
0.347255
0.347255
0.347257
0.347259
0.347259
0.347259
0.347259
0.347259
0.347259
0.347261
0.347261
0.347261
0.347262
0.347268
0.347268
0.347268
0.347268
0.347268
0.347268
0.347268
0.347268
0.347268
0.347277
0.347342
0.347344
0.347344
0.347347
0.347347
0.347350
0.347350
0.347353
0.347365
0.347365
0.347365
0.347368
0.347368
0.347368
0.347376
0.347376
0.347376
0.347376
0.347376
0.347376
0.347376
0.347376
0.347372
0.347372
0.347372
0.347372
0.347375
0.347375
0.347375
0.347375
0.347375
0.347375
0.347375
0.347375
0.347375
0.347379
0.347379
0.347379
0.347380
0.347380
0.347381
0.347337
0.347337
0.347337
0.347337
0.347337
0.347331
0.347331
0.347331
0.347331
0.347331
0.347331
0.347331
0.347331
0.347331
0.347331
0.347331
0.347331
0.347332
0.347332
0.347332
0.347332
0.347332
0.347332
0.347332
0.347332
0.347340
0.347340
0.347340
0.347340
0.347340
0.347340
0.347341
0.347341
0.347341
0.347341
0.347343
0.347343
0.347343
0.347343
0.347343
0.347343
0.347343
0.347343
0.347343
0.347343
0.347343
0.347343
0.347343
0.347343
0.347397
0.347397
0.347397
0.347397
0.347406
0.347412
0.347416
0.347416
0.347416
0.347416
0.347410
0.347423
0.347423
0.347423
0.347423
0.347423
0.347423
0.347425
0.347426
0.347402
0.347402
0.347422
0.347434
0.347434
0.347434
0.347434
0.347436
0.347436
0.347435
0.347456
0.347456
0.347458
0.347458
0.347458
0.347458
0.347458
0.347458
0.347458
0.347458
0.347458
0.347458
0.347458
0.347458
0.347458
0.347458
0.347458
0.347458
0.347458
0.347458
0.347458
0.347458
0.347458
0.347458
0.347462
0.347462
0.347462
0.347462
0.347467
0.347472
0.347477
0.347477
0.347478
0.347478
0.347480
0.347480
0.347480
0.347480
0.347488
0.347488
0.347488
0.347488
0.347488
0.347488
0.347488
0.347491
0.347495
0.347526
0.347531
0.347531
0.347531
0.347531
0.347531
0.347428
0.347433
0.347433
0.347439
0.347439
0.347439
0.347440
0.347440
0.347440
0.347440
0.347440
0.347440
0.347440
0.347440
0.347440
0.347440
0.347473
0.347473
0.347473
0.347478
0.347478
0.347478
0.347394
0.347401
0.347401
0.347401
0.347401
0.347412
0.347412
0.347412
0.347412
0.347412
0.347414
0.347414
0.347414
0.347414
0.347417
0.347417
0.347424
0.347427
0.347440
0.347440
0.347440
0.347440
0.347440
0.347440
0.347438
0.347438
0.347438
0.347438
0.347438
0.347441
0.347440
0.347440
0.347441
0.347441
0.347441
0.347441
0.347441
0.347441
0.347441
0.347441
0.347441
0.347449
0.347449
0.347449
0.347449
0.347449
0.347449
0.347449
0.347449
0.347475
0.347475
0.347475
0.347481
0.347481
0.347481
0.347481
0.347521
0.347521
0.347521
0.347521
0.347521
0.347516
0.347516
0.347516
0.347516
0.347516
0.347516
0.347516
0.347516
0.347516
0.347520
0.347520
0.347520
0.347520
0.347520
0.347520
0.347520
0.347520
0.347520
0.347520
0.347529
0.347529
0.347529
0.347481
0.347481
0.347482
0.347482
0.347482
0.347482
0.347482
0.347482
0.347484
0.347484
0.347486
0.347486
0.347486
0.347486
0.347486
0.347497
0.347497
0.347651
0.347651
0.347651
0.347651
0.347651
0.347654
0.347659
0.347663
0.347663
0.347651
0.347651
0.347651
0.347666
0.347666
0.347666
0.347663
0.347668
0.347668
0.347668
0.347679
0.347679
0.347683
0.347683
0.347687
0.347707
0.347707
0.347707
0.347707
0.347707
0.347707
0.347707
0.347707
0.347707
0.347707
0.347708
0.347708
0.347708
0.347708
0.347708
0.347708
0.347708
0.347708
0.347708
0.347708
0.347708
0.347708
0.347708
0.347708
0.347708
0.347710
0.347710
0.347710
0.347710
0.347710
0.347710
0.347710
0.347718
0.347718
0.347718
0.347743
0.347743
0.347743
0.347743
0.347743
0.347743
0.347743
0.347753
0.347753
0.347753
0.347753
0.347753
0.347753
0.347753
0.347780
0.347780
0.347780
0.347780
0.347783
0.347783
0.347783
0.347783
0.347788
0.347835
0.347835
0.347835
0.347838
0.347838
0.347838
0.347838
0.347838
0.347838
0.347838
0.347838
0.347838
0.347838
0.347838
0.347838
0.347838
0.347838
0.347838
0.347838
0.347844
0.347844
0.347848
0.347851
0.347858
0.347858
0.347848
0.347846
0.347846
0.347846
0.347846
0.347839
0.347839
0.347839
0.347862
0.347856
0.347856
0.347856
0.347856
0.347856
0.347856
0.347856
0.347856
0.347856
0.347856
0.347856
0.347856
0.347856
0.347874
0.347874
0.347874
0.347874
0.347874
0.347874
0.347874
0.347874
0.347874
0.347874
0.347876
0.347876
0.347876
0.347879
0.347879
0.347879
0.347879
0.347879
0.347879
0.347890
0.347890
0.347890
0.347889
0.347888
0.347888
0.347899
0.347899
0.347889
0.347889
0.347889
0.347889
0.347889
0.347889
0.347890
0.347890
0.347902
0.347908
0.347908
0.347908
0.347909
0.347909
0.347909
0.347909
0.347909
0.347909
0.347911
0.347911
0.347913
0.347913
0.347913
0.347913
0.347913
0.347925
0.347925
0.347925
0.347925
0.347928
0.347928
0.347945
0.347945
0.347944
0.347944
0.347944
0.347944
0.347948
0.347948
0.347948
0.347948
0.347948
0.347948
0.347948
0.347948
0.347948
0.347948
0.347948
0.347948
0.347948
0.347948
0.347950
0.347950
0.347959
0.347959
0.347998
0.347998
0.347998
0.347998
0.347998
0.348001
0.348001
0.348001
0.348001
0.348001
0.348001
0.347990
0.347990
0.347991
0.347991
0.348004
0.348004
0.348004
0.348004
0.347993
0.347994
0.347994
0.348004
0.348016
0.348016
0.348016
0.348016
0.348016
0.348016
0.348016
0.348018
0.348018
0.348018
0.348014
0.348026
0.348026
0.348026
0.348026
0.348026
0.348040
0.348040
0.348040
0.348040
0.348040
0.348040
0.348040
0.348045
0.348045
0.348043
0.348043
0.347992
0.347992
0.347992
0.347992
0.347995
0.347995
0.347995
0.347995
0.347995
0.347998
0.348000
0.348002
0.348009
0.348009
0.348009
0.348009
0.348009
0.348015
0.348015
0.348015
0.348015
0.348015
0.348015
0.348015
0.348015
0.348015
0.348015
0.348026
0.348028
0.348029
0.348029
0.348029
0.348028
0.348028
0.348028
0.348038
0.348038
0.348038
0.348038
0.348072
0.348072
0.348072
0.348091
0.348091
0.348091
0.348091
0.348091
0.348091
0.348091
0.348091
0.348091
0.348095
0.348095
0.348095
0.348097
0.348107
0.348107
0.348063
0.348067
0.348067
0.348067
0.348067
0.348067
0.348067
0.348067
0.348067
0.348067
0.348074
0.348077
0.348075
0.348075
0.348069
0.348069
0.348070
0.348070
0.348109
0.348109
0.348109
0.348109
0.348109
0.348109
0.348109
0.348109
0.348109
0.348126
0.348127
0.348127
0.348127
0.348134
0.348134
0.348134
0.348134
0.348135
0.348135
0.348135
0.348135
0.348132
0.348132
0.348132
0.348132
0.348132
0.348133
0.348134
0.348134
0.348134
0.348134
0.348134
0.348134
0.348134
0.348134
0.348134
0.348134
0.348134
0.348133
0.348133
0.348147
0.348147
0.348147
0.348147
0.348147
0.348147
0.348147
0.348140
0.348140
0.348140
0.348140
0.348140
0.348140
0.348140
0.348144
0.348147
0.348147
0.348147
0.348145
0.348229
0.348229
0.348229
0.348229
0.348229
0.348229
0.348229
0.348229
0.348231
0.348231
0.348246
0.348246
0.348246
0.348246
0.348246
0.348247
0.348247
0.348247
0.348247
0.348247
0.348269
0.348269
0.348280
0.348280
0.348280
0.348280
0.348280
0.348280
0.348280
0.348288
0.348307
0.348307
0.348307
0.348307
0.348307
0.348307
0.348307
0.348315
0.348315
0.348315
0.348315
0.348315
0.348315
0.348315
0.348315
0.348315
0.348315
0.348315
0.348319
0.348319
0.348319
0.348315
0.348315
0.348315
0.348315
0.348315
0.348311
0.348311
0.348311
0.348311
0.348311
0.348311
0.348311
0.348311
0.348349
0.348349
0.348349
0.348349
0.348349
0.348349
0.348349
0.348349
0.348350
0.348351
0.348351
0.348351
0.348353
0.348353
0.348353
0.348354
0.348354
0.348354
0.348354
0.348354
0.348354
0.348354
0.348354
0.348354
0.348354
0.348369
0.348369
0.348369
0.348369
0.348370
0.348370
0.348370
0.348370
0.348370
0.348384
0.348384
0.348384
0.348384
0.348384
0.348390
0.348390
0.348390
0.348390
0.348390
0.348390
0.348390
0.348399
0.348399
0.348399
0.348399
0.348399
0.348399
0.348407
0.348407
0.348407
0.348407
0.348407
0.348407
0.348410
0.348410
0.348410
0.348410
0.348410
0.348425
0.348425
0.348424
0.348445
0.348445
0.348445
0.348445
0.348449
0.348449
0.348449
0.348449
0.348449
0.348454
0.348454
0.348465
0.348465
0.348465
0.348465
0.348465
0.348465
0.348465
0.348465
0.348465
0.348465
0.348465
0.348465
0.348473
0.348473
0.348473
0.348473
0.348473
0.348474
0.348474
0.348474
0.348474
0.348474
0.348474
0.348474
0.348474
0.348483
0.348483
0.348488
0.348488
0.348488
0.348488
0.348488
0.348488
0.348496
0.348496
0.348496
0.348496
0.348496
0.348496
0.348496
0.348496
0.348496
0.348505
0.348505
0.348505
0.348505
0.348505
0.348529
0.348529
0.348529
0.348529
0.348529
0.348529
0.348529
0.348529
0.348529
0.348529
0.348529
0.348529
0.348529
0.348529
0.348529
0.348529
0.348529
0.348563
0.348563
0.348563
0.348567
0.348567
0.348567
0.348567
0.348567
0.348567
0.348567
0.348562
0.348562
0.348562
0.348603
0.348603
0.348614
0.348614
0.348614
0.348614
0.348614
0.348614
0.348614
0.348614
0.348614
0.348614
0.348620
0.348620
0.348620
0.348620
0.348620
0.348620
0.348622
0.348622
0.348628
0.348648
0.348648
0.348648
0.348648
0.348648
0.348650
0.348650
0.348650
0.348650
0.348650
0.348662
0.348662
0.348673
0.348673
0.348673
0.348673
0.348685
0.348686
0.348686
0.348686
0.348686
0.348694
0.348694
0.348724
0.348724
0.348724
0.348724
0.348724
0.348713
0.348713
0.348713
0.348713
0.348713
0.348713
0.348717
0.348717
0.348717
0.348717
0.348717
0.348717
0.348717
0.348717
0.348717
0.348717
0.348717
0.348717
0.348717
0.348718
0.348720
0.348726
0.348726
0.348726
0.348726
0.348726
0.348726
0.348726
0.348726
0.348726
0.348726
0.348726
0.348722
0.348722
0.348722
0.348722
0.348722
0.348722
0.348722
0.348722
0.348722
0.348722
0.348722
0.348722
0.348722
0.348734
0.348734
0.348757
0.348757
0.348757
0.348757
0.348757
0.348757
0.348757
0.348757
0.348757
0.348757
0.348757
0.348764
0.348764
0.348764
0.348764
0.348764
0.348764
0.348766
0.348766
0.348766
0.348766
0.348766
0.348766
0.348778
0.348775
0.348775
0.348775
0.348775
0.348775
0.348775
0.348776
0.348776
0.348776
0.348770
0.348772
0.348776
0.348776
0.348779
0.348779
0.348781
0.348781
0.348781
0.348781
0.348781
0.348787
0.348787
0.348796
0.348794
0.348794
0.348794
0.348794
0.348795
0.348795
0.348795
0.348798
0.348798
0.348798
0.348798
0.348798
0.348798
0.348798
0.348798
0.348798
0.348802
0.348802
0.348802
0.348802
0.348802
0.348803
0.348803
0.348803
0.348803
0.348803
0.348803
0.348803
0.348797
0.348856
0.348856
0.348861
0.348861
0.348861
0.348861
0.348861
0.348861
0.348861
0.348867
0.348867
0.348867
0.348867
0.348867
0.348867
0.348867
0.348875
0.348875
0.348875
0.348875
0.348875
0.348875
0.348875
0.348875
0.348878
0.348878
0.348878
0.348767
0.348715
0.348723
0.348723
0.348723
0.348723
0.348723
0.348723
0.348723
0.348723
0.348715
0.348715
0.348718
0.348720
0.348720
0.348723
0.348723
0.348723
0.348723
0.348723
0.348723
0.348723
0.348723
0.348723
0.348723
0.348723
0.348723
0.348735
0.348738
0.348738
0.348738
0.348738
0.348738
0.348738
0.348738
0.348738
0.348738
0.348750
0.348750
0.348750
0.348750
0.348750
0.348760
0.348760
0.348760
0.348760
0.348760
0.348760
0.348759
0.348759
0.348771
0.348771
0.348771
0.348771
0.348771
0.348771
0.348776
0.348777
0.348777
0.348777
0.348787
0.348787
0.348787
0.348787
0.348787
0.348787
0.348787
0.348787
0.348787
0.348787
0.348787
0.348787
0.348787
0.348787
0.348834
0.348834
0.348834
0.348834
0.348834
0.348847
0.348847
0.348852
0.348852
0.348852
0.348852
0.348852
0.348852
0.348852
0.348852
0.348852
0.348852
0.348852
0.348852
0.348852
0.348852
0.348852
0.348880
0.348880
0.348880
0.348880
0.348880
0.348880
0.348880
0.348880
0.348880
0.348882
0.348882
0.348882
0.348882
0.348882
0.348882
0.348882
0.348885
0.348885
0.348886
0.348904
0.348904
0.348904
0.348904
0.348904
0.348904
0.348904
0.348903
0.348903
0.348903
0.348903
0.348903
0.348903
0.348903
0.348905
0.348905
0.348905
0.348905
0.348905
0.348905
0.348905
0.348905
0.348905
0.348907
0.348907
0.348907
0.348907
0.348906
0.348906
0.348906
0.348906
0.348906
0.348906
0.348906
0.348906
0.348906
0.348907
0.348909
0.348909
0.348909
0.348909
0.348909
0.348909
0.348909
0.348909
0.348830
0.348830
0.348830
0.348830
0.348827
0.348823
0.348807
0.348807
0.348807
0.348807
0.348807
0.348807
0.348807
0.348807
0.348807
0.348812
0.348812
0.348812
0.348812
0.348812
0.348812
0.348812
0.348812
0.348812
0.348812
0.348812
0.348812
0.348815
0.348815
0.348817
0.348817
0.348817
0.348817
0.348817
0.348822
0.348822
0.348826
0.348826
0.348826
0.348826
0.348826
0.348827
0.348827
0.348827
0.348827
0.348827
0.348827
0.348827
0.348827
0.348827
0.348827
0.348827
0.348827
0.348822
0.348825
0.348825
0.348825
0.348856
0.348856
0.348858
0.348858
0.348858
0.348858
0.348881
0.348881
0.348881
0.348881
0.348857
0.348857
0.348857
0.348867
0.348867
0.348867
0.348868
0.348868
0.348868
0.348896
0.348896
0.348896
0.348891
0.348891
0.348896
0.348896
0.348896
0.348896
0.348896
0.348896
0.348896
0.348896
0.348921
0.348941
0.348941
0.348938
0.348938
0.348939
0.348939
0.348939
0.348939
0.348939
0.348953
0.348953
0.348953
0.348953
0.348953
0.348953
0.348953
0.348953
0.348953
0.348953
0.348953
0.348953
0.348953
0.348954
0.348954
0.348954
0.348954
0.348954
0.348954
0.348954
0.348954
0.348948
0.348949
0.348949
0.348949
0.348949
0.348949
0.348949
0.348949
0.348949
0.348949
0.348949
0.348953
0.348953
0.348953
0.348953
0.348953
0.348953
0.348952
0.348952
0.348952
0.348954
0.348954
0.348954
0.348950
0.348950
0.348951
0.348957
0.348957
0.348962
0.348962
0.348962
0.348962
0.348962
0.348864
0.348864
0.348864
0.348892
0.348892
0.348892
0.348892
0.348893
0.348893
0.348902
0.348902
0.348902
0.348902
0.348902
0.348896
0.348896
0.348896
0.348896
0.348896
0.348896
0.348896
0.348896
0.348897
0.348897
0.348897
0.348897
0.348897
0.348897
0.348898
0.348902
0.348902
0.348902
0.348902
0.348902
0.348903
0.348903
0.348908
0.348908
0.348908
0.348911
0.348886
0.348886
0.348879
0.348880
0.348880
0.348880
0.348880
0.348880
0.348880
0.348880
0.348880
0.348880
0.348880
0.348880
0.348886
0.348886
0.348886
0.348886
0.348886
0.348886
0.348886
0.348886
0.348886
0.348886
0.348889
0.348891
0.348891
0.348891
0.348898
0.348898
0.348898
0.348898
0.348898
0.348899
0.348899
0.348899
0.348905
0.348905
0.348905
0.348975
0.348975
0.348975
0.348975
0.348972
0.348972
0.349034
0.349045
0.349046
0.349046
0.349046
0.349049
0.349049
0.349049
0.349049
0.349051
0.349052
0.349052
0.349052
0.349053
0.349053
0.349053
0.349055
0.349055
0.349055
0.349108
0.349108
0.349108
0.349108
0.349108
0.349108
0.349124
0.349124
0.349124
0.349124
0.349124
0.349165
0.349165
0.349179
0.349179
0.349182
0.349191
0.349191
0.349191
0.349191
0.349191
0.349191
0.349191
0.349191
0.349191
0.349191
0.349191
0.349191
0.349191
0.349191
0.349191
0.349191
0.349191
0.349191
0.349191
0.349191
0.349191
0.349191
0.349191
0.349191
0.349191
0.349191
0.349192
0.349192
0.349192
0.349192
0.349192
0.349192
0.349192
0.349192
0.349192
0.349192
0.349193
0.349193
0.349221
0.349221
0.349221
0.349221
0.349221
0.349221
0.349221
0.349221
0.349221
0.349221
0.349224
0.349224
0.349224
0.349224
0.349224
0.349226
0.349226
0.349239
0.349239
0.349239
0.349239
0.349239
0.349242
0.349242
0.349242
0.349242
0.349242
0.349242
0.349242
0.349242
0.349242
0.349324
0.349324
0.349324
0.349324
0.349324
0.349324
0.349324
0.349324
0.349324
0.349324
0.349324
0.349324
0.349324
0.349324
0.349346
0.349346
0.349346
0.349346
0.349346
0.349346
0.349346
0.349346
0.349346
0.349367
0.349372
0.349382
0.349382
0.349382
0.349382
0.349382
0.349382
0.349382
0.349382
0.349382
0.349382
0.349382
0.349382
0.349382
0.349384
0.349384
0.349384
0.349386
0.349384
0.349384
0.349384
0.349384
0.349384
0.349387
0.349387
0.349387
0.349387
0.349387
0.349411
0.349411
0.349411
0.349411
0.349411
0.349411
0.349411
0.349411
0.349411
0.349411
0.349411
0.349411
0.349411
0.349441
0.349441
0.349441
0.349441
0.349441
0.349441
0.349443
0.349443
0.349443
0.349443
0.349443
0.349443
0.349443
0.349443
0.349443
0.349443
0.349443
0.349443
0.349466
0.349466
0.349469
0.349472
0.349472
0.349478
0.349478
0.349478
0.349478
0.349478
0.349483
0.349483
0.349483
0.349483
0.349489
0.349489
0.349489
0.349489
0.349489
0.349489
0.349489
0.349504
0.349518
0.349518
0.349518
0.349518
0.349518
0.349518
0.349518
0.349518
0.349518
0.349518
0.349518
0.349518
0.349518
0.349518
0.349518
0.349520
0.349520
0.349520
0.349520
0.349520
0.349520
0.349520
0.349520
0.349520
0.349510
0.349510
0.349510
0.349455
0.349455
0.349463
0.349463
0.349469
0.349469
0.349469
0.349469
0.349469
0.349469
0.349469
0.349469
0.349472
0.349472
0.349472
0.349472
0.349472
0.349472
0.349472
0.349476
0.349476
0.349486
0.349486
0.349486
0.349486
0.349486
0.349490
0.349490
0.349490
0.349490
0.349499
0.349501
0.349501
0.349504
0.349504
0.349504
0.349504
0.349504
0.349504
0.349504
0.349504
0.349504
0.349506
0.349507
0.349507
0.349507
0.349507
0.349507
0.349507
0.349507
0.349507
0.349507
0.349464
0.349464
0.349464
0.349464
0.349464
0.349467
0.349467
0.349467
0.349467
0.349467
0.349467
0.349503
0.349503
0.349503
0.349505
0.349505
0.349505
0.349505
0.349505
0.349505
0.349505
0.349505
0.349505
0.349505
0.349505
0.349505
0.349505
0.349505
0.349513
0.349513
0.349513
0.349522
0.349522
0.349522
0.349522
0.349533
0.349535
0.349536
0.349536
0.349536
0.349536
0.349536
0.349536
0.349536
0.349541
0.349541
0.349541
0.349541
0.349548
0.349553
0.349553
0.349562
0.349562
0.349563
0.349560
0.349560
0.349560
0.349560
0.349560
0.349560
0.349560
0.349560
0.349560
0.349560
0.349559
0.349559
0.349559
0.349559
0.349559
0.349559
0.349574
0.349574
0.349574
0.349570
0.349570
0.349570
0.349570
0.349570
0.349570
0.349570
0.349570
0.349570
0.349577
0.349577
0.349583
0.349583
0.349583
0.349583
0.349583
0.349583
0.349583
0.349583
0.349583
0.349589
0.349589
0.349589
0.349589
0.349589
0.349589
0.349589
0.349589
0.349589
0.349593
0.349593
0.349594
0.349560
0.349560
0.349560
0.349560
0.349560
0.349560
0.349560
0.349560
0.349560
0.349560
0.349560
0.349560
0.349560
0.349578
0.349576
0.349576
0.349576
0.349576
0.349444
0.349441
0.349441
0.349441
0.349441
0.349449
0.349473
0.349468
0.349468
0.349478
0.349487
0.349487
0.349487
0.349487
0.349487
0.349487
0.349487
0.349492
0.349492
0.349492
0.349492
0.349492
0.349492
0.349492
0.349492
0.349492
0.349492
0.349492
0.349499
0.349499
0.349519
0.349519
0.349519
0.349516
0.349516
0.349516
0.349516
0.349516
0.349516
0.349516
0.349516
0.349516
0.349516
0.349516
0.349516
0.349516
0.349529
0.349529
0.349529
0.349531
0.349531
0.349531
0.349531
0.349531
0.349531
0.349533
0.349533
0.349533
0.349533
0.349543
0.349549
0.349549
0.349549
0.349562
0.349562
0.349562
0.349562
0.349562
0.349566
0.349567
0.349567
0.349567
0.349567
0.349567
0.349567
0.349567
0.349567
0.349567
0.349567
0.349567
0.349567
0.349576
0.349587
0.349587
0.349587
0.349587
0.349587
0.349587
0.349587
0.349587
0.349587
0.349587
0.349587
0.349587
0.349587
0.349587
0.349587
0.349587
0.349598
0.349598
0.349598
0.349598
0.349598
0.349645
0.349647
0.349665
0.349665
0.349665
0.349667
0.349667
0.349667
0.349667
0.349667
0.349667
0.349667
0.349667
0.349667
0.349668
0.349668
0.349668
0.349668
0.349668
0.349668
0.349668
0.349668
0.349668
0.349668
0.349670
0.349670
0.349670
0.349672
0.349672
0.349672
0.349672
0.349672
0.349672
0.349672
0.349672
0.349672
0.349672
0.349673
0.349673
0.349673
0.349673
0.349673
0.349673
0.349673
0.349673
0.349673
0.349673
0.349673
0.349673
0.349673
0.349673
0.349673
0.349673
0.349681
0.349681
0.349683
0.349683
0.349683
0.349683
0.349683
0.349683
0.349683
0.349683
0.349683
0.349684
0.349684
0.349684
0.349684
0.349684
0.349684
0.349684
0.349680
0.349680
0.349680
0.349682
0.349682
0.349682
0.349682
0.349682
0.349682
0.349682
0.349682
0.349682
0.349683
0.349683
0.349691
0.349691
0.349691
0.349694
0.349694
0.349694
0.349694
0.349694
0.349689
0.349689
0.349689
0.349689
0.349689
0.349689
0.349689
0.349689
0.349690
0.349694
0.349694
0.349694
0.349694
0.349688
0.349688
0.349688
0.349688
0.349688
0.349688
0.349688
0.349688
0.349688
0.349673
0.349673
0.349673
0.349687
0.349687
0.349687
0.349687
0.349687
0.349687
0.349687
0.349687
0.349687
0.349687
0.349690
0.349690
0.349690
0.349690
0.349690
0.349718
0.349718
0.349718
0.349718
0.349721
0.349721
0.349721
0.349722
0.349722
0.349722
0.349871
0.349871
0.349871
0.349874
0.349874
0.349874
0.349874
0.349879
0.349879
0.349879
0.349879
0.349879
0.349879
0.349880
0.349880
0.349880
0.349880
0.349880
0.349883
0.349883
0.349883
0.349883
0.349883
0.349883
0.349902
0.349902
0.349902
0.349902
0.349902
0.349902
0.349905
0.349905
0.349905
0.349905
0.349905
0.349905
0.349960
0.349960
0.349960
0.349960
0.349960
0.349960
0.349960
0.349960
0.349960
0.349960
0.349977
0.349977
0.349977
0.349977
0.349977
0.349977
0.349977
0.349977
0.349977
0.349977
0.349977
0.349977
0.349977
0.349977
0.349977
0.349977
0.349977
0.349979
0.349979
0.349979
0.349979
0.349979
0.349979
0.349979
0.349979
0.349979
0.349979
0.349979
0.349980
0.349980
0.349980
0.349980
0.349980
0.349980
0.349980
0.349980
0.349980
0.349980
0.349980
0.349980
0.349980
0.349980
0.349980
0.349983
0.349983
0.349983
0.349983
0.349983
0.349983
0.349986
0.349986
0.349986
0.349986
0.349986
0.349986
0.349986
0.349895
0.349895
0.349895
0.349895
0.349904
0.349904
0.349904
0.349904
0.350031
0.350031
0.350040
0.350040
0.350040
0.350042
0.350042
0.350042
0.350042
0.350043
0.350043
0.350047
0.350047
0.350047
0.350047
0.350064
0.350064
0.350064
0.350064
0.350065
0.350066
0.350066
0.350066
0.350066
0.350066
0.350066
0.350066
0.350066
0.350066
0.350065
0.350065
0.350065
0.350065
0.350065
0.350065
0.350065
0.350065
0.350065
0.350065
0.350065
0.350065
0.350065
0.350065
0.350066
0.350069
0.350069
0.350069
0.350069
0.350069
0.350083
0.350083
0.350013
0.350018
0.350019
0.350019
0.350019
0.350019
0.350019
0.350019
0.350019
0.350019
0.350019
0.350026
0.350026
0.350024
0.350024
0.350022
0.350127
0.350128
0.350128
0.350128
0.350128
0.350128
0.350128
0.350128
0.350128
0.350120
0.350120
0.350120
0.350120
0.350171
0.350171
0.350171
0.350171
0.350171
0.350175
0.350175
0.350175
0.350175
0.350175
0.350175
0.350175
0.350178
0.350178
0.350178
0.350178
0.350178
0.350178
0.350178
0.350178
0.350178
0.350178
0.350178
0.350178
0.350178
0.350178
0.350178
0.350178
0.350178
0.350178
0.350189
0.350189
0.350190
0.350190
0.350190
0.350198
0.350207
0.350208
0.350208
0.350211
0.350211
0.350211
0.350211
0.350236
0.350248
0.350248
0.350258
0.350258
0.350258
0.350258
0.350271
0.350271
0.350271
0.350271
0.350271
0.350289
0.350289
0.350289
0.350289
0.350289
0.350301
0.350301
0.350301
0.350301
0.350302
0.350302
0.350308
0.350308
0.350308
0.350308
0.350340
0.350340
0.350340
0.350340
0.350340
0.350340
0.350341
0.350341
0.350341
0.350341
0.350341
0.350341
0.350341
0.350341
0.350341
0.350341
0.350341
0.350341
0.350343
0.350343
0.350343
0.350343
0.350343
0.350339
0.350337
0.350338
0.350338
0.350340
0.350340
0.350340
0.350340
0.350340
0.350340
0.350340
0.350340
0.350347
0.350347
0.350347
0.350441
0.350441
0.350441
0.350442
0.350442
0.350442
0.350443
0.350443
0.350443
0.350443
0.350443
0.350443
0.350443
0.350443
0.350443
0.350443
0.350443
0.350443
0.350443
0.350443
0.350443
0.350443
0.350443
0.350443
0.350443
0.350443
0.350443
0.350461
0.350467
0.350467
0.350467
0.350469
0.350469
0.350469
0.350478
0.350478
