-0.139838
-0.134638
-0.128809
-0.121347
-0.114610
-0.113264
-0.109179
-0.105244
-0.104465
-0.099432
-0.097873
-0.097727
-0.095613
-0.094007
-0.083834
-0.082923
-0.082121
-0.079180
-0.077723
-0.079742
-0.079885
-0.075994
-0.079861
-0.075676
-0.073361
-0.071382
-0.069858
-0.069218
-0.070374
-0.065964
-0.068221
-0.067162
-0.065610
-0.064425
-0.058139
-0.060319
-0.056091
-0.059443
-0.055238
-0.057104
-0.050114
-0.049013
-0.047214
-0.047715
-0.051223
-0.048168
-0.047512
-0.047376
-0.048824
-0.041411
-0.041990
-0.041122
-0.040598
-0.035323
-0.031093
-0.037262
-0.040802
-0.034497
-0.034379
-0.035466
-0.033916
-0.030945
-0.031906
-0.032738
-0.032581
-0.037833
-0.033563
-0.027134
-0.023282
-0.021142
-0.023851
-0.024075
-0.025222
-0.022710
-0.024050
-0.018979
-0.023785
-0.015417
-0.013366
-0.013928
-0.013900
-0.013297
-0.009463
-0.007396
-0.007644
-0.006206
-0.009652
0.000088
-0.006560
-0.006732
-0.004108
-0.001143
0.000614
0.001157
-0.008314
-0.003264
0.002288
0.000923
-0.004287
-0.001171
0.001688
0.007231
0.002669
-0.000859
0.001991
0.004869
0.006798
0.011897
0.001061
0.012626
0.016925
0.007108
0.014630
0.007172
0.011215
0.014142
0.014675
0.015225
0.009782
0.010992
0.013820
0.018745
0.018933
0.019855
0.023343
0.020033
0.027663
0.011193
0.017998
0.023353
0.031459
0.023191
0.021361
0.020013
0.033710
0.027606
0.015358
0.015634
0.029542
0.029806
0.027236
0.026450
0.031879
0.027070
0.025225
0.027758
0.026064
0.022374
0.028463
0.024192
0.023097
0.029090
0.027391
0.036999
0.031659
0.027121
0.039896
0.037863
0.046969
0.045768
0.040430
0.034721
0.046014
0.036596
0.045936
0.043391
0.027644
0.012893
0.037985
0.034590
0.038563
0.044422
0.038962
0.042530
0.029716
0.030126
0.040570
0.042103
0.047622
0.036530
0.039271
0.036232
0.050466
0.046429
0.054717
0.045516
0.054050
0.050538
0.056715
0.049451
0.043365
0.055771
0.057424
0.055120
0.058576
0.053512
0.049373
0.062405
0.059257
0.048050
0.051362
0.051710
0.060061
0.057592
0.050235
0.061805
0.053810
0.050988
0.052110
0.058136
0.059876
0.049355
0.051016
0.053156
0.068602
0.066212
0.070296
0.053050
0.047250
0.055286
0.063701
0.062916
0.059039
0.053695
0.049541
0.059164
0.061427
0.069246
0.064904
0.060544
0.062578
0.067568
0.066497
0.068751
0.073503
0.065290
0.064810
0.068910
0.065671
0.061018
0.054631
0.058382
0.069270
0.072603
0.068257
0.071895
0.060078
0.062065
0.057330
0.063373
0.064484
0.072856
0.067630
0.066965
0.072569
0.063906
0.072252
0.067930
0.084686
0.079799
0.066339
0.071597
0.059158
0.062286
0.077950
0.075064
0.087892
0.071120
0.064814
0.069632
0.074781
0.081565
0.076965
0.083294
0.075817
0.075737
0.069877
0.073466
0.076299
0.073564
0.080231
0.081018
0.069881
0.074122
0.088704
0.075138
0.070002
0.066204
0.077139
0.077272
0.081746
0.067503
0.072160
0.064269
0.067948
0.064536
0.070906
0.079718
0.077849
0.080834
0.062752
0.069749
0.083715
0.086615
0.082784
0.083048
0.086888
0.076886
0.075199
0.066715
0.072787
0.085382
0.088497
0.084307
0.088954
0.085372
0.087008
0.082464
0.090155
0.085704
0.088192
0.090435
0.091345
0.090156
0.079915
0.072214
0.080543
0.075713
0.075272
0.093926
0.103659
0.093477
0.093472
0.091575
0.091179
0.083847
0.085647
0.078854
0.096961
0.087654
0.086070
0.108027
0.086040
0.093214
0.092698
0.096084
0.085393
0.097751
0.094844
0.079127
0.083537
0.090204
0.081927
0.087528
0.089846
0.098193
0.098359
0.105885
0.095079
0.097662
0.089957
0.087675
0.097281
0.094356
0.088100
0.063865
0.076541
0.085151
0.097913
0.097106
0.089211
0.099345
0.097449
0.104078
0.099330
0.099032
0.097315
0.092321
0.091466
0.097316
0.101111
0.106816
0.100773
0.099100
0.089381
0.090319
0.097681
0.099302
0.095484
0.107899
0.095258
0.104848
0.100953
0.104878
0.095436
0.090463
0.098347
0.093207
0.087128
0.089360
0.089910
0.098790
0.100631
0.091794
0.101346
0.108753
0.103886
0.086449
0.085113
0.089481
0.099263
0.108795
0.105723
0.099688
0.106624
0.103140
0.109756
0.105376
0.106355
0.097454
0.096163
0.106495
0.095438
0.109354
0.112647
0.102565
0.106564
0.108569
0.099711
0.096647
0.101241
0.087209
0.091128
0.090758
0.107626
0.105058
0.094410
0.105991
0.111928
0.091909
0.107742
0.102292
0.106995
0.109734
0.109167
0.102577
0.101537
0.102987
0.103606
0.099443
0.106818
0.116841
0.112923
0.103570
0.113322
0.096143
0.103857
0.101778
0.100632
0.106657
0.107290
0.112512
0.106934
0.103001
0.126568
0.106917
0.100905
0.090634
0.098547
0.116889
0.118198
0.113484
0.118533
0.119753
0.112537
0.102474
0.109979
0.110065
0.098717
0.094068
0.100258
0.117399
0.115446
0.111948
0.115157
0.122743
0.117000
0.117961
0.112983
0.114394
0.117206
0.116617
0.119090
0.127903
0.119900
0.106064
0.115756
0.112679
0.118709
0.119970
0.116489
0.119479
0.104389
0.111321
0.100325
0.109140
0.123685
0.124204
0.101812
0.111762
0.116468
0.115602
0.107487
0.106789
0.116899
0.103462
0.106914
0.112861
0.103394
0.103815
0.130834
0.123415
0.115132
0.121798
0.123891
0.120073
0.120488
0.124864
0.121528
0.122371
0.111046
0.128303
0.121506
0.109152
0.117212
0.122362
0.126282
0.117181
0.129401
0.122805
0.115519
0.125580
0.127719
0.104668
0.098079
0.118466
0.123181
0.123876
0.116370
0.105526
0.122792
0.126812
0.128202
0.123932
0.121313
0.131835
0.135283
0.128194
0.121800
0.122875
0.127055
0.119298
0.131180
0.114539
0.119674
0.106701
0.127200
0.129631
0.114801
0.123137
0.123981
0.123393
0.123457
0.128839
0.132455
0.121597
0.122330
0.128928
0.131156
0.114788
0.106834
0.120000
0.132957
0.123501
0.128574
0.127379
0.118167
0.141058
0.131470
0.126592
0.141107
0.119157
0.135674
0.130469
0.113076
0.116655
0.126466
0.122555
0.140156
0.143224
0.130065
0.134803
0.133432
0.120374
0.110105
0.134864
0.120495
0.124465
0.132784
0.141317
0.135086
0.134006
0.126196
0.125934
0.128502
0.126870
0.116443
0.119689
0.114362
0.141306
0.133000
0.111953
0.116788
0.129681
0.125319
0.119612
0.142265
0.131941
0.114334
0.119584
0.107957
0.123920
0.138405
0.135753
0.132534
0.143418
0.128594
0.122575
0.121343
0.102770
0.138290
0.142400
0.144995
0.131053
0.137060
0.121415
0.131932
0.128198
0.122034
0.137826
0.138284
0.130905
0.129572
0.127404
0.130517
0.136649
0.140708
0.127440
0.128500
0.136856
0.135000
0.137076
0.137270
0.138580
0.131027
0.132264
0.138536
0.126009
0.124248
0.107645
0.135281
0.141645
0.136043
0.134692
0.130336
0.121631
0.125198
0.148428
0.143536
0.123567
0.137035
0.142127
0.140395
0.144457
0.132043
0.138184
0.145329
0.152138
0.136923
0.137962
0.141165
0.134885
0.139047
0.126668
0.132439
0.130425
0.138992
0.136333
0.138300
0.123243
0.131890
0.140344
0.128935
0.142034
0.139719
0.140401
0.138456
0.141181
0.132407
0.145091
0.151675
0.146034
0.140097
0.129237
0.129602
0.140888
0.150224
0.141263
0.141934
0.139315
0.150183
0.142933
0.137797
0.149884
0.147755
0.139168
0.138064
0.125024
0.125897
0.126510
0.136860
0.125117
0.120680
0.151482
0.140481
0.143730
0.144500
0.139733
0.142029
0.134551
0.113231
0.111108
0.127864
0.120573
0.106489
0.117652
0.134231
0.128529
0.154235
0.123194
0.153421
0.137541
0.139287
0.141841
0.150939
0.136626
0.126652
0.132629
0.138150
0.152593
0.147218
0.145352
0.146391
0.152532
0.135075
0.133275
0.133459
0.119043
0.128514
0.139649
0.142867
0.144698
0.134389
0.142608
0.136979
0.130903
0.130549
0.128010
0.145313
0.144325
0.142936
0.137621
0.151971
0.134795
0.137503
0.141226
0.144915
0.146588
0.151090
0.135719
0.130043
0.149944
0.135075
0.136038
0.128285
0.129654
0.125138
0.117922
0.131095
0.135391
0.139541
0.149436
0.135027
0.141255
0.131699
0.132929
0.138904
0.131432
0.136892
0.140842
0.141619
0.142623
0.152829
0.137265
0.145877
0.150494
0.147809
0.144586
0.119726
0.124133
0.116870
0.147866
0.140224
0.145890
0.139562
0.132548
0.138502
0.135436
0.148441
0.140839
0.144263
0.129728
0.128964
0.123704
0.134290
0.133308
0.134649
0.142923
0.140718
0.151586
0.137105
0.135693
0.135438
0.154587
0.139725
0.146240
0.144934
0.139735
0.163125
0.152720
0.143293
0.153510
0.134672
0.157494
0.132318
0.138997
0.160708
0.160101
0.143665
0.140169
0.144730
0.140682
0.139532
0.148004
0.161847
0.153099
0.155468
0.152333
0.166014
0.144834
0.141451
0.158530
0.150027
0.147494
0.138477
0.151429
0.135359
0.120449
0.139743
0.161914
0.147796
0.159981
0.153338
0.141514
0.133534
0.139656
0.155434
0.152620
0.147377
0.129094
0.161080
0.139399
0.141816
0.135054
0.139204
0.149687
0.154783
0.141073
0.155246
0.162726
0.161648
0.157298
0.142643
0.136338
0.158047
0.154649
0.147712
0.155428
0.153211
0.158436
0.148116
0.161891
0.147310
0.157640
0.144475
0.149197
0.140411
0.138980
0.155461
0.148763
0.150177
0.156383
0.151634
0.156782
0.146709
0.155733
0.166570
0.157129
0.151611
0.162581
0.159991
0.138051
0.145897
0.138493
0.145524
0.147275
0.145985
0.142527
0.151178
0.154786
0.138968
0.150208
0.154709
0.158940
0.161366
0.166304
0.157023
0.155177
0.157201
0.130930
0.157335
0.132488
0.147571
0.148531
0.144294
0.154281
0.158815
0.164366
0.160217
0.171194
0.165344
0.153253
0.163152
0.150951
0.145321
0.159893
0.155452
0.153768
0.138029
0.124197
0.134091
0.153750
0.148905
0.137930
0.149579
0.152437
0.159341
0.153334
0.169853
0.168643
0.160911
0.170155
0.170836
0.164044
0.156097
0.147830
0.149748
0.152435
0.136734
0.127173
0.149851
0.156863
0.150451
0.141237
0.166876
0.174423
0.157943
0.154132
0.140982
0.140511
0.165433
0.158742
0.152123
0.165008
0.169004
0.147024
0.150023
0.151079
0.141481
0.145241
0.151743
0.129816
0.160748
0.146984
0.153477
0.167315
0.133134
0.150999
0.144254
0.148038
0.173048
0.160379
0.158647
0.171666
0.144132
0.156448
0.171118
0.161898
0.156420
0.146709
0.158800
0.164642
0.152263
0.153503
0.148022
0.153366
0.160050
0.154648
0.154221
0.152117
0.150866
0.134443
0.172257
0.162295
0.150517
0.152188
0.144922
0.161646
0.160264
0.151256
0.127822
0.138867
0.136518
0.154049
0.162071
0.152290
0.164940
0.170465
0.159679
0.150427
0.147139
0.135715
0.140851
0.159188
0.157941
0.158725
0.149172
0.159147
0.156421
0.156976
0.143110
0.142945
0.150461
0.152624
0.153056
0.155954
0.156091
0.152190
0.133503
0.149454
0.148782
0.157910
0.153988
0.149399
0.145192
0.148708
0.157398
0.154689
0.143579
0.145547
0.146550
0.148962
0.160000
0.164544
0.140147
0.136760
0.130424
0.162297
0.151987
0.152952
0.166445
0.155232
0.147521
0.152287
0.166226
0.164044
0.148608
0.164146
0.159925
0.160738
0.162044
0.156124
0.161960
0.175447
0.171717
0.170069
0.158548
0.155096
0.150193
0.156555
0.146603
0.155812
0.152608
0.145493
0.149948
0.148329
0.166966
0.153323
0.140490
0.163115
0.157380
0.168186
0.162801
0.154655
0.162491
0.164536
0.148586
0.132230
0.144467
0.167791
0.158736
0.166808
0.164952
0.171313
0.176361
0.157097
0.167457
0.174634
0.171712
0.146570
0.164594
0.172114
0.173762
0.152850
0.154819
0.156351
0.162618
0.159418
0.146161
0.157002
0.156095
0.145051
0.135137
0.160976
0.162509
0.166721
0.153469
0.170707
0.165955
0.168139
0.155158
0.148222
0.142573
0.156240
0.127993
0.132467
0.148271
0.139867
0.167184
0.176182
0.187320
0.180366
0.185938
0.185194
0.165518
0.157911
0.144723
0.149770
0.170600
0.168857
0.164736
0.174044
0.170866
0.175236
0.173001
0.167806
0.174696
0.146125
0.139495
0.136887
0.151973
0.154008
0.158039
0.165658
0.178927
0.152031
0.152769
0.171455
0.162355
0.184531
0.183852
0.182336
0.184048
0.167749
0.170296
0.173037
0.173038
0.165921
0.131017
0.174075
0.178036
0.153085
0.177804
0.167969
0.162601
0.135897
0.148592
0.183647
0.165658
0.171638
0.156402
0.155216
0.149379
0.156392
0.158364
0.165148
0.169699
0.166465
0.178104
0.185288
0.164724
0.171010
0.143873
0.149148
0.156170
0.168090
0.176061
0.177126
0.177919
0.157604
0.168983
0.170022
0.163329
0.169339
0.172445
0.168156
0.159402
0.156385
0.152089
0.168207
0.154567
0.170091
0.159304
0.163211
0.157207
0.149133
0.141766
0.153602
0.179140
0.172324
0.154117
0.172288
0.171043
0.165397
0.152883
0.155652
0.145993
0.163776
0.171099
0.179318
0.154120
0.173120
0.189712
0.182943
0.162928
0.175065
0.174353
0.163532
0.184033
0.173621
0.190597
0.182479
0.163283
0.156607
0.158552
0.156346
0.160582
0.138951
0.159843
0.149201
0.151035
0.164838
0.152737
0.150598
0.141923
0.145847
0.156467
0.126928
0.160609
0.169240
0.162053
0.170913
0.160597
0.172912
0.144619
0.167868
0.186669
0.161488
0.169582
0.168817
0.177062
0.171762
0.175042
0.153886
0.164441
0.157824
0.168441
0.162533
0.176737
0.161927
0.167275
0.173977
0.161155
0.157021
0.153779
0.140065
0.159681
0.152486
0.147274
0.176470
0.177736
0.184741
0.185211
0.174682
0.170886
0.173830
0.165621
0.153370
0.175283
0.185424
0.172058
0.188021
0.173431
0.158161
0.174526
0.181099
0.172121
0.167240
0.167109
0.159446
0.186758
0.162392
0.149316
0.161744
0.176460
0.169047
0.156148
0.171937
0.159299
0.184325
0.165649
0.178207
0.155722
0.153516
0.164871
0.182503
0.164838
0.155130
0.152883
0.172718
0.168552
0.181089
0.177167
0.172487
0.172486
0.191601
0.188943
0.189010
0.175033
0.179309
0.168366
0.175470
0.185745
0.174720
0.183208
0.179732
0.168423
0.166683
0.174861
0.163612
0.183579
0.177934
0.177076
0.186889
0.187231
0.168283
0.189092
0.189700
0.185741
0.186865
0.169751
0.163309
0.166730
0.167685
0.177013
0.158847
0.181195
0.197255
0.190324
0.185819
0.178898
0.144350
0.174372
0.172089
0.159724
0.162909
0.162913
0.167085
0.173995
0.172242
0.179395
0.182303
0.181261
0.181540
0.179674
0.173695
0.162032
0.180886
0.181382
0.193684
0.171671
0.185155
0.190193
0.183746
0.190010
0.188614
0.169347
0.168136
0.176182
0.168420
0.151592
0.178035
0.185197
0.164298
0.174932
0.148820
0.152041
0.165044
0.192875
0.184621
0.168038
0.186749
0.170846
0.167890
0.186076
0.181120
0.176903
0.188957
0.182682
0.192421
0.177778
0.170024
0.163550
0.165062
0.144678
0.165065
0.151271
0.184310
0.179428
0.177467
0.156070
0.175042
0.161021
0.148692
0.144015
0.135576
0.170503
0.169809
0.177206
0.189901
0.191952
0.194936
0.187192
0.176846
0.184373
0.182804
0.168384
0.166684
0.157720
0.171608
0.177064
0.170163
0.171924
0.174987
0.204231
0.193646
0.161143
0.155381
0.185559
0.168629
0.168332
0.177405
0.175967
0.169241
0.173398
0.167124
0.160038
0.173974
0.186661
0.170879
0.158981
0.166101
0.168801
0.169322
0.139568
0.172854
0.191553
0.185610
0.188261
0.181316
0.179949
0.188846
0.163473
0.180378
0.179450
0.169311
0.173196
0.182488
0.190955
0.201818
0.158234
0.164968
0.182038
0.162844
0.186061
0.163127
0.156626
0.183423
0.187989
0.175720
0.160945
0.162215
0.163449
0.174437
0.171821
0.169955
0.179363
0.178189
0.180007
0.171414
0.172230
0.170813
0.185734
0.174298
0.172604
0.191489
0.202280
0.190418
0.171842
0.195071
0.176165
0.190222
0.188897
0.171031
0.163878
0.173804
0.183754
0.182127
0.165795
0.180922
0.178454
0.165003
0.164397
0.187074
0.185442
0.172164
0.171820
0.179167
0.194878
0.183533
0.176753
0.187169
0.179896
0.169119
0.175193
0.166357
0.180124
0.167724
0.178685
0.175341
0.150624
0.168034
0.155351
0.166367
0.175361
0.169216
0.174005
0.187551
0.181712
0.164805
0.180211
0.185345
0.190903
0.178897
0.189543
0.172378
0.179218
0.175163
0.175891
0.196282
0.192680
0.179497
0.170378
0.159776
0.181505
0.161428
0.171332
0.178514
0.188413
0.177222
0.185261
0.176422
0.155452
0.184245
0.181423
0.159822
0.169448
0.165629
0.175098
0.181401
0.183700
0.187403
0.166845
0.169988
0.175030
0.161341
0.168124
0.180077
0.173501
0.182074
0.182689
0.186652
0.182577
0.190829
0.196051
0.176598
0.185908
0.176688
0.195622
0.183958
0.173112
0.176342
0.174287
0.163203
0.177667
0.175193
0.170748
0.166819
0.168469
0.174410
0.156045
0.139762
0.126133
0.166313
0.186984
0.196428
0.201955
0.179559
0.199147
0.189785
0.180682
0.158749
0.182945
0.162756
0.176858
0.187113
0.172878
0.160276
0.168194
0.191658
0.182162
0.171055
0.193744
0.173145
0.194968
0.172834
0.187507
0.184848
0.177417
0.196699
0.184229
0.173129
0.167024
0.182507
0.184385
0.176386
0.195961
0.195848
0.175646
0.175703
0.178291
0.150936
0.161309
0.183928
0.194942
0.189082
0.167037
0.173665
0.173972
0.175526
0.171673
0.183365
0.186728
0.179127
0.165230
0.156736
0.185000
0.184192
0.172195
0.176236
0.179459
0.155659
0.170495
0.192258
0.157100
0.188736
0.199804
0.152123
0.188278
0.185544
0.187247
0.169976
0.169062
0.194102
0.186543
0.182652
0.199772
0.183362
0.183864
0.189197
0.189510
0.182738
0.192908
0.170055
0.203431
0.201736
0.182456
0.183553
0.179148
0.171830
0.186298
0.181373
0.184145
0.161725
0.159270
0.161775
0.173145
0.168487
0.196242
0.163193
0.173691
0.165716
0.207104
0.197921
0.186318
0.194291
0.190069
0.188364
0.184829
0.178517
0.176490
0.168676
0.173627
0.173186
0.163820
0.172696
0.167558
0.162262
0.157747
0.180634
0.176450
0.154970
0.188589
0.201256
0.188296
0.186639
0.183322
0.173764
0.187685
0.173534
0.183342
0.184611
0.163527
0.179367
0.179219
0.194815
0.196131
0.178428
0.199729
0.195730
0.183498
0.199399
0.199584
0.191554
0.181998
0.162949
0.197513
0.181056
0.189213
0.188167
0.192840
0.198429
0.198001
0.172819
0.201466
0.194830
0.193259
0.200336
0.199552
0.207682
0.193790
0.183888
0.188879
0.195738
0.185620
0.179082
0.164267
0.178684
0.188661
0.181109
0.188904
0.195604
0.180013
0.178543
0.171251
0.187102
0.174024
0.165872
0.180358
0.177715
0.174304
0.192345
0.169831
0.185996
0.167811
0.163130
0.170311
0.175280
0.185684
0.188555
0.208088
0.192543
0.186468
0.164358
0.201454
0.171378
0.171922
0.154985
0.167150
0.193493
0.179036
0.183781
0.161733
0.176333
0.195077
0.190318
0.199353
0.183740
0.178449
0.178446
0.176384
0.179382
0.200830
0.191012
0.181061
0.185102
0.179738
0.168875
0.191434
0.179901
0.184396
0.166791
0.184178
0.194411
0.155415
0.179205
0.176730
0.198605
0.204284
0.190332
0.205330
0.185300
0.168170
0.173466
0.168468
0.174992
0.176120
0.199686
0.193563
0.196332
0.188045
0.170317
0.183946
0.198892
0.198157
0.177399
0.182218
0.198140
0.189709
0.207077
0.165997
0.178532
0.162385
0.168750
0.173522
0.190893
0.203699
0.176049
0.178921
0.193377
0.184438
0.194590
0.182447
0.176542
0.177919
0.168690
0.180968
0.167681
0.177962
0.151384
0.197918
0.181651
0.172414
0.172102
0.208946
0.194106
0.180283
0.184746
0.172694
0.185540
0.178054
0.184326
0.180281
0.190403
0.177371
0.187343
0.195532
0.191336
0.186691
0.193870
0.170545
0.181762
0.189413
0.168589
0.163012
0.203198
0.199672
0.174815
0.171260
0.188753
0.200101
0.197034
0.196565
0.190704
0.186593
0.182352
0.198539
0.182998
0.187679
0.185662
0.189058
0.174033
0.199847
0.201912
0.192390
0.206729
0.196762
0.188069
0.191187
0.203424
0.188787
0.208618
0.192526
0.206783
0.198451
0.174634
0.187745
0.207302
0.196275
0.190509
0.194961
0.189353
0.193846
0.183550
0.183868
0.195203
0.203491
0.196239
0.190403
0.172238
0.203806
0.201241
0.182117
0.167203
0.161173
0.177854
0.174439
0.187151
0.173526
0.178551
0.184152
0.193791
0.198885
0.196163
0.190160
0.183554
0.201312
0.193222
0.150909
0.186020
0.214133
0.203282
0.182310
0.179436
0.172771
0.175166
0.173275
0.193413
0.202788
0.189922
0.178612
0.157043
0.174415
0.189352
0.178649
0.193339
0.167976
0.193156
0.213144
0.183215
0.196088
0.195329
0.199340
0.200586
0.208140
0.164592
0.172370
0.184550
0.179741
0.195629
0.200707
0.208958
0.188550
0.188507
0.182717
0.179327
0.210366
0.181754
0.175422
0.169311
0.182618
0.196288
0.172999
0.172636
0.188213
0.175355
0.193315
0.188596
0.204946
0.174379
0.185539
0.167546
0.183057
0.199452
0.192454
0.196556
0.186341
0.179746
0.196959
0.191405
0.206109
0.184630
0.176900
0.191410
0.179082
0.173971
0.195731
0.177394
0.171636
0.150710
0.175907
0.192952
0.191530
0.186970
0.178225
0.159302
0.191232
0.176267
0.197700
0.189360
0.167467
0.176464
0.190195
0.201575
0.185937
0.203439
0.160606
0.188171
0.206034
0.196839
0.212146
0.203015
0.201958
0.196371
0.189551
0.181703
0.205817
0.204507
0.185077
0.169731
0.198543
0.184018
0.183320
0.176045
0.174900
0.209001
0.181490
0.191149
0.204665
0.209970
0.196095
0.180070
0.205059
0.203255
0.200232
0.194692
0.191983
0.187758
0.195491
0.184184
0.181030
0.179167
0.168790
0.173286
0.184112
0.188737
0.185073
0.197625
0.211270
0.190070
0.188871
0.184929
0.170818
0.172571
0.178632
0.148290
0.178696
0.186737
0.185730
0.185294
0.184163
0.178028
0.180028
0.212784
0.215716
0.188790
0.171630
0.197837
0.197003
0.186945
0.189626
0.189649
0.186378
0.191768
0.183057
0.183251
0.179859
0.179761
0.204413
0.194093
0.184759
0.212042
0.176262
0.188708
0.199530
0.198271
0.203374
0.213244
0.180529
0.200132
0.185984
0.180952
0.180690
0.180294
0.168116
0.199792
0.190028
0.175789
0.172469
0.165042
0.172097
0.189095
0.186701
0.187970
0.199377
0.210783
0.188187
0.203882
0.198778
0.165261
0.163171
0.207335
0.206451
0.203577
0.190975
0.185879
0.199916
0.185868
0.198042
0.193716
0.182860
0.175229
0.197573
0.205711
0.196368
0.211235
0.178229
0.170883
0.196492
0.207630
0.199980
0.207653
0.151645
0.141017
0.177440
0.190331
0.207577
0.171881
0.197327
0.206440
0.207428
0.201044
0.195453
0.195892
0.184912
0.196594
0.203432
0.202396
0.213936
0.202384
0.201136
0.187854
0.189798
0.199955
0.203862
0.187368
0.197345
0.203472
0.181763
0.203111
0.205141
0.197893
0.209758
0.206926
0.192565
0.187310
0.170430
0.210082
0.193840
0.198491
0.195235
0.208941
0.187741
0.193892
0.180497
0.192246
0.184188
0.169749
0.164218
0.167461
0.163887
0.181228
0.175950
0.191049
0.166308
0.173439
0.168400
0.182146
0.190825
0.183142
0.193497
0.179472
0.175369
0.190320
0.199453
0.214494
0.209290
0.180136
0.211201
0.207289
0.189514
0.164234
0.178338
0.176475
0.186626
0.191932
0.200403
0.192471
0.203072
0.200150
0.200591
0.182021
0.186927
0.186838
0.181434
0.208364
0.196373
0.180661
0.195307
0.192397
0.184872
0.191431
0.196638
0.198910
0.189783
0.177381
0.193412
0.175493
0.178184
0.206387
0.199629
0.180739
0.183856
0.195560
0.204491
0.182654
0.176319
0.172525
0.171543
0.191530
0.211996
0.214229
0.201906
0.159300
0.152896
0.156139
0.173919
0.195478
0.192526
0.189318
0.218408
0.204878
0.195344
0.197340
0.191487
0.185900
0.175562
0.205586
0.191084
0.168698
0.173613
0.186710
0.202885
0.193609
0.202960
0.191885
0.178942
0.198414
0.196471
0.206652
0.215614
0.179592
0.185529
0.171344
0.183227
0.167105
0.181829
0.188931
0.174629
0.183597
0.191123
0.224098
0.182798
0.178306
0.182415
0.177136
0.171811
0.170436
0.188846
0.187312
0.214503
0.182084
0.183775
0.194853
0.193873
0.198189
0.176501
0.203469
0.170895
0.191697
0.180106
0.196847
0.197219
0.175315
0.199371
0.195590
0.188275
0.199366
0.202291
0.195693
0.188196
0.193562
0.195158
0.190517
0.186238
0.173607
0.150960
0.142789
0.161598
0.182543
0.210762
0.193196
0.203050
0.206154
0.179438
0.211911
0.195464
0.199920
0.196337
0.185982
0.193750
0.180755
0.197097
0.186264
0.192816
0.199826
0.187444
0.200445
0.186485
0.187182
0.196895
0.201334
0.205592
0.205632
0.192794
0.171919
0.198702
0.199542
0.178719
0.188043
0.196642
0.186557
0.203482
0.189001
0.197329
0.186703
0.196559
0.221526
0.181983
0.179163
0.199833
0.172010
0.182893
0.194122
0.192988
0.189964
0.199554
0.191374
0.185525
0.174041
0.175248
0.201430
0.208802
0.201879
0.211364
0.207797
0.210723
0.203077
0.208449
0.192383
0.196569
0.206682
0.213339
0.197644
0.175876
0.201720
0.180898
0.205401
0.186164
0.195068
0.199046
0.194539
0.203828
0.204318
0.203387
0.198189
0.185573
0.204387
0.201566
0.210968
0.192674
0.168882
0.196283
0.208341
0.196356
0.203650
0.200091
0.188850
0.214982
0.186619
0.205124
0.211574
0.204350
0.196058
0.173771
0.206074
0.201740
0.202214
0.196549
0.171009
0.184825
0.203291
0.206562
0.197587
0.191236
0.196736
0.208685
0.175209
0.199439
0.189183
0.191993
0.200397
0.199879
0.201109
0.195689
0.209043
0.179410
0.194359
0.166502
0.153663
0.158323
0.182583
0.157586
0.164992
0.172324
0.188492
0.217536
0.217566
0.175164
0.182474
0.198726
0.183280
0.178724
0.200101
0.209735
0.208452
0.193291
0.179723
0.214250
0.201919
0.182736
0.194140
0.193820
0.208810
0.208634
0.178464
0.205016
0.192753
0.209166
0.219816
0.209328
0.212064
0.214815
0.194218
0.187930
0.209793
0.210153
0.203440
0.187288
0.200504
0.217183
0.209475
0.210392
0.176956
0.204283
0.217668
0.216053
0.213627
0.215555
0.214086
0.190721
0.170234
0.149113
0.167377
0.169329
0.172055
0.190924
0.174818
0.193214
0.185480
0.185798
0.196333
0.198895
0.190964
0.212789
0.198277
0.195337
0.203107
0.203538
0.191201
0.184162
0.197907
0.202018
0.193219
0.192414
0.179919
0.177851
0.202701
0.190588
0.190989
0.184957
0.205656
0.210202
0.199858
0.209351
0.186259
0.191970
0.205192
0.192326
0.195971
0.212044
0.201170
0.192643
0.194140
0.215029
0.190619
0.218400
0.205389
0.201599
0.184502
0.172411
0.172184
0.177599
0.176104
0.199543
0.202233
0.175490
0.180645
0.172058
0.178534
0.187269
0.185653
0.172728
0.180136
0.187263
0.223016
0.222063
0.209646
0.200994
0.190340
0.195544
0.203155
0.198126
0.195218
0.193348
0.210250
0.206717
0.212814
0.197410
0.180892
0.183525
0.199975
0.204827
0.213828
0.204254
0.212057
0.194789
0.202946
0.197695
0.186242
0.176593
0.172220
0.149730
0.178441
0.216516
0.198952
0.221181
0.188404
0.188476
0.199927
0.200934
0.204154
0.205447
0.199834
0.217941
0.184736
0.189450
0.182279
0.159811
0.184730
0.179405
0.203095
0.213780
0.197096
0.167788
0.184000
0.179094
0.192727
0.202452
0.172616
0.183751
0.185296
0.182500
0.152717
0.212927
0.196584
0.218188
0.186877
0.208904
0.194022
0.187360
0.177359
0.192653
0.186261
0.184791
0.169952
0.195631
0.173522
0.175313
0.171089
0.170169
0.179637
0.190834
0.197272
0.193978
0.204596
0.199128
0.197442
0.211468
0.183740
0.187458
0.166908
0.187441
0.183226
0.198928
0.192935
0.179740
0.214862
0.222032
0.209716
0.203000
0.230600
0.188758
0.226091
0.204732
0.176347
0.172283
0.189444
0.197135
0.192225
0.180654
0.204747
0.186572
0.217101
0.193790
0.169498
0.197740
0.199139
0.199858
0.209042
0.212289
0.216602
0.205123
0.194731
0.208980
0.219275
0.198821
0.205094
0.173411
0.196014
0.200607
0.198890
0.188034
0.203847
0.210972
0.209763
0.203450
0.210455
0.192612
0.208579
0.188660
0.191654
0.189945
0.170482
0.199988
0.217746
0.218624
0.209538
0.204180
0.206491
0.198721
0.213327
0.167756
0.171094
0.169186
0.176242
0.199536
0.182924
0.205326
0.176387
0.199761
0.198057
0.189862
0.173611
0.228583
0.203471
0.195387
0.197731
0.203537
0.208959
0.211307
0.209749
0.195287
0.202817
0.211295
0.190781
0.196716
0.207508
0.184176
0.185622
0.196775
0.211300
0.198950
0.192599
0.185204
0.185002
0.197119
0.215094
0.203017
0.168759
0.194674
0.191993
0.189897
0.191270
0.191693
0.192301
0.222511
0.225818
0.209663
0.180875
0.187690
0.208269
0.211280
0.194908
0.223343
0.182074
0.194482
0.216622
0.216104
0.207156
0.204065
0.212512
0.197704
0.175717
0.183435
0.210887
0.200283
0.221023
0.206496
0.193424
0.214488
0.206019
0.196170
0.182924
0.216345
0.203907
0.191577
0.223568
0.199457
0.210720
0.197622
0.183647
0.167249
0.195529
0.208510
0.208731
0.210274
0.211827
0.174366
0.179892
0.201463
0.208697
0.185082
0.180655
0.181946
0.197576
0.212310
0.182884
0.213822
0.203448
0.203256
0.197174
0.195458
0.193286
0.212497
0.198906
0.190619
0.193885
0.202194
0.204044
0.198540
0.185104
0.202298
0.199094
0.198433
0.203102
0.168746
0.169950
0.180244
0.169254
0.188923
0.219593
0.209448
0.231101
0.210041
0.192045
0.167554
0.193251
0.194351
0.222390
0.216196
0.192947
0.201919
0.197963
0.200253
0.212005
0.200548
0.191335
0.181806
0.197540
0.202619
0.206429
0.209223
0.201530
0.186961
0.208606
0.216045
0.190118
0.192934
0.198223
0.203683
0.210464
0.211803
0.211851
0.189041
0.186909
0.209409
0.195210
0.158240
0.188059
0.193370
0.209309
0.193210
0.186668
0.208469
0.217601
0.211394
0.221962
0.198426
0.213170
0.193974
0.216745
0.206386
0.218962
0.205539
0.187410
0.191922
0.188861
0.188470
0.189393
0.182265
0.179899
0.212232
0.214694
0.207450
0.193708
0.212902
0.211027
0.223549
0.215252
0.196582
0.185219
0.221285
0.214791
0.215823
0.195685
0.184295
0.201703
0.208425
0.210221
0.177500
0.176707
0.218092
0.213270
0.199761
0.222340
0.196422
0.199954
0.177514
0.180926
0.187250
0.187314
0.190286
0.187074
0.201148
0.210521
0.204522
0.223222
0.218251
0.207593
0.218930
0.223253
0.218844
0.200827
0.211451
0.193889
0.194410
0.183121
0.186360
0.196292
0.213273
0.208363
0.180638
0.168809
0.220985
0.169426
0.181030
0.205988
0.218558
0.211437
0.188895
0.225108
0.211442
0.197072
0.206607
0.201512
0.217160
0.187215
0.211464
0.206276
0.201293
0.198417
0.202310
0.202876
0.212484
0.190356
0.225524
0.212166
0.209261
0.209183
0.200126
0.192828
0.214959
0.190831
0.200162
0.212920
0.198386
0.216157
0.200272
0.192096
0.171437
0.189321
0.199402
0.186103
0.179022
0.205570
0.195827
0.178670
0.189494
0.219372
0.212505
0.207931
0.201744
0.201731
0.178643
0.210874
0.199596
0.180352
0.219097
0.224487
0.213693
0.189367
0.200513
0.199295
0.190300
0.186532
0.182905
0.190096
0.201649
0.179980
0.215413
0.227863
0.208507
0.195115
0.192923
0.185605
0.192564
0.204926
0.191071
0.214303
0.200490
0.208781
0.204142
0.216046
0.200646
0.218425
0.202781
0.182543
0.184696
0.196263
0.204442
0.210858
0.193854
0.199346
0.206984
0.210080
0.217253
0.195849
0.188160
0.203724
0.207905
0.208257
0.199808
0.193955
0.185305
0.190134
0.193545
0.210032
0.191723
0.197395
0.177823
0.210938
0.182996
0.188504
0.213052
0.206402
0.186513
0.182489
0.191953
0.189740
0.179767
0.191354
0.230635
0.188491
0.211043
0.212889
0.167986
0.174316
0.203793
0.195020
0.180589
0.198849
0.197812
0.195603
0.175605
0.206218
0.208719
0.216102
0.203672
0.198548
0.206255
0.189818
0.203567
0.185641
0.180256
0.183989
0.182671
0.200579
0.210651
0.217019
0.211929
0.199521
0.201412
0.209789
0.214347
0.211835
0.197125
0.218256
0.190163
0.221887
0.205645
0.181058
0.201074
0.201010
0.221019
0.216457
0.200811
0.201859
0.200068
0.205983
0.197796
0.217871
0.224536
0.201952
0.196251
0.198292
0.196896
0.179437
0.218606
0.222132
0.212955
0.204189
0.168047
0.189707
0.185447
0.201276
0.200677
0.203003
0.202734
0.215590
0.205757
0.195079
0.190087
0.161837
0.187102
0.206730
0.213427
0.217794
0.219006
0.206163
0.210973
0.193511
0.200243
0.215380
0.199597
0.183677
0.214364
0.205635
0.219890
0.195587
0.207271
0.178967
0.194798
0.196179
0.185646
0.170932
0.197132
0.186284
0.207490
0.206956
0.190900
0.201687
0.190791
0.184348
0.195266
0.197545
0.213270
0.232635
0.193320
0.205142
0.214798
0.213142
0.202886
0.191596
0.192329
0.185250
0.194286
0.180561
0.182559
0.198324
0.204008
0.189185
0.210362
0.191962
0.185126
0.202141
0.187258
0.208675
0.221976
0.196092
0.186873
0.218511
0.209703
0.200391
0.187110
0.216645
0.189699
0.203684
0.205776
0.191609
0.195831
0.214729
0.202806
0.205623
0.204097
0.213608
0.190986
0.195985
0.192353
0.221560
0.179965
0.206181
0.200904
0.192785
0.218137
0.199372
0.207521
0.209853
0.224043
0.180875
0.176353
0.199122
0.212092
0.199930
0.220788
0.200128
0.191260
0.208463
0.186788
0.211398
0.192327
0.202197
0.204901
0.185661
0.189293
0.185721
0.183496
0.186037
0.211480
0.199241
0.199799
0.198833
0.216195
0.216603
0.222103
0.206654
0.181851
0.197339
0.211155
0.219520
0.217921
0.214478
0.203030
0.198805
0.204863
0.221054
0.206358
0.190566
0.182252
0.161566
0.214171
0.202654
0.150765
0.162111
0.230964
0.205576
0.190366
0.185033
0.179464
0.206485
0.209538
0.194065
0.211248
0.209562
0.186792
0.209785
0.196253
0.180097
0.180867
0.196991
0.214234
0.216548
0.227536
0.225094
0.217605
0.198039
0.201560
0.215614
0.220270
0.214696
0.193791
0.196955
0.187710
0.201209
0.175074
0.193849
0.181974
0.196408
0.185235
0.210802
0.227947
0.216967
0.192526
0.207576
0.168342
0.196168
0.180420
0.223921
0.200421
0.208597
0.210231
0.216704
0.202013
0.218127
0.228430
0.216466
0.208183
0.198724
0.190502
0.193642
0.202591
0.185531
0.191999
0.177798
0.213722
0.196546
0.178084
0.188373
0.225783
0.194990
0.203194
0.207704
0.228687
0.212837
0.193077
0.212059
0.220031
0.217548
0.200322
0.194724
0.191968
0.188324
0.220019
0.205672
0.215660
0.182479
0.198894
0.193822
0.219895
0.207468
0.217023
0.195042
0.207682
0.228578
0.221714
0.218335
0.209829
0.199082
0.197233
0.211692
0.202323
0.190620
0.190453
0.220297
0.199036
0.203550
0.230718
0.210488
0.174987
0.201496
0.194489
0.196297
0.197157
0.214338
0.168031
0.182033
0.198981
0.201479
0.221031
0.235765
0.203885
0.200661
0.205375
0.199193
0.217736
0.224953
0.204259
0.181462
0.207444
0.197397
0.197592
0.198589
0.195868
0.188231
0.178614
0.213203
0.213375
0.206394
0.220876
0.222291
0.184980
0.173019
0.159367
0.198591
0.183095
0.196142
0.216764
0.197477
0.223726
0.216607
0.188020
0.219016
0.191007
0.197819
0.187932
0.210223
0.204746
0.205817
0.187520
0.206320
0.202903
0.211672
0.225828
0.212030
0.199989
0.190433
0.211723
0.218800
0.217599
0.225711
0.213879
0.200989
0.226418
0.209669
0.212683
0.200607
0.221538
0.219357
0.213337
0.200680
0.209230
0.226365
0.199185
0.210224
0.188212
0.200734
0.214216
0.201891
0.206284
0.192549
0.188812
0.174465
0.199453
0.186223
0.191417
0.211419
0.227561
0.217675
0.206692
0.203463
0.200208
0.208309
0.216568
0.205477
0.226725
0.199082
0.221308
0.204289
0.176808
0.186244
0.188494
0.174839
0.211216
0.214104
0.201799
0.200659
0.219242
0.219063
0.216448
0.195885
0.218826
0.195779
0.205914
0.210343
0.204957
0.212814
0.202031
0.229210
0.226438
0.210848
0.188110
0.201690
0.211467
0.203407
0.194061
0.184140
0.197626
0.176101
0.182262
0.188764
0.196413
0.218524
0.223805
0.233331
0.206800
0.216512
0.200530
0.217231
0.195782
0.228440
0.200736
0.200675
0.220536
0.209698
0.218930
0.220692
0.218963
0.214373
0.194504
0.215244
0.228954
0.205446
0.207248
0.224921
0.210546
0.196345
0.211632
0.227645
0.213186
0.211422
0.206878
0.182241
0.191388
0.209018
0.185914
0.224293
0.204542
0.217724
0.225904
0.205515
0.219704
0.204156
0.216168
0.193095
0.223155
0.204299
0.222234
0.203820
0.198369
0.212782
0.225382
0.219647
0.225655
0.219515
0.227011
0.203378
0.213625
0.210774
0.203400
0.189314
0.213593
0.217988
0.211657
0.182570
0.199958
0.206391
0.213271
0.208187
0.198941
0.230508
0.207876
0.188997
0.210392
0.211632
0.209935
0.217420
0.216858
0.205810
0.200452
0.207697
0.184750
0.187053
0.197090
0.191823
0.163233
0.192161
0.186171
0.209419
0.208869
0.202346
0.213102
0.195763
0.209805
0.208898
0.216572
0.180548
0.199676
0.197686
0.216917
0.210707
0.203700
0.191719
0.207070
0.204738
0.182679
0.198794
0.196838
0.199706
0.204170
0.173174
0.206505
0.195994
0.205165
0.226873
0.196409
0.197000
0.197396
0.194717
0.197326
0.211917
0.222023
0.170577
0.195219
0.184583
0.207431
0.197347
0.231017
0.217599
0.194402
0.208200
0.213550
0.210780
0.199424
0.193355
0.206638
0.231083
0.222636
0.225128
0.212618
0.201300
0.181544
0.163865
0.195518
0.205705
0.216246
0.197555
0.185109
0.205041
0.225443
0.214288
0.193613
0.191723
0.209245
0.200107
0.223781
0.217818
0.231633
0.185662
0.182932
0.202661
0.209827
0.227773
0.201525
0.195482
0.207762
0.212731
0.207558
0.218466
0.203185
0.198082
0.221836
0.216550
0.214798
0.190933
0.225303
0.223446
0.216933
0.212681
0.184029
0.180633
0.187851
0.220101
0.203776
0.196350
0.187344
0.201482
0.196371
0.228075
0.211018
0.218029
0.188859
0.207703
0.196951
0.202347
0.216678
0.212466
0.206557
0.219435
0.199457
0.215303
0.200451
0.189179
0.195494
0.194412
0.228664
0.225319
0.212359
0.215063
0.219750
0.219041
0.213601
0.208976
0.215893
0.213216
0.200805
0.202970
0.209492
0.188346
0.176883
0.180557
0.179332
0.214440
0.202612
0.233171
0.214613
0.196314
0.189460
0.195556
0.202807
0.206811
0.198417
0.196488
0.198265
0.208388
0.218904
0.219593
0.195881
0.173596
0.197119
0.175902
0.233149
0.225249
0.209452
0.208958
0.227137
0.227533
0.198045
0.196623
0.184212
0.200798
0.218187
0.235931
0.205867
0.215999
0.213666
0.187935
0.207871
0.213326
0.222309
0.205627
0.203823
0.218168
0.224392
0.221464
0.215835
0.196953
0.210591
0.225368
0.229052
0.217834
0.211981
0.233284
0.188829
0.201575
0.206573
0.220516
0.231049
0.204650
0.225780
0.213151
0.225474
0.225949
0.188277
0.179451
0.186135
0.178794
0.217740
0.231973
0.223980
0.191354
0.208581
0.215862
0.224107
0.221243
0.205857
0.199617
0.208947
0.205387
0.199562
0.212178
0.195211
0.200163
0.194546
0.207573
0.227641
0.206695
0.221332
0.204282
0.198762
0.189442
0.191063
0.205692
0.202425
0.218333
0.213151
0.221226
0.210946
0.228628
0.214859
0.226733
0.190879
0.184714
0.205837
0.211721
0.207575
0.195568
0.219974
0.213476
0.191101
0.213440
0.188029
0.213949
0.185398
0.185838
0.202576
0.233224
0.228003
0.179038
0.206629
0.205033
0.205607
0.220515
0.182181
0.206602
0.179107
0.188798
0.221800
0.218913
0.231532
0.220403
0.229280
0.211414
0.230168
0.227224
0.235342
0.203929
0.184916
0.189394
0.200599
0.213396
0.223153
0.213970
0.209245
0.206818
0.223471
0.227930
0.215236
0.218737
0.206329
0.196111
0.193955
0.193152
0.200135
0.211107
0.229304
0.202557
0.223586
0.203703
0.210189
0.209862
0.226489
0.198667
0.199812
0.229420
0.221603
0.205381
0.201713
0.209537
0.192040
0.206031
0.204892
0.183867
0.172029
0.202928
0.218550
0.220562
0.224828
0.222060
0.225616
0.232526
0.197264
0.235436
0.219681
0.215929
0.215255
0.225780
0.219096
0.229911
0.221712
0.213315
0.229076
0.210146
0.193519
0.213481
0.227605
0.218484
0.195788
0.199232
0.200805
0.217661
0.217113
0.213125
0.207616
0.200725
0.183643
0.203946
0.183658
0.222575
0.226037
0.202147
0.225978
0.214941
0.216169
0.209520
0.219226
0.198743
0.192143
0.184794
0.204045
0.202161
0.200481
0.200430
0.191811
0.208165
0.182911
0.196529
0.216323
0.225902
0.223865
0.219955
0.236325
0.220152
0.192951
0.201814
0.198771
0.195232
0.202489
0.199566
0.203552
0.225995
0.234864
0.211201
0.190794
0.189220
0.216119
0.214265
0.222033
0.222423
0.222290
0.218755
0.199609
0.214507
0.195324
0.215827
0.218281
0.217865
0.211927
0.230307
0.166970
0.181141
0.213201
0.211940
0.167911
0.217135
0.227898
0.195853
0.177859
0.225836
0.234986
0.193429
0.205197
0.222436
0.224907
0.219448
0.201414
0.193404
0.221758
0.214548
0.209533
0.214550
0.213443
0.191846
0.214897
0.209339
0.228174
0.184224
0.179907
0.230732
0.226399
0.201102
0.163531
0.197194
0.198493
0.215707
0.219426
0.221241
0.217539
0.234909
0.227325
0.202250
0.227504
0.221652
0.184239
0.201572
0.216516
0.215615
0.210489
0.235289
0.210147
0.230820
0.187837
0.173439
0.203026
0.213505
0.227235
0.225110
0.230739
0.204318
0.222185
0.208255
0.188035
0.208328
0.214689
0.213378
0.216202
0.228846
0.229695
0.215241
0.200202
0.232309
0.220059
0.174793
0.208775
0.232529
0.225085
0.215937
0.215178
0.206073
0.217937
0.217714
0.220919
0.216686
0.187048
0.226602
0.229149
0.199179
0.229295
0.217811
0.216761
0.203963
0.225186
0.215881
0.207940
0.191122
0.204099
0.212657
0.198547
0.196950
0.221815
0.231490
0.219905
0.214809
0.218819
0.218026
0.236516
0.205583
0.216112
0.224682
0.209255
0.208304
0.201551
0.187213
0.180852
0.192125
0.207579
0.213334
0.182228
0.168542
0.182620
0.171201
0.196007
0.174858
0.204782
0.225585
0.204977
0.162810
0.185788
0.182507
0.182817
0.215022
0.216464
0.203799
0.185164
0.235490
0.211618
0.202338
0.215655
0.203742
0.204128
0.193142
0.206103
0.223484
0.206902
0.224325
0.216734
0.204026
0.217869
0.212399
0.219599
0.213109
0.205849
0.229462
0.207622
0.198159
0.204875
0.197028
0.192531
0.211331
0.214001
0.191880
0.204992
0.206833
0.218948
0.219829
0.247475
0.217700
0.236265
0.236585
0.221089
0.217584
0.204304
0.214003
0.217017
0.230625
0.216433
0.214341
0.219489
0.197368
0.208365
0.209067
0.198940
0.217521
0.215089
0.210099
0.226673
0.216127
0.216210
0.228101
0.220533
0.216119
0.185518
0.191641
0.219438
0.208912
0.219239
0.211997
0.208486
0.200395
0.212938
0.221724
0.210075
0.229783
0.216127
0.186864
0.211362
0.220899
0.217185
0.222985
0.196320
0.188768
0.220418
0.210023
0.218212
0.203825
0.212106
0.231878
0.208076
0.214226
0.221166
0.207174
0.203822
0.230802
0.225700
0.219113
0.230865
0.189666
0.210393
0.220928
0.206773
0.229314
0.220865
0.222393
0.216607
0.234662
0.248016
0.192851
0.192540
0.219703
0.207338
0.199735
0.232371
0.202565
0.178762
0.174960
0.201698
0.195761
0.222186
0.204100
0.213765
0.211520
0.208588
0.210459
0.221555
0.214463
0.208787
0.215901
0.242552
0.214533
0.220787
0.214853
0.229894
0.208206
0.203005
0.202951
0.212280
0.191606
0.195907
0.189245
0.182124
0.175657
0.205527
0.225853
0.212114
0.226561
0.204413
0.189876
0.208202
0.186535
0.207919
0.224687
0.214467
0.190607
0.201546
0.218031
0.222568
0.207219
0.209605
0.221329
0.213511
0.219658
0.211112
0.216532
0.204583
0.212803
0.229452
0.224973
0.210953
0.198291
0.198460
0.210071
0.222805
0.232059
0.217057
0.228742
0.225793
0.239514
0.229857
0.228218
0.238924
0.227039
0.216991
0.220761
0.209546
0.227793
0.232012
0.219971
0.214520
0.217510
0.201533
0.204134
0.240518
0.185677
0.212889
0.224792
0.193975
0.206806
0.227690
0.231461
0.212085
0.209825
0.214334
0.208995
0.216601
0.216935
0.212366
0.192158
0.197802
0.196593
0.202407
0.204260
0.213326
0.190176
0.213486
0.204078
0.190798
0.206156
0.227976
0.205612
0.222671
0.222461
0.224494
0.213001
0.212843
0.227487
0.230572
0.223874
0.217250
0.204159
0.198150
0.198163
0.236915
0.209294
0.206496
0.209056
0.217652
0.219327
0.207299
0.212196
0.199075
0.207561
0.218765
0.197132
0.218065
0.208874
0.212894
0.225043
0.200876
0.199604
0.192017
0.189421
0.230181
0.222213
0.217000
0.202264
0.217392
0.191289
0.182032
0.222006
0.211333
0.167941
0.187355
0.199429
0.222020
0.236289
0.223431
0.204446
0.209155
0.209951
0.210246
0.195356
0.240421
0.229347
0.228397
0.224660
0.223679
0.210447
0.228194
0.231657
0.235631
0.226663
0.219282
0.208201
0.228631
0.202058
0.221469
0.226604
0.202694
0.202059
0.216826
0.212653
0.211899
0.215547
0.180891
0.207754
0.200752
0.198122
0.208412
0.184436
0.230982
0.203800
0.195589
0.193836
0.200484
0.215431
0.236394
0.243690
0.205299
0.216169
0.239228
0.224038
0.228338
0.189753
0.208338
0.200263
0.233970
0.227026
0.211158
0.191977
0.187852
0.234247
0.220493
0.232232
0.199110
0.201359
0.195738
0.199726
0.213522
0.186118
0.188308
0.180299
0.188011
0.208706
0.208629
0.212020
0.203889
0.202725
0.226148
0.217250
0.224160
0.204249
0.195868
0.206645
0.203496
0.208358
0.205345
0.206162
0.192106
0.227129
0.222654
0.187307
0.192763
0.164639
0.206609
0.189083
0.198336
0.195170
0.212739
0.186605
0.211663
0.203756
0.214458
0.209932
0.217777
0.206157
0.192222
0.213892
0.209242
0.231500
0.226542
0.231158
0.187418
0.223823
0.206652
0.218591
0.207588
0.174012
0.223931
0.213987
0.214277
0.201243
0.208592
0.189467
0.217764
0.211991
0.186833
0.219190
0.190476
0.216665
0.217998
0.244629
0.212665
0.235709
0.217758
0.219038
0.207720
0.223819
0.200656
0.213280
0.223166
0.208902
0.174943
0.195351
0.184422
0.197480
0.210237
0.219515
0.205575
0.224499
0.195263
0.235788
0.215456
0.191704
0.214304
0.221259
0.193177
0.187766
0.205846
0.206265
0.180514
0.161611
0.186926
0.213833
0.208845
0.232668
0.199415
0.170542
0.196828
0.215873
0.191979
0.229921
0.203355
0.210557
0.213207
0.187726
0.187883
0.181056
0.201717
0.229521
0.227812
0.194749
0.177530
0.225817
0.202350
0.189508
0.177866
0.191694
0.189664
0.216077
0.200988
0.224501
0.212681
0.222975
0.193517
0.205418
0.218638
0.225321
0.221577
0.207796
0.201972
0.192190
0.220791
0.221392
0.220221
0.216000
0.208556
0.196925
0.222525
0.193636
0.233717
0.213095
0.216326
0.195722
0.184460
0.218340
0.223418
0.228590
0.225787
0.229050
0.215461
0.229018
0.230782
0.185537
0.195254
0.232499
0.215263
0.211226
0.207254
0.210199
0.202975
0.195146
0.192992
0.182436
0.203633
0.197759
0.186850
0.227796
0.207205
0.243061
0.228457
0.216032
0.207572
0.222311
0.221856
0.197283
0.235088
0.204191
0.195014
0.203146
0.226268
0.207252
0.229670
0.229864
0.213457
0.206779
0.209361
0.221744
0.229876
0.223856
0.227924
0.228219
0.228584
0.207326
0.213917
0.207540
0.190574
0.181819
0.203175
0.220209
0.201205
0.182540
0.208896
0.208366
0.241137
0.231132
0.189579
0.202697
0.189760
0.218453
0.227078
0.221405
0.227322
0.214118
0.224458
0.221584
0.207502
0.206765
0.196773
0.196251
0.229381
0.212783
0.181558
0.213411
0.176282
0.193530
0.218676
0.217515
0.197664
0.205166
0.188258
0.223143
0.219879
0.215454
0.237558
0.228520
0.243384
0.234473
0.215652
0.221234
0.197734
0.196817
0.225580
0.204659
0.204475
0.176353
0.210878
0.197299
0.196830
0.192764
0.200554
0.229125
0.226658
0.228056
0.233561
0.207528
0.206161
0.229453
0.206535
0.195896
0.195438
0.205973
0.195359
0.216918
0.199459
0.221008
0.224834
0.220888
0.219796
0.196352
0.198757
0.199443
0.205611
0.221774
0.199731
0.203893
0.211711
0.229126
0.228071
0.204966
0.206427
0.193269
0.195757
0.222251
0.222271
0.218090
0.208420
0.192162
0.184416
0.212004
0.219915
0.210045
0.227404
0.219351
0.239537
0.235485
0.208196
0.222067
0.200746
0.189108
0.225241
0.232700
0.204786
0.188994
0.197165
0.200296
0.197531
0.209678
0.206820
0.206730
0.215086
0.196708
0.230473
0.246206
0.240829
0.220720
0.214180
0.229783
0.217699
0.204341
0.211651
0.219829
0.201890
0.194772
0.190712
0.202661
0.194048
0.202604
0.230810
0.216606
0.209402
0.190481
0.191306
0.212630
0.233183
0.208037
0.202903
0.205393
0.202435
0.215081
0.224346
0.238382
0.198970
0.213522
0.216786
0.229376
0.234299
0.219492
0.198412
0.228130
0.220750
0.238237
0.216142
0.193033
0.227091
0.215959
0.191554
0.178576
0.200230
0.225555
0.211716
0.189274
0.211554
0.203471
0.197767
0.199861
0.232883
0.215300
0.222291
0.218151
0.190228
0.199340
0.203399
0.206782
0.204141
0.208820
0.204395
0.196944
0.172781
0.203647
0.196249
0.234570
0.218056
0.215522
0.204891
0.205185
0.197325
0.185742
0.198031
0.208305
0.228409
0.214996
0.231629
0.225444
0.220172
0.222999
0.212339
0.216644
0.224317
0.217349
0.215794
0.209270
0.235858
0.234391
0.206085
0.188115
0.184779
0.187603
0.183997
0.214258
0.207275
0.203069
0.223456
0.225274
0.207190
0.198761
0.221434
0.202450
0.189631
0.192988
0.212132
0.228730
0.225649
0.212577
0.223932
0.235531
0.222020
0.192571
0.201207
0.217391
0.222840
0.205994
0.174515
0.199414
0.193393
0.184754
0.197395
0.207554
0.203427
0.239698
0.224244
0.252473
0.220364
0.239882
0.217690
0.195634
0.181033
0.214620
0.218870
0.190207
0.230802
0.225670
0.235122
0.197168
0.229553
0.238684
0.234919
0.190836
0.203036
0.223665
0.239684
0.213309
0.186225
0.214694
0.217950
0.195218
0.215053
0.202414
0.177688
0.178401
0.180051
0.197815
0.225433
0.237560
0.208845
0.195530
0.235953
0.219581
0.222583
0.222746
0.226332
0.207192
0.207217
0.204111
0.234122
0.217400
0.190990
0.198937
0.172579
0.202942
0.211153
0.218837
0.228329
0.210166
0.225558
0.224872
0.220149
0.225531
0.216653
0.200164
0.184028
0.191694
0.217963
0.197714
0.228164
0.224618
0.226666
0.224788
0.237848
0.225230
0.239754
0.219418
0.210932
0.220566
0.211613
0.198350
0.236043
0.218902
0.224580
0.216269
0.214986
0.222049
0.220276
0.227568
0.202762
0.219326
0.222757
0.191737
0.214714
0.218168
0.235629
0.231357
0.235674
0.224234
0.220395
0.210345
0.205066
0.213810
0.225044
0.212298
0.217939
0.222582
0.210384
0.210493
0.178561
0.224562
0.199279
0.218343
0.238156
0.221093
0.217519
0.192126
0.228717
0.212519
0.202913
0.214621
0.206303
0.216389
0.220015
0.237801
0.217723
0.221860
0.213318
0.200658
0.212432
0.189700
0.217075
0.224782
0.201057
0.237423
0.238078
0.226001
0.218468
0.231264
0.227021
0.214194
0.196993
0.223553
0.231982
0.227199
0.196382
0.190162
0.207275
0.205833
0.214107
0.238929
0.228293
0.220339
0.189223
0.226317
0.215334
0.201094
0.197084
0.175610
0.179398
0.192353
0.211137
0.233102
0.243463
0.198122
0.200653
0.213125
0.181491
0.220462
0.201862
0.220471
0.219570
0.188956
0.183654
0.202381
0.213840
0.215129
0.223997
0.202664
0.174464
0.172787
0.185198
0.168776
0.226246
0.217314
0.211112
0.206618
0.232862
0.206019
0.219726
0.222114
0.223038
0.193811
0.228379
0.201544
0.195744
0.235698
0.215243
0.208288
0.214339
0.213695
0.211625
0.212639
0.231875
0.202527
0.226793
0.210977
0.224880
0.215650
0.230508
0.220728
0.221006
0.222079
0.201219
0.198039
0.213928
0.216103
0.210300
0.231186
0.232159
0.229686
0.211776
0.205841
0.204884
0.207269
0.214498
0.223592
0.215932
0.215410
0.194882
0.237347
0.204388
0.200875
0.207743
0.205819
0.202908
0.185638
0.197143
0.219008
0.217784
0.223991
0.221348
0.244608
0.223075
0.223963
0.223984
0.203645
0.232421
0.231162
0.236566
0.220055
0.213627
0.227040
0.217424
0.210036
0.209567
0.209535
0.223448
0.211237
0.203365
0.204837
0.211929
0.214787
0.222828
0.226646
0.212530
0.219624
0.203460
0.232095
0.226895
0.207947
0.204653
0.212894
0.209452
0.209533
0.222756
0.216494
0.238483
0.239812
0.215386
0.226615
0.215900
0.238655
0.230731
0.194788
0.189190
0.219005
0.217969
0.205264
0.206271
0.201372
0.231025
0.211945
0.212084
0.219625
0.212387
0.208695
0.185574
0.212376
0.195129
0.220071
0.242773
0.202672
0.237597
0.239539
0.202554
0.195405
0.201612
0.224869
0.230904
0.229193
0.232190
0.220917
0.215704
0.199195
0.213138
0.190055
0.219315
0.223032
0.203828
0.194293
0.195069
0.193270
0.186533
0.173203
0.231403
0.202832
0.214225
0.209054
0.200694
0.223860
0.241539
0.232231
0.225099
0.217039
0.229455
0.217050
0.200004
0.204041
0.213780
0.200598
0.235108
0.241860
0.230045
0.238729
0.229262
0.195621
0.206458
0.207975
0.215167
0.218235
0.193174
0.222236
0.211729
0.219567
0.205246
0.206753
0.200252
0.200590
0.188763
0.190450
0.204629
0.233866
0.236337
0.228877
0.240103
0.238896
0.233192
0.238685
0.229113
0.201525
0.199176
0.185764
0.212617
0.209296
0.209787
0.227711
0.233416
0.221450
0.221081
0.227351
0.210086
0.202284
0.213430
0.232442
0.219600
0.179525
0.181033
0.201696
0.212389
0.236316
0.234013
0.220199
0.188740
0.186777
0.226915
0.209141
0.229824
0.228920
0.241006
0.212927
0.229391
0.236676
0.226210
0.215183
0.240142
0.187931
0.211655
0.218977
0.221165
0.201652
0.203409
0.211134
0.245510
0.223053
0.218275
0.205402
0.233854
0.226468
0.219607
0.194122
0.197002
0.199903
0.211623
0.231546
0.205584
0.230544
0.221118
0.228397
0.218729
0.211037
0.234197
0.243523
0.244018
0.232483
0.211028
0.207598
0.219602
0.220753
0.213600
0.202552
0.228954
0.209533
0.244204
0.217364
0.232736
0.227755
0.217235
0.213832
0.227348
0.218026
0.218596
0.194285
0.195723
0.220469
0.208544
0.223092
0.210720
0.223002
0.190329
0.225387
0.224653
0.198015
0.234888
0.211096
0.231839
0.218454
0.230876
0.226640
0.229959
0.233862
0.237816
0.226124
0.230710
0.235243
0.204586
0.202460
0.214972
0.212333
0.228492
0.203537
0.194875
0.225569
0.219524
0.219798
0.207167
0.228826
0.196326
0.202501
0.197183
0.215763
0.212422
0.235837
0.237242
0.211516
0.215235
0.207415
0.205956
0.234223
0.242123
0.236970
0.247822
0.209189
0.212737
0.212359
0.209550
0.214770
0.230652
0.219026
0.222291
0.228920
0.226876
0.227089
0.208317
0.195334
0.209030
0.231209
0.220307
0.207146
0.207913
0.203472
0.233213
0.209097
0.205873
0.219009
0.210116
0.212947
0.228174
0.240685
0.230462
0.240530
0.216137
0.221148
0.205527
0.209561
0.213907
0.193096
0.223784
0.229551
0.219570
0.235792
0.222028
0.196245
0.221535
0.210687
0.231208
0.249526
0.207642
0.215210
0.203962
0.235273
0.207345
0.222668
0.220639
0.213899
0.233453
0.214265
0.214351
0.225027
0.228990
0.230437
0.229035
0.217492
0.202128
0.226287
0.236604
0.230145
0.202745
0.210753
0.212869
0.226742
0.222653
0.207098
0.213511
0.210114
0.226158
0.241823
0.218439
0.237034
0.188150
0.200124
0.208539
0.206598
0.210715
0.207388
0.204226
0.216196
0.197585
0.204748
0.212655
0.207057
0.224155
0.229368
0.220519
0.198979
0.202400
0.212085
0.230456
0.201878
0.225705
0.215325
0.221348
0.206228
0.197303
0.210900
0.184509
0.195751
0.202300
0.227390
0.210176
0.213772
0.201536
0.185195
0.193432
0.234831
0.227119
0.208477
0.193758
0.212905
0.223921
0.227409
0.223242
0.211813
0.224444
0.202451
0.207055
0.223123
0.233809
0.213022
0.214729
0.229875
0.220649
0.224807
0.222239
0.220477
0.218919
0.233630
0.217191
0.198903
0.217425
0.225115
0.219607
0.225064
0.213231
0.238247
0.193491
0.205956
0.197610
0.209081
0.216272
0.192699
0.206228
0.206440
0.220100
0.219827
0.230296
0.229134
0.223993
0.215104
0.195585
0.232146
0.214285
0.218138
0.225588
0.230075
0.226481
0.212333
0.183062
0.198967
0.242883
0.198338
0.195996
0.192439
0.204629
0.202807
0.209038
0.212245
0.254640
0.208144
0.215654
0.202477
0.223532
0.229589
0.224529
0.223809
0.231643
0.224167
0.196527
0.217649
0.202601
0.218444
0.225791
0.225990
0.231577
0.188703
0.201622
0.220728
0.235282
0.231891
0.212569
0.222310
0.212856
0.201000
0.214486
0.211963
0.209794
0.214977
0.206434
0.199712
0.234400
0.232254
0.232146
0.211349
0.208137
0.187547
0.211689
0.209487
0.209528
0.211212
0.207119
0.216268
0.245139
0.228944
0.195535
0.181644
0.166972
0.180166
0.187299
0.181426
0.219821
0.238783
0.222961
0.212223
0.198646
0.215837
0.217751
0.207462
0.185886
0.245351
0.225438
0.239785
0.230387
0.196570
0.203345
0.205338
0.231474
0.229644
0.211418
0.203885
0.202387
0.227808
0.230053
0.217092
0.212029
0.216617
0.202844
0.220221
0.228866
0.237674
0.233214
0.209637
0.237044
0.223132
0.200904
0.214574
0.208691
0.212415
0.215791
0.228588
0.216165
0.237686
0.229135
0.222137
0.220067
0.218914
0.197196
0.187778
0.215495
0.214575
0.226543
0.201738
0.188228
0.192019
0.227960
0.224172
0.219097
0.211552
0.212981
0.207526
0.226487
0.219561
0.223364
0.212019
0.238374
0.202666
0.234228
0.246219
0.227743
0.219163
0.198669
0.197054
0.202345
0.211617
0.222677
0.223735
0.228649
0.222969
0.215841
0.210130
0.217651
0.236341
0.233152
0.211816
0.230908
0.205227
0.223145
0.231914
0.222667
0.215503
0.227308
0.233295
0.237362
0.244318
0.235616
0.216932
0.231338
0.206982
0.235213
0.222620
0.211973
0.221060
0.204255
0.207457
0.223402
0.215251
0.181094
0.199007
0.236237
0.219171
0.241088
0.233365
0.232369
0.196315
0.243650
0.226290
0.218078
0.210215
0.197655
0.242779
0.240035
0.256609
0.238355
0.234347
0.230446
0.198875
0.217124
0.243608
0.245125
0.208851
0.210488
0.235976
0.237183
0.227246
0.202007
0.233461
0.212675
0.230997
0.186714
0.214404
0.214054
0.205396
0.216451
0.215308
0.193107
0.241286
0.199534
0.236583
0.213648
0.196392
0.239249
0.227643
0.228469
0.217441
0.214981
0.232156
0.224542
0.207258
0.220910
0.222693
0.231961
0.228159
0.230796
0.224227
0.236708
0.236994
0.230309
0.256714
0.233451
0.238844
0.220591
0.227916
0.230418
0.240158
0.214428
0.232870
0.206981
0.193658
0.205490
0.231726
0.236226
0.217708
0.192648
0.185214
0.225987
0.213311
0.221798
0.209390
0.240730
0.224247
0.235253
0.195093
0.212276
0.200688
0.230316
0.239654
0.232248
0.226846
0.239403
0.223743
0.213733
0.206573
0.212343
0.217454
0.224712
0.209867
0.202481
0.222556
0.216310
0.213747
0.221519
0.197984
0.222860
0.229366
0.235697
0.221198
0.213659
0.194862
0.237923
0.228483
0.237268
0.209371
0.209821
0.216203
0.231741
0.232412
0.227230
0.229017
0.235986
0.235318
0.228840
0.241109
0.227742
0.206582
0.199305
0.192079
0.228259
0.214244
0.218435
0.241194
0.196949
0.202335
0.226202
0.226735
0.197080
0.196133
0.177948
0.202973
0.230313
0.212706
0.242107
0.228401
0.201845
0.192607
0.197189
0.199679
0.203891
0.242221
0.219275
0.225309
0.218530
0.228407
0.226990
0.225047
0.218775
0.220181
0.199687
0.223413
0.206416
0.200130
0.223476
0.214500
0.250321
0.226183
0.218063
0.205554
0.212513
0.215473
0.222345
0.224562
0.214460
0.234170
0.222901
0.220871
0.214125
0.220784
0.183963
0.203848
0.229299
0.212386
0.205471
0.190635
0.208177
0.232436
0.197506
0.214684
0.235410
0.231463
0.216481
0.212652
0.221200
0.233731
0.232274
0.222398
0.190849
0.214713
0.222965
0.218055
0.231546
0.230362
0.243446
0.204449
0.219410
0.214063
0.217461
0.222815
0.208774
0.212255
0.223382
0.200334
0.222131
0.213846
0.193565
0.179776
0.193195
0.226083
0.204986
0.195203
0.228058
0.221295
0.232667
0.230309
0.233516
0.229959
0.231738
0.225441
0.225814
0.234094
0.217452
0.215976
0.209483
0.235685
0.232155
0.241809
0.222206
0.213382
0.209367
0.211808
0.218027
0.214560
0.203109
0.230611
0.221052
0.246270
0.222496
0.217375
0.238320
0.218870
0.205484
0.198397
0.194840
0.209360
0.237562
0.212183
0.209110
0.225256
0.234544
0.214418
0.225652
0.228929
0.228599
0.229582
0.204425
0.230390
0.191299
0.225198
0.237452
0.247465
0.233540
0.227007
0.236599
0.236166
0.229676
0.238966
0.241750
0.196497
0.171751
0.215387
0.228936
0.198815
0.202151
0.218593
0.210085
0.214130
0.215897
0.237831
0.250033
0.204610
0.231974
0.210887
0.220701
0.236941
0.219733
0.207859
0.199650
0.205180
0.221710
0.198122
0.229882
0.207905
0.218413
0.199052
0.201493
0.224714
0.225943
0.239672
0.227405
0.242107
0.217330
0.214091
0.214084
0.227832
0.218551
0.215047
0.223981
0.196377
0.218002
0.187202
0.173753
0.203752
0.235935
0.206246
0.223172
0.216395
0.214241
0.211073
0.217480
0.240349
0.246383
0.233721
0.222014
0.178307
0.194772
0.211460
0.228010
0.235101
0.221472
0.237758
0.219935
0.237126
0.228185
0.219377
0.227615
0.229613
0.199900
0.209824
0.235784
0.232725
0.223165
0.225049
0.196615
0.227201
0.221957
0.226316
0.234716
0.221605
0.213340
0.185608
0.198801
0.203008
0.218539
0.234271
0.223808
0.223595
0.219655
0.207492
0.212320
0.210130
0.200280
0.223367
0.247664
0.205881
0.199966
0.184902
0.230121
0.210263
0.233261
0.216385
0.216410
0.216091
0.220993
0.198810
0.204730
0.230315
0.207609
0.216136
0.228783
0.208462
0.229059
0.224783
0.221623
0.194050
0.236564
0.233256
0.207745
0.218279
0.205209
0.214576
0.217714
0.208480
0.212916
0.211865
0.209396
0.191321
0.200344
0.190457
0.234012
0.209665
0.241226
0.227856
0.215650
0.221535
0.207568
0.232406
0.235357
0.233884
0.219341
0.232159
0.215589
0.209526
0.211884
0.225532
0.234165
0.242100
0.250859
0.235375
0.226290
0.224293
0.218821
0.232312
0.225299
0.238057
0.229200
0.208073
0.239055
0.248685
0.252671
0.225594
0.220194
0.220469
0.207470
0.235226
0.229150
0.205710
0.215744
0.220550
0.231124
0.214386
0.222055
0.232516
0.222027
0.214384
0.227239
0.216472
0.197531
0.225447
0.241818
0.248343
0.246257
0.250176
0.198218
0.224023
0.237851
0.233070
0.214179
0.225102
0.204895
0.199452
0.183545
0.205574
0.217911
0.209257
0.218901
0.212448
0.211710
0.217353
0.222078
0.229495
0.222633
0.204226
0.249103
0.242101
0.240670
0.207398
0.237362
0.220703
0.231669
0.248213
0.236223
0.226814
0.220217
0.234465
0.217416
0.218594
0.210770
0.230135
0.246796
0.243562
0.233273
0.213949
0.233147
0.221681
0.222284
0.228661
0.232066
0.226602
0.214311
0.213462
0.215491
0.212493
0.213928
0.232658
0.226169
0.232716
0.251582
0.240604
0.198544
0.213123
0.212708
0.237114
0.228845
0.224174
0.222833
0.243336
0.214862
0.212709
0.218167
0.217888
0.198588
0.215470
0.221012
0.223872
0.219070
0.239394
0.229746
0.239606
0.240441
0.233935
0.219328
0.249609
0.234793
0.235014
0.219562
0.228247
0.216928
0.198542
0.205882
0.228594
0.202766
0.214650
0.215171
0.213707
0.210902
0.200642
0.186031
0.187498
0.209725
0.213705
0.206365
0.212494
0.209892
0.221146
0.214346
0.230524
0.193139
0.225664
0.224506
0.219140
0.215944
0.221795
0.228491
0.217634
0.219358
0.210950
0.231978
0.227688
0.196612
0.199933
0.225092
0.204094
0.229411
0.216153
0.211386
0.220294
0.220476
0.239200
0.228568
0.217979
0.231508
0.245035
0.225200
0.201992
0.227193
0.205647
0.208688
0.252245
0.227537
0.242633
0.210574
0.236288
0.221895
0.231481
0.238061
0.249620
0.210759
0.207682
0.221232
0.235580
0.193341
0.196348
0.220096
0.225192
0.194311
0.203756
0.217339
0.205499
0.216645
0.216047
0.253194
0.232602
0.232475
0.219243
0.219246
0.221093
0.215430
0.228464
0.226080
0.206818
0.215403
0.212721
0.201958
0.213829
0.229703
0.242830
0.235582
0.191504
0.210818
0.198873
0.197157
0.233867
0.218094
0.235292
0.218570
0.237582
0.190450
0.217999
0.223382
0.224568
0.212998
0.230287
0.232845
0.239643
0.231352
0.246321
0.215506
0.219939
0.189877
0.215799
0.204049
0.221130
0.225039
0.225174
0.220222
0.231288
0.225422
0.207518
0.221651
0.231489
0.245906
0.221743
0.221885
0.207116
0.185965
0.199656
0.208312
0.205023
0.228340
0.227086
0.220107
0.224325
0.232269
0.210085
0.214018
0.234889
0.215564
0.229912
0.225685
0.206043
0.209206
0.227660
0.234660
0.183673
0.191467
0.185855
0.195179
0.216133
0.233311
0.231015
0.217382
0.221273
0.227793
0.221471
0.223295
0.239420
0.224187
0.224371
0.185991
0.199486
0.216990
0.213412
0.208279
0.235612
0.250221
0.231506
0.239654
0.247169
0.222106
0.218453
0.242004
0.216809
0.230111
0.211205
0.229715
0.229277
0.191285
0.197827
0.210136
0.214035
0.212641
0.245411
0.204405
0.206020
0.212663
0.239130
0.242399
0.247453
0.214272
0.227508
0.231772
0.237657
0.244520
0.226764
0.206384
0.214046
0.199182
0.213114
0.237973
0.233491
0.198336
0.221850
0.219718
0.231994
0.228579
0.219560
0.219751
0.214368
0.225154
0.223431
0.237440
0.234946
0.226224
0.220766
0.233211
0.234543
0.225174
0.237995
0.231271
0.213835
0.211504
0.221645
0.232892
0.237034
0.233833
0.229563
0.203965
0.253550
0.214813
0.211278
0.210389
0.223958
0.216378
0.242371
0.226090
0.205152
0.213435
0.238993
0.246806
0.237727
0.245198
0.232386
0.212026
0.235161
0.209173
0.219489
0.235170
0.212214
0.215944
0.199168
0.215911
0.220281
0.240514
0.228797
0.220685
0.235053
0.217063
0.205604
0.233050
0.222014
0.248747
0.241921
0.248545
0.206445
0.206181
0.193296
0.188876
0.220537
0.216794
0.222635
0.236628
0.218389
0.191872
0.208965
0.209626
0.219016
0.230402
0.220817
0.208927
0.188264
0.190430
0.209679
0.215649
0.221499
0.198956
0.243670
0.220213
0.230442
0.197273
0.209396
0.235260
0.241157
0.215609
0.224668
0.205652
0.237738
0.232769
0.212700
0.217019
0.234200
0.219043
0.206169
0.215426
0.241292
0.205038
0.207424
0.188454
0.210913
0.238488
0.227783
0.220227
0.244233
0.229457
0.208565
0.195249
0.207160
0.254146
0.237246
0.238798
0.232954
0.232151
0.211419
0.225909
0.226698
0.206949
0.226319
0.216393
0.190074
0.237579
0.232264
0.247786
0.229262
0.228977
0.239574
0.239999
0.242631
0.236561
0.228464
0.219229
0.213685
0.242753
0.213562
0.235098
0.245286
0.249099
0.229891
0.224471
0.230534
0.233199
0.244478
0.207277
0.195120
0.230413
0.237865
0.243261
0.238821
0.240542
0.234899
0.219643
0.235971
0.230308
0.237409
0.208613
0.220315
0.217149
0.228084
0.207847
0.207974
0.207515
0.186276
0.209144
0.244081
0.223261
0.205300
0.211080
0.212006
0.213903
0.224614
0.199704
0.214477
0.213747
0.211322
0.229342
0.232734
0.231531
0.236440
0.238427
0.225737
0.237212
0.240647
0.218190
0.185146
0.225413
0.224564
0.190945
0.237167
0.222425
0.218629
0.203981
0.215712
0.212442
0.219334
0.202227
0.198074
0.224286
0.211782
0.213271
0.188480
0.190093
0.182694
0.205560
0.205206
0.210661
0.211049
0.208084
0.212602
0.225804
0.231984
0.229954
0.227550
0.224922
0.221379
0.239903
0.257923
0.232561
0.232150
0.249557
0.240526
0.225026
0.240688
0.228470
0.232784
0.224925
0.211823
0.213663
0.230191
0.223956
0.227218
0.189236
0.210231
0.220107
0.209230
0.198381
0.216477
0.236009
0.204291
0.190223
0.215402
0.208503
0.208225
0.201245
0.239799
0.232104
0.228177
0.218638
0.242755
0.198277
0.211486
0.223163
0.222445
0.213422
0.217806
0.242238
0.238311
0.239344
0.212278
0.213559
0.220905
0.205139
0.207471
0.207845
0.229903
0.224773
0.232600
0.214895
0.209697
0.218379
0.227262
0.221723
0.221978
0.235759
0.246508
0.201400
0.222698
0.210974
0.242884
0.207632
0.243310
0.236608
0.222054
0.225348
0.238589
0.234438
0.223582
0.237981
0.234113
0.230954
0.216640
0.211176
0.218195
0.218736
0.252976
0.224943
0.213182
0.209827
0.227257
0.228015
0.226268
0.203677
0.191924
0.183816
0.204673
0.227403
0.228313
0.248368
0.221453
0.234311
0.217470
0.206776
0.206533
0.229781
0.230689
0.198210
0.226811
0.239802
0.242974
0.242802
0.205844
0.210317
0.205552
0.222351
0.239147
0.234446
0.247454
0.226094
0.240463
0.242654
0.204006
0.203021
0.238476
0.238837
0.233955
0.205496
0.212154
0.211131
0.223373
0.229197
0.210760
0.233451
0.225877
0.236336
0.225677
0.219482
0.221890
0.228305
0.203405
0.246631
0.233897
0.221702
0.237587
0.226916
0.231552
0.235117
0.232080
0.218822
0.200879
0.258807
0.205814
0.234092
0.222056
0.211122
0.197163
0.193757
0.219077
0.199983
0.218946
0.215647
0.214089
0.222924
0.212840
0.224471
0.221918
0.239363
0.230506
0.208666
0.214665
0.187548
0.189494
0.205380
0.230548
0.222003
0.223053
0.241386
0.210034
0.224766
0.219662
0.197945
0.235094
0.219915
0.204023
0.225148
0.238147
0.219805
0.209748
0.191317
0.205836
0.218379
0.229862
0.232578
0.202070
0.239383
0.216156
0.234263
0.253601
0.236251
0.238699
0.238716
0.232049
0.242975
0.228984
0.228926
0.228440
0.219393
0.214784
0.218437
0.240297
0.209723
0.228021
0.236412
0.231633
0.234694
0.212167
0.215048
0.233567
0.220494
0.244548
0.231399
0.210000
0.222136
0.218446
0.191630
0.235850
0.239550
0.209131
0.209331
0.228708
0.202271
0.228713
0.239455
0.213698
0.203884
0.202151
0.235667
0.234021
0.244342
0.214694
0.222238
0.219881
0.209719
0.236296
0.232942
0.238633
0.207239
0.229489
0.233836
0.213647
0.232647
0.228116
0.227825
0.233668
0.220744
0.208069
0.219468
0.212249
0.190340
0.235982
0.219402
0.214414
0.195769
0.197413
0.192673
0.220687
0.209440
0.215935
0.183489
0.202849
0.213012
0.190891
0.205282
0.209763
0.202328
0.219733
0.221030
0.250822
0.219526
0.224070
0.228616
0.248272
0.226223
0.236885
0.240961
0.230952
0.218828
0.227171
0.210443
0.218765
0.210489
0.228819
0.236521
0.213539
0.219599
0.213304
0.212064
0.202905
0.204398
0.220004
0.209611
0.222160
0.205879
0.242906
0.234610
0.222505
0.233795
0.242655
0.220293
0.204753
0.213279
0.212751
0.205923
0.219804
0.206511
0.214230
0.199235
0.195056
0.202789
0.230666
0.235329
0.233399
0.212903
0.231067
0.221811
0.211197
0.242326
0.226946
0.212094
0.225070
0.220531
0.214445
0.250913
0.239369
0.241771
0.227050
0.245877
0.242330
0.229514
0.234633
0.219617
0.219829
0.228641
0.229626
0.230980
0.227786
0.237936
0.238720
0.247031
0.234978
0.231620
0.193645
0.181451
0.188969
0.203099
0.210793
0.201936
0.240680
0.231943
0.242248
0.241232
0.220976
0.211921
0.212830
0.224357
0.205015
0.205728
0.202573
0.215733
0.228867
0.216349
0.226216
0.229096
0.230525
0.209627
0.232483
0.215041
0.234941
0.231424
0.236947
0.212484
0.246618
0.217924
0.237548
0.237437
0.219309
0.207251
0.220879
0.219778
0.248812
0.242204
0.214946
0.204885
0.204073
0.230073
0.239408
0.229437
0.219115
0.240197
0.216439
0.221218
0.220417
0.209650
0.232041
0.243893
0.236830
0.232527
0.228219
0.241439
0.199960
0.171212
0.199436
0.187381
0.184037
0.198357
0.237929
0.223633
0.181821
0.216561
0.212515
0.221059
0.213325
0.216878
0.206127
0.206480
0.203092
0.213262
0.226897
0.237157
0.235882
0.243416
0.178522
0.155553
0.159590
0.235869
0.223810
0.247168
0.223307
0.208371
0.204047
0.241126
0.228362
0.244648
0.218194
0.222133
0.242849
0.234770
0.217170
0.214288
0.249294
0.230920
0.211614
0.222367
0.223905
0.219328
0.209365
0.242388
0.232867
0.206095
0.220702
0.219468
0.203300
0.205807
0.223985
0.217301
0.239596
0.203442
0.203302
0.221062
0.233182
0.229498
0.219868
0.234633
0.233859
0.245720
0.227690
0.225212
0.211977
0.230661
0.220102
0.236722
0.215955
0.200734
0.212163
0.222341
0.227470
0.238424
0.225831
0.211967
0.187635
0.216711
0.216313
0.207090
0.240344
0.240903
0.214854
0.238663
0.195663
0.223134
0.208483
0.192245
0.240362
0.217757
0.205034
0.204379
0.233354
0.233666
0.222311
0.211457
0.223342
0.226937
0.216881
0.204799
0.243884
0.222109
0.230605
0.243631
0.232879
0.216416
0.215417
0.225106
0.222076
0.206876
0.247734
0.240964
0.225885
0.234809
0.233244
0.234518
0.233360
0.228024
0.244070
0.233427
0.247828
0.238419
0.233136
0.220995
0.233915
0.225326
0.222120
0.221536
0.246305
0.223477
0.211528
0.211700
0.219305
0.205611
0.246181
0.210819
0.225944
0.214604
0.211715
0.253839
0.231397
0.221229
0.204919
0.188251
0.219984
0.204183
0.217933
0.243087
0.219637
0.199849
0.206010
0.187325
0.184243
0.212586
0.213527
0.210132
0.226818
0.224925
0.217510
0.219452
0.228107
0.236828
0.253745
0.244810
0.226431
0.225244
0.213606
0.250005
0.228318
0.242364
0.241393
0.233457
0.234842
0.233415
0.227371
0.247814
0.242135
0.234297
0.218248
0.216340
0.221065
0.251902
0.228589
0.211993
0.220250
0.227230
0.216762
0.207493
0.199544
0.196561
0.193574
0.214964
0.213219
0.217947
0.211718
0.219062
0.223400
0.249126
0.241200
0.228290
0.225674
0.194669
0.199060
0.195562
0.225205
0.227730
0.223388
0.240369
0.215870
0.217112
0.239257
0.227348
0.212722
0.239815
0.256951
0.233718
0.196530
0.222811
0.241988
0.238645
0.249259
0.206313
0.250704
0.252699
0.225644
0.235613
0.228090
0.226010
0.239080
0.244623
0.242597
0.253140
0.214638
0.196814
0.224000
0.221244
0.242018
0.228649
0.245836
0.241366
0.224095
0.211507
0.225297
0.196680
0.243211
0.221072
0.222034
0.232575
0.212526
0.188518
0.243537
0.239791
0.210285
0.187809
0.202012
0.206116
0.232118
0.236107
0.215531
0.198991
0.194067
0.230266
0.215933
0.205391
0.207353
0.227286
0.207746
0.242889
0.222862
0.227150
0.210056
0.209029
0.227303
0.210052
0.205581
0.222005
0.220038
0.235647
0.254859
0.215663
0.214397
0.233682
0.217497
0.238776
0.221022
0.236082
0.240627
0.226111
0.231860
0.209286
0.216588
0.219421
0.239874
0.252773
0.231217
0.234934
0.208308
0.227341
0.220687
0.198651
0.250718
0.227928
0.219143
0.205193
0.186276
0.199989
0.204346
0.206134
0.194238
0.218996
0.210297
0.203517
0.203117
0.218631
0.207558
0.230312
0.204315
0.217331
0.218669
0.220273
0.202929
0.218166
0.224003
0.228089
0.221444
0.213955
0.223741
0.214172
0.210383
0.247378
0.192206
0.221568
0.225631
0.208748
0.222944
0.236663
0.208372
0.192911
0.236402
0.220766
0.216419
0.223749
0.229260
0.243873
0.243842
0.211628
0.189400
0.203668
0.225527
0.227750
0.238877
0.214770
0.213940
0.216174
0.222742
0.244073
0.245482
0.208593
0.216170
0.229413
0.227004
0.228985
0.217433
0.192247
0.221168
0.212433
0.224102
0.220701
0.220765
0.216814
0.204281
0.244228
0.238230
0.232477
0.237116
0.235021
0.243335
0.243134
0.223229
0.235328
0.245602
0.238582
0.230784
0.233266
0.243006
0.205368
0.237784
0.253746
0.238730
0.223617
0.222815
0.199719
0.202497
0.223899
0.235130
0.242372
0.220885
0.199662
0.228879
0.237633
0.232952
0.225027
0.221545
0.211545
0.226274
0.248758
0.218551
0.226471
0.214098
0.203339
0.237071
0.243883
0.218753
0.220866
0.215424
0.190690
0.238134
0.230387
0.209694
0.216027
0.218846
0.226260
0.222825
0.222237
0.241125
0.192768
0.216842
0.219095
0.196258
0.204118
0.219345
0.223981
0.229486
0.238780
0.227406
0.226684
0.231827
0.245707
0.238454
0.203802
0.202002
0.191142
0.211800
0.222666
0.221081
0.229345
0.212919
0.191843
0.218618
0.217802
0.226919
0.233465
0.219532
0.227345
0.230446
0.226225
0.240616
0.238050
0.246332
0.230709
0.230224
0.241809
0.230161
0.230459
0.220053
0.219943
0.210306
0.240806
0.254236
0.229401
0.238532
0.236855
0.245170
0.244272
0.211459
0.215301
0.228051
0.237085
0.222542
0.218430
0.216873
0.239998
0.229039
0.216695
0.208668
0.221479
0.226474
0.239906
0.233437
0.232142
0.236950
0.213541
0.220084
0.231225
0.244903
0.231606
0.231370
0.231251
0.233086
0.228521
0.249255
0.232445
0.219756
0.201358
0.213193
0.215359
0.221790
0.219627
0.242291
0.223475
0.226448
0.230897
0.235708
0.219636
0.199036
0.212238
0.244791
0.249107
0.222203
0.230908
0.240024
0.227704
0.228945
0.254192
0.248512
0.236103
0.239980
0.238980
0.227146
0.235993
0.230661
0.231457
0.224133
0.244094
0.214205
0.198401
0.228633
0.225874
0.241948
0.205276
0.214289
0.240387
0.253089
0.235327
0.251194
0.243502
0.248632
0.221157
0.207120
0.238407
0.243365
0.245796
0.214708
0.191550
0.213483
0.219861
0.237249
0.232681
0.222339
0.229155
0.194183
0.213982
0.231965
0.210265
0.238981
0.196954
0.219823
0.237704
0.229681
0.220443
0.218863
0.221606
0.227596
0.216855
0.227453
0.223009
0.211401
0.229318
0.234930
0.203480
0.242820
0.230533
0.236643
0.233917
0.194811
0.201959
0.197610
0.203293
0.220981
0.230209
0.226635
0.215404
0.211819
0.237158
0.236596
0.241762
0.239777
0.220093
0.229410
0.189079
0.216940
0.237488
0.236915
0.232118
0.207529
0.219128
0.218287
0.207050
0.174286
0.190037
0.228629
0.227198
0.218799
0.210376
0.230900
0.246406
0.230246
0.219051
0.219210
0.213362
0.230790
0.240967
0.233571
0.236218
0.247852
0.222816
0.201843
0.217459
0.215814
0.218630
0.245773
0.222106
0.197157
0.198289
0.201408
0.225616
0.226860
0.244052
0.230137
0.237970
0.223116
0.237648
0.220967
0.232766
0.237713
0.248908
0.242338
0.237068
0.208745
0.203437
0.227618
0.212310
0.227029
0.228279
0.242944
0.241453
0.235443
0.229533
0.222353
0.222677
0.208312
0.217883
0.206331
0.194741
0.225848
0.229060
0.226478
0.203958
0.203582
0.221069
0.215244
0.237161
0.244729
0.227935
0.196482
0.202700
0.224782
0.235358
0.227234
0.204704
0.219564
0.216279
0.203311
0.249040
0.237845
0.211194
0.212361
0.207448
0.204649
0.236269
0.216085
0.232389
0.221850
0.237761
0.241503
0.241350
0.228051
0.226884
0.208927
0.213805
0.211709
0.214474
0.203433
0.208590
0.232838
0.244838
0.249949
0.209378
0.220421
0.214135
0.226534
0.215357
0.227542
0.244975
0.200766
0.222958
0.200921
0.201221
0.227421
0.206148
0.228221
0.214615
0.199037
0.208399
0.249491
0.211256
0.233724
0.211696
0.206289
0.223528
0.217007
0.202759
0.204490
0.211997
0.250526
0.236510
0.206721
0.230893
0.234366
0.218920
0.223401
0.236645
0.231216
0.216355
0.246245
0.215377
0.241132
0.239405
0.224334
0.237729
0.237718
0.216572
0.204030
0.235094
0.212102
0.205567
0.218703
0.200386
0.206036
0.215973
0.225210
0.241681
0.208498
0.199149
0.234563
0.220063
0.224184
0.205419
0.237645
0.233688
0.226607
0.201791
0.191935
0.205410
0.219735
0.232212
0.205604
0.235324
0.226397
0.198485
0.227147
0.196490
0.241684
0.232357
0.223002
0.221676
0.213449
0.217505
0.241313
0.212300
0.220712
0.224368
0.215444
0.223354
0.211137
0.207682
0.194284
0.193387
0.235802
0.219511
0.219762
0.210205
0.225583
0.245907
0.250840
0.222019
0.214497
0.198196
0.236374
0.234759
0.234662
0.229626
0.195924
0.224283
0.212072
0.204232
0.243076
0.226365
0.245763
0.211254
0.221982
0.230674
0.241377
0.207289
0.227819
0.238370
0.237839
0.251123
0.216556
0.208024
0.232793
0.237778
0.261266
0.219574
0.245515
0.233506
0.233469
0.234684
0.217913
0.217877
0.212429
0.228596
0.208546
0.241193
0.236215
0.233620
0.254730
0.216899
0.209209
0.229433
0.228935
0.238508
0.230527
0.222562
0.212940
0.215744
0.227251
0.199734
0.196320
0.224494
0.223223
0.236073
0.216289
0.226218
0.228091
0.204251
0.205190
0.229486
0.211375
0.239129
0.253751
0.225861
0.235945
0.213156
0.219377
0.228736
0.225506
0.215692
0.220859
0.245476
0.215007
0.217271
0.247333
0.221513
0.232277
0.213187
0.249593
0.243396
0.217049
0.203853
0.238952
0.246674
0.244051
0.244125
0.241643
0.244361
0.237275
0.213642
0.205294
0.248333
0.213630
0.217131
0.235372
0.231962
0.216568
0.230425
0.218381
0.233787
0.238014
0.212978
0.265065
0.236475
0.218345
0.207591
0.252634
0.248854
0.231024
0.234888
0.215974
0.232280
0.213459
0.201350
0.232321
0.209334
0.203476
0.239727
0.211515
0.217453
0.202953
0.232095
0.235591
0.208652
0.203506
0.207853
0.243372
0.214093
0.239256
0.237340
0.217715
0.208819
0.230208
0.238981
0.214883
0.230101
0.229479
0.198777
0.217072
0.214832
0.232478
0.227171
0.237502
0.233113
0.213485
0.246798
0.241649
0.216734
0.222337
0.232954
0.231789
0.215174
0.227810
0.219973
0.231630
0.224296
0.217198
0.241130
0.220213
0.234288
0.224985
0.215768
0.210191
0.215275
0.221835
0.241377
0.247685
0.233658
0.237062
0.245059
0.238552
0.215252
0.229646
0.233559
0.227124
0.239499
0.251135
0.244621
0.241106
0.240623
0.242765
0.216129
0.226627
0.229746
0.249657
0.248821
0.230874
0.218914
0.216426
0.227019
0.232993
0.236856
0.238750
0.226217
0.239019
0.221521
0.259622
0.219946
0.222812
0.220681
0.209191
0.211347
0.231156
0.193484
0.209319
0.220841
0.206192
0.185825
0.236071
0.214710
0.241472
0.255187
0.226124
0.221863
0.223667
0.223427
0.210759
0.204309
0.218719
0.247250
0.263457
0.242941
0.227413
0.214400
0.230160
0.216481
0.206968
0.250907
0.239659
0.236959
0.232852
0.227381
0.227464
0.249697
0.218789
0.215166
0.193874
0.247516
0.235450
0.226061
0.226682
0.244857
0.250334
0.229979
0.214703
0.223875
0.248926
0.233238
0.201916
0.210692
0.200590
0.207337
0.232290
0.237312
0.249366
0.239017
0.213685
0.220317
0.209168
0.240749
0.229231
0.252563
0.247108
0.215261
0.224365
0.215425
0.228663
0.225080
0.244723
0.245554
0.249794
0.258868
0.226878
0.226169
0.223359
0.225746
0.214446
0.248114
0.215857
0.239536
0.235263
0.236769
0.223269
0.183857
0.199582
0.219783
0.227600
0.222896
0.232883
0.243677
0.231992
0.249441
0.244346
0.251451
0.254257
0.211252
0.223107
0.205290
0.183820
0.244018
0.242397
0.225450
0.221088
0.215236
0.204466
0.217015
0.230351
0.215237
0.222934
0.223873
0.223848
0.209209
0.212162
0.197315
0.210225
0.251091
0.222463
0.232907
0.217711
0.206720
0.257181
0.204617
0.205726
0.246043
0.250607
0.239350
0.220251
0.239855
0.238587
0.225020
0.185197
0.214195
0.234920
0.203719
0.230514
0.186022
0.213208
0.215187
0.223729
0.217108
0.224137
0.224127
0.229578
0.245499
0.223549
0.251718
0.228547
0.226502
0.238701
0.233205
0.229125
0.208145
0.215392
0.237037
0.215117
0.234845
0.227469
0.230592
0.228911
0.195951
0.204095
0.202744
0.241584
0.238077
0.218368
0.206077
0.216430
0.250667
0.237530
0.219840
0.220237
0.222677
0.228766
0.231216
0.226612
0.243633
0.214064
0.224997
0.243909
0.226093
0.216434
0.223479
0.187268
0.210708
0.180764
0.182536
0.202339
0.227196
0.240538
0.231214
0.251084
0.229296
0.209812
0.234840
0.222716
0.240202
0.228816
0.238892
0.200778
0.202759
0.247071
0.248398
0.219037
0.215125
0.205762
0.230818
0.237411
0.209604
0.216211
0.231177
0.251555
0.218474
0.244074
0.242982
0.222775
0.228115
0.252464
0.236343
0.211488
0.237300
0.198065
0.204448
0.214430
0.242798
0.237513
0.214095
0.227272
0.231910
0.208806
0.233326
0.228197
0.230305
0.209247
0.237954
0.218430
0.231087
0.224092
0.206677
0.208252
0.206158
0.244535
0.233344
0.249519
0.247474
0.233242
0.242445
0.228753
0.219287
0.203417
0.219468
0.238823
0.223131
0.238357
0.229854
0.223804
0.240268
0.207486
0.235838
0.218258
0.224344
0.225965
0.222927
0.228085
0.224805
0.232722
0.237379
0.251580
0.236694
0.224412
0.230512
0.238914
0.237395
0.242662
0.255777
0.240469
0.224680
0.218997
0.231400
0.238701
0.230258
0.243711
0.237235
0.237409
0.237390
0.228293
0.197687
0.258100
0.245767
0.234885
0.251735
0.227476
0.231998
0.246433
0.238445
0.224051
0.222414
0.223307
0.212617
0.210715
0.231020
0.211225
0.214548
0.202931
0.210975
0.203519
0.199681
0.191062
0.211869
0.203382
0.218795
0.211019
0.234450
0.195229
0.212204
0.249799
0.248141
0.200476
0.201647
0.210360
0.220049
0.198969
0.239623
0.220863
0.211600
0.218071
0.243090
0.233984
0.220256
0.219302
0.223211
0.207381
0.216678
0.226393
0.227690
0.218577
0.212520
0.228171
0.228939
0.235348
0.219343
0.210584
0.225758
0.244001
0.236777
0.242872
0.230213
0.239241
0.244457
0.238184
0.223799
0.228882
0.209478
0.208503
0.202940
0.251634
0.215875
0.205679
0.227045
0.230338
0.239980
0.206359
0.253623
0.239649
0.215879
0.247091
0.227043
0.244510
0.244278
0.240168
0.245313
0.207800
0.230034
0.238006
0.212508
0.194562
0.196650
0.226376
0.248750
0.242124
0.212621
0.230489
0.246067
0.229388
0.255605
0.229906
0.224708
0.237491
0.258506
0.242539
0.222580
0.251765
0.239473
0.235886
0.200537
0.207968
0.221251
0.228917
0.217678
0.236171
0.194991
0.236822
0.249993
0.233296
0.221214
0.190140
0.219567
0.216326
0.217111
0.257466
0.247133
0.228408
0.250463
0.253479
0.249551
0.228374
0.235531
0.227541
0.233299
0.244166
0.247023
0.221464
0.232709
0.225837
0.253421
0.236863
0.245556
0.231748
0.221894
0.216976
0.227327
0.209106
0.232746
0.235972
0.212004
0.260000
0.251275
0.230466
0.201417
0.199885
0.216046
0.237232
0.237632
0.248645
0.229966
0.232154
0.207887
0.208079
0.200179
0.208984
0.207443
0.223916
0.212878
0.223350
0.236204
0.243073
0.240861
0.234383
0.232502
0.199603
0.204302
0.229834
0.236769
0.230073
0.222289
0.234223
0.229976
0.229749
0.235621
0.220449
0.227284
0.232011
0.247368
0.255528
0.219249
0.245671
0.226874
0.234295
0.236111
0.216069
0.229375
0.237828
0.231631
0.217740
0.196599
0.191616
0.216784
0.190893
0.195617
0.229953
0.243287
0.210237
0.211970
0.213218
0.222357
0.241491
0.228480
0.220936
0.252153
0.223073
0.258852
0.246654
0.246924
0.230474
0.232076
0.225996
0.219166
0.236864
0.237123
0.218650
0.246754
0.255591
0.236275
0.230647
0.203549
0.231024
0.223319
0.227052
0.215266
0.243734
0.233784
0.222663
0.214452
0.208525
0.229130
0.222249
0.227851
0.214628
0.211874
0.200640
0.208851
0.235289
0.218456
0.243760
0.234005
0.212254
0.223694
0.223937
0.209407
0.251297
0.229582
0.243336
0.202944
0.225514
0.242953
0.233578
0.237653
0.242560
0.238348
0.228634
0.233311
0.242164
0.232185
0.203743
0.222232
0.228251
0.220690
0.235296
0.234065
0.239928
0.248829
0.251939
0.249692
0.232820
0.227660
0.222703
0.227138
0.237225
0.243426
0.264902
0.228197
0.225713
0.209129
0.205119
0.204129
0.195559
0.228485
0.200935
0.228467
0.232420
0.238396
0.249974
0.226877
0.251282
0.234826
0.246104
0.246140
0.246866
0.222383
0.214558
0.220542
0.226349
0.243174
0.239264
0.215396
0.235775
0.232234
0.213777
0.234650
0.243284
0.217742
0.251646
0.207648
0.230410
0.223309
0.208416
0.209206
0.215986
0.209230
0.222122
0.210336
0.194660
0.233076
0.210412
0.230869
0.228692
0.235140
0.209147
0.202105
0.218920
0.215186
0.224231
0.234441
0.216169
0.253215
0.223950
0.250067
0.225815
0.224339
0.228594
0.238336
0.232612
0.237611
0.227470
0.227909
0.237489
0.241138
0.225436
0.236339
0.209149
0.212430
0.200272
0.244094
0.223651
0.250728
0.240316
0.232360
0.206941
0.196495
0.226498
0.206343
0.236144
0.242413
0.250798
0.245200
0.247337
0.236629
0.241270
0.239353
0.221541
0.208632
0.193615
0.165564
0.202966
0.221567
0.204475
0.221775
0.255779
0.229352
0.211900
0.251340
0.215950
0.243979
0.229688
0.241187
0.228328
0.216001
0.240069
0.228055
0.221111
0.243331
0.231919
0.231331
0.231049
0.241054
0.248854
0.225776
0.228442
0.205614
0.245922
0.243423
0.235403
0.227997
0.256089
0.236184
0.234670
0.249025
0.226627
0.212617
0.222448
0.248301
0.238194
0.234156
0.218221
0.221129
0.221862
0.214559
0.227790
0.219672
0.220307
0.192873
0.214441
0.218366
0.237327
0.227059
0.210508
0.230152
0.237766
0.220969
0.246331
0.220961
0.233478
0.251965
0.222774
0.209960
0.242444
0.236155
0.243829
0.238516
0.234863
0.229244
0.211618
0.221406
0.230838
0.229881
0.232929
0.234528
0.231318
0.219282
0.231549
0.243823
0.232461
0.226785
0.218340
0.209309
0.234308
0.224139
0.234707
0.240941
0.246520
0.226687
0.236549
0.213604
0.217823
0.222534
0.237306
0.235846
0.237438
0.205411
0.203451
0.208062
0.217601
0.246564
0.237516
0.244802
0.204464
0.244612
0.221501
0.237275
0.231560
0.229231
0.226137
0.231395
0.239737
0.236109
0.231230
0.228646
0.223227
0.211150
0.221130
0.193022
0.179053
0.213195
0.219121
0.229947
0.238004
0.229759
0.223212
0.265909
0.254720
0.244773
0.199069
0.232963
0.216669
0.227770
0.182991
0.211549
0.194316
0.208217
0.214716
0.243572
0.223816
0.221638
0.193937
0.208787
0.239176
0.231073
0.229113
0.233635
0.212141
0.224614
0.217053
0.212374
0.213163
0.233810
0.205917
0.212041
0.226147
0.261673
0.241539
0.238967
0.231898
0.238537
0.211279
0.221361
0.234605
0.224787
0.208687
0.199084
0.218937
0.252484
0.223268
0.217122
0.215319
0.202731
0.203404
0.219555
0.235266
0.232496
0.246284
0.235713
0.213857
0.211381
0.218405
0.217919
0.219907
0.218117
0.213755
0.212532
0.233325
0.230308
0.228837
0.213077
0.251603
0.241553
0.209004
0.223532
0.207938
0.207007
0.241224
0.218360
0.256097
0.240988
0.225677
0.200148
0.212061
0.242686
0.238794
0.230099
0.237389
0.220409
0.235065
0.242254
0.213466
0.221535
0.201666
0.206724
0.225248
0.231987
0.203998
0.225131
0.208188
0.223790
0.246251
0.209718
0.245056
0.235651
0.206203
0.250256
0.223734
0.218238
0.216729
0.207349
0.209640
0.255169
0.249892
0.238231
0.208012
0.256972
0.211359
0.237727
0.235674
0.211586
0.209061
0.205050
0.193820
0.238733
0.241387
0.236827
0.234559
0.196770
0.238015
0.220519
0.225278
0.231440
0.219249
0.244496
0.257370
0.232429
0.255310
0.242042
0.253110
0.226892
0.239154
0.209666
0.210985
0.206795
0.220577
0.254109
0.230567
0.199102
0.225621
0.227735
0.234684
0.215324
0.237939
0.233845
0.235130
0.199435
0.210038
0.236467
0.235569
0.207754
0.214638
0.242209
0.229138
0.241978
0.223228
0.213931
0.230350
0.222169
0.223423
0.223266
0.217078
0.236817
0.221324
0.228869
0.241436
0.224592
0.222035
0.223280
0.217859
0.241098
0.210788
0.177558
0.245484
0.243533
0.213597
0.219565
0.248607
0.238895
0.248599
0.226972
0.228196
0.237615
0.253877
0.207557
0.218563
0.198441
0.223469
0.240811
0.254408
0.256560
0.228958
0.237048
0.222321
0.224847
0.200266
0.182849
0.235098
0.239696
0.225010
0.239408
0.243140
0.243970
0.215190
0.209229
0.232069
0.239521
0.233622
0.243059
0.219277
0.223229
0.196465
0.203770
0.191751
0.228094
0.224048
0.198867
0.240093
0.240826
0.215466
0.229325
0.235841
0.251935
0.212502
0.210687
0.202363
0.215622
0.222141
0.205406
0.201224
0.205675
0.222391
0.219327
0.216823
0.196185
0.199473
0.227647
0.230903
0.215253
0.229204
0.214293
0.214526
0.237105
0.218933
0.218320
0.203910
0.246541
0.232108
0.246380
0.221600
0.208949
0.228590
0.234932
0.210822
0.221121
0.220956
0.222668
0.251193
0.246007
0.226036
0.231400
0.209697
0.239814
0.189029
0.189866
0.207751
0.221573
0.209509
0.244779
0.225965
0.242479
0.233886
0.203563
0.239163
0.228606
0.228613
0.224127
0.225311
0.252616
0.202470
0.211539
0.244023
0.234727
0.187637
0.236776
0.251644
0.239039
0.246674
0.239530
0.218211
0.211908
0.223744
0.233118
0.218357
0.219102
0.203844
0.194788
0.217737
0.218517
0.249477
0.254765
0.221714
0.225661
0.216000
0.196352
0.227541
0.250189
0.212616
0.218279
0.230982
0.213565
0.216282
0.210054
0.201358
0.208805
0.217633
0.217032
0.240518
0.204719
0.213296
0.218842
0.211233
0.218510
0.222053
0.245173
0.196289
0.215273
0.225960
0.230530
0.244711
0.214356
0.213018
0.233952
0.216947
0.202586
0.200562
0.190756
0.228676
0.203749
0.234684
0.243080
0.241058
0.227908
0.228203
0.238152
0.229741
0.232216
0.222486
0.211760
0.222574
0.225297
0.230629
0.252038
0.241515
0.240724
0.235944
0.214643
0.229013
0.216746
0.238800
0.250007
0.235556
0.218205
0.232412
0.217131
0.210128
0.227208
0.243734
0.223271
0.232856
0.229207
0.203904
0.234849
0.226850
0.251844
0.236802
0.217098
0.239030
0.245247
0.238267
0.214109
0.256868
0.255961
0.240565
0.249271
0.242273
0.213829
0.212724
0.207913
0.214065
0.252514
0.207196
0.229277
0.214933
0.215355
0.223313
0.219645
0.199903
0.179634
0.208281
0.216926
0.185161
0.180874
0.221048
0.231208
0.205180
0.221168
0.230906
0.257524
0.241273
0.226510
0.214301
0.239434
0.216919
0.222014
0.232289
0.226625
0.202673
0.221201
0.236649
0.228311
0.246049
0.232771
0.231695
0.223326
0.220796
0.242486
0.218711
0.222043
0.219320
0.198071
0.230280
0.214321
0.205976
0.235365
0.246758
0.247079
0.244668
0.221343
0.212332
0.201948
0.191058
0.226199
0.230575
0.241749
0.234960
0.214014
0.214556
0.231572
0.214486
0.245416
0.251578
0.229202
0.230174
0.214572
0.224936
0.229316
0.223576
0.234769
0.238852
0.248660
0.244030
0.249757
0.246926
0.248115
0.228633
0.252056
0.253782
0.224404
0.212555
0.207369
0.200319
0.252338
0.241124
0.230066
0.230484
0.238288
0.235303
0.228257
0.235300
0.226649
0.236143
0.268532
0.252876
0.246832
0.209546
0.190211
0.204911
0.228708
0.268566
0.247421
0.251355
0.238375
0.233955
0.251559
0.216948
0.238016
0.242898
0.233025
0.225591
0.181610
0.208751
0.230744
0.224542
0.215339
0.222727
0.215740
0.234713
0.214550
0.227577
0.221183
0.218067
0.248224
0.214780
0.218443
0.226498
0.220342
0.187188
0.177826
0.185919
0.230131
0.248385
0.216055
0.250537
0.211116
0.204700
0.218760
0.246849
0.244404
0.227346
0.233669
0.231252
0.218717
0.231065
0.236802
0.211059
0.206832
0.203404
0.197045
0.202251
0.196806
0.198693
0.179070
0.197018
0.221335
0.222313
0.255026
0.227073
0.198899
0.202776
0.187601
0.225858
0.229576
0.231878
0.188404
0.218172
0.198499
0.208596
0.207254
0.243475
0.227363
0.220700
0.232176
0.220926
0.225891
0.212281
0.228128
0.199797
0.220279
0.206806
0.226954
0.257593
0.230124
0.251305
0.206796
0.215041
0.256603
0.236600
0.217459
0.220792
0.209145
0.224132
0.225191
0.203837
0.224854
0.237949
0.222611
0.202609
0.226668
0.191555
0.207353
0.225847
0.221481
0.222780
0.231219
0.231205
0.244276
0.214495
0.228196
0.233919
0.231435
0.222629
0.248294
0.239667
0.237130
0.232576
0.229530
0.242023
0.230321
0.243187
0.244761
0.253910
0.232122
0.235764
0.218343
0.223959
0.211122
0.230497
0.208853
0.246172
0.251852
0.243923
0.235484
0.229637
0.221532
0.226316
0.221612
0.197987
0.210650
0.215975
0.200267
0.242291
0.242227
0.214035
0.196122
0.201929
0.226484
0.226894
0.216787
0.236884
0.235267
0.234279
0.231162
0.218138
0.217398
0.204629
0.192948
0.237965
0.234480
0.230110
0.230432
0.257824
0.234934
0.185919
0.218313
0.224149
0.218592
0.199922
0.225609
0.230182
0.247006
0.217021
0.209975
0.199543
0.183657
0.226075
0.239142
0.248639
0.225000
0.214375
0.239871
0.231454
0.205936
0.208781
0.228436
0.235692
0.239195
0.248466
0.230486
0.213092
0.213725
0.227377
0.211707
0.232073
0.234111
0.210572
0.219238
0.241136
0.215573
0.243037
0.229309
0.205931
0.255324
0.234816
0.246538
0.253639
0.249948
0.216795
0.218604
0.219973
0.242826
0.229800
0.250810
0.263084
0.249324
0.227062
0.237648
0.223297
0.215085
0.200439
0.200206
0.200461
0.203060
0.194934
0.213213
0.217225
0.236001
0.195181
0.199957
0.212770
0.214752
0.218956
0.234946
0.235795
0.225749
0.221121
0.226368
0.215565
0.232406
0.232030
0.229154
0.218135
0.217479
0.199421
0.262266
0.225961
0.188531
0.191156
0.213349
0.217140
0.237219
0.222920
0.244538
0.226864
0.204513
0.210843
0.217329
0.214433
0.210821
0.244306
0.235639
0.238320
0.242475
0.228786
0.237665
0.228845
0.238122
0.239730
0.222293
0.208013
0.227123
0.221168
0.250145
0.230719
0.221222
0.218193
0.243194
0.258369
0.212832
0.239069
0.231219
0.235324
0.231468
0.219472
0.211397
0.192624
0.230744
0.216509
0.229233
0.249668
0.209572
0.223588
0.219407
0.244362
0.232980
0.238634
0.239047
0.238390
0.228316
0.240995
0.251500
0.220929
0.239321
0.231414
0.231034
0.218202
0.198724
0.194710
0.237126
0.240757
0.238831
0.244406
0.235277
0.209618
0.229989
0.244547
0.241239
0.237222
0.239205
0.254285
0.244648
0.194838
0.219594
0.234896
0.207554
0.218186
0.208112
0.206631
0.200280
0.192065
0.238412
0.234524
0.235338
0.229374
0.245072
0.246897
0.237667
0.224897
0.221157
0.254033
0.214603
0.235890
0.216959
0.202017
0.216459
0.218253
0.239409
0.210606
0.219079
0.231696
0.224747
0.224766
0.238738
0.210410
0.214320
0.197827
0.223040
0.247422
0.221999
0.237943
0.193144
0.220404
0.243816
0.222809
0.209748
0.235420
0.228483
0.240337
0.248842
0.242153
0.230805
0.245712
0.235956
0.232680
0.245500
0.237246
0.221591
0.230918
0.243490
0.233051
0.231645
0.229363
0.227200
0.218170
0.239691
0.237499
0.208069
0.233609
0.216736
0.203509
0.230229
0.261374
0.241937
0.245839
0.232741
0.232559
0.223859
0.245245
0.254390
0.232713
0.217560
0.238544
0.231878
0.240420
0.239074
0.230947
0.241103
0.228977
0.227118
0.258840
0.230651
0.223965
0.244633
0.231131
0.249853
0.245390
0.246112
0.229850
0.226964
0.239424
0.223251
0.212711
0.221801
0.239761
0.227446
0.218070
0.251923
0.242380
0.236250
0.226298
0.261296
0.236725
0.233343
0.193598
0.218355
0.215607
0.234794
0.245780
0.232235
0.254255
0.223354
0.253930
0.233692
0.218432
0.222715
0.221538
0.226249
0.203486
0.246087
0.229354
0.235199
0.213230
0.221946
0.244531
0.235570
0.228801
0.232719
0.234366
0.238936
0.249287
0.262025
0.211196
0.252533
0.248465
0.241674
0.237467
0.261626
0.260830
0.248883
0.255962
0.235214
0.221876
0.248045
0.252160
0.208524
0.240602
0.245747
0.245655
0.228007
0.218832
0.243813
0.249373
0.245888
0.244460
0.220959
0.219171
0.227304
0.240631
0.228424
0.216471
0.248965
0.217389
0.236685
0.226952
0.206416
0.203254
0.244718
0.239110
0.245026
0.225331
0.247270
0.212847
0.259197
0.229802
0.230398
0.223036
0.243419
0.238592
0.223808
0.206361
0.212971
0.255177
0.213606
0.229761
0.212246
0.217747
0.207264
0.219510
0.204398
0.228696
0.240735
0.219735
