-0.137106
-0.130198
-0.125045
-0.121051
-0.114623
-0.109043
-0.104885
-0.102406
-0.099635
-0.096955
-0.094614
-0.092299
-0.089225
-0.086613
-0.084725
-0.083033
-0.079676
-0.076840
-0.074962
-0.072902
-0.071917
-0.070299
-0.068705
-0.066418
-0.064527
-0.062840
-0.061728
-0.060890
-0.058934
-0.056995
-0.056299
-0.053721
-0.052276
-0.050981
-0.048712
-0.047658
-0.046499
-0.045014
-0.043810
-0.042491
-0.041288
-0.039250
-0.038860
-0.037767
-0.037175
-0.035401
-0.034822
-0.033422
-0.032285
-0.031274
-0.030552
-0.029317
-0.028379
-0.026690
-0.026363
-0.024619
-0.024050
-0.023192
-0.021640
-0.020145
-0.019490
-0.018728
-0.017987
-0.017418
-0.016264
-0.015531
-0.014566
-0.013892
-0.013021
-0.011477
-0.010830
-0.009952
-0.008263
-0.007707
-0.006381
-0.005880
-0.005203
-0.004363
-0.003158
-0.002705
-0.001488
-0.000719
0.000094
0.001409
0.001908
0.003044
0.003890
0.004341
0.005317
0.005818
0.006365
0.008054
0.008950
0.009602
0.010491
0.010885
0.011603
0.011810
0.012523
0.012911
0.013204
0.014425
0.014919
0.015317
0.016062
0.016824
0.017182
0.018268
0.019158
0.019973
0.020457
0.021038
0.021664
0.021991
0.022352
0.022782
0.023305
0.023994
0.024605
0.024855
0.025608
0.025973
0.026229
0.026679
0.027023
0.027486
0.028403
0.028564
0.028988
0.029433
0.029874
0.031376
0.032289
0.032602
0.032893
0.033451
0.033504
0.034035
0.035044
0.035207
0.035624
0.035901
0.036825
0.037573
0.038116
0.038576
0.039407
0.039972
0.040805
0.041077
0.041342
0.042023
0.042765
0.043582
0.043695
0.044344
0.045034
0.045559
0.045859
0.046427
0.046739
0.047331
0.047511
0.047757
0.048311
0.048563
0.048910
0.049258
0.050229
0.050417
0.050851
0.051423
0.052034
0.052461
0.052596
0.053143
0.053482
0.053788
0.054402
0.054683
0.055029
0.055542
0.055778
0.056095
0.056311
0.056632
0.057234
0.057613
0.058230
0.058395
0.058546
0.058938
0.059315
0.059750
0.060179
0.060586
0.060878
0.061324
0.061709
0.061988
0.062728
0.063115
0.063375
0.063519
0.064065
0.064283
0.065083
0.065396
0.065662
0.065824
0.066042
0.066473
0.066888
0.067267
0.067758
0.068268
0.068898
0.069021
0.069281
0.069681
0.069904
0.070239
0.070661
0.070871
0.071106
0.071434
0.071652
0.071834
0.072189
0.072439
0.072721
0.072928
0.073342
0.073551
0.073873
0.074231
0.074759
0.074967
0.075257
0.075669
0.075886
0.076175
0.076610
0.077006
0.077238
0.077517
0.077786
0.077901
0.078319
0.078750
0.078998
0.079569
0.079705
0.079950
0.080137
0.080279
0.080603
0.080795
0.080981
0.081198
0.081284
0.081526
0.081837
0.082127
0.082361
0.082619
0.082886
0.083295
0.083415
0.083748
0.083958
0.084110
0.084532
0.084864
0.085284
0.085600
0.085656
0.085971
0.086106
0.086379
0.086651
0.086931
0.087147
0.087313
0.087626
0.087859
0.088209
0.088579
0.088835
0.089046
0.089232
0.089435
0.089704
0.090094
0.090417
0.090715
0.090936
0.091113
0.091283
0.091529
0.091732
0.091864
0.092098
0.092421
0.092676
0.092821
0.093018
0.093254
0.093376
0.093758
0.094029
0.094271
0.094422
0.094594
0.094769
0.095020
0.095335
0.095645
0.096000
0.096132
0.096440
0.096682
0.096855
0.096946
0.097559
0.097772
0.097932
0.098205
0.098411
0.098521
0.098911
0.099159
0.099319
0.099681
0.099891
0.100120
0.100638
0.100793
0.100937
0.101086
0.101313
0.101438
0.101532
0.101775
0.101969
0.102096
0.102256
0.102536
0.102818
0.102862
0.103133
0.103344
0.103454
0.103648
0.103715
0.103992
0.104261
0.104520
0.104653
0.104823
0.104942
0.105057
0.105295
0.105544
0.105795
0.105874
0.106152
0.106211
0.106260
0.106429
0.106499
0.106865
0.107024
0.107122
0.107295
0.107474
0.107671
0.107951
0.108164
0.108252
0.108464
0.108696
0.108918
0.109094
0.109268
0.109394
0.109577
0.109915
0.109937
0.110200
0.110271
0.110359
0.110501
0.110677
0.110834
0.110941
0.111120
0.111310
0.111387
0.111556
0.111675
0.111831
0.112032
0.112177
0.112349
0.112445
0.112580
0.112721
0.112896
0.112984
0.113008
0.113193
0.113407
0.113623
0.113751
0.113952
0.114092
0.114212
0.114305
0.114420
0.114458
0.114498
0.114767
0.115062
0.115293
0.115484
0.115651
0.115756
0.115820
0.115965
0.116031
0.116200
0.116334
0.116377
0.116568
0.116750
0.116814
0.116927
0.117026
0.117266
0.117412
0.117631
0.117795
0.117864
0.118025
0.118070
0.118252
0.118483
0.118523
0.118672
0.118803
0.118885
0.119053
0.119140
0.119317
0.119619
0.119728
0.119808
0.119896
0.120026
0.120254
0.120372
0.120445
0.120598
0.120692
0.120841
0.120969
0.121210
0.121349
0.121539
0.121602
0.121732
0.121839
0.121991
0.122152
0.122283
0.122484
0.122632
0.122688
0.122822
0.122982
0.123061
0.123253
0.123432
0.123531
0.123624
0.123700
0.123940
0.124164
0.124287
0.124489
0.124643
0.124688
0.124790
0.124944
0.125102
0.125217
0.125340
0.125508
0.125727
0.125793
0.125866
0.126059
0.126191
0.126221
0.126354
0.126374
0.126431
0.126653
0.126762
0.126805
0.127012
0.127136
0.127317
0.127442
0.127650
0.127809
0.127909
0.128067
0.128160
0.128376
0.128514
0.128593
0.128697
0.128758
0.129076
0.129149
0.129340
0.129391
0.129514
0.129670
0.129916
0.130046
0.130205
0.130266
0.130342
0.130517
0.130595
0.130645
0.130762
0.130853
0.130905
0.131010
0.131202
0.131304
0.131391
0.131423
0.131583
0.131681
0.131862
0.131954
0.132101
0.132173
0.132233
0.132363
0.132458
0.132539
0.132615
0.132793
0.132919
0.133052
0.133145
0.133250
0.133297
0.133373
0.133513
0.133590
0.133665
0.133849
0.134040
0.134150
0.134241
0.134568
0.134656
0.134806
0.134856
0.135093
0.135143
0.135257
0.135374
0.135483
0.135668
0.135788
0.135962
0.136063
0.136111
0.136239
0.136347
0.136411
0.136507
0.136563
0.136621
0.136649
0.136741
0.136804
0.136860
0.136906
0.136968
0.137080
0.137202
0.137453
0.137581
0.137631
0.137753
0.137892
0.137956
0.137990
0.138264
0.138320
0.138493
0.138600
0.138726
0.138853
0.138899
0.138970
0.139052
0.139079
0.139174
0.139251
0.139359
0.139448
0.139503
0.139648
0.139737
0.139781
0.139858
0.139882
0.140015
0.140060
0.140135
0.140214
0.140364
0.140427
0.140498
0.140590
0.140607
0.140650
0.140723
0.140839
0.140872
0.140992
0.141145
0.141270
0.141450
0.141487
0.141557
0.141622
0.141661
0.141745
0.141819
0.141923
0.142078
0.142125
0.142188
0.142285
0.142372
0.142479
0.142599
0.142658
0.142698
0.142724
0.142781
0.142897
0.142914
0.142975
0.143177
0.143260
0.143334
0.143386
0.143466
0.143564
0.143622
0.143723
0.143824
0.143885
0.143943
0.144012
0.144111
0.144148
0.144264
0.144306
0.144397
0.144411
0.144451
0.144471
0.144591
0.144669
0.144783
0.144835
0.144910
0.144945
0.145018
0.145067
0.145191
0.145280
0.145344
0.145489
0.145534
0.145639
0.145739
0.145765
0.145874
0.145943
0.145992
0.146060
0.146109
0.146213
0.146301
0.146316
0.146377
0.146563
0.146680
0.146716
0.146792
0.146877
0.146931
0.147033
0.147101
0.147299
0.147350
0.147373
0.147411
0.147510
0.147608
0.147690
0.147884
0.147972
0.148025
0.148079
0.148122
0.148148
0.148229
0.148256
0.148419
0.148498
0.148524
0.148615
0.148632
0.148673
0.148767
0.148830
0.148893
0.148916
0.149048
0.149116
0.149199
0.149290
0.149399
0.149443
0.149490
0.149548
0.149645
0.149724
0.149797
0.149855
0.149928
0.149968
0.150012
0.150055
0.150111
0.150182
0.150221
0.150280
0.150353
0.150395
0.150428
0.150482
0.150587
0.150647
0.150648
0.150716
0.150796
0.150939
0.150958
0.150989
0.151045
0.151082
0.151156
0.151219
0.151281
0.151356
0.151463
0.151578
0.151617
0.151622
0.151666
0.151723
0.151782
0.151850
0.151880
0.151926
0.151941
0.152011
0.152103
0.152140
0.152199
0.152291
0.152374
0.152486
0.152591
0.152666
0.152714
0.152797
0.152906
0.152972
0.152997
0.153109
0.153140
0.153272
0.153320
0.153349
0.153417
0.153516
0.153565
0.153656
0.153699
0.153721
0.153777
0.153835
0.153904
0.153981
0.154045
0.154222
0.154315
0.154412
0.154479
0.154507
0.154562
0.154684
0.154737
0.154779
0.154808
0.154817
0.154889
0.154952
0.155004
0.155018
0.155074
0.155090
0.155118
0.155201
0.155257
0.155298
0.155329
0.155365
0.155436
0.155548
0.155605
0.155674
0.155739
0.155759
0.155784
0.155807
0.155865
0.155904
0.155987
0.156031
0.156116
0.156161
0.156196
0.156294
0.156384
0.156539
0.156645
0.156667
0.156769
0.156834
0.156945
0.156979
0.157023
0.157067
0.157084
0.157175
0.157269
0.157292
0.157361
0.157407
0.157442
0.157508
0.157534
0.157566
0.157597
0.157676
0.157754
0.157771
0.157881
0.157913
0.157979
0.158002
0.158143
0.158171
0.158187
0.158272
0.158317
0.158512
0.158567
0.158655
0.158723
0.158810
0.158856
0.158917
0.158960
0.158993
0.159070
0.159140
0.159139
0.159169
0.159194
0.159305
0.159327
0.159473
0.159570
0.159584
0.159599
0.159612
0.159670
0.159687
0.159702
0.159778
0.159868
0.159957
0.159977
0.160082
0.160097
0.160121
0.160150
0.160214
0.160246
0.160304
0.160309
0.160348
0.160452
0.160474
0.160509
0.160531
0.160563
0.160635
0.160698
0.160772
0.160836
0.160907
0.160969
0.161004
0.161046
0.161128
0.161209
0.161257
0.161316
0.161374
0.161403
0.161554
0.161619
0.161669
0.161675
0.161750
0.161851
0.161929
0.161997
0.162048
0.162103
0.162126
0.162136
0.162250
0.162311
0.162364
0.162440
0.162488
0.162570
0.162628
0.162672
0.162733
0.162861
0.162883
0.162942
0.162970
0.162990
0.163041
0.163094
0.163124
0.163175
0.163212
0.163290
0.163376
0.163435
0.163455
0.163466
0.163540
0.163601
0.163633
0.163633
0.163676
0.163779
0.163813
0.163851
0.163956
0.164015
0.164095
0.164153
0.164176
0.164181
0.164193
0.164265
0.164323
0.164340
0.164414
0.164484
0.164511
0.164540
0.164549
0.164586
0.164669
0.164745
0.164791
0.164913
0.164932
0.164931
0.165047
0.165132
0.165158
0.165246
0.165344
0.165390
0.165457
0.165565
0.165675
0.165736
0.165742
0.165768
0.165791
0.165824
0.165825
0.165841
0.165898
0.165923
0.165949
0.165976
0.166044
0.166108
0.166125
0.166218
0.166294
0.166306
0.166376
0.166434
0.166445
0.166456
0.166485
0.166622
0.166714
0.166761
0.166822
0.166879
0.166955
0.166985
0.167012
0.167056
0.167112
0.167171
0.167190
0.167240
0.167277
0.167351
0.167360
0.167458
0.167512
0.167583
0.167644
0.167663
0.167672
0.167749
0.167773
0.167797
0.167879
0.167927
0.167952
0.168000
0.168061
0.168115
0.168282
0.168306
0.168361
0.168430
0.168480
0.168533
0.168567
0.168664
0.168699
0.168775
0.168819
0.168869
0.168904
0.168940
0.168973
0.169095
0.169151
0.169199
0.169313
0.169382
0.169448
0.169483
0.169519
0.169582
0.169684
0.169805
0.169866
0.169930
0.170022
0.170083
0.170207
0.170234
0.170283
0.170307
0.170314
0.170374
0.170433
0.170501
0.170507
0.170597
0.170645
0.170720
0.170766
0.170828
0.170846
0.170860
0.170898
0.171030
0.171149
0.171158
0.171227
0.171248
0.171306
0.171336
0.171361
0.171446
0.171464
0.171507
0.171558
0.171606
0.171646
0.171736
0.171795
0.171851
0.171901
0.171912
0.171964
0.172006
0.172049
0.172088
0.172133
0.172212
0.172244
0.172295
0.172338
0.172388
0.172396
0.172411
0.172450
0.172507
0.172550
0.172575
0.172603
0.172612
0.172650
0.172683
0.172714
0.172749
0.172828
0.172865
0.172920
0.172990
0.173048
0.173125
0.173180
0.173236
0.173290
0.173339
0.173365
0.173417
0.173459
0.173508
0.173556
0.173596
0.173633
0.173663
0.173728
0.173771
0.173839
0.173903
0.173914
0.173941
0.174029
0.174093
0.174124
0.174205
0.174247
0.174260
0.174327
0.174369
0.174395
0.174430
0.174483
0.174517
0.174521
0.174555
0.174597
0.174630
0.174666
0.174755
0.174828
0.174849
0.174943
0.175019
0.175030
0.175057
0.175065
0.175111
0.175119
0.175225
0.175267
0.175318
0.175373
0.175373
0.175409
0.175457
0.175568
0.175586
0.175604
0.175622
0.175630
0.175671
0.175716
0.175724
0.175765
0.175783
0.175836
0.175840
0.175883
0.175943
0.176010
0.176038
0.176064
0.176125
0.176166
0.176211
0.176272
0.176333
0.176375
0.176487
0.176593
0.176679
0.176707
0.176717
0.176759
0.176809
0.176848
0.176928
0.176949
0.177117
0.177163
0.177235
0.177287
0.177320
0.177329
0.177385
0.177458
0.177481
0.177512
0.177548
0.177598
0.177639
0.177730
0.177780
0.177814
0.177858
0.177920
0.177969
0.177985
0.178050
0.178088
0.178133
0.178161
0.178196
0.178216
0.178217
0.178249
0.178349
0.178397
0.178421
0.178446
0.178489
0.178530
0.178576
0.178575
0.178592
0.178609
0.178668
0.178675
0.178702
0.178735
0.178766
0.178834
0.178909
0.178942
0.178944
0.178978
0.179211
0.179264
0.179263
0.179327
0.179380
0.179403
0.179434
0.179451
0.179492
0.179551
0.179613
0.179640
0.179675
0.179699
0.179773
0.179801
0.179867
0.179932
0.179955
0.179978
0.180022
0.180055
0.180084
0.180124
0.180137
0.180154
0.180171
0.180243
0.180283
0.180305
0.180341
0.180387
0.180416
0.180430
0.180472
0.180495
0.180534
0.180609
0.180656
0.180680
0.180752
0.180829
0.180864
0.180910
0.180923
0.180943
0.181018
0.181056
0.181125
0.181141
0.181180
0.181223
0.181238
0.181246
0.181249
0.181289
0.181323
0.181341
0.181354
0.181390
0.181405
0.181425
0.181449
0.181483
0.181488
0.181502
0.181553
0.181563
0.181569
0.181680
0.181693
0.181697
0.181725
0.181784
0.181817
0.181847
0.181860
0.181874
0.181908
0.181946
0.182010
0.182039
0.182056
0.182072
0.182114
0.182172
0.182225
0.182270
0.182287
0.182307
0.182315
0.182350
0.182377
0.182393
0.182408
0.182431
0.182541
0.182561
0.182600
0.182679
0.182703
0.182740
0.182793
0.182842
0.182867
0.182896
0.182920
0.182946
0.182966
0.183007
0.183021
0.183077
0.183135
0.183171
0.183189
0.183238
0.183286
0.183295
0.183302
0.183354
0.183390
0.183440
0.183486
0.183522
0.183549
0.183583
0.183660
0.183693
0.183708
0.183733
0.183789
0.183877
0.183884
0.183883
0.183916
0.183926
0.183950
0.184013
0.184097
0.184124
0.184135
0.184191
0.184191
0.184220
0.184246
0.184290
0.184310
0.184331
0.184389
0.184427
0.184514
0.184571
0.184604
0.184626
0.184638
0.184663
0.184702
0.184724
0.184750
0.184781
0.184819
0.184831
0.184874
0.184905
0.184938
0.184958
0.184965
0.184998
0.185048
0.185092
0.185112
0.185169
0.185194
0.185211
0.185263
0.185328
0.185335
0.185352
0.185388
0.185415
0.185455
0.185480
0.185493
0.185510
0.185564
0.185646
0.185668
0.185683
0.185706
0.185744
0.185762
0.185800
0.185810
0.185877
0.185897
0.185915
0.185983
0.186000
0.186054
0.186077
0.186132
0.186199
0.186267
0.186290
0.186297
0.186335
0.186328
0.186378
0.186440
0.186448
0.186490
0.186533
0.186551
0.186574
0.186640
0.186658
0.186701
0.186724
0.186743
0.186795
0.186858
0.186897
0.186904
0.186932
0.186939
0.186945
0.186966
0.187010
0.187044
0.187076
0.187108
0.187150
0.187154
0.187200
0.187220
0.187260
0.187273
0.187289
0.187350
0.187355
0.187370
0.187424
0.187458
0.187490
0.187511
0.187535
0.187543
0.187565
0.187623
0.187637
0.187653
0.187664
0.187703
0.187705
0.187752
0.187785
0.187812
0.187828
0.187899
0.187908
0.187920
0.187928
0.187953
0.187998
0.188029
0.188077
0.188084
0.188132
0.188148
0.188169
0.188256
0.188303
0.188347
0.188355
0.188385
0.188439
0.188465
0.188533
0.188568
0.188582
0.188603
0.188628
0.188663
0.188676
0.188704
0.188731
0.188761
0.188779
0.188784
0.188851
0.188866
0.188891
0.188922
0.188950
0.189012
0.189027
0.189041
0.189047
0.189080
0.189121
0.189168
0.189177
0.189198
0.189202
0.189219
0.189273
0.189287
0.189337
0.189340
0.189368
0.189404
0.189427
0.189446
0.189488
0.189543
0.189568
0.189585
0.189594
0.189622
0.189663
0.189670
0.189685
0.189695
0.189709
0.189715
0.189735
0.189744
0.189758
0.189792
0.189810
0.189813
0.189845
0.189903
0.189905
0.189950
0.189979
0.190005
0.190039
0.190065
0.190095
0.190117
0.190150
0.190177
0.190237
0.190288
0.190297
0.190324
0.190338
0.190345
0.190362
0.190368
0.190376
0.190400
0.190426
0.190450
0.190454
0.190481
0.190493
0.190497
0.190553
0.190575
0.190581
0.190601
0.190618
0.190663
0.190684
0.190722
0.190757
0.190806
0.190849
0.190868
0.190894
0.190922
0.190927
0.190941
0.190957
0.190958
0.190970
0.190975
0.191024
0.191112
0.191160
0.191178
0.191193
0.191206
0.191311
0.191352
0.191358
0.191368
0.191381
0.191402
0.191416
0.191437
0.191463
0.191491
0.191570
0.191598
0.191608
0.191681
0.191719
0.191759
0.191788
0.191799
0.191815
0.191840
0.191870
0.191875
0.191945
0.191980
0.192022
0.192073
0.192077
0.192121
0.192149
0.192164
0.192173
0.192190
0.192214
0.192250
0.192290
0.192307
0.192327
0.192345
0.192352
0.192359
0.192443
0.192448
0.192491
0.192523
0.192540
0.192572
0.192603
0.192680
0.192697
0.192717
0.192751
0.192757
0.192796
0.192822
0.192855
0.192907
0.192966
0.193017
0.193043
0.193075
0.193087
0.193130
0.193156
0.193171
0.193180
0.193210
0.193269
0.193269
0.193272
0.193284
0.193298
0.193316
0.193322
0.193350
0.193358
0.193364
0.193368
0.193462
0.193471
0.193491
0.193509
0.193538
0.193615
0.193632
0.193639
0.193668
0.193692
0.193715
0.193802
0.193836
0.193841
0.193862
0.193887
0.193957
0.193959
0.193972
0.194006
0.194044
0.194070
0.194075
0.194118
0.194132
0.194146
0.194216
0.194246
0.194263
0.194320
0.194332
0.194340
0.194349
0.194352
0.194385
0.194414
0.194437
0.194484
0.194508
0.194525
0.194542
0.194554
0.194582
0.194589
0.194589
0.194620
0.194651
0.194668
0.194686
0.194712
0.194711
0.194742
0.194789
0.194793
0.194834
0.194887
0.194901
0.194922
0.194931
0.194945
0.194954
0.194967
0.194991
0.195006
0.195022
0.195053
0.195066
0.195095
0.195115
0.195126
0.195153
0.195179
0.195213
0.195236
0.195267
0.195279
0.195301
0.195306
0.195345
0.195366
0.195418
0.195423
0.195449
0.195467
0.195479
0.195495
0.195500
0.195504
0.195527
0.195538
0.195553
0.195577
0.195628
0.195658
0.195695
0.195716
0.195737
0.195789
0.195825
0.195900
0.195938
0.195944
0.195949
0.195985
0.196007
0.196024
0.196061
0.196083
0.196142
0.196161
0.196159
0.196177
0.196198
0.196218
0.196230
0.196239
0.196276
0.196288
0.196351
0.196369
0.196389
0.196393
0.196409
0.196423
0.196452
0.196504
0.196511
0.196513
0.196534
0.196553
0.196596
0.196604
0.196627
0.196671
0.196678
0.196701
0.196708
0.196741
0.196760
0.196781
0.196790
0.196797
0.196815
0.196827
0.196854
0.196868
0.196876
0.196885
0.196913
0.196928
0.196946
0.196956
0.196975
0.196999
0.197030
0.197043
0.197069
0.197078
0.197110
0.197118
0.197149
0.197166
0.197208
0.197218
0.197240
0.197281
0.197290
0.197319
0.197356
0.197370
0.197414
0.197432
0.197440
0.197455
0.197478
0.197491
0.197503
0.197510
0.197532
0.197560
0.197614
0.197632
0.197647
0.197679
0.197686
0.197726
0.197745
0.197766
0.197776
0.197793
0.197799
0.197812
0.197835
0.197857
0.197888
0.197928
0.197944
0.197954
0.197998
0.198006
0.198025
0.198047
0.198064
0.198078
0.198085
0.198107
0.198135
0.198155
0.198180
0.198187
0.198188
0.198220
0.198238
0.198249
0.198256
0.198276
0.198297
0.198331
0.198330
0.198345
0.198357
0.198419
0.198441
0.198461
0.198499
0.198518
0.198531
0.198554
0.198569
0.198579
0.198591
0.198599
0.198620
0.198638
0.198651
0.198653
0.198663
0.198672
0.198681
0.198689
0.198703
0.198706
0.198718
0.198747
0.198747
0.198775
0.198841
0.198872
0.198893
0.198901
0.198919
0.198924
0.198930
0.198939
0.198945
0.198964
0.198989
0.199004
0.199034
0.199041
0.199068
0.199107
0.199118
0.199131
0.199147
0.199167
0.199176
0.199197
0.199222
0.199256
0.199272
0.199300
0.199315
0.199348
0.199375
0.199380
0.199396
0.199413
0.199446
0.199457
0.199479
0.199513
0.199534
0.199554
0.199563
0.199594
0.199608
0.199626
0.199655
0.199662
0.199672
0.199680
0.199699
0.199708
0.199722
0.199745
0.199760
0.199794
0.199807
0.199816
0.199843
0.199843
0.199870
0.199885
0.199901
0.199912
0.199922
0.199920
0.199935
0.199956
0.199981
0.199985
0.199992
0.200003
0.200020
0.200039
0.200058
0.200067
0.200085
0.200118
0.200132
0.200155
0.200176
0.200179
0.200179
0.200193
0.200212
0.200223
0.200235
0.200241
0.200253
0.200272
0.200304
0.200326
0.200344
0.200372
0.200378
0.200389
0.200398
0.200403
0.200446
0.200481
0.200510
0.200513
0.200544
0.200555
0.200566
0.200580
0.200585
0.200593
0.200604
0.200646
0.200679
0.200702
0.200733
0.200740
0.200756
0.200770
0.200785
0.200815
0.200834
0.200836
0.200871
0.200901
0.200902
0.200903
0.200922
0.200920
0.200938
0.200954
0.200967
0.200980
0.201001
0.201035
0.201071
0.201105
0.201137
0.201142
0.201158
0.201185
0.201212
0.201219
0.201270
0.201282
0.201301
0.201317
0.201319
0.201336
0.201339
0.201342
0.201361
0.201387
0.201415
0.201415
0.201417
0.201434
0.201441
0.201450
0.201458
0.201508
0.201549
0.201553
0.201557
0.201596
0.201632
0.201650
0.201674
0.201696
0.201704
0.201713
0.201728
0.201739
0.201770
0.201789
0.201834
0.201851
0.201863
0.201876
0.201889
0.201899
0.201911
0.201936
0.201970
0.201987
0.202012
0.202035
0.202062
0.202070
0.202093
0.202099
0.202147
0.202155
0.202183
0.202231
0.202248
0.202293
0.202316
0.202324
0.202347
0.202369
0.202374
0.202386
0.202405
0.202444
0.202456
0.202489
0.202514
0.202522
0.202542
0.202553
0.202611
0.202618
0.202619
0.202628
0.202635
0.202637
0.202637
0.202638
0.202660
0.202666
0.202670
0.202697
0.202703
0.202715
0.202726
0.202747
0.202754
0.202760
0.202807
0.202808
0.202842
0.202865
0.202887
0.202919
0.202920
0.202938
0.202968
0.202993
0.203032
0.203036
0.203043
0.203050
0.203066
0.203079
0.203103
0.203119
0.203148
0.203185
0.203196
0.203207
0.203225
0.203234
0.203258
0.203272
0.203309
0.203326
0.203352
0.203376
0.203388
0.203397
0.203406
0.203412
0.203436
0.203446
0.203455
0.203476
0.203510
0.203517
0.203519
0.203527
0.203569
0.203591
0.203637
0.203644
0.203652
0.203689
0.203697
0.203720
0.203739
0.203749
0.203772
0.203787
0.203792
0.203820
0.203821
0.203828
0.203835
0.203855
0.203860
0.203878
0.203889
0.203903
0.203928
0.203934
0.203941
0.203947
0.203961
0.203977
0.203987
0.204015
0.204023
0.204026
0.204034
0.204045
0.204064
0.204077
0.204111
0.204117
0.204126
0.204130
0.204144
0.204162
0.204190
0.204197
0.204206
0.204222
0.204225
0.204235
0.204256
0.204261
0.204290
0.204319
0.204331
0.204360
0.204374
0.204382
0.204399
0.204415
0.204465
0.204467
0.204471
0.204475
0.204484
0.204503
0.204505
0.204518
0.204526
0.204533
0.204537
0.204547
0.204572
0.204586
0.204596
0.204606
0.204649
0.204682
0.204691
0.204715
0.204726
0.204754
0.204801
0.204816
0.204833
0.204850
0.204867
0.204886
0.204893
0.204913
0.204913
0.204938
0.204951
0.204962
0.204969
0.204973
0.204981
0.204998
0.205003
0.205008
0.205026
0.205046
0.205053
0.205068
0.205089
0.205102
0.205118
0.205133
0.205171
0.205176
0.205189
0.205188
0.205198
0.205205
0.205225
0.205241
0.205258
0.205277
0.205278
0.205288
0.205288
0.205303
0.205305
0.205319
0.205339
0.205389
0.205400
0.205417
0.205429
0.205441
0.205451
0.205453
0.205464
0.205469
0.205485
0.205537
0.205556
0.205557
0.205581
0.205589
0.205618
0.205617
0.205632
0.205653
0.205679
0.205691
0.205704
0.205728
0.205731
0.205755
0.205782
0.205793
0.205843
0.205847
0.205871
0.205886
0.205907
0.205949
0.205950
0.205953
0.205964
0.205979
0.205994
0.205994
0.206015
0.206048
0.206050
0.206060
0.206121
0.206139
0.206158
0.206172
0.206194
0.206210
0.206251
0.206277
0.206285
0.206307
0.206313
0.206319
0.206322
0.206324
0.206347
0.206367
0.206392
0.206405
0.206420
0.206433
0.206437
0.206437
0.206441
0.206455
0.206468
0.206491
0.206494
0.206500
0.206502
0.206512
0.206522
0.206537
0.206597
0.206608
0.206620
0.206636
0.206660
0.206678
0.206687
0.206728
0.206741
0.206751
0.206782
0.206822
0.206823
0.206826
0.206836
0.206855
0.206861
0.206867
0.206902
0.206914
0.206927
0.206938
0.206955
0.206960
0.206970
0.206979
0.206988
0.207040
0.207045
0.207053
0.207060
0.207072
0.207078
0.207086
0.207109
0.207118
0.207122
0.207135
0.207149
0.207160
0.207178
0.207220
0.207249
0.207274
0.207294
0.207344
0.207357
0.207358
0.207378
0.207385
0.207410
0.207416
0.207443
0.207446
0.207462
0.207471
0.207496
0.207536
0.207537
0.207562
0.207580
0.207629
0.207634
0.207640
0.207658
0.207683
0.207688
0.207714
0.207724
0.207740
0.207756
0.207780
0.207792
0.207826
0.207827
0.207870
0.207897
0.207909
0.207921
0.207928
0.207932
0.207940
0.207984
0.207991
0.208002
0.208032
0.208044
0.208054
0.208058
0.208058
0.208078
0.208094
0.208116
0.208136
0.208156
0.208162
0.208170
0.208193
0.208234
0.208250
0.208276
0.208312
0.208332
0.208345
0.208362
0.208382
0.208405
0.208414
0.208443
0.208449
0.208474
0.208495
0.208529
0.208555
0.208558
0.208571
0.208571
0.208578
0.208600
0.208603
0.208621
0.208651
0.208651
0.208669
0.208672
0.208684
0.208692
0.208704
0.208715
0.208729
0.208751
0.208763
0.208777
0.208796
0.208804
0.208815
0.208824
0.208836
0.208847
0.208862
0.208867
0.208892
0.208933
0.208972
0.209005
0.209037
0.209043
0.209049
0.209096
0.209120
0.209129
0.209134
0.209150
0.209164
0.209169
0.209171
0.209211
0.209233
0.209252
0.209260
0.209278
0.209299
0.209302
0.209330
0.209339
0.209358
0.209368
0.209378
0.209375
0.209392
0.209402
0.209415
0.209420
0.209449
0.209455
0.209470
0.209477
0.209487
0.209497
0.209507
0.209518
0.209560
0.209565
0.209579
0.209601
0.209614
0.209647
0.209656
0.209670
0.209682
0.209699
0.209738
0.209738
0.209748
0.209762
0.209765
0.209769
0.209778
0.209780
0.209783
0.209790
0.209799
0.209800
0.209810
0.209826
0.209834
0.209857
0.209859
0.209857
0.209858
0.209890
0.209890
0.209900
0.209902
0.209906
0.209928
0.209965
0.209974
0.209983
0.209993
0.209999
0.210006
0.210008
0.210028
0.210050
0.210058
0.210058
0.210071
0.210073
0.210089
0.210101
0.210110
0.210135
0.210135
0.210139
0.210141
0.210161
0.210161
0.210181
0.210203
0.210224
0.210230
0.210247
0.210264
0.210281
0.210291
0.210319
0.210325
0.210337
0.210369
0.210389
0.210407
0.210409
0.210425
0.210433
0.210441
0.210470
0.210480
0.210484
0.210492
0.210496
0.210502
0.210514
0.210527
0.210529
0.210531
0.210544
0.210551
0.210558
0.210569
0.210579
0.210593
0.210598
0.210612
0.210632
0.210645
0.210648
0.210655
0.210661
0.210680
0.210689
0.210737
0.210749
0.210764
0.210773
0.210793
0.210823
0.210827
0.210848
0.210860
0.210877
0.210886
0.210906
0.210929
0.210936
0.210938
0.210939
0.210955
0.210975
0.210993
0.210999
0.211011
0.211016
0.211023
0.211030
0.211056
0.211056
0.211069
0.211075
0.211106
0.211112
0.211119
0.211129
0.211150
0.211171
0.211193
0.211203
0.211206
0.211207
0.211204
0.211223
0.211229
0.211238
0.211249
0.211266
0.211289
0.211301
0.211308
0.211315
0.211336
0.211337
0.211338
0.211362
0.211371
0.211403
0.211433
0.211454
0.211457
0.211453
0.211466
0.211474
0.211485
0.211492
0.211506
0.211517
0.211519
0.211554
0.211575
0.211583
0.211599
0.211609
0.211618
0.211625
0.211634
0.211669
0.211677
0.211681
0.211693
0.211704
0.211717
0.211766
0.211772
0.211786
0.211797
0.211805
0.211810
0.211827
0.211848
0.211854
0.211861
0.211875
0.211882
0.211897
0.211915
0.211917
0.211938
0.211946
0.211969
0.211977
0.212001
0.212005
0.212015
0.212034
0.212041
0.212046
0.212066
0.212071
0.212095
0.212108
0.212152
0.212169
0.212180
0.212183
0.212193
0.212202
0.212212
0.212225
0.212237
0.212254
0.212261
0.212266
0.212285
0.212290
0.212299
0.212323
0.212335
0.212380
0.212383
0.212382
0.212384
0.212393
0.212402
0.212411
0.212411
0.212422
0.212443
0.212452
0.212465
0.212479
0.212491
0.212494
0.212494
0.212496
0.212503
0.212525
0.212525
0.212542
0.212554
0.212572
0.212592
0.212601
0.212615
0.212616
0.212635
0.212637
0.212655
0.212679
0.212689
0.212698
0.212709
0.212711
0.212735
0.212742
0.212751
0.212756
0.212762
0.212769
0.212785
0.212795
0.212806
0.212812
0.212826
0.212833
0.212837
0.212843
0.212848
0.212863
0.212878
0.212888
0.212910
0.212916
0.212917
0.212918
0.212939
0.212967
0.212977
0.212983
0.212985
0.212999
0.213011
0.213031
0.213040
0.213046
0.213063
0.213073
0.213098
0.213128
0.213146
0.213148
0.213161
0.213172
0.213189
0.213195
0.213216
0.213227
0.213236
0.213240
0.213255
0.213269
0.213282
0.213285
0.213319
0.213323
0.213325
0.213333
0.213339
0.213357
0.213376
0.213395
0.213414
0.213448
0.213471
0.213475
0.213507
0.213531
0.213547
0.213556
0.213585
0.213600
0.213604
0.213625
0.213637
0.213659
0.213661
0.213661
0.213663
0.213681
0.213708
0.213715
0.213718
0.213735
0.213760
0.213766
0.213777
0.213793
0.213815
0.213822
0.213822
0.213825
0.213830
0.213832
0.213844
0.213853
0.213865
0.213869
0.213882
0.213894
0.213892
0.213905
0.213922
0.213952
0.213962
0.213966
0.213984
0.213988
0.214012
0.214030
0.214034
0.214044
0.214056
0.214059
0.214083
0.214092
0.214094
0.214105
0.214116
0.214127
0.214129
0.214132
0.214153
0.214155
0.214164
0.214192
0.214195
0.214203
0.214207
0.214216
0.214227
0.214235
0.214243
0.214256
0.214270
0.214314
0.214318
0.214336
0.214346
0.214359
0.214368
0.214368
0.214379
0.214380
0.214405
0.214413
0.214418
0.214441
0.214458
0.214467
0.214480
0.214489
0.214509
0.214521
0.214544
0.214552
0.214566
0.214575
0.214583
0.214591
0.214608
0.214612
0.214628
0.214647
0.214668
0.214669
0.214678
0.214684
0.214692
0.214711
0.214719
0.214725
0.214734
0.214743
0.214753
0.214785
0.214788
0.214800
0.214839
0.214850
0.214863
0.214871
0.214875
0.214891
0.214902
0.214928
0.214937
0.214947
0.214968
0.214974
0.214985
0.214995
0.215000
0.215013
0.215019
0.215025
0.215039
0.215054
0.215058
0.215065
0.215070
0.215092
0.215097
0.215102
0.215107
0.215154
0.215170
0.215175
0.215175
0.215184
0.215220
0.215233
0.215254
0.215258
0.215269
0.215274
0.215280
0.215282
0.215285
0.215303
0.215305
0.215315
0.215315
0.215324
0.215340
0.215363
0.215373
0.215381
0.215386
0.215388
0.215393
0.215435
0.215444
0.215447
0.215457
0.215468
0.215474
0.215481
0.215489
0.215496
0.215498
0.215507
0.215510
0.215514
0.215515
0.215515
0.215524
0.215533
0.215555
0.215558
0.215560
0.215583
0.215585
0.215586
0.215588
0.215598
0.215611
0.215631
0.215648
0.215652
0.215658
0.215669
0.215677
0.215682
0.215692
0.215693
0.215699
0.215714
0.215730
0.215734
0.215750
0.215756
0.215756
0.215765
0.215767
0.215774
0.215783
0.215797
0.215797
0.215799
0.215818
0.215824
0.215849
0.215870
0.215878
0.215882
0.215884
0.215893
0.215900
0.215901
0.215902
0.215917
0.215924
0.215943
0.215955
0.215965
0.215979
0.215981
0.215992
0.215999
0.216021
0.216027
0.216046
0.216051
0.216059
0.216065
0.216067
0.216081
0.216096
0.216111
0.216128
0.216132
0.216135
0.216138
0.216149
0.216165
0.216172
0.216183
0.216186
0.216185
0.216192
0.216213
0.216237
0.216249
0.216260
0.216263
0.216273
0.216277
0.216286
0.216296
0.216307
0.216309
0.216310
0.216317
0.216336
0.216368
0.216368
0.216374
0.216376
0.216393
0.216396
0.216403
0.216410
0.216411
0.216434
0.216441
0.216449
0.216450
0.216454
0.216460
0.216470
0.216475
0.216486
0.216498
0.216501
0.216501
0.216509
0.216521
0.216532
0.216545
0.216557
0.216570
0.216583
0.216587
0.216591
0.216601
0.216610
0.216626
0.216662
0.216667
0.216672
0.216699
0.216702
0.216716
0.216726
0.216751
0.216753
0.216759
0.216759
0.216762
0.216776
0.216780
0.216794
0.216800
0.216804
0.216830
0.216844
0.216873
0.216877
0.216885
0.216901
0.216910
0.216913
0.216920
0.216920
0.216925
0.217004
0.217010
0.217011
0.217025
0.217030
0.217036
0.217041
0.217047
0.217056
0.217056
0.217072
0.217082
0.217093
0.217101
0.217103
0.217103
0.217109
0.217123
0.217129
0.217138
0.217157
0.217158
0.217158
0.217192
0.217195
0.217219
0.217233
0.217240
0.217252
0.217275
0.217290
0.217295
0.217317
0.217334
0.217342
0.217369
0.217380
0.217392
0.217396
0.217414
0.217438
0.217465
0.217471
0.217488
0.217498
0.217513
0.217517
0.217526
0.217520
0.217524
0.217530
0.217533
0.217540
0.217549
0.217557
0.217559
0.217575
0.217586
0.217596
0.217600
0.217621
0.217623
0.217626
0.217636
0.217643
0.217656
0.217661
0.217670
0.217671
0.217674
0.217683
0.217703
0.217708
0.217712
0.217717
0.217733
0.217732
0.217742
0.217762
0.217766
0.217776
0.217793
0.217803
0.217818
0.217832
0.217840
0.217852
0.217855
0.217870
0.217878
0.217893
0.217915
0.217915
0.217924
0.217928
0.217939
0.217950
0.217959
0.217977
0.217990
0.218006
0.218009
0.218014
0.218017
0.218031
0.218045
0.218064
0.218083
0.218084
0.218100
0.218099
0.218103
0.218127
0.218134
0.218136
0.218142
0.218168
0.218174
0.218175
0.218176
0.218183
0.218186
0.218187
0.218198
0.218201
0.218207
0.218213
0.218213
0.218216
0.218218
0.218235
0.218255
0.218261
0.218280
0.218302
0.218315
0.218325
0.218331
0.218330
0.218349
0.218354
0.218357
0.218369
0.218378
0.218381
0.218388
0.218388
0.218393
0.218405
0.218407
0.218410
0.218413
0.218416
0.218423
0.218440
0.218448
0.218452
0.218454
0.218454
0.218463
0.218470
0.218473
0.218476
0.218506
0.218527
0.218532
0.218542
0.218545
0.218555
0.218562
0.218572
0.218586
0.218592
0.218597
0.218604
0.218620
0.218639
0.218654
0.218658
0.218672
0.218697
0.218702
0.218718
0.218721
0.218725
0.218731
0.218737
0.218737
0.218743
0.218742
0.218757
0.218761
0.218769
0.218768
0.218777
0.218790
0.218791
0.218800
0.218806
0.218819
0.218823
0.218831
0.218837
0.218845
0.218848
0.218860
0.218878
0.218894
0.218898
0.218902
0.218906
0.218916
0.218925
0.218928
0.218937
0.218958
0.218978
0.219003
0.219003
0.219009
0.219011
0.219010
0.219017
0.219018
0.219022
0.219023
0.219040
0.219045
0.219047
0.219051
0.219060
0.219063
0.219068
0.219080
0.219088
0.219090
0.219091
0.219092
0.219100
0.219106
0.219129
0.219140
0.219142
0.219144
0.219150
0.219157
0.219158
0.219163
0.219178
0.219187
0.219191
0.219198
0.219207
0.219215
0.219216
0.219215
0.219239
0.219251
0.219269
0.219272
0.219281
0.219284
0.219288
0.219296
0.219296
0.219322
0.219332
0.219335
0.219345
0.219366
0.219375
0.219376
0.219382
0.219397
0.219405
0.219405
0.219429
0.219434
0.219439
0.219441
0.219446
0.219447
0.219467
0.219490
0.219494
0.219500
0.219509
0.219520
0.219520
0.219524
0.219528
0.219541
0.219552
0.219557
0.219558
0.219566
0.219568
0.219576
0.219581
0.219604
0.219611
0.219621
0.219626
0.219631
0.219639
0.219643
0.219645
0.219651
0.219652
0.219660
0.219677
0.219688
0.219690
0.219693
0.219696
0.219700
0.219703
0.219705
0.219708
0.219708
0.219709
0.219727
0.219736
0.219761
0.219762
0.219765
0.219775
0.219793
0.219801
0.219818
0.219824
0.219834
0.219858
0.219858
0.219869
0.219884
0.219893
0.219902
0.219916
0.219925
0.219933
0.219941
0.219960
0.219976
0.219978
0.219985
0.220001
0.220006
0.220017
0.220026
0.220031
0.220039
0.220045
0.220052
0.220064
0.220066
0.220080
0.220082
0.220097
0.220108
0.220114
0.220126
0.220144
0.220150
0.220154
0.220157
0.220177
0.220177
0.220183
0.220183
0.220195
0.220218
0.220238
0.220239
0.220248
0.220257
0.220291
0.220306
0.220314
0.220315
0.220324
0.220336
0.220340
0.220359
0.220365
0.220390
0.220390
0.220395
0.220407
0.220419
0.220431
0.220435
0.220439
0.220450
0.220462
0.220473
0.220473
0.220477
0.220482
0.220490
0.220490
0.220492
0.220498
0.220496
0.220497
0.220498
0.220506
0.220514
0.220526
0.220544
0.220570
0.220569
0.220569
0.220571
0.220579
0.220587
0.220587
0.220595
0.220599
0.220599
0.220608
0.220634
0.220636
0.220663
0.220663
0.220672
0.220685
0.220689
0.220698
0.220709
0.220709
0.220710
0.220711
0.220712
0.220727
0.220730
0.220730
0.220731
0.220739
0.220743
0.220757
0.220763
0.220764
0.220763
0.220768
0.220774
0.220794
0.220802
0.220806
0.220816
0.220823
0.220835
0.220854
0.220855
0.220871
0.220880
0.220890
0.220900
0.220911
0.220922
0.220930
0.220931
0.220954
0.220961
0.220968
0.220978
0.220985
0.220985
0.221002
0.221006
0.221014
0.221017
0.221032
0.221035
0.221038
0.221041
0.221052
0.221068
0.221076
0.221076
0.221087
0.221099
0.221119
0.221130
0.221141
0.221145
0.221160
0.221182
0.221189
0.221190
0.221204
0.221208
0.221210
0.221216
0.221236
0.221237
0.221248
0.221257
0.221267
0.221278
0.221285
0.221285
0.221290
0.221292
0.221293
0.221298
0.221304
0.221320
0.221325
0.221332
0.221336
0.221343
0.221352
0.221369
0.221374
0.221381
0.221398
0.221405
0.221416
0.221425
0.221432
0.221443
0.221451
0.221454
0.221471
0.221472
0.221478
0.221496
0.221502
0.221521
0.221533
0.221561
0.221566
0.221590
0.221591
0.221609
0.221616
0.221615
0.221623
0.221640
0.221645
0.221647
0.221654
0.221672
0.221684
0.221693
0.221695
0.221696
0.221698
0.221705
0.221711
0.221714
0.221731
0.221733
0.221734
0.221740
0.221743
0.221742
0.221748
0.221757
0.221784
0.221791
0.221793
0.221789
0.221798
0.221805
0.221822
0.221820
0.221827
0.221853
0.221861
0.221867
0.221875
0.221883
0.221895
0.221899
0.221919
0.221920
0.221926
0.221926
0.221945
0.221959
0.221958
0.221977
0.221984
0.221986
0.221992
0.221997
0.222008
0.222011
0.222023
0.222027
0.222035
0.222045
0.222050
0.222053
0.222069
0.222073
0.222082
0.222087
0.222089
0.222094
0.222095
0.222111
0.222114
0.222122
0.222125
0.222143
0.222145
0.222151
0.222154
0.222169
0.222172
0.222182
0.222189
0.222196
0.222195
0.222229
0.222245
0.222247
0.222259
0.222270
0.222288
0.222303
0.222333
0.222333
0.222337
0.222351
0.222351
0.222351
0.222354
0.222358
0.222362
0.222384
0.222385
0.222387
0.222387
0.222397
0.222403
0.222407
0.222415
0.222426
0.222445
0.222445
0.222447
0.222452
0.222453
0.222455
0.222457
0.222463
0.222464
0.222481
0.222480
0.222483
0.222491
0.222495
0.222512
0.222525
0.222539
0.222546
0.222557
0.222564
0.222583
0.222585
0.222615
0.222625
0.222627
0.222629
0.222630
0.222630
0.222641
0.222650
0.222657
0.222658
0.222689
0.222709
0.222715
0.222728
0.222731
0.222762
0.222772
0.222779
0.222795
0.222803
0.222808
0.222825
0.222826
0.222841
0.222844
0.222848
0.222849
0.222859
0.222881
0.222885
0.222887
0.222928
0.222928
0.222932
0.222943
0.222957
0.222961
0.222967
0.222973
0.222973
0.222985
0.222988
0.222997
0.222998
0.223000
0.223003
0.223009
0.223021
0.223024
0.223041
0.223050
0.223056
0.223062
0.223077
0.223089
0.223092
0.223097
0.223101
0.223101
0.223102
0.223102
0.223107
0.223109
0.223113
0.223117
0.223120
0.223126
0.223129
0.223138
0.223145
0.223146
0.223154
0.223161
0.223163
0.223165
0.223166
0.223180
0.223181
0.223184
0.223195
0.223208
0.223209
0.223213
0.223214
0.223216
0.223228
0.223235
0.223246
0.223247
0.223250
0.223256
0.223261
0.223263
0.223274
0.223296
0.223298
0.223303
0.223317
0.223323
0.223341
0.223346
0.223354
0.223364
0.223368
0.223378
0.223386
0.223389
0.223395
0.223400
0.223411
0.223421
0.223422
0.223434
0.223437
0.223436
0.223441
0.223450
0.223456
0.223468
0.223468
0.223482
0.223492
0.223522
0.223525
0.223532
0.223537
0.223536
0.223551
0.223565
0.223567
0.223569
0.223570
0.223576
0.223579
0.223577
0.223576
0.223594
0.223599
0.223601
0.223617
0.223622
0.223627
0.223627
0.223631
0.223631
0.223639
0.223649
0.223651
0.223662
0.223671
0.223676
0.223676
0.223693
0.223696
0.223699
0.223702
0.223713
0.223724
0.223729
0.223734
0.223736
0.223741
0.223755
0.223756
0.223792
0.223792
0.223793
0.223805
0.223812
0.223849
0.223857
0.223859
0.223864
0.223864
0.223864
0.223865
0.223873
0.223878
0.223899
0.223906
0.223907
0.223910
0.223906
0.223914
0.223917
0.223920
0.223929
0.223929
0.223935
0.223945
0.223949
0.223954
0.223968
0.223975
0.223976
0.223980
0.223987
0.223996
0.223996
0.223998
0.224008
0.224024
0.224025
0.224034
0.224036
0.224040
0.224046
0.224057
0.224060
0.224064
0.224064
0.224066
0.224071
0.224090
0.224090
0.224099
0.224098
0.224100
0.224103
0.224121
0.224126
0.224131
0.224133
0.224143
0.224153
0.224156
0.224163
0.224174
0.224181
0.224192
0.224195
0.224204
0.224206
0.224236
0.224247
0.224258
0.224267
0.224272
0.224283
0.224284
0.224296
0.224311
0.224320
0.224322
0.224325
0.224341
0.224352
0.224358
0.224367
0.224373
0.224376
0.224383
0.224393
0.224398
0.224411
0.224419
0.224419
0.224423
0.224425
0.224430
0.224431
0.224435
0.224438
0.224441
0.224448
0.224453
0.224469
0.224474
0.224478
0.224486
0.224489
0.224493
0.224497
0.224506
0.224511
0.224526
0.224534
0.224547
0.224549
0.224558
0.224561
0.224565
0.224592
0.224596
0.224600
0.224608
0.224614
0.224621
0.224628
0.224652
0.224655
0.224670
0.224671
0.224679
0.224684
0.224689
0.224691
0.224695
0.224701
0.224706
0.224723
0.224724
0.224727
0.224744
0.224748
0.224749
0.224751
0.224756
0.224759
0.224777
0.224790
0.224793
0.224797
0.224813
0.224824
0.224830
0.224841
0.224852
0.224855
0.224858
0.224873
0.224892
0.224906
0.224909
0.224914
0.224934
0.224942
0.224943
0.224969
0.225001
0.225005
0.225006
0.225013
0.225033
0.225033
0.225034
0.225035
0.225036
0.225057
0.225058
0.225061
0.225077
0.225078
0.225080
0.225087
0.225105
0.225109
0.225112
0.225144
0.225149
0.225155
0.225163
0.225171
0.225172
0.225173
0.225178
0.225207
0.225210
0.225210
0.225213
0.225222
0.225226
0.225232
0.225240
0.225241
0.225241
0.225245
0.225255
0.225257
0.225279
0.225280
0.225288
0.225297
0.225297
0.225301
0.225311
0.225312
0.225315
0.225318
0.225324
0.225325
0.225328
0.225339
0.225345
0.225361
0.225366
0.225368
0.225371
0.225372
0.225391
0.225393
0.225410
0.225412
0.225414
0.225420
0.225440
0.225442
0.225449
0.225448
0.225454
0.225457
0.225459
0.225468
0.225477
0.225491
0.225512
0.225515
0.225521
0.225537
0.225545
0.225549
0.225559
0.225571
0.225582
0.225587
0.225589
0.225594
0.225598
0.225598
0.225608
0.225613
0.225629
0.225630
0.225632
0.225640
0.225641
0.225644
0.225646
0.225653
0.225657
0.225664
0.225667
0.225667
0.225676
0.225698
0.225706
0.225708
0.225718
0.225718
0.225724
0.225725
0.225736
0.225751
0.225750
0.225753
0.225757
0.225761
0.225775
0.225789
0.225791
0.225793
0.225801
0.225810
0.225817
0.225830
0.225849
0.225856
0.225861
0.225861
0.225862
0.225877
0.225894
0.225898
0.225907
0.225921
0.225922
0.225939
0.225946
0.225955
0.225967
0.225971
0.225972
0.225974
0.225974
0.225976
0.225981
0.225988
0.225999
0.226001
0.226001
0.226007
0.226015
0.226021
0.226022
0.226028
0.226045
0.226053
0.226059
0.226064
0.226077
0.226083
0.226083
0.226087
0.226089
0.226092
0.226094
0.226094
0.226097
0.226105
0.226109
0.226113
0.226118
0.226117
0.226118
0.226125
0.226132
0.226139
0.226152
0.226163
0.226165
0.226168
0.226172
0.226173
0.226183
0.226196
0.226204
0.226206
0.226215
0.226217
0.226217
0.226220
0.226223
0.226223
0.226230
0.226236
0.226237
0.226246
0.226250
0.226253
0.226253
0.226263
0.226277
0.226285
0.226290
0.226300
0.226307
0.226313
0.226320
0.226326
0.226329
0.226331
0.226332
0.226336
0.226336
0.226346
0.226354
0.226359
0.226386
0.226390
0.226394
0.226413
0.226416
0.226419
0.226427
0.226429
0.226437
0.226439
0.226443
0.226454
0.226462
0.226472
0.226499
0.226504
0.226527
0.226533
0.226558
0.226570
0.226578
0.226585
0.226585
0.226587
0.226587
0.226591
0.226595
0.226598
0.226602
0.226610
0.226617
0.226617
0.226621
0.226626
0.226636
0.226638
0.226649
0.226661
0.226663
0.226662
0.226666
0.226681
0.226685
0.226691
0.226693
0.226694
0.226694
0.226699
0.226700
0.226712
0.226715
0.226716
0.226724
0.226727
0.226744
0.226752
0.226758
0.226758
0.226765
0.226765
0.226768
0.226770
0.226772
0.226777
0.226788
0.226798
0.226800
0.226809
0.226809
0.226817
0.226817
0.226820
0.226829
0.226832
0.226840
0.226845
0.226846
0.226847
0.226850
0.226859
0.226890
0.226892
0.226896
0.226898
0.226907
0.226911
0.226919
0.226919
0.226921
0.226928
0.226928
0.226930
0.226948
0.226947
0.226949
0.226949
0.226953
0.226958
0.226962
0.226966
0.226974
0.226980
0.226984
0.226984
0.226986
0.226991
0.226995
0.226996
0.226997
0.226998
0.227001
0.227002
0.227008
0.227019
0.227023
0.227040
0.227041
0.227049
0.227049
0.227053
0.227063
0.227065
0.227070
0.227078
0.227080
0.227084
0.227086
0.227087
0.227096
0.227102
0.227113
0.227122
0.227126
0.227145
0.227152
0.227160
0.227164
0.227166
0.227171
0.227176
0.227186
0.227191
0.227192
0.227203
0.227207
0.227206
0.227213
0.227218
0.227236
0.227240
0.227245
0.227251
0.227268
0.227269
0.227270
0.227278
0.227278
0.227284
0.227287
0.227288
0.227289
0.227305
0.227305
0.227307
0.227315
0.227317
0.227331
0.227335
0.227337
0.227349
0.227356
0.227356
0.227363
0.227364
0.227371
0.227376
0.227386
0.227392
0.227406
0.227409
0.227421
0.227435
0.227445
0.227446
0.227459
0.227460
0.227465
0.227469
0.227478
0.227482
0.227492
0.227497
0.227521
0.227525
0.227529
0.227531
0.227538
0.227538
0.227553
0.227574
0.227577
0.227576
0.227583
0.227584
0.227584
0.227594
0.227594
0.227601
0.227605
0.227612
0.227616
0.227625
0.227640
0.227652
0.227656
0.227657
0.227657
0.227660
0.227661
0.227665
0.227670
0.227682
0.227682
0.227691
0.227699
0.227711
0.227714
0.227717
0.227737
0.227738
0.227750
0.227755
0.227781
0.227783
0.227789
0.227791
0.227810
0.227810
0.227811
0.227811
0.227823
0.227825
0.227829
0.227830
0.227837
0.227840
0.227841
0.227848
0.227857
0.227870
0.227874
0.227881
0.227883
0.227886
0.227888
0.227888
0.227900
0.227903
0.227906
0.227905
0.227906
0.227908
0.227914
0.227928
0.227932
0.227939
0.227952
0.227952
0.227954
0.227961
0.227963
0.227969
0.227972
0.227982
0.227982
0.227994
0.228002
0.228002
0.228005
0.228005
0.228017
0.228018
0.228027
0.228029
0.228033
0.228038
0.228041
0.228044
0.228044
0.228052
0.228052
0.228052
0.228057
0.228067
0.228072
0.228074
0.228074
0.228082
0.228089
0.228091
0.228091
0.228096
0.228100
0.228116
0.228127
0.228130
0.228132
0.228135
0.228139
0.228146
0.228148
0.228148
0.228155
0.228160
0.228165
0.228168
0.228169
0.228172
0.228173
0.228177
0.228177
0.228182
0.228188
0.228190
0.228195
0.228201
0.228208
0.228209
0.228211
0.228212
0.228217
0.228236
0.228236
0.228241
0.228242
0.228244
0.228248
0.228250
0.228251
0.228252
0.228255
0.228276
0.228286
0.228285
0.228289
0.228294
0.228300
0.228303
0.228313
0.228331
0.228338
0.228340
0.228345
0.228351
0.228361
0.228367
0.228370
0.228374
0.228379
0.228379
0.228380
0.228381
0.228385
0.228390
0.228398
0.228401
0.228408
0.228418
0.228426
0.228429
0.228432
0.228433
0.228435
0.228441
0.228441
0.228441
0.228443
0.228447
0.228463
0.228474
0.228477
0.228484
0.228488
0.228498
0.228512
0.228516
0.228525
0.228527
0.228528
0.228538
0.228539
0.228543
0.228549
0.228549
0.228553
0.228555
0.228560
0.228565
0.228567
0.228576
0.228577
0.228590
0.228604
0.228615
0.228615
0.228620
0.228624
0.228625
0.228624
0.228628
0.228627
0.228638
0.228641
0.228644
0.228646
0.228651
0.228655
0.228666
0.228689
0.228701
0.228704
0.228708
0.228715
0.228723
0.228726
0.228730
0.228734
0.228748
0.228757
0.228761
0.228762
0.228764
0.228770
0.228771
0.228778
0.228792
0.228795
0.228805
0.228808
0.228808
0.228820
0.228819
0.228828
0.228835
0.228836
0.228847
0.228847
0.228849
0.228851
0.228854
0.228856
0.228860
0.228867
0.228870
0.228884
0.228887
0.228897
0.228900
0.228901
0.228910
0.228911
0.228915
0.228919
0.228924
0.228923
0.228939
0.228940
0.228955
0.228959
0.228966
0.228965
0.228967
0.228979
0.228986
0.228990
0.228998
0.229009
0.229021
0.229024
0.229026
0.229027
0.229037
0.229047
0.229048
0.229048
0.229056
0.229067
0.229075
0.229075
0.229082
0.229085
0.229101
0.229102
0.229102
0.229102
0.229121
0.229123
0.229129
0.229130
0.229130
0.229130
0.229133
0.229145
0.229161
0.229162
0.229175
0.229177
0.229178
0.229183
0.229186
0.229188
0.229191
0.229201
0.229202
0.229207
0.229207
0.229208
0.229208
0.229210
0.229216
0.229217
0.229224
0.229224
0.229225
0.229227
0.229233
0.229240
0.229240
0.229242
0.229252
0.229259
0.229265
0.229267
0.229278
0.229279
0.229287
0.229292
0.229293
0.229307
0.229313
0.229318
0.229326
0.229328
0.229333
0.229347
0.229350
0.229356
0.229357
0.229368
0.229375
0.229383
0.229388
0.229390
0.229392
0.229407
0.229407
0.229408
0.229411
0.229413
0.229414
0.229415
0.229422
0.229443
0.229443
0.229443
0.229453
0.229456
0.229459
0.229460
0.229462
0.229472
0.229484
0.229486
0.229491
0.229492
0.229496
0.229499
0.229505
0.229508
0.229513
0.229521
0.229526
0.229534
0.229549
0.229554
0.229556
0.229565
0.229587
0.229598
0.229607
0.229608
0.229625
0.229631
0.229630
0.229632
0.229634
0.229648
0.229674
0.229685
0.229694
0.229698
0.229709
0.229708
0.229709
0.229710
0.229708
0.229709
0.229719
0.229723
0.229727
0.229738
0.229738
0.229742
0.229748
0.229748
0.229748
0.229752
0.229752
0.229754
0.229758
0.229759
0.229774
0.229785
0.229790
0.229800
0.229815
0.229829
0.229833
0.229836
0.229836
0.229839
0.229846
0.229855
0.229856
0.229856
0.229855
0.229860
0.229862
0.229864
0.229873
0.229881
0.229885
0.229892
0.229909
0.229914
0.229916
0.229925
0.229928
0.229932
0.229945
0.229947
0.229949
0.229949
0.229966
0.229968
0.229972
0.229989
0.229991
0.229996
0.229998
0.229999
0.230002
0.230005
0.230009
0.230019
0.230036
0.230040
0.230045
0.230053
0.230056
0.230060
0.230060
0.230071
0.230088
0.230092
0.230095
0.230095
0.230100
0.230104
0.230112
0.230115
0.230115
0.230122
0.230125
0.230131
0.230131
0.230132
0.230133
0.230136
0.230145
0.230158
0.230167
0.230168
0.230175
0.230187
0.230189
0.230189
0.230209
0.230212
0.230214
0.230224
0.230231
0.230231
0.230240
0.230244
0.230248
0.230250
0.230253
0.230263
0.230263
0.230269
0.230280
0.230293
0.230295
0.230299
0.230298
0.230302
0.230305
0.230307
0.230315
0.230318
0.230326
0.230329
0.230333
0.230347
0.230348
0.230348
0.230353
0.230358
0.230359
0.230362
0.230369
0.230371
0.230372
0.230370
0.230370
0.230382
0.230389
0.230403
0.230412
0.230419
0.230420
0.230430
0.230437
0.230437
0.230437
0.230440
0.230440
0.230441
0.230442
0.230446
0.230449
0.230448
0.230454
0.230457
0.230469
0.230469
0.230476
0.230483
0.230485
0.230485
0.230490
0.230499
0.230503
0.230507
0.230519
0.230522
0.230522
0.230527
0.230527
0.230531
0.230535
0.230539
0.230543
0.230546
0.230547
0.230553
0.230558
0.230560
0.230561
0.230566
0.230572
0.230579
0.230581
0.230598
0.230606
0.230606
0.230610
0.230614
0.230617
0.230621
0.230628
0.230643
0.230651
0.230660
0.230663
0.230666
0.230668
0.230672
0.230679
0.230681
0.230696
0.230700
0.230701
0.230711
0.230711
0.230713
0.230721
0.230721
0.230727
0.230740
0.230740
0.230740
0.230747
0.230754
0.230757
0.230763
0.230769
0.230770
0.230772
0.230774
0.230778
0.230781
0.230789
0.230787
0.230790
0.230792
0.230795
0.230804
0.230814
0.230817
0.230824
0.230834
0.230842
0.230855
0.230861
0.230866
0.230868
0.230884
0.230895
0.230901
0.230903
0.230906
0.230920
0.230920
0.230927
0.230933
0.230939
0.230945
0.230947
0.230948
0.230950
0.230955
0.230962
0.230969
0.230971
0.230976
0.230977
0.230983
0.230992
0.230992
0.230992
0.230992
0.230999
0.231017
0.231030
0.231044
0.231044
0.231049
0.231061
0.231070
0.231075
0.231080
0.231081
0.231086
0.231090
0.231094
0.231092
0.231096
0.231097
0.231110
0.231114
0.231118
0.231120
0.231123
0.231123
0.231123
0.231124
0.231130
0.231130
0.231134
0.231145
0.231146
0.231147
0.231154
0.231158
0.231161
0.231167
0.231175
0.231175
0.231176
0.231177
0.231188
0.231200
0.231201
0.231204
0.231206
0.231210
0.231212
0.231218
0.231218
0.231224
0.231224
0.231225
0.231232
0.231232
0.231233
0.231236
0.231243
0.231252
0.231259
0.231266
0.231269
0.231269
0.231271
0.231284
0.231287
0.231292
0.231301
0.231301
0.231304
0.231302
0.231303
0.231306
0.231313
0.231314
0.231321
0.231332
0.231350
0.231350
0.231357
0.231359
0.231360
0.231363
0.231372
0.231376
0.231385
0.231394
0.231400
0.231401
0.231409
0.231409
0.231418
0.231422
0.231424
0.231427
0.231434
0.231446
0.231449
0.231453
0.231452
0.231453
0.231456
0.231458
0.231460
0.231469
0.231471
0.231472
0.231481
0.231490
0.231489
0.231489
0.231492
0.231495
0.231511
0.231516
0.231521
0.231524
0.231526
0.231529
0.231532
0.231535
0.231540
0.231547
0.231554
0.231563
0.231566
0.231568
0.231570
0.231578
0.231581
0.231583
0.231592
0.231603
0.231611
0.231621
0.231623
0.231627
0.231631
0.231633
0.231635
0.231640
0.231640
0.231642
0.231643
0.231646
0.231653
0.231658
0.231658
0.231660
0.231661
0.231661
0.231661
0.231664
0.231670
0.231683
0.231692
0.231701
0.231708
0.231716
0.231723
0.231728
0.231734
0.231744
0.231753
0.231761
0.231769
0.231770
0.231772
0.231775
0.231780
0.231785
0.231787
0.231791
0.231790
0.231793
0.231792
0.231800
0.231807
0.231810
0.231816
0.231817
0.231818
0.231819
0.231820
0.231822
0.231822
0.231827
0.231835
0.231834
0.231839
0.231842
0.231846
0.231847
0.231853
0.231856
0.231856
0.231862
0.231862
0.231862
0.231863
0.231868
0.231871
0.231872
0.231876
0.231881
0.231884
0.231887
0.231892
0.231896
0.231898
0.231900
0.231903
0.231903
0.231911
0.231911
0.231913
0.231918
0.231925
0.231929
0.231930
0.231933
0.231942
0.231945
0.231950
0.231957
0.231958
0.231966
0.231975
0.231978
0.231983
0.231984
0.231982
0.231983
0.231986
0.231993
0.232001
0.232011
0.232014
0.232017
0.232020
0.232028
0.232033
0.232037
0.232037
0.232042
0.232071
0.232073
0.232078
0.232080
0.232083
0.232088
0.232089
0.232098
0.232098
0.232102
0.232106
0.232118
0.232134
0.232138
0.232157
0.232176
0.232179
0.232179
0.232183
0.232186
0.232186
0.232189
0.232188
0.232190
0.232194
0.232205
0.232208
0.232215
0.232220
0.232223
0.232238
0.232240
0.232244
0.232260
0.232261
0.232272
0.232274
0.232274
0.232279
0.232278
0.232294
0.232294
0.232307
0.232312
0.232317
0.232326
0.232334
0.232336
0.232341
0.232343
0.232347
0.232353
0.232353
0.232355
0.232358
0.232363
0.232367
0.232371
0.232374
0.232393
0.232397
0.232398
0.232402
0.232402
0.232408
0.232410
0.232424
0.232425
0.232430
0.232431
0.232435
0.232436
0.232445
0.232452
0.232458
0.232462
0.232467
0.232467
0.232467
0.232468
0.232469
0.232472
0.232472
0.232473
0.232473
0.232473
0.232477
0.232484
0.232486
0.232486
0.232488
0.232489
0.232488
0.232490
0.232496
0.232496
0.232500
0.232508
0.232513
0.232524
0.232528
0.232530
0.232532
0.232532
0.232533
0.232536
0.232542
0.232551
0.232551
0.232551
0.232564
0.232564
0.232565
0.232566
0.232573
0.232573
0.232575
0.232577
0.232578
0.232584
0.232589
0.232591
0.232592
0.232592
0.232595
0.232605
0.232618
0.232618
0.232619
0.232623
0.232625
0.232626
0.232629
0.232635
0.232640
0.232645
0.232648
0.232669
0.232670
0.232676
0.232677
0.232694
0.232699
0.232700
0.232702
0.232705
0.232706
0.232707
0.232714
0.232720
0.232723
0.232730
0.232742
0.232746
0.232749
0.232751
0.232752
0.232753
0.232761
0.232762
0.232766
0.232774
0.232781
0.232790
0.232796
0.232796
0.232798
0.232832
0.232832
0.232837
0.232840
0.232848
0.232870
0.232874
0.232875
0.232881
0.232884
0.232886
0.232888
0.232898
0.232899
0.232907
0.232918
0.232919
0.232926
0.232928
0.232928
0.232928
0.232928
0.232932
0.232948
0.232958
0.232962
0.232969
0.232970
0.232972
0.232974
0.232983
0.232984
0.232987
0.232989
0.232990
0.232991
0.232994
0.232997
0.233001
0.233008
0.233013
0.233020
0.233020
0.233022
0.233031
0.233033
0.233033
0.233036
0.233036
0.233037
0.233037
0.233037
0.233040
0.233046
0.233047
0.233048
0.233052
0.233056
0.233058
0.233065
0.233066
0.233070
0.233072
0.233074
0.233076
0.233081
0.233084
0.233094
0.233099
0.233099
0.233105
0.233116
0.233117
0.233121
0.233132
0.233133
0.233133
0.233142
0.233145
0.233149
0.233152
0.233154
0.233163
0.233176
0.233189
0.233190
0.233195
0.233197
0.233198
0.233205
0.233206
0.233208
0.233213
0.233226
0.233236
0.233247
0.233249
0.233252
0.233256
0.233256
0.233259
0.233264
0.233265
0.233265
0.233270
0.233270
0.233274
0.233275
0.233291
0.233295
0.233295
0.233300
0.233304
0.233317
0.233326
0.233346
0.233355
0.233363
0.233368
0.233369
0.233375
0.233381
0.233389
0.233395
0.233401
0.233406
0.233406
0.233410
0.233417
0.233421
0.233427
0.233436
0.233438
0.233438
0.233449
0.233453
0.233456
0.233465
0.233470
0.233484
0.233488
0.233489
0.233494
0.233492
0.233502
0.233503
0.233517
0.233526
0.233526
0.233528
0.233532
0.233532
0.233532
0.233536
0.233539
0.233541
0.233541
0.233544
0.233547
0.233546
0.233559
0.233570
0.233577
0.233579
0.233581
0.233584
0.233584
0.233592
0.233598
0.233607
0.233610
0.233621
0.233623
0.233628
0.233640
0.233657
0.233662
0.233664
0.233674
0.233680
0.233682
0.233682
0.233688
0.233698
0.233701
0.233707
0.233709
0.233710
0.233718
0.233720
0.233720
0.233728
0.233733
0.233738
0.233743
0.233745
0.233746
0.233746
0.233747
0.233750
0.233756
0.233757
0.233760
0.233762
0.233765
0.233766
0.233783
0.233789
0.233794
0.233796
0.233800
0.233804
0.233813
0.233818
0.233824
0.233826
0.233832
0.233847
0.233852
0.233857
0.233874
0.233873
0.233875
0.233884
0.233886
0.233890
0.233890
0.233896
0.233896
0.233903
0.233906
0.233912
0.233914
0.233919
0.233925
0.233929
0.233936
0.233941
0.233944
0.233948
0.233950
0.233949
0.233954
0.233956
0.233956
0.233963
0.233967
0.233974
0.233976
0.233981
0.233990
0.233992
0.233997
0.233999
0.234003
0.234005
0.234036
0.234040
0.234046
0.234053
0.234053
0.234058
0.234086
0.234085
0.234087
0.234092
0.234100
0.234105
0.234107
0.234111
0.234113
0.234113
0.234138
0.234138
0.234138
0.234139
0.234141
0.234141
0.234141
0.234141
0.234142
0.234145
0.234152
0.234157
0.234162
0.234163
0.234169
0.234170
0.234174
0.234192
0.234197
0.234205
0.234208
0.234209
0.234217
0.234224
0.234225
0.234229
0.234233
0.234236
0.234250
0.234255
0.234250
0.234255
0.234257
0.234257
0.234266
0.234270
0.234276
0.234281
0.234287
0.234288
0.234299
0.234301
0.234301
0.234304
0.234310
0.234311
0.234322
0.234334
0.234340
0.234344
0.234346
0.234350
0.234356
0.234357
0.234362
0.234363
0.234364
0.234365
0.234373
0.234375
0.234380
0.234381
0.234390
0.234398
0.234398
0.234401
0.234407
0.234406
0.234413
0.234427
0.234426
0.234434
0.234448
0.234454
0.234454
0.234454
0.234460
0.234464
0.234464
0.234465
0.234471
0.234477
0.234477
0.234481
0.234486
0.234486
0.234490
0.234491
0.234494
0.234495
0.234499
0.234500
0.234505
0.234511
0.234512
0.234526
0.234528
0.234529
0.234529
0.234532
0.234533
0.234539
0.234550
0.234557
0.234554
0.234560
0.234561
0.234563
0.234565
0.234567
0.234570
0.234577
0.234582
0.234585
0.234595
0.234595
0.234604
0.234607
0.234607
0.234617
0.234618
0.234623
0.234629
0.234636
0.234640
0.234651
0.234656
0.234659
0.234665
0.234670
0.234669
0.234677
0.234677
0.234686
0.234689
0.234695
0.234697
0.234699
0.234708
0.234718
0.234721
0.234730
0.234732
0.234739
0.234740
0.234741
0.234745
0.234745
0.234748
0.234753
0.234755
0.234761
0.234756
0.234758
0.234757
0.234763
0.234771
0.234771
0.234770
0.234770
0.234772
0.234773
0.234775
0.234778
0.234781
0.234781
0.234784
0.234787
0.234789
0.234789
0.234801
0.234803
0.234806
0.234806
0.234808
0.234809
0.234809
0.234813
0.234818
0.234820
0.234818
0.234816
0.234819
0.234820
0.234822
0.234824
0.234826
0.234829
0.234833
0.234834
0.234841
0.234844
0.234846
0.234847
0.234852
0.234852
0.234857
0.234864
0.234870
0.234870
0.234872
0.234874
0.234881
0.234882
0.234881
0.234883
0.234889
0.234889
0.234895
0.234895
0.234898
0.234898
0.234898
0.234902
0.234903
0.234903
0.234903
0.234902
0.234909
0.234911
0.234911
0.234912
0.234913
0.234915
0.234919
0.234929
0.234935
0.234935
0.234936
0.234937
0.234954
0.234957
0.234957
0.234958
0.234960
0.234965
0.234966
0.234965
0.234973
0.234990
0.234993
0.234994
0.234999
0.235001
0.235003
0.235003
0.235021
0.235022
0.235022
0.235023
0.235032
0.235039
0.235040
0.235040
0.235049
0.235050
0.235050
0.235053
0.235055
0.235063
0.235078
0.235079
0.235081
0.235085
0.235088
0.235090
0.235090
0.235092
0.235093
0.235102
0.235105
0.235107
0.235118
0.235121
0.235129
0.235131
0.235135
0.235138
0.235140
0.235148
0.235146
0.235150
0.235152
0.235154
0.235154
0.235157
0.235158
0.235171
0.235172
0.235172
0.235178
0.235179
0.235181
0.235181
0.235184
0.235186
0.235185
0.235188
0.235191
0.235193
0.235197
0.235201
0.235202
0.235204
0.235207
0.235212
0.235213
0.235219
0.235222
0.235229
0.235230
0.235237
0.235242
0.235247
0.235254
0.235259
0.235260
0.235281
0.235281
0.235282
0.235285
0.235290
0.235292
0.235305
0.235307
0.235307
0.235310
0.235321
0.235326
0.235328
0.235331
0.235331
0.235340
0.235355
0.235356
0.235356
0.235357
0.235362
0.235365
0.235365
0.235390
0.235391
0.235392
0.235395
0.235398
0.235402
0.235407
0.235408
0.235410
0.235415
0.235424
0.235436
0.235437
0.235439
0.235446
0.235452
0.235456
0.235462
0.235466
0.235507
0.235507
0.235510
0.235514
0.235516
0.235525
0.235525
0.235533
0.235537
0.235536
0.235536
0.235560
0.235567
0.235567
0.235566
0.235571
0.235582
0.235581
0.235581
0.235584
0.235590
0.235593
0.235602
0.235608
0.235614
0.235613
0.235624
0.235633
0.235635
0.235636
0.235640
0.235646
0.235652
0.235656
0.235660
0.235662
0.235670
0.235671
0.235674
0.235683
0.235684
0.235688
0.235697
0.235700
0.235702
0.235702
0.235704
0.235713
0.235715
0.235715
0.235716
0.235717
0.235716
0.235719
0.235722
0.235727
0.235737
0.235741
0.235741
0.235755
0.235761
0.235768
0.235777
0.235780
0.235782
0.235784
0.235787
0.235790
0.235809
0.235814
0.235815
0.235818
0.235833
0.235837
0.235840
0.235857
0.235866
0.235872
0.235881
0.235886
0.235887
0.235891
0.235901
0.235906
0.235908
0.235918
0.235921
0.235935
0.235936
0.235938
0.235941
0.235944
0.235948
0.235951
0.235961
0.235967
0.235972
0.235977
0.235980
0.235983
0.235988
0.235988
0.235988
0.235991
0.235992
0.236000
0.236001
0.236006
0.236011
0.236016
0.236020
0.236027
0.236031
0.236034
0.236054
0.236056
0.236064
0.236065
0.236065
0.236073
0.236078
0.236087
0.236087
0.236091
0.236099
0.236100
0.236104
0.236109
0.236115
0.236117
0.236120
0.236122
0.236127
0.236128
0.236129
0.236132
0.236134
0.236135
0.236137
0.236145
0.236146
0.236150
0.236153
0.236155
0.236161
0.236167
0.236169
0.236169
0.236172
0.236174
0.236178
0.236180
0.236180
0.236184
0.236186
0.236192
0.236196
0.236197
0.236204
0.236204
0.236209
0.236214
0.236216
0.236216
0.236218
0.236222
0.236223
0.236225
0.236231
0.236236
0.236238
0.236238
0.236242
0.236244
0.236244
0.236248
0.236250
0.236251
0.236253
0.236254
0.236259
0.236262
0.236263
0.236265
0.236272
0.236275
0.236276
0.236278
0.236280
0.236280
0.236288
0.236288
0.236295
0.236296
0.236296
0.236296
0.236305
0.236306
0.236315
0.236318
0.236322
0.236328
0.236333
0.236333
0.236336
0.236337
0.236337
0.236342
0.236348
0.236349
0.236352
0.236360
0.236368
0.236369
0.236372
0.236377
0.236380
0.236380
0.236381
0.236382
0.236385
0.236387
0.236387
0.236392
0.236399
0.236407
0.236412
0.236415
0.236420
0.236420
0.236421
0.236422
0.236421
0.236418
0.236421
0.236425
0.236428
0.236429
0.236428
0.236431
0.236437
0.236443
0.236443
0.236445
0.236445
0.236445
0.236450
0.236450
0.236452
0.236457
0.236458
0.236470
0.236471
0.236478
0.236478
0.236480
0.236481
0.236486
0.236487
0.236486
0.236492
0.236495
0.236496
0.236506
0.236509
0.236510
0.236512
0.236520
0.236523
0.236527
0.236532
0.236531
0.236531
0.236533
0.236534
0.236536
0.236539
0.236545
0.236545
0.236545
0.236550
0.236556
0.236559
0.236562
0.236565
0.236566
0.236566
0.236566
0.236568
0.236573
0.236576
0.236578
0.236608
0.236616
0.236616
0.236620
0.236625
0.236631
0.236640
0.236647
0.236649
0.236649
0.236652
0.236657
0.236662
0.236664
0.236666
0.236672
0.236672
0.236679
0.236683
0.236683
0.236683
0.236684
0.236685
0.236689
0.236690
0.236700
0.236702
0.236701
0.236716
0.236719
0.236724
0.236725
0.236725
0.236732
0.236742
0.236743
0.236745
0.236749
0.236750
0.236754
0.236755
0.236762
0.236767
0.236767
0.236767
0.236767
0.236778
0.236779
0.236779
0.236780
0.236784
0.236789
0.236788
0.236795
0.236813
0.236814
0.236820
0.236835
0.236838
0.236841
0.236843
0.236847
0.236850
0.236858
0.236862
0.236863
0.236865
0.236869
0.236881
0.236884
0.236885
0.236895
0.236896
0.236896
0.236897
0.236900
0.236902
0.236903
0.236910
0.236908
0.236909
0.236913
0.236916
0.236921
0.236924
0.236929
0.236934
0.236936
0.236938
0.236940
0.236942
0.236943
0.236943
0.236947
0.236949
0.236955
0.236958
0.236960
0.236963
0.236965
0.236966
0.236971
0.236971
0.236971
0.236977
0.236986
0.236986
0.236991
0.236994
0.236995
0.236999
0.236999
0.237003
0.237010
0.237014
0.237015
0.237019
0.237028
0.237029
0.237034
0.237038
0.237041
0.237051
0.237052
0.237056
0.237057
0.237057
0.237059
0.237060
0.237071
0.237071
0.237071
0.237072
0.237076
0.237076
0.237080
0.237082
0.237082
0.237091
0.237098
0.237099
0.237107
0.237109
0.237108
0.237110
0.237115
0.237120
0.237123
0.237126
0.237127
0.237133
0.237148
0.237150
0.237155
0.237156
0.237160
0.237163
0.237166
0.237166
0.237170
0.237177
0.237182
0.237188
0.237186
0.237186
0.237191
0.237206
0.237207
0.237208
0.237207
0.237210
0.237218
0.237220
0.237224
0.237226
0.237233
0.237233
0.237235
0.237235
0.237243
0.237246
0.237252
0.237255
0.237257
0.237261
0.237266
0.237268
0.237269
0.237269
0.237276
0.237277
0.237278
0.237279
0.237278
0.237279
0.237280
0.237282
0.237284
0.237291
0.237299
0.237302
0.237304
0.237315
0.237319
0.237325
0.237337
0.237338
0.237342
0.237344
0.237344
0.237351
0.237353
0.237351
0.237354
0.237361
0.237364
0.237366
0.237369
0.237368
0.237373
0.237373
0.237379
0.237380
0.237380
0.237385
0.237385
0.237391
0.237399
0.237404
0.237414
0.237417
0.237416
0.237416
0.237417
0.237421
0.237421
0.237426
0.237429
0.237428
0.237431
0.237435
0.237445
0.237447
0.237447
0.237448
0.237450
0.237450
0.237452
0.237455
0.237458
0.237468
0.237470
0.237475
0.237478
0.237485
0.237484
0.237485
0.237490
0.237491
0.237497
0.237502
0.237505
0.237507
0.237511
0.237523
0.237527
0.237531
0.237539
0.237542
0.237542
0.237544
0.237551
0.237552
0.237556
0.237558
0.237568
0.237568
0.237568
0.237567
0.237577
0.237576
0.237577
0.237578
0.237578
0.237579
0.237582
0.237590
0.237594
0.237595
0.237597
0.237597
0.237601
0.237603
0.237603
0.237610
0.237621
0.237639
0.237651
0.237654
0.237659
0.237665
0.237668
0.237668
0.237670
0.237674
0.237679
0.237680
0.237681
0.237687
0.237693
0.237700
0.237704
0.237705
0.237704
0.237710
0.237719
0.237724
0.237726
0.237731
0.237731
0.237732
0.237733
0.237748
0.237751
0.237751
0.237758
0.237761
0.237766
0.237767
0.237767
0.237768
0.237768
0.237770
0.237770
0.237768
0.237787
0.237794
0.237802
0.237802
0.237806
0.237807
0.237812
0.237814
0.237814
0.237842
0.237856
0.237859
0.237860
0.237860
0.237862
0.237862
0.237863
0.237868
0.237872
0.237875
0.237878
0.237878
0.237885
0.237885
0.237885
0.237887
0.237889
0.237905
0.237904
0.237905
0.237906
0.237911
0.237917
0.237927
0.237931
0.237931
0.237934
0.237944
0.237947
0.237956
0.237957
0.237963
0.237968
0.237974
0.237980
0.237990
0.237989
0.237997
0.238000
0.238001
0.238003
0.238003
0.238012
0.238013
0.238015
0.238019
0.238019
0.238022
0.238029
0.238036
0.238040
0.238040
0.238041
0.238041
0.238059
0.238059
0.238063
0.238064
0.238066
0.238066
0.238070
0.238072
0.238072
0.238073
0.238077
0.238077
0.238089
0.238090
0.238092
0.238091
0.238093
0.238094
0.238097
0.238103
0.238108
0.238111
0.238113
0.238113
0.238115
0.238115
0.238119
0.238121
0.238126
0.238129
0.238131
0.238132
0.238150
0.238157
0.238161
0.238164
0.238169
0.238168
0.238170
0.238171
0.238178
0.238180
0.238180
0.238180
0.238181
0.238187
0.238191
0.238192
0.238194
0.238193
0.238194
0.238197
0.238198
0.238199
0.238199
0.238200
0.238200
0.238203
0.238203
0.238203
0.238214
0.238214
0.238214
0.238248
0.238248
0.238248
0.238254
0.238255
0.238259
0.238260
0.238262
0.238271
0.238276
0.238281
0.238281
0.238292
0.238292
0.238293
0.238296
0.238295
0.238305
0.238305
0.238307
0.238309
0.238315
0.238318
0.238327
0.238331
0.238331
0.238331
0.238340
0.238345
0.238350
0.238352
0.238353
0.238355
0.238356
0.238356
0.238360
0.238361
0.238364
0.238365
0.238365
0.238371
0.238371
0.238376
0.238381
0.238389
0.238390
0.238394
0.238396
0.238399
0.238398
0.238402
0.238403
0.238405
0.238405
0.238405
0.238409
0.238412
0.238418
0.238426
0.238429
0.238433
0.238434
0.238439
0.238439
0.238442
0.238444
0.238443
0.238454
0.238464
0.238463
0.238471
0.238475
0.238482
0.238484
0.238488
0.238488
0.238488
0.238491
0.238494
0.238497
0.238498
0.238503
0.238503
0.238510
0.238513
0.238516
0.238528
0.238531
0.238546
0.238546
0.238554
0.238555
0.238557
0.238560
0.238562
0.238564
0.238569
0.238577
0.238578
0.238578
0.238578
0.238587
0.238593
0.238597
0.238597
0.238599
0.238604
0.238606
0.238608
0.238608
0.238611
0.238611
0.238613
0.238618
0.238622
0.238622
0.238627
0.238628
0.238636
0.238640
0.238640
0.238641
0.238645
0.238649
0.238652
0.238664
0.238668
0.238677
0.238681
0.238688
0.238690
0.238696
0.238705
0.238708
0.238709
0.238713
0.238716
0.238717
0.238719
0.238721
0.238724
0.238724
0.238726
0.238731
0.238732
0.238732
0.238735
0.238735
0.238736
0.238743
0.238748
0.238749
0.238753
0.238754
0.238757
0.238758
0.238759
0.238760
0.238760
0.238763
0.238765
0.238765
0.238765
0.238766
0.238768
0.238775
0.238780
0.238780
0.238780
0.238791
0.238793
0.238795
0.238797
0.238798
0.238798
0.238799
0.238805
0.238813
0.238815
0.238817
0.238818
0.238822
0.238824
0.238825
0.238825
0.238828
0.238828
0.238830
0.238831
0.238836
0.238836
0.238845
0.238845
0.238846
0.238851
0.238851
0.238852
0.238853
0.238854
0.238854
0.238857
0.238866
0.238864
0.238865
0.238866
0.238871
0.238875
0.238875
0.238880
0.238881
0.238886
0.238889
0.238891
0.238894
0.238897
0.238898
0.238899
0.238899
0.238904
0.238904
0.238906
0.238918
0.238916
0.238928
0.238930
0.238932
0.238935
0.238942
0.238941
0.238940
0.238941
0.238941
0.238942
0.238944
0.238945
0.238948
0.238955
0.238958
0.238965
0.238967
0.238969
0.238970
0.238971
0.238974
0.238977
0.238986
0.238985
0.238989
0.238997
0.238997
0.239006
0.239007
0.239007
0.239010
0.239015
0.239016
0.239017
0.239030
0.239030
0.239034
0.239042
0.239044
0.239051
0.239052
0.239053
0.239056
0.239056
0.239056
0.239061
0.239066
0.239067
0.239068
0.239073
0.239077
0.239078
0.239085
0.239089
0.239090
0.239090
0.239094
0.239100
0.239100
0.239100
0.239104
0.239108
0.239109
0.239115
0.239117
0.239123
0.239124
0.239126
0.239129
0.239129
0.239130
0.239130
0.239131
0.239135
0.239135
0.239135
0.239134
0.239139
0.239143
0.239143
0.239145
0.239149
0.239150
0.239157
0.239157
0.239159
0.239160
0.239163
0.239169
0.239170
0.239171
0.239176
0.239181
0.239183
0.239185
0.239191
0.239194
0.239201
0.239204
0.239208
0.239214
0.239218
0.239218
0.239218
0.239218
0.239225
0.239225
0.239226
0.239227
0.239227
0.239228
0.239229
0.239229
0.239229
0.239233
0.239234
0.239234
0.239253
0.239256
0.239256
0.239261
0.239265
0.239270
0.239271
0.239275
0.239275
0.239274
0.239276
0.239276
0.239280
0.239286
0.239288
0.239295
0.239297
0.239300
0.239308
0.239312
0.239314
0.239315
0.239317
0.239318
0.239318
0.239320
0.239324
0.239327
0.239333
0.239342
0.239344
0.239346
0.239347
0.239349
0.239360
0.239364
0.239364
0.239365
0.239366
0.239369
0.239369
0.239371
0.239371
0.239372
0.239375
0.239376
0.239378
0.239379
0.239384
0.239386
0.239388
0.239388
0.239397
0.239400
0.239406
0.239410
0.239411
0.239412
0.239420
0.239421
0.239427
0.239429
0.239431
0.239432
0.239434
0.239436
0.239436
0.239440
0.239449
0.239450
0.239454
0.239473
0.239481
0.239484
0.239492
0.239493
0.239495
0.239503
0.239506
0.239508
0.239509
0.239509
0.239509
0.239517
0.239517
0.239520
0.239520
0.239523
0.239532
0.239533
0.239537
0.239537
0.239542
0.239543
0.239541
0.239543
0.239543
0.239545
0.239547
0.239554
0.239555
0.239557
0.239560
0.239565
0.239567
0.239576
0.239577
0.239580
0.239580
0.239582
0.239582
0.239585
0.239587
0.239592
0.239596
0.239597
0.239600
0.239603
0.239606
0.239608
0.239608
0.239608
0.239609
0.239608
0.239610
0.239613
0.239623
0.239624
0.239628
0.239634
0.239648
0.239650
0.239653
0.239654
0.239655
0.239658
0.239664
0.239667
0.239672
0.239677
0.239678
0.239681
0.239684
0.239686
0.239692
0.239698
0.239704
0.239705
0.239710
0.239712
0.239712
0.239715
0.239721
0.239722
0.239734
0.239736
0.239737
0.239740
0.239740
0.239752
0.239752
0.239753
0.239767
0.239772
0.239772
0.239775
0.239780
0.239784
0.239790
0.239804
0.239810
0.239812
0.239818
0.239820
0.239823
0.239824
0.239824
0.239826
0.239826
0.239834
0.239834
0.239835
0.239839
0.239845
0.239845
0.239844
0.239846
0.239856
0.239857
0.239858
0.239860
0.239863
0.239866
0.239870
0.239875
0.239877
0.239884
0.239886
0.239886
0.239886
0.239886
0.239890
0.239891
0.239891
0.239892
0.239896
0.239896
0.239896
0.239900
0.239901
0.239904
0.239904
0.239908
0.239908
0.239908
0.239909
0.239912
0.239915
0.239916
0.239913
0.239916
0.239921
0.239923
0.239925
0.239926
0.239927
0.239933
0.239938
0.239938
0.239944
0.239945
0.239950
0.239954
0.239957
0.239959
0.239964
0.239971
0.239975
0.239990
0.239992
0.239993
0.239997
0.239998
0.239997
0.239998
0.239999
0.240000
0.240004
0.240006
0.240010
0.240012
0.240014
0.240017
0.240017
0.240020
0.240020
0.240020
0.240020
0.240023
0.240027
0.240037
0.240037
0.240044
0.240050
0.240053
0.240055
0.240057
0.240060
0.240061
0.240063
0.240063
0.240064
0.240067
0.240074
0.240073
0.240077
0.240079
0.240082
0.240085
0.240088
0.240090
0.240094
0.240094
0.240097
0.240099
0.240103
0.240104
0.240108
0.240110
0.240109
0.240110
0.240112
0.240118
0.240119
0.240123
0.240124
0.240128
0.240128
0.240129
0.240130
0.240136
0.240139
0.240145
0.240146
0.240149
0.240153
0.240153
0.240155
0.240155
0.240157
0.240161
0.240163
0.240167
0.240171
0.240175
0.240179
0.240184
0.240184
0.240187
0.240191
0.240195
0.240213
0.240213
0.240213
0.240220
0.240222
0.240228
0.240232
0.240235
0.240237
0.240237
0.240240
0.240242
0.240242
0.240243
0.240246
0.240247
0.240252
0.240252
0.240252
0.240253
0.240254
0.240261
0.240265
0.240270
0.240273
0.240276
0.240281
0.240285
0.240284
0.240284
0.240289
0.240291
0.240297
0.240297
0.240301
0.240303
0.240306
0.240309
0.240310
0.240315
0.240320
0.240319
0.240321
0.240324
0.240333
0.240334
0.240338
0.240341
0.240341
0.240342
0.240346
0.240346
0.240355
0.240361
0.240362
0.240365
0.240370
0.240375
0.240380
0.240387
0.240392
0.240394
0.240398
0.240398
0.240401
0.240403
0.240403
0.240405
0.240405
0.240409
0.240408
0.240410
0.240416
0.240421
0.240421
0.240422
0.240428
0.240433
0.240433
0.240434
0.240433
0.240440
0.240440
0.240439
0.240442
0.240444
0.240444
0.240450
0.240454
0.240459
0.240461
0.240462
0.240462
0.240466
0.240472
0.240473
0.240474
0.240474
0.240483
0.240483
0.240485
0.240484
0.240484
0.240491
0.240494
0.240493
0.240494
0.240498
0.240499
0.240502
0.240504
0.240505
0.240509
0.240509
0.240511
0.240513
0.240515
0.240515
0.240519
0.240522
0.240525
0.240525
0.240526
0.240530
0.240533
0.240534
0.240534
0.240535
0.240539
0.240543
0.240543
0.240546
0.240547
0.240558
0.240562
0.240568
0.240572
0.240574
0.240579
0.240583
0.240586
0.240586
0.240593
0.240593
0.240594
0.240601
0.240604
0.240611
0.240614
0.240614
0.240616
0.240618
0.240618
0.240622
0.240623
0.240629
0.240636
0.240636
0.240636
0.240644
0.240649
0.240649
0.240648
0.240649
0.240654
0.240657
0.240657
0.240659
0.240663
0.240666
0.240666
0.240670
0.240672
0.240672
0.240674
0.240679
0.240682
0.240685
0.240688
0.240691
0.240691
0.240691
0.240694
0.240693
0.240694
0.240694
0.240697
0.240700
0.240702
0.240702
0.240706
0.240707
0.240708
0.240712
0.240713
0.240716
0.240720
0.240717
0.240719
0.240723
0.240725
0.240737
0.240739
0.240739
0.240740
0.240739
0.240740
0.240744
0.240747
0.240747
0.240748
0.240753
0.240754
0.240768
0.240769
0.240771
0.240773
0.240780
0.240779
0.240782
0.240784
0.240785
0.240797
0.240797
0.240800
0.240801
0.240802
0.240805
0.240808
0.240809
0.240809
0.240812
0.240813
0.240816
0.240817
0.240820
0.240824
0.240822
0.240822
0.240822
0.240826
0.240829
0.240831
0.240833
0.240838
0.240845
0.240849
0.240853
0.240856
0.240856
0.240856
0.240857
0.240858
0.240860
0.240862
0.240863
0.240863
0.240864
0.240866
0.240866
0.240869
0.240870
0.240873
0.240876
0.240879
0.240881
0.240888
0.240888
0.240890
0.240893
0.240902
0.240902
0.240906
0.240907
0.240908
0.240915
0.240919
0.240925
0.240925
0.240933
0.240934
0.240934
0.240932
0.240934
0.240934
0.240935
0.240936
0.240937
0.240937
0.240943
0.240944
0.240949
0.240949
0.240950
0.240950
0.240958
0.240960
0.240963
0.240967
0.240966
0.240968
0.240969
0.240972
0.240975
0.240976
0.240977
0.240978
0.240978
0.240979
0.240983
0.240987
0.240987
0.240994
0.240999
0.241002
0.241002
0.241006
0.241009
0.241012
0.241014
0.241022
0.241023
0.241023
0.241036
0.241038
0.241047
0.241048
0.241055
0.241064
0.241065
0.241067
0.241069
0.241069
0.241068
0.241073
0.241074
0.241080
0.241083
0.241090
0.241089
0.241088
0.241093
0.241094
0.241094
0.241096
0.241104
0.241104
0.241103
0.241107
0.241107
0.241110
0.241110
0.241112
0.241112
0.241114
0.241116
0.241117
0.241118
0.241119
0.241121
0.241131
0.241131
0.241135
0.241138
0.241137
0.241138
0.241141
0.241142
0.241145
0.241147
0.241150
0.241150
0.241151
0.241152
0.241157
0.241159
0.241159
0.241161
0.241164
0.241165
0.241166
0.241170
0.241173
0.241178
0.241179
0.241179
0.241180
0.241182
0.241184
0.241184
0.241186
0.241190
0.241193
0.241195
0.241195
0.241194
0.241195
0.241197
0.241197
0.241202
0.241204
0.241201
0.241201
0.241201
0.241204
0.241206
0.241210
0.241214
0.241216
0.241214
0.241211
0.241212
0.241213
0.241216
0.241225
0.241229
0.241232
0.241233
0.241245
0.241248
0.241250
0.241252
0.241256
0.241255
0.241256
0.241256
0.241259
0.241260
0.241265
0.241269
0.241269
0.241267
0.241267
0.241272
0.241274
0.241275
0.241278
0.241282
0.241283
0.241285
0.241292
0.241295
0.241302
0.241306
0.241308
0.241311
0.241318
0.241329
0.241328
0.241331
0.241334
0.241336
0.241338
0.241338
0.241339
0.241340
0.241342
0.241341
0.241342
0.241342
0.241342
0.241347
0.241348
0.241350
0.241360
0.241361
0.241363
0.241364
0.241365
0.241370
0.241372
0.241380
0.241381
0.241384
0.241386
0.241387
0.241388
0.241390
0.241401
0.241404
0.241404
0.241410
0.241416
0.241420
0.241420
0.241420
0.241420
0.241419
0.241419
0.241428
0.241430
0.241433
0.241437
0.241437
0.241438
0.241437
0.241439
0.241443
0.241444
0.241453
0.241453
0.241457
0.241457
0.241463
0.241463
0.241464
0.241463
0.241466
0.241471
0.241471
0.241471
0.241472
0.241476
0.241477
0.241481
0.241492
0.241497
0.241498
0.241503
0.241503
0.241509
0.241515
0.241516
0.241516
0.241516
0.241520
0.241526
0.241531
0.241532
0.241535
0.241540
0.241542
0.241545
0.241548
0.241549
0.241549
0.241555
0.241557
0.241556
0.241556
0.241557
0.241558
0.241560
0.241566
0.241567
0.241570
0.241581
0.241588
0.241592
0.241595
0.241597
0.241599
0.241602
0.241607
0.241609
0.241615
0.241618
0.241627
0.241627
0.241629
0.241629
0.241630
0.241630
0.241633
0.241638
0.241642
0.241642
0.241643
0.241649
0.241652
0.241657
0.241658
0.241659
0.241660
0.241666
0.241668
0.241671
0.241673
0.241674
0.241677
0.241681
0.241693
0.241693
0.241696
0.241699
0.241703
0.241707
0.241708
0.241710
0.241714
0.241714
0.241716
0.241718
0.241718
0.241719
0.241719
0.241723
0.241724
0.241723
0.241724
0.241730
0.241731
0.241734
0.241740
0.241741
0.241742
0.241743
0.241744
0.241750
0.241750
0.241749
0.241758
0.241760
0.241761
0.241768
0.241771
0.241775
0.241779
0.241781
0.241782
0.241781
0.241787
0.241787
0.241792
0.241796
0.241796
0.241799
0.241805
0.241810
0.241809
0.241811
0.241817
0.241825
0.241825
0.241828
0.241830
0.241829
0.241837
0.241837
0.241842
0.241845
0.241845
0.241847
0.241849
0.241850
0.241851
0.241858
0.241864
0.241866
0.241867
0.241867
0.241870
0.241880
0.241883
0.241891
0.241892
0.241899
0.241899
0.241901
0.241904
0.241905
0.241906
0.241908
0.241923
0.241924
0.241927
0.241928
0.241931
0.241932
0.241932
0.241938
0.241940
0.241942
0.241944
0.241945
0.241947
0.241948
0.241954
0.241957
0.241957
0.241960
0.241959
0.241968
0.241970
0.241971
0.241972
0.241977
0.241981
0.241980
0.241981
0.241986
0.241987
0.241989
0.241992
0.242001
0.242002
0.242003
0.242004
0.242005
0.242006
0.242010
0.242012
0.242012
0.242012
0.242012
0.242015
0.242016
0.242022
0.242022
0.242022
0.242030
0.242035
0.242038
0.242041
0.242042
0.242043
0.242048
0.242048
0.242048
0.242050
0.242051
0.242051
0.242054
0.242058
0.242057
0.242057
0.242059
0.242061
0.242061
0.242067
0.242069
0.242069
0.242077
0.242081
0.242085
0.242088
0.242090
0.242089
0.242095
0.242095
0.242100
0.242100
0.242102
0.242108
0.242109
0.242111
0.242112
0.242113
0.242113
0.242116
0.242117
0.242118
0.242120
0.242120
0.242132
0.242132
0.242137
0.242136
0.242140
0.242147
0.242147
0.242151
0.242155
0.242155
0.242156
0.242161
0.242163
0.242168
0.242189
0.242189
0.242193
0.242195
0.242196
0.242196
0.242201
0.242203
0.242209
0.242210
0.242213
0.242213
0.242214
0.242230
0.242235
0.242235
0.242235
0.242236
0.242236
0.242236
0.242240
0.242243
0.242245
0.242253
0.242253
0.242255
0.242256
0.242259
0.242261
0.242263
0.242269
0.242269
0.242268
0.242268
0.242270
0.242271
0.242270
0.242271
0.242271
0.242274
0.242277
0.242279
0.242281
0.242285
0.242285
0.242288
0.242290
0.242294
0.242296
0.242301
0.242301
0.242304
0.242304
0.242304
0.242304
0.242305
0.242308
0.242312
0.242312
0.242312
0.242313
0.242314
0.242316
0.242317
0.242326
0.242334
0.242337
0.242339
0.242342
0.242341
0.242343
0.242346
0.242353
0.242363
0.242366
0.242369
0.242370
0.242376
0.242382
0.242384
0.242389
0.242394
0.242396
0.242398
0.242407
0.242410
0.242411
0.242415
0.242415
0.242423
0.242423
0.242425
0.242430
0.242431
0.242431
0.242434
0.242434
0.242434
0.242435
0.242438
0.242438
0.242440
0.242441
0.242447
0.242449
0.242454
0.242454
0.242457
0.242457
0.242457
0.242461
0.242462
0.242463
0.242466
0.242466
0.242466
0.242467
0.242467
0.242467
0.242470
0.242471
0.242473
0.242479
0.242481
0.242484
0.242484
0.242486
0.242487
0.242488
0.242490
0.242491
0.242491
0.242492
0.242495
0.242497
0.242498
0.242500
0.242501
0.242501
0.242503
0.242504
0.242507
0.242508
0.242507
0.242510
0.242510
0.242510
0.242510
0.242514
0.242519
0.242519
0.242525
0.242526
0.242527
0.242530
0.242533
0.242534
0.242534
0.242534
0.242536
0.242540
0.242542
0.242541
0.242543
0.242545
0.242545
0.242545
0.242549
0.242553
0.242555
0.242554
0.242555
0.242562
0.242562
0.242562
0.242562
0.242566
0.242571
0.242571
0.242574
0.242574
0.242576
0.242579
0.242580
0.242580
0.242580
0.242580
0.242582
0.242584
0.242585
0.242586
0.242587
0.242588
0.242587
0.242588
0.242595
0.242597
0.242599
0.242599
0.242600
0.242601
0.242602
0.242601
0.242604
0.242605
0.242608
0.242609
0.242615
0.242616
0.242616
0.242619
0.242625
0.242625
0.242626
0.242626
0.242625
0.242634
0.242635
0.242636
0.242636
0.242637
0.242639
0.242640
0.242643
0.242648
0.242649
0.242649
0.242649
0.242652
0.242655
0.242656
0.242658
0.242657
0.242659
0.242659
0.242659
0.242662
0.242666
0.242667
0.242669
0.242669
0.242669
0.242672
0.242672
0.242672
0.242681
0.242681
0.242681
0.242681
0.242681
0.242680
0.242681
0.242681
0.242685
0.242686
0.242687
0.242691
0.242690
0.242699
0.242703
0.242704
0.242707
0.242706
0.242706
0.242707
0.242712
0.242714
0.242717
0.242721
0.242726
0.242726
0.242726
0.242730
0.242734
0.242731
0.242733
0.242735
0.242740
0.242739
0.242740
0.242742
0.242742
0.242742
0.242742
0.242741
0.242742
0.242745
0.242750
0.242751
0.242752
0.242754
0.242755
0.242758
0.242764
0.242766
0.242768
0.242774
0.242774
0.242775
0.242777
0.242778
0.242783
0.242787
0.242787
0.242793
0.242794
0.242796
0.242799
0.242802
0.242805
0.242806
0.242806
0.242808
0.242808
0.242810
0.242811
0.242811
0.242814
0.242814
0.242815
0.242820
0.242824
0.242826
0.242831
0.242836
0.242839
0.242840
0.242842
0.242845
0.242848
0.242848
0.242850
0.242852
0.242852
0.242854
0.242856
0.242858
0.242858
0.242860
0.242863
0.242871
0.242875
0.242878
0.242881
0.242882
0.242893
0.242893
0.242893
0.242893
0.242894
0.242898
0.242900
0.242900
0.242902
0.242906
0.242916
0.242916
0.242918
0.242921
0.242924
0.242927
0.242928
0.242928
0.242929
0.242930
0.242930
0.242931
0.242933
0.242934
0.242936
0.242938
0.242938
0.242938
0.242939
0.242938
0.242939
0.242940
0.242940
0.242942
0.242944
0.242947
0.242947
0.242950
0.242952
0.242955
0.242960
0.242960
0.242963
0.242963
0.242963
0.242965
0.242965
0.242967
0.242967
0.242970
0.242970
0.242970
0.242971
0.242972
0.242972
0.242973
0.242973
0.242974
0.242977
0.242978
0.242978
0.242980
0.242980
0.242982
0.242984
0.242985
0.242987
0.242989
0.242989
0.242989
0.242989
0.242989
0.242989
0.242989
0.242991
0.242993
0.242993
0.242997
0.243002
0.243002
0.243004
0.243006
0.243007
0.243009
0.243009
0.243010
0.243014
0.243016
0.243016
0.243017
0.243016
0.243021
0.243021
0.243022
0.243024
0.243026
0.243026
0.243027
0.243029
0.243029
0.243033
0.243036
0.243040
0.243041
0.243047
0.243048
0.243049
0.243053
0.243053
0.243053
0.243053
0.243053
0.243057
0.243059
0.243059
0.243062
0.243064
0.243067
0.243067
0.243072
0.243078
0.243079
0.243082
0.243082
0.243085
0.243086
0.243088
0.243089
0.243088
0.243091
0.243092
0.243093
0.243099
0.243101
0.243101
0.243103
0.243108
0.243108
0.243109
0.243113
0.243122
0.243125
0.243128
0.243128
0.243131
0.243132
0.243132
0.243138
0.243141
0.243140
0.243145
0.243147
0.243147
0.243150
0.243151
0.243155
0.243158
0.243159
0.243163
0.243168
0.243172
0.243180
0.243180
0.243183
0.243185
0.243185
0.243187
0.243188
0.243189
0.243192
0.243193
0.243194
0.243194
0.243197
0.243199
0.243199
0.243203
0.243203
0.243205
0.243204
0.243204
0.243207
0.243212
0.243216
0.243220
0.243224
0.243224
0.243228
0.243228
0.243229
0.243231
0.243232
0.243236
0.243236
0.243238
0.243241
0.243243
0.243243
0.243245
0.243251
0.243255
0.243258
0.243259
0.243260
0.243262
0.243267
0.243267
0.243266
0.243269
0.243274
0.243276
0.243283
0.243288
0.243294
0.243296
0.243300
0.243301
0.243300
0.243301
0.243304
0.243305
0.243307
0.243307
0.243313
0.243320
0.243323
0.243326
0.243327
0.243327
0.243328
0.243331
0.243331
0.243336
0.243341
0.243342
0.243344
0.243348
0.243349
0.243351
0.243354
0.243356
0.243359
0.243362
0.243362
0.243363
0.243366
0.243367
0.243367
0.243367
0.243370
0.243370
0.243373
0.243375
0.243374
0.243381
0.243385
0.243385
0.243387
0.243387
0.243388
0.243392
0.243399
0.243403
0.243403
0.243404
0.243406
0.243406
0.243407
0.243408
0.243412
0.243412
0.243414
0.243416
0.243417
0.243418
0.243420
0.243421
0.243421
0.243421
0.243422
0.243426
0.243427
0.243427
0.243427
0.243429
0.243428
0.243432
0.243433
0.243432
0.243435
0.243438
0.243440
0.243443
0.243444
0.243446
0.243447
0.243448
0.243448
0.243449
0.243450
0.243450
0.243456
0.243467
0.243467
0.243467
0.243472
0.243472
0.243472
0.243476
0.243476
0.243479
0.243479
0.243480
0.243481
0.243482
0.243484
0.243484
0.243484
0.243487
0.243491
0.243492
0.243492
0.243495
0.243501
0.243501
0.243506
0.243510
0.243511
0.243511
0.243513
0.243515
0.243516
0.243516
0.243518
0.243520
0.243524
0.243524
0.243531
0.243531
0.243534
0.243538
0.243538
0.243540
0.243540
0.243542
0.243545
0.243549
0.243549
0.243549
0.243555
0.243556
0.243558
0.243558
0.243559
0.243560
0.243563
0.243563
0.243564
0.243564
0.243564
0.243567
0.243569
0.243573
0.243574
0.243579
0.243580
0.243581
0.243581
0.243583
0.243583
0.243589
0.243589
0.243594
0.243595
0.243598
0.243596
0.243596
0.243597
0.243600
0.243601
0.243602
0.243612
0.243612
0.243612
0.243612
0.243612
0.243613
0.243619
0.243619
0.243621
0.243621
0.243622
0.243624
0.243623
0.243626
0.243629
0.243629
0.243633
0.243639
0.243642
0.243643
0.243646
0.243646
0.243660
0.243664
0.243666
0.243669
0.243671
0.243672
0.243672
0.243673
0.243672
0.243675
0.243677
0.243680
0.243689
0.243690
0.243690
0.243694
0.243694
0.243695
0.243696
0.243697
0.243700
0.243700
0.243704
0.243710
0.243708
0.243709
0.243711
0.243712
0.243715
0.243717
0.243718
0.243740
0.243739
0.243740
0.243741
0.243741
0.243747
0.243747
0.243748
0.243749
0.243752
0.243752
0.243756
0.243758
0.243758
0.243758
0.243758
0.243757
0.243758
0.243758
0.243759
0.243763
0.243769
0.243773
0.243775
0.243778
0.243784
0.243784
0.243789
0.243790
0.243792
0.243794
0.243793
0.243793
0.243794
0.243794
0.243800
0.243800
0.243800
0.243803
0.243803
0.243805
0.243808
0.243810
0.243811
0.243812
0.243819
0.243825
0.243828
0.243828
0.243832
0.243832
0.243834
0.243835
0.243838
0.243839
0.243839
0.243842
0.243850
0.243850
0.243856
0.243862
0.243862
0.243866
0.243866
0.243867
0.243866
0.243870
0.243873
0.243875
0.243878
0.243880
0.243883
0.243883
0.243883
0.243886
0.243888
0.243888
0.243889
0.243896
0.243897
0.243897
0.243899
0.243900
0.243900
0.243900
0.243905
0.243909
0.243909
0.243910
0.243913
0.243914
0.243914
0.243916
0.243917
0.243917
0.243918
0.243925
0.243927
0.243929
0.243929
0.243931
0.243933
0.243936
0.243937
0.243937
0.243940
0.243944
0.243944
0.243944
0.243944
0.243946
0.243946
0.243947
0.243951
0.243957
0.243962
0.243964
0.243966
0.243971
0.243971
0.243972
0.243972
0.243973
0.243981
0.243983
0.243983
0.243983
0.243984
0.243983
0.243985
0.243986
0.243990
0.243997
0.243997
0.243997
0.244001
0.244007
0.244011
0.244019
0.244037
0.244043
0.244049
0.244051
0.244051
0.244051
0.244053
0.244053
0.244055
0.244059
0.244065
0.244066
0.244069
0.244073
0.244073
0.244079
0.244080
0.244082
0.244083
0.244083
0.244083
0.244083
0.244082
0.244083
0.244086
0.244088
0.244089
0.244089
0.244090
0.244090
0.244090
0.244091
0.244094
0.244096
0.244097
0.244098
0.244098
0.244101
0.244101
0.244101
0.244102
0.244109
0.244110
0.244110
0.244113
0.244114
0.244115
0.244114
0.244115
0.244118
0.244119
0.244119
0.244122
0.244127
0.244127
0.244128
0.244132
0.244132
0.244132
0.244135
0.244145
0.244145
0.244145
0.244150
0.244151
0.244149
0.244150
0.244155
0.244157
0.244159
0.244158
0.244159
0.244159
0.244162
0.244165
0.244165
0.244165
0.244167
0.244170
0.244170
0.244175
0.244179
0.244180
0.244180
0.244181
0.244184
0.244185
0.244187
0.244189
0.244189
0.244192
0.244193
0.244199
0.244199
0.244200
0.244208
0.244208
0.244212
0.244216
0.244219
0.244221
0.244224
0.244235
0.244239
0.244243
0.244253
0.244254
0.244256
0.244261
0.244265
0.244269
0.244270
0.244276
0.244276
0.244275
0.244275
0.244278
0.244279
0.244280
0.244280
0.244280
0.244282
0.244282
0.244285
0.244285
0.244286
0.244287
0.244289
0.244292
0.244292
0.244293
0.244296
0.244296
0.244297
0.244303
0.244304
0.244305
0.244306
0.244317
0.244321
0.244323
0.244324
0.244325
0.244325
0.244326
0.244328
0.244330
0.244335
0.244336
0.244340
0.244339
0.244338
0.244339
0.244342
0.244343
0.244347
0.244352
0.244354
0.244357
0.244364
0.244364
0.244367
0.244367
0.244367
0.244371
0.244377
0.244378
0.244378
0.244381
0.244386
0.244387
0.244389
0.244389
0.244390
0.244393
0.244393
0.244393
0.244397
0.244398
0.244401
0.244406
0.244406
0.244405
0.244406
0.244410
0.244413
0.244414
0.244414
0.244421
0.244422
0.244422
0.244423
0.244426
0.244426
0.244433
0.244433
0.244434
0.244441
0.244443
0.244445
0.244447
0.244447
0.244447
0.244449
0.244451
0.244454
0.244454
0.244455
0.244456
0.244459
0.244461
0.244465
0.244467
0.244467
0.244475
0.244476
0.244478
0.244479
0.244480
0.244481
0.244485
0.244487
0.244488
0.244489
0.244490
0.244490
0.244491
0.244492
0.244494
0.244502
0.244504
0.244507
0.244507
0.244508
0.244507
0.244507
0.244507
0.244508
0.244508
0.244509
0.244510
0.244512
0.244512
0.244512
0.244513
0.244513
0.244517
0.244519
0.244520
0.244521
0.244525
0.244525
0.244526
0.244531
0.244534
0.244534
0.244535
0.244535
0.244540
0.244541
0.244542
0.244545
0.244547
0.244547
0.244549
0.244551
0.244551
0.244551
0.244555
0.244561
0.244563
0.244564
0.244564
0.244569
0.244570
0.244575
0.244583
0.244584
0.244588
0.244598
0.244597
0.244597
0.244598
0.244600
0.244604
0.244604
0.244604
0.244606
0.244608
0.244608
0.244611
0.244611
0.244614
0.244619
0.244619
0.244619
0.244621
0.244627
0.244627
0.244627
0.244626
0.244630
0.244632
0.244633
0.244640
0.244641
0.244643
0.244644
0.244646
0.244646
0.244646
0.244646
0.244655
0.244657
0.244659
0.244662
0.244662
0.244664
0.244667
0.244670
0.244673
0.244675
0.244675
0.244678
0.244678
0.244678
0.244680
0.244680
0.244681
0.244688
0.244689
0.244691
0.244696
0.244698
0.244699
0.244700
0.244701
0.244705
0.244706
0.244710
0.244713
0.244715
0.244716
0.244716
0.244719
0.244721
0.244721
0.244732
0.244732
0.244736
0.244744
0.244744
0.244744
0.244746
0.244749
0.244752
0.244753
0.244754
0.244755
0.244757
0.244760
0.244760
0.244760
0.244759
0.244760
0.244764
0.244764
0.244764
0.244764
0.244765
0.244766
0.244766
0.244766
0.244768
0.244768
0.244768
0.244769
0.244770
0.244769
0.244770
0.244769
0.244774
0.244776
0.244776
0.244777
0.244777
0.244779
0.244783
0.244786
0.244787
0.244787
0.244794
0.244795
0.244795
0.244801
0.244801
0.244804
0.244804
0.244806
0.244806
0.244810
0.244810
0.244813
0.244812
0.244814
0.244814
0.244814
0.244819
0.244821
0.244822
0.244825
0.244826
0.244827
0.244828
0.244830
0.244830
0.244831
0.244832
0.244832
0.244832
0.244833
0.244834
0.244832
0.244833
0.244834
0.244837
0.244839
0.244843
0.244846
0.244856
0.244859
0.244859
0.244859
0.244859
0.244860
0.244860
0.244862
0.244868
0.244871
0.244871
0.244878
0.244878
0.244879
0.244883
0.244881
0.244882
0.244884
0.244884
0.244889
0.244892
0.244892
0.244897
0.244900
0.244900
0.244902
0.244903
0.244904
0.244905
0.244913
0.244914
0.244914
0.244915
0.244919
0.244919
0.244919
0.244924
0.244925
0.244926
0.244928
0.244929
0.244931
0.244934
0.244934
0.244936
0.244936
0.244937
