0.280990
0.287788
0.292162
0.295267
0.298450
0.300615
0.301136
0.301937
0.302538
0.303073
0.303453
0.304388
0.304380
0.304736
0.304847
0.305055
0.305047
0.304999
0.305026
0.304963
0.304873
0.304837
0.304952
0.304784
0.304874
0.304873
0.304873
0.304844
0.304642
0.304556
0.304490
0.304365
0.304052
0.304133
0.304005
0.303990
0.303954
0.303849
0.303852
0.303941
0.303819
0.303853
0.303939
0.303795
0.303748
0.303652
0.303621
0.303534
0.303665
0.303559
0.303575
0.303475
0.303524
0.303264
0.303243
0.303093
0.303184
0.303147
0.303017
0.303053
0.303083
0.303081
0.302982
0.302965
0.302849
0.302902
0.302835
0.302742
0.302750
0.302704
0.302758
0.302690
0.302538
0.302503
0.302701
0.302654
0.302802
0.302636
0.302668
0.302631
0.302606
0.302519
0.302576
0.302496
0.302566
0.302566
0.302496
0.302527
0.302465
0.302335
0.302323
0.302243
0.302259
0.302238
0.302224
0.302160
0.302273
0.302257
0.302378
0.302226
0.302236
0.302202
0.302233
0.302180
0.302130
0.302006
0.301942
0.301986
0.301991
0.302065
0.301994
0.302182
0.301952
0.302082
0.301857
0.301838
0.301911
0.301865
0.301847
0.301786
0.301825
0.301812
0.301804
0.301896
0.301794
0.301732
0.301774
0.301843
0.301880
0.301767
0.301926
0.301871
0.301800
0.301846
0.301797
0.301619
0.301737
0.301907
0.301713
0.301665
0.301588
0.301572
0.301551
0.301487
0.301551
0.301515
0.301471
0.301561
0.301666
0.301763
0.301597
0.301588
0.301569
0.301566
0.301621
0.301526
0.301536
0.301516
0.301567
0.301590
0.301516
0.301483
0.301329
0.301423
0.301451
0.301442
0.301502
0.301629
0.301575
0.301409
0.301456
0.301453
0.301419
0.301416
0.301354
0.301471
0.301404
0.301534
0.301472
0.301601
0.301494
0.301405
0.301329
0.301309
0.301429
0.301339
0.301337
0.301353
0.301334
0.301354
0.301363
0.301253
0.301245
0.301305
0.301258
0.301411
0.301286
0.301165
0.301189
0.301235
0.301275
0.301196
0.301229
0.301317
0.301229
0.301188
0.301286
0.301256
0.301329
0.301284
0.301160
0.301297
0.301275
0.301168
0.301188
0.301231
0.301087
0.301159
0.301151
0.301179
0.301194
0.301196
0.301228
0.301292
0.301272
0.301339
0.301134
0.301133
0.301133
0.301120
0.301184
0.301220
0.301227
0.301089
0.301008
0.301188
0.301168
0.301122
0.301207
0.301291
0.301384
0.301280
0.301115
0.301100
0.301179
0.301181
0.301060
0.301199
0.301066
0.301166
0.301090
0.301070
0.301152
0.301113
0.301086
0.301107
0.301015
0.300989
0.300971
0.300940
0.301025
0.301066
0.301068
0.301083
0.301007
0.301088
0.300957
0.301084
0.301104
0.301171
0.301194
0.301076
0.301129
0.301123
0.301154
0.301069
0.301036
0.301156
0.301121
0.301162
0.301076
0.300996
0.301076
0.301221
0.301050
0.301164
0.301084
0.301170
0.301187
0.301140
0.301099
0.301147
0.301135
0.301079
0.301010
0.301075
0.301027
0.301129
0.301108
0.301039
0.301148
0.301245
0.301082
0.301072
0.301093
0.301064
0.301066
0.301096
0.301185
0.301297
0.301159
0.301102
0.301136
0.301137
0.301146
0.301145
0.301082
0.301162
0.301225
0.301271
0.301080
0.301137
0.301093
0.301064
0.301105
0.301268
0.301162
0.301158
0.301251
0.301224
0.301174
0.301204
0.301098
0.301055
0.301079
0.301081
0.301180
0.301200
0.301060
0.301135
0.300972
0.300908
0.301097
0.301021
0.300970
0.300903
0.301007
0.301032
0.301085
0.301129
0.301123
0.301148
0.301186
0.301214
0.301115
0.300995
0.300914
0.300906
0.301080
0.301138
0.301108
0.301237
0.301175
0.301035
0.301094
0.301279
0.301153
0.301132
0.301078
0.300921
0.301084
0.300947
0.300963
0.300896
0.300889
0.300820
0.300909
0.300953
0.300969
0.301141
0.300964
0.300926
0.300954
0.300891
0.301036
0.301063
0.300956
0.300924
0.301054
0.300960
0.301045
0.301095
0.301178
0.301380
0.301238
0.301201
0.301230
0.301102
0.301156
0.300985
0.301079
0.301015
0.301036
0.301046
0.300992
0.301036
0.301176
0.301283
0.301278
0.301221
0.301181
0.300984
0.301179
0.301081
0.301114
0.301068
0.301061
0.301179
0.301176
0.301113
0.301071
0.301217
0.301167
0.301097
0.301173
0.301189
0.301150
0.301066
0.301166
0.301306
0.301270
0.301146
0.301253
0.301260
0.301271
0.301210
0.301264
0.301191
0.301218
0.301263
0.301150
0.301352
0.301277
0.301256
0.301245
0.301376
0.301247
0.301211
0.301267
0.301305
0.301181
0.301138
0.301236
0.301234
0.301276
0.301332
0.301375
0.301198
0.301189
0.301250
0.301362
0.301196
0.301320
0.301318
0.301254
0.301208
0.301226
0.301305
0.301233
0.301201
0.301307
0.301367
0.301295
0.301334
0.301207
0.301293
0.301369
0.301358
0.301316
0.301355
0.301270
0.301190
0.301380
0.301426
0.301196
0.301270
0.301251
0.301230
0.301282
0.301251
0.301154
0.301282
0.301277
0.301186
0.301263
0.301281
0.301309
0.301449
0.301295
0.301340
0.301227
0.301287
0.301394
0.301431
0.301405
0.301388
0.301334
0.301212
0.301387
0.301283
0.301311
0.301292
0.301337
0.301372
0.301404
0.301513
0.301288
0.301292
0.301386
0.301420
0.301289
0.301263
0.301317
0.301376
0.301293
0.301359
0.301334
0.301408
0.301316
0.301391
0.301414
0.301403
0.301279
0.301351
0.301421
0.301417
0.301335
0.301444
0.301496
0.301347
0.301527
0.301477
0.301427
0.301555
0.301518
0.301447
0.301419
0.301456
0.301406
0.301518
0.301335
0.301529
0.301317
0.301408
0.301345
0.301378
0.301388
0.301344
0.301336
0.301323
0.301331
0.301344
0.301429
0.301419
0.301372
0.301538
0.301372
0.301405
0.301669
0.301515
0.301497
0.301476
0.301461
0.301540
0.301384
0.301524
0.301545
0.301430
0.301371
0.301529
0.301594
0.301522
0.301477
0.301486
0.301522
0.301530
0.301478
0.301405
0.301340
0.301393
0.301478
0.301496
0.301271
0.301438
0.301427
0.301330
0.301324
0.301364
0.301311
0.301372
0.301502
0.301366
0.301498
0.301560
0.301582
0.301350
0.301419
0.301539
0.301456
0.301402
0.301454
0.301348
0.301513
0.301709
0.301630
0.301486
0.301569
0.301536
0.301663
0.301365
0.301393
0.301469
0.301542
0.301488
0.301545
0.301563
0.301514
0.301460
0.301750
0.301576
0.301480
0.301550
0.301444
0.301423
0.301601
0.301499
0.301434
0.301522
0.301444
0.301508
0.301475
0.301414
0.301472
0.301449
0.301562
0.301468
0.301480
0.301433
0.301594
0.301541
0.301455
0.301477
0.301458
0.301522
0.301418
0.301473
0.301668
0.301559
0.301666
0.301441
0.301560
0.301674
0.301649
0.301501
0.301743
0.301564
0.301522
0.301524
0.301748
0.301748
0.301740
0.301687
0.301603
0.301560
0.301726
0.301720
0.301612
0.301647
0.301605
0.301752
0.301627
0.301605
0.301543
0.301557
0.301540
0.301622
0.301461
0.301557
0.301504
0.301513
0.301594
0.301693
0.301561
0.301630
0.301457
0.301507
0.301659
0.301417
0.301482
0.301588
0.301619
0.301625
0.301622
0.301470
0.301575
0.301568
0.301636
0.301770
0.301820
0.301605
0.301600
0.301800
0.301635
0.301832
0.301672
0.301743
0.301580
0.301666
0.301546
0.301521
0.301508
0.301659
0.301571
0.301500
0.301491
0.301701
0.301624
0.301738
0.301607
0.301822
0.301903
0.301752
0.301710
0.301583
0.301690
0.301552
0.301649
0.301678
0.301653
0.301533
0.301745
0.301721
0.301550
0.301718
0.301745
0.301756
0.301521
0.301544
0.301536
0.301705
0.301624
0.301889
0.301613
0.301660
0.301505
0.301691
0.301714
0.301523
0.301616
0.301524
0.301628
0.301691
0.301702
0.301588
0.301598
0.301695
0.301701
0.301848
0.301845
0.301892
0.301696
0.301726
0.301694
0.301638
0.301718
0.301637
0.301737
0.301817
0.301777
0.301755
0.301772
0.301663
0.301754
0.301675
0.301675
0.301813
0.301607
0.301571
0.301701
0.301699
0.301669
0.301732
0.301570
0.301772
0.301679
0.301608
0.301676
0.301737
0.301637
0.301660
0.301725
0.301612
0.301747
0.301807
0.301841
0.301656
0.301646
0.301723
0.301779
0.301883
0.301915
0.301801
0.301772
0.301901
0.301731
0.301730
0.301895
0.301760
0.301844
0.301913
0.301932
0.301929
0.301897
0.301779
0.301896
0.301790
0.301791
0.301800
0.301894
0.301740
0.301785
0.301719
0.301790
0.302057
0.301906
0.301793
0.301831
0.301741
0.301766
0.301802
0.301843
0.301739
0.301769
0.301613
0.301778
0.301794
0.301803
0.301690
0.301743
0.301738
0.301833
0.301777
0.302033
0.301755
0.301919
0.301751
0.301723
0.301855
0.301740
0.301745
0.301742
0.301843
0.301927
0.301871
0.301722
0.301760
0.301871
0.301913
0.301806
0.301878
0.301924
0.301831
0.301810
0.301840
0.301744
0.301774
0.301869
0.301839
0.301806
0.301698
0.301732
0.301813
0.301840
0.301839
0.301955
0.301996
0.301690
0.301819
0.301765
0.301899
0.301817
0.301815
0.301968
0.301953
0.301941
0.301938
0.301864
0.301846
0.301755
0.301785
0.301769
0.301824
0.301861
0.301939
0.301888
0.301882
0.301956
0.301800
0.301860
0.301840
0.301996
0.301870
0.301950
0.301847
0.302126
0.302037
0.302082
0.301970
0.301777
0.301867
0.301899
0.301859
0.301947
0.301860
0.301999
0.301920
0.301742
0.301889
0.301848
0.301780
0.301976
0.302170
0.301933
0.301884
0.301917
0.302003
0.301903
0.302069
0.301965
0.301971
0.301937
0.301871
0.301997
0.302012
0.301964
0.301862
0.301923
0.302068
0.302106
0.302186
0.301886
0.301978
0.301816
0.301948
0.302016
0.301980
0.301968
0.301841
0.301826
0.301872
0.301820
0.301879
0.301913
0.302032
0.302124
0.302086
0.301994
0.302000
0.302089
0.302239
0.302108
0.301994
0.302059
0.302062
0.302090
0.302063
0.301863
0.301909
0.301936
0.301814
0.301881
0.301904
0.301998
0.301887
0.301993
0.302137
0.301901
0.301991
0.301872
0.302119
0.302156
0.301997
0.301951
0.301933
0.301849
0.301897
0.301951
0.302024
0.302157
0.302146
0.302091
0.302002
0.301944
0.301974
0.301871
0.301996
0.302085
0.302042
0.302184
0.301936
0.302182
0.302236
0.302016
0.302048
0.301879
0.301940
0.302236
0.302052
0.302026
0.302215
0.301955
0.302113
0.302049
0.302036
0.302027
0.302032
0.302001
0.302075
0.301949
0.301962
0.302028
0.301935
0.302017
0.302055
0.301979
0.301969
0.301903
0.302039
0.302128
0.302043
0.302068
0.302089
0.302072
0.302170
0.302340
0.302126
0.302085
0.302058
0.302329
0.302478
0.302321
0.302194
0.302043
0.302015
0.302071
0.302262
0.302229
0.302183
0.302132
0.302079
0.302279
0.302411
0.302233
0.302039
0.302165
0.302245
0.302202
0.302212
0.302172
0.302111
0.302142
0.302175
0.302069
0.302211
0.302089
0.302167
0.302151
0.302232
0.302342
0.302093
0.302103
0.302184
0.302141
0.302230
0.302307
0.302288
0.302245
0.302255
0.302227
0.302435
0.302338
0.302143
0.302113
0.302116
0.302388
0.302483
0.302345
0.302163
0.302166
0.302156
0.302115
0.302019
0.302190
0.302136
0.301905
0.302137
0.302248
0.302135
0.302319
0.302430
0.302272
0.302373
0.302217
0.302022
0.302194
0.302178
0.302188
0.302104
0.302270
0.302329
0.302311
0.302242
0.302216
0.302288
0.302208
0.302228
0.302109
0.302319
0.302205
0.302087
0.302251
0.302310
0.302360
0.302334
0.302119
0.302171
0.302194
0.302489
0.302274
0.302313
0.302262
0.302275
0.302315
0.302190
0.302073
0.302359
0.302170
0.302185
0.302043
0.302162
0.302246
0.302114
0.302155
0.302459
0.302357
0.302286
0.302438
0.302337
0.302554
0.302330
0.302235
0.302265
0.302350
0.302362
0.302311
0.302336
0.302284
0.302180
0.302335
0.302187
0.302249
0.302200
0.302437
0.302357
0.302504
0.302416
0.302217
0.302417
0.302328
0.302343
0.302314
0.302337
0.302296
0.302170
0.302179
0.302295
0.302252
0.302422
0.302319
0.302355
0.302533
0.302324
0.302245
0.302316
0.302232
0.302343
0.302211
0.302313
0.302518
0.302420
0.302460
0.302611
0.302476
0.302425
0.302489
0.302506
0.302558
0.302330
0.302399
0.302265
0.302271
0.302302
0.302418
0.302477
0.302432
0.302296
0.302320
0.302262
0.302455
0.302257
0.302363
0.302528
0.302373
0.302489
0.302528
0.302635
0.302423
0.302195
0.302287
0.302383
0.302475
0.302298
0.302395
0.302426
0.302317
0.302433
0.302337
0.302408
0.302354
0.302436
0.302558
0.302488
0.302593
0.302458
0.302468
0.302282
0.302383
0.302422
0.302295
0.302544
0.302414
0.302541
0.302471
0.302473
0.302452
0.302522
0.302682
0.302511
0.302662
0.302501
0.302564
0.302335
0.302546
0.302589
0.302508
0.302546
0.302553
0.302614
0.302443
0.302669
0.302581
0.302633
0.302562
0.302547
0.302501
0.302708
0.302710
0.302655
0.302803
0.302707
0.302497
0.302541
0.302348
0.302310
0.302542
0.302438
0.302426
0.302430
0.302526
0.302657
0.302377
0.302424
0.302551
0.302577
0.302704
0.302742
0.302826
0.302765
0.302546
0.302688
0.302796
0.302592
0.302593
0.302533
0.302601
0.302683
0.302687
0.302913
0.302753
0.302643
0.302528
0.302516
0.302612
0.302738
0.302801
0.302673
0.302544
0.302604
0.302563
0.302504
0.302521
0.302614
0.302654
0.302604
0.302803
0.302776
0.302660
0.302510
0.302538
0.302584
0.302551
0.302578
0.302569
0.302687
0.302676
0.302763
0.302726
0.302776
0.302641
0.302530
0.302402
0.302552
0.302504
0.302638
0.302612
0.302694
0.302698
0.302673
0.302445
0.302563
0.302648
0.302558
0.302528
0.302640
0.302594
0.302342
0.302589
0.302664
0.302625
0.302621
0.302524
0.302530
0.302541
0.302549
0.302670
0.302587
0.302741
0.302710
0.302508
0.302576
0.302641
0.302845
0.302821
0.302853
0.302623
0.302714
0.302727
0.302785
0.302757
0.302574
0.302608
0.302603
0.302651
0.302574
0.302622
0.302616
0.302590
0.302536
0.302536
0.302661
0.302661
0.302869
0.302546
0.302555
0.302581
0.302694
0.302618
0.302721
0.302765
0.302655
0.302490
0.302545
0.302523
0.302581
0.302656
0.302852
0.302609
0.302600
0.302591
0.302670
0.302778
0.302835
0.302530
0.302686
0.302718
0.302873
0.302598
0.302658
0.302681
0.302661
0.302708
0.302855
0.302763
0.302698
0.302812
0.302739
0.302650
0.302727
0.302642
0.302756
0.302797
0.302833
0.302779
0.302734
0.302659
0.302732
0.302857
0.302698
0.302890
0.302574
0.302800
0.302794
0.302719
0.302673
0.302668
0.302695
0.302734
0.302664
0.302683
0.302691
0.302611
0.302635
0.302738
0.302749
0.302773
0.302973
0.302815
0.302783
0.302683
0.302654
0.302683
0.302681
0.302870
0.302887
0.302815
0.302810
0.302861
0.302767
0.302700
0.302860
0.302807
0.302738
0.302934
0.302746
0.302964
0.302976
0.302879
0.302614
0.302820
0.302944
0.302777
0.302925
0.302766
0.302945
0.302879
0.302901
0.302988
0.302855
0.302824
0.302738
0.302756
0.302793
0.302867
0.302734
0.302787
0.302660
0.302772
0.302858
0.302825
0.302875
0.302728
0.303009
0.302929
0.302884
0.302766
0.302590
0.302920
0.302914
0.302751
0.302880
0.302810
0.302717
0.302938
0.302963
0.303092
0.302980
0.303035
0.302999
0.302746
0.302916
0.302833
0.302848
0.302887
0.302767
0.302840
0.302756
0.302704
0.302837
0.302833
0.302890
0.302854
0.302751
0.302824
0.302877
0.302747
0.302773
0.302784
0.302719
0.302784
0.302663
0.302906
0.303028
0.302748
0.302923
0.302823
0.302910
0.302979
0.302811
0.302756
0.302578
0.302944
0.302882
0.302851
0.302802
0.302934
0.302946
0.302673
0.302742
0.302733
0.303010
0.303066
0.302997
0.302855
0.302801
0.302825
0.302744
0.302820
0.302831
0.302897
0.302781
0.302781
0.302701
0.302774
0.302954
0.302814
0.302912
0.302753
0.302709
0.302826
0.302974
0.303037
0.302904
0.302913
0.302749
0.302726
0.302890
0.302972
0.302846
0.302951
0.302879
0.302974
0.302926
0.302927
0.303000
0.302977
0.302943
0.302921
0.303079
0.302996
0.302933
0.303015
0.302924
0.302978
0.303058
0.302819
0.303003
0.303118
0.303067
0.303037
0.302976
0.302901
0.302874
0.302812
0.302920
0.302921
0.303036
0.303067
0.303118
0.302983
0.302855
0.302875
0.302964
0.303120
0.303091
0.303011
0.303137
0.303076
0.302927
0.303132
0.302992
0.302891
0.302932
0.303061
0.303071
0.302994
0.302947
0.302886
0.302952
0.302945
0.302954
0.302931
0.302872
0.303054
0.303260
0.303086
0.302932
0.302840
0.302950
0.303048
0.303147
0.302999
0.302878
0.302874
0.303091
0.302929
0.302937
0.303052
0.303216
0.303056
0.302985
0.302974
0.303003
0.302888
0.302991
0.303137
0.303093
0.303096
0.303060
0.303065
0.303167
0.303176
0.303137
0.303096
0.303060
0.302933
0.302736
0.302904
0.303018
0.302853
0.302856
0.302916
0.303027
0.303037
0.303134
0.303112
0.302965
0.303158
0.303202
0.303096
0.303012
0.303067
0.303169
0.303089
0.303069
0.302923
0.303027
0.302990
0.302989
0.302942
0.302983
0.302924
0.303035
0.303296
0.303178
0.303039
0.303022
0.302995
0.302972
0.303099
0.303065
0.303189
0.303123
0.303122
0.303128
0.303006
0.303062
0.303093
0.303229
0.303006
0.302955
0.302874
0.302959
0.302957
0.303041
0.303083
0.303111
0.302911
0.302986
0.303114
0.303033
0.302953
0.303145
0.303133
0.303184
0.303200
0.303031
0.303021
0.303195
0.303135
0.303159
0.303159
0.303168
0.303101
0.303024
0.303008
0.303119
0.302982
0.303139
0.303103
0.303073
0.303039
0.303310
0.303021
0.303292
0.303257
0.303066
0.303029
0.303041
0.303035
0.302961
0.303136
0.303038
0.302945
0.303168
0.303234
0.303090
0.303194
0.303119
0.303031
0.303120
0.303041
0.303215
0.302902
0.302925
0.302999
0.303016
0.302981
0.303217
0.303040
0.302961
0.303181
0.303051
0.303011
0.303167
0.303165
0.303186
0.303350
0.303168
0.303386
0.303185
0.303040
0.303111
0.303081
0.303018
0.303030
0.303007
0.303363
0.303337
0.303152
0.303227
0.303237
0.303239
0.303332
0.303221
0.303285
0.303191
0.303222
0.303188
0.303236
0.303161
0.303226
0.303189
0.303088
0.303263
0.303298
0.303351
0.302985
0.303267
0.303297
0.303136
0.303086
0.303115
0.303066
0.303186
0.303188
0.303111
0.303222
0.303248
0.303197
0.303200
0.302963
0.303154
0.303195
0.303232
0.303179
0.303222
0.303278
0.303361
0.303308
0.303304
0.303103
0.303184
0.303180
0.303186
0.303120
0.303215
0.303256
0.303356
0.303215
0.303227
0.303204
0.303176
0.303211
0.303131
0.303338
0.303462
0.303405
0.303342
0.303320
0.303200
0.303101
0.303255
0.303197
0.303291
0.303184
0.303386
0.303535
0.303412
0.303385
0.303278
0.303232
0.303191
0.303270
0.303126
0.303175
0.303086
0.303115
0.303216
0.303283
0.303340
0.303247
0.303200
0.303061
0.303079
0.303278
0.303193
0.303150
0.303264
0.303194
0.303243
0.303327
0.303406
0.303268
0.303159
0.303406
0.303235
0.303152
0.303162
0.303321
0.303116
0.303083
0.303237
0.303442
0.303420
0.303406
0.303317
0.303239
0.303237
0.303266
0.303170
0.303269
0.303346
0.303183
0.303183
0.303156
0.303104
0.303176
0.303110
0.303328
0.303359
0.303460
0.303212
0.303407
0.303382
0.303346
0.303261
0.303197
0.303282
0.303333
0.303181
0.303290
0.303208
0.303409
0.303442
0.303337
0.303331
0.303300
0.303496
0.303495
0.303432
0.303275
0.303322
0.303412
0.303381
0.303155
0.303254
0.303257
0.303294
0.303242
0.303203
0.303256
0.303268
0.303302
0.303218
0.303309
0.303171
0.303234
0.303308
0.303307
0.303309
0.303436
0.303223
0.303197
0.303460
0.303418
0.303370
0.303392
0.303476
0.303478
0.303299
0.303276
0.303300
0.303187
0.303335
0.303341
0.303278
0.303272
0.303419
0.303366
0.303318
0.303179
0.303418
0.303413
0.303284
0.303299
0.303276
0.303177
0.303319
0.303193
0.303260
0.303203
0.303141
0.303177
0.303054
0.303283
0.303163
0.303252
0.303094
0.303296
0.303214
0.303220
0.303162
0.303103
0.303279
0.303366
0.303237
0.303178
0.303263
0.303299
0.303282
0.303402
0.303524
0.303629
0.303433
0.303567
0.303654
0.303556
0.303622
0.303572
0.303349
0.303445
0.303359
0.303164
0.303336
0.303309
0.303519
0.303431
0.303369
0.303597
0.303490
0.303496
0.303268
0.303528
0.303529
0.303297
0.303518
0.303276
0.303304
0.303316
0.303421
0.303269
0.303446
0.303465
0.303532
0.303504
0.303405
0.303684
0.303396
0.303215
0.303325
0.303404
0.303501
0.303425
0.303393
0.303212
0.303556
0.303344
0.303339
0.303495
0.303469
0.303312
0.303351
0.303361
0.303267
0.303389
0.303402
0.303350
0.303475
0.303565
0.303511
0.303422
0.303389
0.303392
0.303557
0.303377
0.303494
0.303446
0.303411
0.303309
0.303596
0.303431
0.303389
0.303423
0.303443
0.303408
0.303283
0.303413
0.303412
0.303411
0.303502
0.303282
0.303462
0.303367
0.303411
0.303397
0.303567
0.303435
0.303415
0.303521
0.303385
0.303317
0.303349
0.303490
0.303450
0.303608
0.303541
0.303336
0.303362
0.303404
0.303370
0.303566
0.303552
0.303434
0.303435
0.303438
0.303356
0.303618
0.303330
0.303391
0.303390
0.303323
0.303270
0.303426
0.303314
0.303410
0.303478
0.303415
0.303305
0.303334
0.303393
0.303361
0.303294
0.303485
0.303606
0.303509
0.303459
0.303528
0.303462
0.303409
0.303377
0.303456
0.303397
0.303379
0.303511
0.303325
0.303357
0.303495
0.303530
0.303445
0.303637
0.303600
0.303474
0.303516
0.303523
0.303429
0.303474
0.303426
0.303275
0.303244
0.303501
0.303345
0.303443
0.303389
0.303651
0.303775
0.303838
0.303575
0.303658
0.303494
0.303631
0.303589
0.303624
0.303410
0.303318
0.303413
0.303545
0.303422
0.303326
0.303503
0.303559
0.303429
0.303412
0.303344
0.303347
0.303465
0.303463
0.303579
0.303597
0.303439
0.303497
0.303478
0.303363
0.303510
0.303422
0.303458
0.303569
0.303514
0.303471
0.303458
0.303392
0.303474
0.303518
0.303552
0.303539
0.303624
0.303505
0.303271
0.303598
0.303679
0.303670
0.303608
0.303699
0.303834
0.303550
0.303339
0.303437
0.303550
0.303478
0.303468
0.303548
0.303560
0.303282
0.303505
0.303468
0.303371
0.303426
0.303391
0.303495
0.303381
0.303452
0.303461
0.303647
0.303712
0.303449
0.303513
0.303516
0.303612
0.303575
0.303536
0.303368
0.303513
0.303293
0.303446
0.303739
0.303679
0.303496
0.303418
0.303532
0.303539
0.303394
0.303375
0.303543
0.303465
0.303564
0.303566
0.303402
0.303338
0.303317
0.303429
0.303521
0.303276
0.303406
0.303541
0.303572
0.303645
0.303541
0.303546
0.303438
0.303426
0.303614
0.303414
0.303464
0.303408
0.303454
0.303548
0.303620
0.303675
0.303332
0.303655
0.303462
0.303461
0.303464
0.303660
0.303495
0.303635
0.303570
0.303657
0.303548
0.303695
0.303684
0.303646
0.303594
0.303540
0.303381
0.303514
0.303598
0.303707
0.303738
0.303655
0.303766
0.303452
0.303673
0.303797
0.303594
0.303410
0.303392
0.303362
0.303708
0.303524
0.303490
0.303515
0.303583
0.303594
0.303597
0.303490
0.303452
0.303434
0.303468
0.303408
0.303588
0.303543
0.303764
0.303674
0.303611
0.303496
0.303580
0.303589
0.303495
0.303512
0.303467
0.303508
0.303442
0.303478
0.303509
0.303488
0.303489
0.303647
0.303699
0.303846
0.303652
0.303537
0.303625
0.303728
0.303485
0.303542
0.303669
0.303705
0.303707
0.303560
0.303489
0.303299
0.303360
0.303390
0.303507
0.303655
0.303704
0.303638
0.303545
0.303503
0.303632
0.303503
0.303423
0.303439
0.303381
0.303467
0.303442
0.303560
0.303625
0.303594
0.303587
0.303471
0.303505
0.303426
0.303516
0.303479
0.303506
0.303587
0.303400
0.303376
0.303393
0.303383
0.303556
0.303662
0.303646
0.303539
0.303687
0.303607
0.303613
0.303709
0.303606
0.303579
0.303564
0.303623
0.303538
0.303600
0.303731
0.303697
0.303560
0.303496
0.303681
0.303415
0.303591
0.303569
0.303631
0.303611
0.303550
0.303567
0.303549
0.303495
0.303836
0.303776
0.303629
0.303535
0.303654
0.303578
0.303503
0.303609
0.303436
0.303503
0.303643
0.303686
0.303677
0.303630
0.303575
0.303820
0.303918
0.303883
0.303821
0.303896
0.303664
0.303584
0.303595
0.303500
0.303559
0.303538
0.303604
0.303846
0.303773
0.303923
0.303590
0.303738
0.303735
0.303568
0.303609
0.303546
0.303518
0.303550
0.303610
0.303886
0.303635
0.303402
0.303485
0.303539
0.303661
0.303731
0.303640
0.303433
0.303440
0.303667
0.303706
0.303579
0.303634
0.303620
0.303803
0.303597
0.303843
0.303690
0.303506
0.303716
0.303795
0.303639
0.303660
0.303597
0.303554
0.303705
0.303624
0.303587
0.303547
0.303606
0.303804
0.303702
0.303802
0.303877
0.303675
0.303592
0.303637
0.303661
0.303529
0.303599
0.303660
0.303637
0.303519
0.303565
0.303546
0.303737
0.303715
0.303672
0.303552
0.303591
0.303719
0.303491
0.303649
0.303492
0.303651
0.303627
0.303705
0.303641
0.303529
0.303647
0.303493
0.303701
0.303863
0.303705
0.303496
0.303735
0.303629
0.303758
0.303738
0.303501
0.303670
0.303574
0.303771
0.303645
0.303752
0.303840
0.303881
0.303814
0.303644
0.303670
0.303921
0.303799
0.303863
0.303477
0.303666
0.303703
0.303764
0.303661
0.303848
0.303727
0.303516
0.303830
0.303561
0.303687
0.303807
0.303724
0.303482
0.303789
0.303826
0.303941
0.303966
0.303852
0.303745
0.303803
0.303924
0.303948
0.303700
0.303762
0.303784
0.303936
0.303934
0.303785
0.303725
0.303890
0.303859
0.303663
0.303510
0.303732
0.304030
0.303743
0.303832
0.303891
0.303648
0.303747
0.303665
0.303595
0.303890
0.303747
0.303978
0.303812
0.303701
0.303899
0.303819
0.303713
0.303731
0.303825
0.303763
0.303664
0.303607
0.303787
0.303626
0.303646
0.303750
0.303636
0.303720
0.303753
0.303590
0.303655
0.303760
0.303680
0.303643
0.303759
0.303954
0.303781
0.303904
0.303916
0.303912
0.303801
0.303757
0.303726
0.303718
0.303914
0.303878
0.303895
0.304045
0.303694
0.303700
0.303763
0.303794
0.303749
0.303859
0.303766
0.303867
0.303811
0.303902
0.303582
0.303688
0.303706
0.303787
0.303886
0.303864
0.303979
0.303662
0.303663
0.303674
0.303560
0.303785
0.303792
0.303617
0.303746
0.303852
0.303674
0.303788
0.303825
0.303788
0.303749
0.303905
0.303759
0.303686
0.303736
0.303805
0.303913
0.303956
0.303860
0.303833
0.303742
0.303663
0.303789
0.303884
0.303936
0.303824
0.303827
0.303796
0.303912
0.303742
0.303717
0.303644
0.303600
0.303728
0.303693
0.303976
0.303943
0.303934
0.303749
0.303876
0.303816
0.303691
0.303743
0.303823
0.303851
0.303753
0.303684
0.303802
0.303720
0.303728
0.303534
0.303628
0.303827
0.303851
0.303705
0.303897
0.304043
0.303711
0.304093
0.303884
0.303754
0.303633
0.303749
0.303686
0.303891
0.303873
0.303758
0.303890
0.303764
0.303882
0.303736
0.303941
0.303967
0.304115
0.304070
0.303908
0.303880
0.303920
0.303953
0.303970
0.303957
0.303853
0.303883
0.303811
0.303813
0.304086
0.303886
0.303797
0.303784
0.303828
0.303870
0.303865
0.303790
0.303957
0.303871
0.303814
0.304064
0.303941
0.304102
0.304130
0.303896
0.304013
0.303731
0.304046
0.304015
0.304044
0.303951
0.304092
0.304036
0.303964
0.303994
0.304036
0.303863
0.303934
0.303899
0.303941
0.303955
0.303920
0.303818
0.303809
0.303949
0.303931
0.303976
0.303728
0.303841
0.303909
0.304029
0.303909
0.303929
0.303707
0.303802
0.303842
0.303896
0.303964
0.303911
0.303953
0.304035
0.303893
0.303973
0.303882
0.304021
0.304212
0.303986
0.303918
0.303852
0.303863
0.303769
0.303686
0.303793
0.303832
0.303937
0.303940
0.303925
0.303866
0.304119
0.303947
0.303941
0.303853
0.303926
0.303890
0.303878
0.303847
0.303845
0.303701
0.303892
0.304009
0.303934
0.303991
0.303892
0.304153
0.303968
0.303598
0.303693
0.303633
0.303733
0.303760
0.303842
0.303677
0.304038
0.303951
0.303893
0.304096
0.303884
0.304035
0.303962
0.304083
0.304007
0.303882
0.304094
0.303909
0.303857
0.303754
0.303828
0.303824
0.303902
0.303857
0.303930
0.303849
0.303941
0.304133
0.303945
0.303768
0.303954
0.304000
0.304110
0.303869
0.303993
0.303874
0.303889
0.303909
0.303936
0.304165
0.304011
0.303750
0.303912
0.304037
0.303952
0.303978
0.304003
0.303982
0.304132
0.303890
0.303802
0.303796
0.303839
0.303972
0.303972
0.303958
0.303885
0.303864
0.303791
0.303950
0.303844
0.303912
0.303978
0.304137
0.303865
0.303875
0.303940
0.304010
0.304051
0.303873
0.303928
0.303731
0.303896
0.303882
0.303866
0.303781
0.303849
0.304178
0.303967
0.304024
0.303929
0.303669
0.303923
0.303875
0.303950
0.304035
0.304111
0.304030
0.303893
0.304017
0.303918
0.303880
0.303888
0.303982
0.303902
0.303854
0.304043
0.304176
0.303981
0.303822
0.303795
0.303955
0.303896
0.304111
0.303950
0.303965
0.303972
0.304117
0.304009
0.303981
0.304043
0.304021
0.303920
0.303976
0.304070
0.304161
0.304095
0.303918
0.304014
0.303877
0.304032
0.304121
0.303914
0.304051
0.304234
0.303970
0.303901
0.303837
0.303884
0.303856
0.304040
0.304079
0.303919
0.303854
0.303825
0.303961
0.303881
0.303957
0.303885
0.303977
0.303915
0.304099
0.304097
0.303894
0.303984
0.303935
0.303884
0.303932
0.303919
0.303993
0.303896
0.303882
0.304043
0.303990
0.304156
0.304003
0.303904
0.303920
0.304106
0.304134
0.304042
0.304053
0.304300
0.304066
0.304030
0.304174
0.304172
0.304281
0.304061
0.303862
0.303848
0.303859
0.304071
0.303903
0.304057
0.303948
0.304143
0.303989
0.303846
0.304066
0.303958
0.303972
0.304056
0.304180
0.304076
0.304097
0.304037
0.303996
0.304007
0.304112
0.304115
0.304052
0.303955
0.304045
0.304055
0.304171
0.303897
0.303921
0.303948
0.303907
0.303961
0.303992
0.304006
0.303993
0.304133
0.304115
0.303956
0.303943
0.304112
0.304021
0.304110
0.304087
0.303942
0.303988
0.304060
0.304196
0.304211
0.304056
0.303946
0.303913
0.303900
0.303841
0.303818
0.304022
0.303928
0.303859
0.304057
0.304077
0.304009
0.304071
0.304178
0.304240
0.304171
0.303988
0.303884
0.303914
0.304087
0.304242
0.304188
0.304453
0.304159
0.304133
0.304084
0.304107
0.304044
0.303818
0.304109
0.303966
0.304022
0.303992
0.303945
0.303993
0.303960
0.304137
0.304168
0.304151
0.304180
0.303996
0.304028
0.304069
0.304058
0.304022
0.304092
0.304162
0.304087
0.303958
0.303830
0.304036
0.304091
0.304086
0.304149
0.304116
0.304157
0.304195
0.304219
0.304243
0.304145
0.304066
0.304349
0.304097
0.304128
0.304229
0.304035
0.304070
0.304049
0.304101
0.304086
0.303968
0.304176
0.304118
0.304053
0.304174
0.304179
0.304100
0.304089
0.304255
0.304152
0.304057
0.304007
0.304068
0.304134
0.304095
0.304137
0.304135
0.303973
0.304046
0.304143
0.304045
0.304248
0.304182
0.304204
0.304122
0.304284
0.304228
0.304140
0.304065
0.304232
0.304142
0.304038
0.304048
0.304056
0.304238
0.304242
0.304111
0.304152
0.303994
0.304121
0.304197
0.304277
0.304326
0.304041
0.304141
0.303965
0.303988
0.304148
0.304194
0.304133
0.304214
0.304330
0.304276
0.304263
0.304120
0.304130
0.304073
0.304252
0.304007
0.304252
0.304297
0.303951
0.304040
0.304250
0.304125
0.304195
0.304128
0.304318
0.304116
0.304041
0.304254
0.304007
0.304036
0.304157
0.304107
0.304110
0.304329
0.304326
0.304134
0.304263
0.304117
0.304245
0.304256
0.304290
0.304171
0.304181
0.304227
0.304217
0.304171
0.304187
0.304301
0.304330
0.304361
0.304322
0.304089
0.304003
0.304074
0.303939
0.303985
0.303970
0.304252
0.304179
0.304202
0.304229
0.304287
0.304191
0.303980
0.304168
0.304370
0.304144
0.304123
0.304260
0.304267
0.304267
0.304140
0.304166
0.304266
0.304140
0.304200
0.304156
0.304127
0.304230
0.304279
0.304068
0.304152
0.304053
0.303977
0.304237
0.304187
0.304351
0.304154
0.304202
0.304081
0.304236
0.304328
0.304204
0.304226
0.304014
0.304151
0.304125
0.304375
0.304216
0.304064
0.304039
0.304127
0.304001
0.304127
0.304087
0.304188
0.304232
0.304264
0.304241
0.304283
0.304121
0.304246
0.303995
0.304018
0.304171
0.304392
0.304129
0.304334
0.304355
0.304333
0.304204
0.304441
0.304384
0.304302
0.304120
0.304435
0.304247
0.304314
0.304441
0.304231
0.304288
0.304029
0.304316
0.304150
0.304241
0.304050
0.304193
0.304258
0.304189
0.304318
0.304159
0.304430
0.304408
0.304242
0.304149
0.304229
0.304063
0.304247
0.304397
0.304206
0.304203
0.304194
0.304176
0.304196
0.304218
0.304182
0.304228
0.304240
0.304247
0.304118
0.304208
0.303999
0.304169
0.304138
0.304343
0.304093
0.304171
0.304363
0.304214
0.304200
0.304269
0.304479
0.304311
0.304121
0.304234
0.304240
0.304120
0.304142
0.304098
0.304419
0.304207
0.304240
0.304068
0.304326
0.304293
0.304174
0.304069
0.304228
0.304362
0.304328
0.304481
0.304424
0.304442
0.304249
0.304203
0.304200
0.304235
0.304421
0.304328
0.304384
0.304415
0.304275
0.304142
0.304185
0.304399
0.304340
0.304130
0.304216
0.304114
0.304236
0.304495
0.304374
0.304259
0.304170
0.304078
0.304301
0.304225
0.304271
0.304194
0.303997
0.304209
0.304219
0.304381
0.304384
0.304255
0.304313
0.304427
0.304555
0.304131
0.304225
0.304337
0.304287
0.304451
0.304258
0.304194
0.304215
0.304253
0.304286
0.304222
0.304375
0.304177
0.304375
0.304397
0.304331
0.304405
0.304321
0.304328
0.304196
0.304213
0.304299
0.304282
0.304245
0.304273
0.304284
0.304219
0.304212
0.304310
0.304412
0.304453
0.304343
0.304440
0.304421
0.304604
0.304205
0.304231
0.304203
0.304404
0.304378
0.304413
0.304385
0.304408
0.304144
0.304222
0.304306
0.304187
0.304143
0.304370
0.304350
0.304117
0.304126
0.304202
0.304367
0.304397
0.304450
0.304249
0.304278
0.304375
0.304548
0.304379
0.304340
0.304534
0.304443
0.304222
0.304392
0.304347
0.304147
0.304011
0.304394
0.304544
0.304330
0.304332
0.304211
0.304348
0.304443
0.304294
0.304287
0.304072
0.304277
0.304371
0.304375
0.304322
0.304258
0.304181
0.304327
0.304237
0.304231
0.304357
0.304334
0.304321
0.304212
0.304186
0.304243
0.304375
0.304541
0.304585
0.304450
0.304571
0.304316
0.304551
0.304447
0.304270
0.304281
0.304486
0.304258
0.304357
0.304299
0.304117
0.304222
0.304369
0.304344
0.304322
0.304211
0.304541
0.304409
0.304352
0.304256
0.304384
0.304338
0.304274
0.304194
0.304153
0.304419
0.304330
0.304560
0.304434
0.304388
0.304435
0.304373
0.304604
0.304393
0.304408
0.304311
0.304295
0.304252
0.304408
0.304445
0.304394
0.304074
0.304256
0.304292
0.304352
0.304551
0.304328
0.304256
0.304308
0.304225
0.304381
0.304356
0.304544
0.304358
0.304362
0.304448
0.304508
0.304318
0.304324
0.304294
0.304308
0.304266
0.304454
0.304401
0.304250
0.304295
0.304319
0.304195
0.304042
0.304361
0.304365
0.304260
0.304404
0.304437
0.304339
0.304259
0.304285
0.304407
0.304368
0.304189
0.304373
0.304384
0.304530
0.304710
0.304457
0.304239
0.304396
0.304584
0.304592
0.304367
0.304214
0.304342
0.304347
0.304270
0.304332
0.304491
0.304629
0.304315
0.304414
0.304528
0.304368
0.304299
0.304199
0.304316
0.304128
0.304297
0.304392
0.304278
0.304386
0.304441
0.304397
0.304512
0.304394
0.304383
0.304516
0.304458
0.304366
0.304382
0.304361
0.304526
0.304358
0.304361
0.304395
0.304330
0.304474
0.304252
0.304339
0.304162
0.304494
0.304357
0.304287
0.304227
0.304343
0.304350
0.304426
0.304488
0.304634
0.304530
0.304461
0.304308
0.304303
0.304137
0.304320
0.304182
0.304261
0.304429
0.304448
0.304268
0.304444
0.304371
0.304390
0.304420
0.304409
0.304325
0.304485
0.304441
0.304571
0.304374
0.304385
0.304502
0.304495
0.304426
0.304348
0.304317
0.304324
0.304307
0.304306
0.304157
0.304344
0.304539
0.304503
0.304312
0.304423
0.304328
0.304339
0.304289
0.304270
0.304422
0.304260
0.304250
0.304408
0.304535
0.304365
0.304511
0.304397
0.304628
0.304405
0.304358
0.304149
0.304290
0.304301
0.304395
0.304208
0.304484
0.304487
0.304481
0.304326
0.304365
0.304331
0.304465
0.304256
0.304402
0.304260
0.304397
0.304437
0.304376
0.304436
0.304318
0.304384
0.304546
0.304453
0.304488
0.304483
0.304273
0.304427
0.304350
0.304369
0.304442
0.304596
0.304692
0.304387
0.304443
0.304678
0.304527
0.304448
0.304326
0.304358
0.304457
0.304457
0.304353
0.304299
0.304497
0.304233
0.304397
0.304482
0.304452
0.304303
0.304500
0.304479
0.304325
0.304377
0.304472
0.304669
0.304466
0.304497
0.304489
0.304465
0.304601
0.304324
0.304490
0.304515
0.304374
0.304581
0.304388
0.304504
0.304438
0.304437
0.304507
0.304198
0.304425
0.304267
0.304489
0.304458
0.304649
0.304399
0.304307
0.304462
0.304246
0.304452
0.304403
0.304449
0.304566
0.304630
0.304388
0.304336
0.304388
0.304568
0.304412
0.304372
0.304476
0.304471
0.304310
0.304425
0.304539
0.304298
0.304261
0.304376
0.304548
0.304547
0.304506
0.304552
0.304673
0.304409
0.304483
0.304608
0.304710
0.304556
0.304433
0.304480
0.304420
0.304453
0.304395
0.304375
0.304413
0.304376
0.304344
0.304471
0.304614
0.304482
0.304361
0.304285
0.304498
0.304389
0.304407
0.304326
0.304387
0.304603
0.304505
0.304618
0.304404
0.304431
0.304654
0.304417
0.304417
0.304621
0.304339
0.304589
0.304382
0.304361
0.304424
0.304567
0.304459
0.304459
0.304548
0.304572
0.304372
0.304478
0.304524
0.304490
0.304617
0.304608
0.304737
0.304447
0.304454
0.304549
0.304479
0.304273
0.304419
0.304558
0.304512
0.304467
0.304597
0.304450
0.304492
0.304409
0.304654
0.304575
0.304531
0.304637
0.304637
0.304376
0.304230
0.304494
0.304649
0.304735
0.304625
0.304557
0.304482
0.304645
0.304667
0.304577
0.304638
0.304569
0.304638
0.304667
0.304710
0.304406
0.304553
0.304320
0.304336
0.304418
0.304447
0.304497
0.304486
0.304617
0.304621
0.304675
0.304584
0.304449
0.304340
0.304402
0.304450
0.304603
0.304948
0.304551
0.304421
0.304377
0.304405
0.304420
0.304533
0.304433
0.304445
0.304398
0.304481
0.304570
0.304425
0.304620
0.304667
0.304664
0.304355
0.304445
0.304405
0.304481
0.304573
0.304376
0.304467
0.304261
0.304536
0.304343
0.304329
0.304631
0.304692
0.304511
0.304488
0.304401
0.304401
0.304520
0.304658
0.304476
0.304598
0.304531
0.304618
0.304607
0.304696
0.304559
0.304361
0.304431
0.304532
0.304592
0.304591
0.304655
0.304448
0.304588
0.304614
0.304387
0.304766
0.304434
0.304664
0.304535
0.304558
0.304543
0.304416
0.304455
0.304547
0.304455
0.304406
0.304554
0.304499
0.304491
0.304527
0.304484
0.304559
0.304638
0.304635
0.304408
0.304410
0.304561
0.304548
0.304522
0.304568
0.304782
0.304563
0.304458
0.304340
0.304460
0.304647
0.304433
0.304657
0.304703
0.304618
0.304683
0.304518
0.304487
0.304580
0.304448
0.304473
0.304659
0.304627
0.304521
0.304601
0.304593
0.304560
0.304556
0.304716
0.304594
0.304411
0.304529
0.304470
0.304397
0.304454
0.304608
0.304463
0.304468
0.304329
0.304603
0.304557
0.304607
0.304468
0.304586
0.304794
0.304522
0.304446
0.304576
0.304579
0.304522
0.304620
0.304451
0.304602
0.304487
0.304533
0.304621
0.304628
0.304640
0.304627
0.304880
0.304676
0.304817
0.304656
0.304618
0.304841
0.304660
0.304650
0.304516
0.304625
0.304477
0.304504
0.304559
0.304487
0.304871
0.304607
0.304481
0.304705
0.304474
0.304374
0.304473
0.304590
0.304667
0.304670
0.304644
0.304831
0.304850
0.304569
0.304633
0.304588
0.304676
0.304742
0.304856
0.304756
0.304767
0.304752
0.304601
0.304709
0.304573
0.304538
0.304659
0.304565
0.304587
0.304647
0.304438
0.304479
0.304651
0.304588
0.304563
0.304732
0.304646
0.304713
0.304672
0.304621
0.304638
0.304579
0.304527
0.304717
0.304650
0.304514
0.304596
0.304512
0.304548
0.304614
0.304403
0.304484
0.304671
0.304634
0.304695
0.304809
0.304827
0.304711
0.304567
0.304601
0.304447
0.304770
0.304637
0.304720
0.304689
0.304850
0.304694
0.304775
0.304695
0.304574
0.304692
0.304712
0.304624
0.304610
0.304720
0.304609
0.304628
0.304337
0.304803
0.304690
0.304409
0.304526
0.304676
0.304618
0.304564
0.304711
0.304774
0.304590
0.304584
0.304928
0.304709
0.304625
0.304716
0.304640
0.304755
0.304805
0.304769
0.304676
0.304544
0.304568
0.304825
0.304710
0.304763
0.304856
0.304648
0.304738
0.304918
0.304631
0.304453
0.304568
0.304893
0.304697
0.304626
0.304650
0.304635
0.304549
0.304452
0.304431
0.304443
0.304520
0.304475
0.304701
0.304867
0.304796
0.304733
0.304524
0.304493
0.304525
0.304485
0.304624
0.304853
0.304724
0.304588
0.304813
0.304628
0.304616
0.304505
0.304704
0.304695
0.304586
0.304598
0.304468
0.304457
0.304795
0.304600
0.304565
0.304765
0.304646
0.304714
0.304591
0.304699
0.304821
0.304703
0.304535
0.304483
0.304586
0.304572
0.304730
0.304729
0.304725
0.304791
0.304804
0.304925
0.304719
0.304548
0.304816
0.304511
0.304529
0.304538
0.304702
0.304633
0.304637
0.304636
0.304776
0.304735
0.304799
0.304846
0.304783
0.304811
0.304615
0.304586
0.304450
0.304673
0.304772
0.304669
0.304644
0.304566
0.304445
0.304585
0.304630
0.304714
0.304802
0.304871
0.304749
0.304767
0.304499
0.304791
0.304666
0.304674
0.304690
0.304836
0.304729
0.304654
0.304628
0.304747
0.304858
0.304644
0.304666
0.304861
0.304486
0.304560
0.304770
0.304701
0.304423
0.304554
0.304586
0.304643
0.304720
0.304694
0.304703
0.304628
0.304695
0.304761
0.304762
0.304723
0.304742
0.304898
0.304920
0.304762
0.304769
0.304714
0.304619
0.304829
0.304816
0.304732
0.304628
0.304826
0.304721
0.304684
0.304708
0.304761
0.304849
0.304729
0.304575
0.304590
0.304624
0.304520
0.304742
0.304616
0.304797
0.304708
0.304663
0.304658
0.304429
0.304635
0.304712
0.304776
0.304926
0.304789
0.304644
0.304718
0.304553
0.304687
0.304866
0.304678
0.304702
0.304652
0.304515
0.304535
0.304605
0.304863
0.304924
0.304614
0.304661
0.304677
0.304753
0.304536
0.304699
0.304671
0.304666
0.304886
0.304695
0.304798
0.304819
0.304649
0.304800
0.304649
0.304702
0.304813
0.304739
0.304606
0.304839
0.304910
0.304791
0.304804
0.304572
0.304816
0.304688
0.304797
0.304665
0.304784
0.304737
0.304743
0.304822
0.304771
0.304926
0.304695
0.304799
0.304884
0.304693
0.304667
0.304693
0.304713
0.304621
0.304549
0.304869
0.304697
0.304638
0.304743
0.304678
0.304698
0.304725
0.304843
0.304931
0.304826
0.304930
0.304857
0.304959
0.304942
0.304760
0.304856
0.304765
0.304789
0.304650
0.304697
0.304735
0.304668
0.304956
0.304875
0.304720
0.304681
0.304758
0.304712
0.304827
0.304756
0.304774
0.304805
0.304677
0.304775
0.304879
0.304795
0.304963
0.304836
0.304781
0.304714
0.304723
0.304796
0.304955
0.304922
0.304842
0.304714
0.304940
0.304885
0.304777
0.304679
0.304837
0.304695
0.304741
0.304746
0.304827
0.304717
0.304758
0.304739
0.304763
0.304687
0.304903
0.304819
0.304902
0.304793
0.304659
0.304586
0.304640
0.304730
0.304765
0.304786
0.304546
0.304680
0.304682
0.304586
0.304602
0.304612
0.304606
0.304648
0.304731
0.304679
0.304770
0.304935
0.304861
0.304786
0.304729
0.304567
0.304798
0.304907
0.304845
0.304914
0.304688
0.304729
0.304928
0.304822
0.304930
0.304865
0.304877
0.304750
0.304890
0.304762
0.304831
0.304788
0.304816
0.304771
0.304996
0.304865
0.304895
0.304858
0.304746
0.304778
0.304671
0.304635
0.304709
0.304715
0.304811
0.304749
0.304913
0.304740
0.304654
0.304686
0.304739
0.305002
0.304863
0.304902
0.304776
0.304670
0.304778
0.304884
0.304811
0.304812
0.304800
0.304814
0.305003
0.304992
0.304896
0.304767
0.304908
0.304660
0.304839
0.304904
0.304777
0.305028
0.304877
0.304964
0.304870
0.304874
0.304848
0.304829
0.304899
0.304887
0.304839
0.304961
0.304807
0.304854
0.304860
0.304785
0.305039
0.304778
0.304788
0.304819
0.304844
0.304650
0.304905
0.304796
0.304979
0.304717
0.304677
0.304745
0.304902
0.304769
0.304890
0.304646
0.304778
0.304834
0.304778
0.304819
0.304950
0.304740
0.304844
0.304998
0.304725
0.304882
0.304983
0.304879
0.304948
0.304938
0.304852
0.304983
0.304848
0.304890
0.304816
0.304830
0.304908
0.304722
0.304952
0.305081
0.305000
0.304970
0.304984
0.304905
0.304633
0.304875
0.304817
0.304855
0.304907
0.304749
0.304919
0.304823
0.304764
0.304681
0.304713
0.304615
0.305039
0.304926
0.304878
0.304878
0.304777
0.304799
0.304834
0.304995
0.304848
0.304674
0.304918
0.304943
0.304923
0.304814
0.304702
0.304723
0.304701
0.304795
0.304656
0.304633
0.304866
0.304747
0.304754
0.304871
0.304839
0.304778
0.304781
0.304837
0.304814
0.304918
0.304855
0.304918
0.304975
0.304826
0.304945
0.304817
0.304703
0.304873
0.304833
0.304863
0.304869
0.304698
0.304757
0.304697
0.304835
0.304960
0.304914
0.305035
0.304718
0.304693
0.304687
0.304682
0.304749
0.304810
0.304677
0.304671
0.304849
0.304674
0.304708
0.304590
0.304767
0.304920
0.304995
0.304624
0.304807
0.304757
0.304787
0.304861
0.304784
0.304734
0.304683
0.304760
0.304656
0.304753
0.304705
0.304638
0.304717
0.304774
0.304685
0.304939
0.304937
0.304711
0.304754
0.304999
0.304853
0.304941
0.304771
0.304998
0.304603
0.304827
0.304814
0.304731
0.304754
0.304929
0.304740
0.304808
0.304812
0.304907
0.305002
0.304932
0.305083
0.304979
0.305119
0.304934
0.304744
0.304818
0.304949
0.305108
0.305037
0.304860
0.304953
0.305058
0.304910
0.305002
0.304867
0.304769
0.304910
0.305069
0.304902
0.304968
0.304870
0.304776
0.305015
0.305055
0.304726
0.304919
0.304962
0.304867
0.304861
0.304885
0.304974
0.304857
0.304666
0.304788
0.304634
0.304819
0.304987
0.304741
0.304747
0.304743
0.304842
0.304987
0.304895
0.304955
0.304808
0.304927
0.304733
0.304827
0.304909
0.304835
0.304953
0.304671
0.304900
0.304798
0.305033
0.304956
0.304847
0.304810
0.304749
0.304844
0.304849
0.304925
0.304779
0.304755
0.304932
0.304769
0.304863
0.304814
0.304933
0.304976
0.304911
0.304961
0.304958
0.305029
0.304944
0.304825
0.304823
0.304952
0.304721
0.304881
0.304676
0.304782
0.304776
0.305011
0.304800
0.304907
0.305049
0.304812
0.304997
0.305019
0.304986
0.304869
0.304929
0.304825
0.304846
0.304941
0.304851
0.304946
0.304859
0.304844
0.304747
0.304806
0.304816
0.304795
0.304846
0.305004
0.305051
0.305173
0.304975
0.304895
0.304798
0.305001
0.305199
0.304938
0.304934
0.304728
0.304873
0.304992
0.304935
0.304876
0.305023
0.304912
0.304748
0.304776
0.305032
0.305033
0.305028
0.305004
0.304964
0.304937
0.305107
0.304667
0.304919
0.305048
0.304854
0.305086
0.304911
0.304928
0.304898
0.304973
0.304910
0.304819
0.304799
0.304910
0.305048
0.304801
0.304694
0.304687
0.304901
0.304982
0.304886
0.305129
0.305021
0.305196
0.304978
0.305058
0.305107
0.304894
0.305086
0.305034
0.305137
0.304978
0.304856
0.304876
0.304902
0.304876
0.304862
0.305021
0.304912
0.304902
0.304917
0.304945
0.304965
0.305084
0.305125
0.305130
0.304769
0.304683
0.304846
0.304929
0.304859
0.304976
0.304933
0.305063
0.305089
0.304985
0.305003
0.304954
0.304764
0.304891
0.304987
0.304936
0.305077
0.305072
0.304908
0.304755
0.304978
0.304957
0.304998
0.305069
0.304850
0.304691
0.304823
0.304929
0.304875
0.304887
0.304717
0.304834
0.304797
0.304937
0.304837
0.304872
0.304807
0.305052
0.305072
0.305057
0.305046
0.304991
0.304936
0.304918
0.304983
0.305027
0.305036
0.304861
0.304823
0.304856
0.305043
0.305145
0.304787
0.304737
0.304825
0.304999
0.304954
0.305016
0.305045
0.304918
0.304913
0.305132
0.305020
0.304803
0.304742
0.304815
0.304924
0.304843
0.304767
0.304810
0.305078
0.305173
0.305354
0.305429
0.305083
0.305089
0.304849
0.305027
0.304996
0.304944
0.304698
0.304843
0.304851
0.305020
0.304950
0.305038
0.304938
0.304888
0.304836
0.304940
0.305047
0.305015
0.305025
0.304997
0.304943
0.304918
0.304976
0.304903
0.304995
0.304913
0.305041
0.304973
0.304984
0.304884
0.304754
0.304853
0.304912
0.304968
0.304948
0.304932
0.304961
0.305078
0.305087
0.305074
0.305061
0.305169
0.304839
0.304965
0.304846
0.304923
0.304904
0.305143
0.305118
0.304905
0.305040
0.304884
0.305078
0.305142
0.304963
0.305027
0.304931
0.305029
0.304862
0.304936
0.305017
0.304990
0.304940
0.304850
0.304939
0.304920
0.305149
0.305214
0.305152
0.305133
0.305127
0.305084
0.304967
0.304920
0.305028
0.305156
0.305114
0.305079
0.305084
0.305125
0.305065
0.304994
0.304881
0.304892
0.305052
0.304926
0.304874
0.304861
0.304932
0.305021
0.304914
0.305047
0.305008
0.305169
0.305016
0.305072
0.305055
0.305041
0.305044
0.304993
0.304896
0.305042
0.305020
0.304938
0.305011
0.305089
0.305123
0.305114
0.305088
0.305169
0.305119
0.304876
0.304997
0.304963
0.305054
0.304836
0.304726
0.304761
0.305008
0.305150
0.304988
0.305032
0.305011
0.305123
0.304949
0.305011
0.304971
0.304981
0.304940
0.305232
0.305247
0.305145
0.305042
0.305133
0.305098
0.305096
0.304975
0.304798
0.304914
0.305051
0.305111
0.305322
0.305073
0.305065
0.305021
0.304972
0.304966
0.305181
0.305238
0.305478
0.305071
0.305038
0.305107
0.304946
0.304920
0.305020
0.304923
0.304965
0.304919
0.304977
0.305121
0.305069
0.305004
0.305082
0.305037
0.304959
0.304998
0.305016
0.305051
0.304823
0.304961
0.304952
0.305117
0.305116
0.305039
0.305081
0.305110
0.305005
0.305079
0.304982
0.305128
0.305326
0.305294
0.305038
0.305204
0.305096
0.305051
0.304982
0.305101
0.305187
0.305009
0.304881
0.305109
0.305004
0.304951
0.305050
0.304988
0.305056
0.305265
0.305035
0.305170
0.305189
0.305118
0.304969
0.305066
0.305166
0.304981
0.305054
0.305043
0.305015
0.305077
0.305000
0.305050
0.305021
0.305126
0.305202
0.305100
0.305217
0.305205
0.305087
0.305090
0.305056
0.305011
0.305076
0.305191
0.305016
0.305062
0.305051
0.304877
0.305185
0.304981
0.305076
0.304949
0.305082
0.304969
0.305011
0.304784
0.305084
0.304951
0.305186
0.305082
0.305015
0.305208
0.305052
0.305128
0.305060
0.304904
0.304987
0.305174
0.305244
0.305037
0.305065
0.305251
0.305011
0.305221
0.305081
0.305166
0.305028
0.304936
0.304813
0.305021
0.305013
0.304931
0.305198
0.305099
0.305255
0.305211
0.305252
0.305243
0.305277
0.305000
0.305006
0.305068
0.304932
0.305122
0.305158
0.305156
0.305183
0.305201
0.305100
0.305083
0.305070
0.305132
0.305019
0.305265
0.305267
0.304944
0.304991
0.305262
0.305255
0.305050
0.305174
0.304941
0.305044
0.305119
0.305119
0.305006
0.305114
0.305232
0.305115
0.305027
0.304945
0.305068
0.305033
0.305112
0.305009
0.305082
0.305091
0.305072
0.305106
0.305140
0.305223
0.305096
0.305257
0.305240
0.305162
0.304976
0.305066
0.305037
0.305029
0.305136
0.305176
0.305023
0.305068
0.305292
0.305324
0.305158
0.305222
0.305082
0.304980
0.304916
0.304998
0.305108
0.305139
0.305192
0.305153
0.305108
0.305127
0.305027
0.304896
0.305184
0.305135
0.305158
0.305026
0.305006
0.305181
0.305041
0.305115
0.305138
0.305086
0.305015
0.305142
0.305134
0.305152
0.305101
0.305134
0.305136
0.304907
0.305212
0.305118
0.305064
0.305066
0.305061
0.305084
0.305107
0.305037
0.305104
0.305303
0.305005
0.305122
0.305373
0.305125
0.305076
0.305044
0.305049
0.305222
0.305301
0.305191
0.305053
0.304878
0.305221
0.305301
0.305024
0.304940
0.305140
0.305171
0.305183
0.304900
0.305046
0.305096
0.304947
0.305079
0.305010
0.305108
0.305043
0.305211
0.305215
0.305024
0.305405
0.305058
0.305010
0.305004
0.304959
0.305135
0.305101
0.305231
0.305083
0.304995
0.305133
0.305066
0.305257
0.305073
0.305166
0.305110
0.305224
0.305175
0.305300
0.305261
0.305028
0.304978
0.305196
0.305189
0.305053
0.305000
0.305109
0.305126
0.305000
0.304967
0.305048
0.305160
0.304885
0.305033
0.305179
0.305189
0.305158
0.305073
0.305175
0.304971
0.305044
0.305145
0.305208
0.305144
0.305112
0.304999
0.305319
0.305251
0.305177
0.305406
0.304967
0.305068
0.305199
0.305256
0.305069
0.305120
0.305227
0.305199
0.305145
0.304973
0.304910
0.305054
0.305171
0.305077
0.305049
0.305124
0.304948
0.305135
0.305252
0.305262
0.305435
0.305095
0.305195
0.305072
0.305055
0.305187
0.305120
0.305202
0.305250
0.305259
0.305149
0.305229
0.305144
0.305100
0.305363
0.305293
0.305204
0.305308
0.305151
0.305136
0.305177
0.305663
0.305558
0.305130
0.305193
0.305070
0.305008
0.304973
0.305105
0.305084
0.305019
0.304985
0.305188
0.305033
0.305263
0.305200
0.305071
0.305047
0.305075
0.305045
0.305020
0.305061
0.305193
0.305082
0.305167
0.305072
0.305140
0.305067
0.305257
0.305352
0.305243
0.305314
0.304976
0.305143
0.305180
0.305175
0.305081
0.305098
0.305154
0.305199
0.305158
0.305123
0.305199
0.305253
0.305099
0.305066
0.305046
0.305100
0.305173
0.305140
0.305145
0.304958
0.305068
0.305079
0.305077
0.305133
0.304968
0.304998
0.305174
0.305261
0.305213
0.305339
0.305160
0.305116
0.305055
0.305400
0.305119
0.305130
0.305005
0.305116
0.305138
0.305085
0.305249
0.305121
0.305296
0.305204
0.305200
0.305258
0.305184
0.305094
0.305265
0.305091
0.305179
0.305171
0.305158
0.305111
0.305147
0.305033
0.305178
0.305236
0.305107
0.305105
0.305107
0.305205
0.305172
0.305209
0.305143
0.305263
0.305135
0.305070
0.304942
0.304968
0.305158
0.305138
0.305007
0.305195
0.305149
0.305065
0.304963
0.304968
0.305150
0.305227
0.305184
0.305304
0.305186
0.305242
0.305230
0.305112
0.305048
0.304914
0.305047
0.305114
0.305001
0.305138
0.305062
0.305037
0.305222
0.305246
0.305290
0.305043
0.305165
0.305172
0.305090
0.305167
0.305180
0.305109
0.305123
0.305233
0.304955
0.305012
0.305128
0.305084
0.305231
0.305248
0.305541
0.305138
0.305105
0.305115
0.305037
0.305016
0.305129
0.305072
0.304968
0.305163
0.305048
0.305165
0.305009
0.305379
0.305231
0.305370
0.305285
0.305152
0.305279
0.305150
0.305185
0.305080
0.304999
0.305047
0.305263
0.305185
0.305108
0.305099
0.305035
0.305157
0.305167
0.305176
0.305181
0.305319
0.305110
0.305124
0.305199
0.305172
0.305142
0.305139
0.305204
0.305227
0.305220
0.305317
0.305245
0.305261
0.305305
0.305239
0.305334
0.305298
0.305088
0.305252
0.305087
0.305205
0.305233
0.305151
0.305098
0.305115
0.305374
0.305229
0.305171
0.305023
0.305234
0.305175
0.305164
0.305155
0.305361
0.305293
0.305213
0.305210
0.305346
0.305230
0.305202
0.305410
0.305256
0.305323
0.305327
0.305320
0.305359
0.305221
0.305343
0.305385
0.305158
0.305224
0.305180
0.305081
0.305312
0.305091
0.305158
0.305337
0.305096
0.305222
0.305332
0.305145
0.305114
0.305183
0.304998
0.305154
0.305215
0.305148
0.304991
0.305111
0.305360
0.305331
0.305150
0.305231
0.305205
0.305233
0.305079
0.305271
0.305209
0.305317
0.305127
0.305161
0.305371
0.305202
0.305206
0.305021
0.305060
0.305162
0.305286
0.304975
0.305149
0.305446
0.305407
0.305273
0.305101
0.305245
0.305395
0.305138
0.305114
0.305362
0.305183
0.305145
0.305236
0.305385
0.305377
0.305508
0.305237
0.305108
0.305152
0.305115
0.305176
0.305327
0.305063
0.305130
0.305095
0.305032
0.305217
0.305140
0.305325
0.305299
0.305175
0.305347
0.305163
0.305324
0.305232
0.305078
0.305358
0.305430
0.305139
0.305036
0.305080
0.305271
0.305099
0.305134
0.305114
0.305145
0.305192
0.305268
0.305320
0.305300
0.305294
0.305128
0.305128
0.305171
0.305253
0.305382
0.305482
0.305354
0.305417
0.305210
0.305225
0.305171
0.305242
0.305455
0.305315
0.305291
0.305371
0.305360
0.305419
0.305327
0.305352
0.305143
0.305252
0.305449
0.305343
0.305271
0.305322
0.305307
0.305303
0.305312
0.305154
0.305263
0.305337
0.305310
0.305385
0.305236
0.305185
0.305324
0.305036
0.305279
0.305279
0.305280
0.305173
0.305085
0.305151
0.305282
0.305169
0.305369
0.305313
0.305234
0.305315
0.305211
0.305110
0.305078
0.305154
0.305471
0.305376
0.305285
0.305253
0.305128
0.305188
0.305223
0.305199
0.305245
0.305221
0.305295
0.305250
0.305362
0.305347
0.305260
0.305246
0.305241
0.305391
0.305518
0.305347
0.305185
0.305373
0.305186
0.305149
0.305191
0.305364
0.305278
0.305256
0.305299
0.305271
0.305170
0.305275
0.305182
0.305229
0.305249
0.305228
0.305270
0.305216
0.305345
0.305173
0.305191
0.305160
0.305116
0.305173
0.305254
0.305249
0.305239
0.305179
0.305172
0.305198
0.305265
0.305309
0.305320
0.305106
0.305330
0.305219
0.305086
0.305265
0.305257
0.305174
0.305214
0.305319
0.305233
0.305208
0.305170
0.305260
0.305263
0.305443
0.305453
0.305531
0.305214
0.305349
0.305599
0.305400
0.305278
0.305267
0.305199
0.305140
0.305120
0.305363
0.305184
0.305257
0.305302
0.305335
0.305512
0.305133
0.305151
0.305097
0.305332
0.305323
0.305200
0.305364
0.305411
0.305344
0.305191
0.305302
0.305311
0.305106
0.305241
0.305284
0.305403
0.305522
0.305415
0.305248
0.305584
0.305244
0.305274
0.305365
0.305124
0.305264
0.305523
0.305283
0.305624
0.305294
0.305152
0.305399
0.305253
0.305269
0.305283
0.305366
0.305331
0.305301
0.305250
0.305323
0.305368
0.305206
0.305382
0.305482
0.305256
0.305453
0.305259
0.305384
0.305298
0.305266
0.305237
0.305303
0.305565
0.305569
0.305323
0.305089
0.305341
0.305270
0.305269
0.305407
0.305301
0.305271
0.305398
0.305350
0.305364
0.305478
0.305355
0.305305
0.305332
0.305390
0.305212
0.305378
0.305214
0.305434
0.305365
0.305327
0.305234
0.305209
0.305152
0.305185
0.305103
0.305431
0.305661
0.305325
0.305395
0.305319
0.305322
0.305442
0.305366
0.305251
0.305268
0.305356
0.305460
0.305550
0.305356
0.305264
0.305296
0.305238
0.305309
0.305334
0.305272
0.305414
0.305325
0.305346
0.305232
0.305217
0.305266
0.305245
0.305310
0.305514
0.305279
0.305393
0.305504
0.305292
0.305377
0.305357
0.305558
0.305445
0.305533
0.305413
0.305337
0.305356
0.305603
0.305525
0.305386
0.305299
0.305346
0.305444
0.305533
0.305393
0.305274
0.305302
0.305176
0.305244
0.305411
0.305596
0.305480
0.305399
0.305439
0.305282
0.305316
0.305109
0.305358
0.305350
0.305307
0.305426
0.305294
0.305268
0.305385
0.305308
0.305356
0.305407
0.305271
0.305401
0.305196
0.305210
0.305406
0.305365
0.305396
0.305390
0.305431
0.305403
0.305332
0.305378
0.305353
0.305293
0.305334
0.305352
0.305494
0.305393
0.305346
0.305410
0.305502
0.305622
0.305671
0.305451
0.305525
0.305392
0.305348
0.305341
0.305299
0.305322
0.305383
0.305355
0.305268
0.305502
0.305643
0.305504
0.305572
0.305487
0.305302
0.305452
0.305313
0.305306
0.305333
0.305354
0.305441
0.305346
0.305453
0.305314
0.305330
0.305366
0.305325
0.305374
0.305580
0.305497
0.305337
0.305247
0.305499
0.305657
0.305271
0.305418
0.305374
0.305488
0.305307
0.305489
0.305436
0.305411
0.305490
0.305361
0.305299
0.305377
0.305210
0.305333
0.305423
0.305197
0.305337
0.305362
0.305334
0.305282
0.305258
0.305480
0.305452
0.305481
0.305471
0.305462
0.305425
0.305468
0.305392
0.305369
0.305366
0.305408
0.305372
0.305382
0.305332
0.305435
0.305346
0.305255
0.305246
0.305395
0.305329
0.305406
0.305282
0.305344
0.305536
0.305390
0.305641
0.305604
0.305417
0.305295
0.305199
0.305444
0.305607
0.305384
0.305278
0.305149
0.305138
0.305427
0.305408
0.305225
0.305237
0.305387
0.305593
0.305459
0.305332
0.305323
0.305209
0.305340
0.305203
0.305486
0.305501
0.305405
0.305342
0.305438
0.305474
0.305561
0.305572
0.305413
0.305496
0.305443
0.305267
0.305482
0.305332
0.305478
0.305367
0.305395
0.305599
0.305492
0.305325
0.305344
0.305506
0.305419
0.305322
0.305394
0.305414
0.305479
0.305461
0.305438
0.305405
0.305429
0.305539
0.305423
0.305252
0.305491
0.305411
0.305351
0.305249
0.305296
0.305324
0.305500
0.305480
0.305376
0.305215
0.305660
0.305455
0.305520
0.305276
0.305465
0.305424
0.305445
0.305434
0.305416
0.305514
0.305453
0.305440
0.305366
0.305387
0.305412
0.305293
0.305330
0.305563
0.305317
0.305505
0.305501
0.305464
0.305525
0.305444
0.305491
0.305417
0.305391
0.305478
0.305453
0.305350
0.305470
0.305530
0.305572
0.305504
0.305387
0.305449
0.305455
0.305553
0.305437
0.305285
0.305558
0.305522
0.305784
0.305469
0.305478
0.305495
0.305472
0.305543
0.305317
0.305329
0.305688
0.305698
0.305413
0.305509
0.305460
0.305278
0.305325
0.305365
0.305544
0.305492
0.305566
0.305392
0.305478
0.305496
0.305434
0.305563
0.305411
0.305414
0.305469
0.305688
0.305439
0.305471
0.305472
0.305466
0.305583
0.305416
0.305713
0.305624
0.305565
0.305707
0.305553
0.305437
0.305376
0.305461
0.305425
0.305333
0.305385
0.305468
0.305427
0.305541
0.305407
0.305333
0.305447
0.305302
0.305441
0.305473
0.305349
0.305474
0.305365
0.305322
0.305394
0.305412
0.305375
0.305416
0.305415
0.305490
0.305486
0.305419
0.305457
0.305537
0.305306
0.305342
0.305443
0.305436
0.305353
0.305332
0.305533
0.305270
0.305429
0.305533
0.305504
0.305327
0.305509
0.305621
0.305397
0.305191
0.305238
0.305310
0.305234
0.305495
0.305373
0.305328
0.305360
0.305475
0.305575
0.305559
0.305558
0.305471
0.305484
0.305582
0.305512
0.305372
0.305292
0.305623
0.305306
0.305324
0.305384
0.305544
0.305523
0.305403
0.305352
0.305501
0.305512
0.305359
0.305361
0.305292
0.305276
0.305433
0.305631
0.305719
0.305479
0.305540
0.305492
0.305510
0.305371
0.305482
0.305296
0.305369
0.305356
0.305481
0.305428
0.305494
0.305490
0.305309
0.305380
0.305409
0.305457
0.305600
0.305580
0.305583
0.305396
0.305448
0.305380
0.305375
0.305549
0.305492
0.305439
0.305372
0.305312
0.305365
0.305574
0.305465
0.305389
0.305328
0.305387
0.305426
0.305311
0.305455
0.305580
0.305595
0.305367
0.305589
0.305482
0.305386
0.305416
0.305298
0.305368
0.305441
0.305355
0.305579
0.305449
0.305545
0.305423
0.305414
0.305512
0.305421
0.305417
0.305445
0.305383
0.305445
0.305595
0.305499
0.305558
0.305539
0.305654
0.305734
0.305790
0.305645
0.305498
0.305455
0.305641
0.305652
0.305279
0.305569
0.305393
0.305486
0.305370
0.305452
0.305362
0.305388
0.305547
0.305407
0.305567
0.305446
0.305611
0.305760
0.305480
0.305374
0.305604
0.305331
0.305375
0.305371
0.305398
0.305322
0.305333
0.305428
0.305559
0.305381
0.305341
0.305400
0.305598
0.305486
0.305551
0.305609
0.305356
0.305364
0.305491
0.305564
0.305408
0.305486
0.305522
0.305285
0.305269
0.305422
0.305457
0.305439
0.305571
0.305640
0.305735
0.305416
0.305548
0.305511
0.305459
0.305585
0.305433
0.305559
0.305452
0.305258
0.305438
0.305253
0.305309
0.305459
0.305458
0.305527
0.305610
0.305668
0.305523
0.305405
0.305344
0.305600
0.305552
0.305393
0.305376
0.305305
0.305558
0.305409
0.305589
0.305420
0.305507
0.305366
0.305571
0.305524
0.305453
0.305550
0.305574
0.305603
0.305631
0.305511
0.305233
0.305424
0.305415
0.305482
0.305244
0.305485
0.305519
0.305458
0.305364
0.305505
0.305502
0.305492
0.305355
0.305292
0.305486
0.305347
0.305454
0.305468
0.305448
0.305547
0.305415
0.305393
0.305580
0.305733
0.305642
0.305586
0.305596
0.305462
0.305788
0.305593
0.305544
0.305320
0.305714
0.305508
0.305442
0.305343
0.305315
0.305319
0.305533
0.305407
0.305462
0.305418
0.305528
0.305412
0.305462
0.305481
0.305588
0.305442
0.305314
0.305479
0.305571
0.305427
0.305333
0.305379
0.305354
0.305414
0.305471
0.305521
0.305584
0.305480
0.305508
0.305507
0.305437
0.305447
0.305288
0.305359
0.305275
0.305459
0.305639
0.305475
0.305564
0.305349
0.305489
0.305527
0.305460
0.305573
0.305658
0.305504
0.305516
0.305586
0.305547
0.305667
0.305765
0.305596
0.305465
0.305370
0.305408
0.305538
0.305499
0.305504
0.305325
0.305302
0.305302
0.305417
0.305553
0.305557
0.305468
0.305420
0.305557
0.305526
0.305404
0.305443
0.305502
0.305601
0.305610
0.305548
0.305601
0.305363
0.305384
0.305351
0.305451
0.305484
0.305431
0.305258
0.305257
0.305347
0.305497
0.305504
0.305543
0.305607
0.305517
0.305330
0.305415
0.305468
0.305383
0.305410
0.305365
0.305413
0.305344
0.305428
0.305605
0.305643
0.305438
0.305504
0.305391
0.305410
0.305417
0.305407
0.305446
0.305549
0.305489
0.305566
0.305237
0.305564
0.305550
0.305277
0.305563
0.305420
0.305535
0.305427
0.305540
0.305634
0.305464
0.305402
0.305339
0.305491
0.305514
0.305416
0.305507
0.305362
0.305380
0.305311
0.305443
0.305532
0.305567
0.305540
0.305541
0.305435
0.305591
0.305356
0.305627
0.305719
0.305583
0.305600
0.305687
0.305507
0.305510
0.305526
0.305580
0.305665
0.305410
0.305386
0.305549
0.305514
0.305401
0.305439
0.305491
0.305731
0.305645
0.305517
0.305379
0.305449
0.305349
0.305522
0.305411
0.305482
0.305625
0.305688
0.305469
0.305675
0.305582
0.305722
0.305614
0.305556
0.305525
0.305651
0.305456
0.305324
0.305543
0.305582
0.305423
0.305304
0.305487
0.305771
0.305612
0.305378
0.305386
0.305369
0.305524
0.305414
0.305475
0.305477
0.305563
0.305615
0.305510
0.305642
0.305782
0.305540
0.305364
0.305294
0.305494
0.305700
0.305504
0.305512
0.305432
0.305370
0.305488
0.305584
0.305624
0.305450
0.305614
0.305691
0.305463
0.305474
0.305521
0.305524
0.305446
0.305652
0.305393
0.305434
0.305602
0.305301
0.305395
0.305477
0.305414
0.305495
0.305576
0.305411
0.305419
0.305407
0.305453
0.305628
0.305530
0.305576
0.305578
0.305604
0.305619
0.305513
0.305604
0.305721
0.305374
0.305385
0.305547
0.305536
0.305772
0.305700
0.305519
0.305755
0.305610
0.305528
0.305501
0.305529
0.305593
0.305626
0.305335
0.305365
0.305638
0.305352
0.305398
0.305658
0.305568
0.305450
0.305638
0.305742
0.305564
0.305806
0.305727
0.305783
0.305593
0.305422
0.305463
0.305595
0.305669
0.305447
0.305574
0.305524
0.305589
0.305560
0.305764
0.305661
0.305670
0.305568
0.305460
0.305614
0.305608
0.305665
0.305383
0.305593
0.305645
0.305514
0.305575
0.305358
0.305441
0.305485
0.305674
0.305562
0.305573
0.305663
0.305471
0.305587
0.305584
0.305520
0.305510
0.305678
0.305516
0.305458
0.305483
0.305646
0.305521
0.305534
0.305588
0.305714
0.305746
0.305474
0.305575
0.305516
0.305525
0.305578
0.305481
0.305529
0.305538
0.305479
0.305700
0.305568
0.305529
0.305640
0.305610
0.305570
0.305713
0.305657
0.305482
0.305488
0.305300
0.305409
0.305461
0.305601
0.305530
0.305563
0.305622
0.305590
0.305686
0.305423
0.305514
0.305482
0.305617
0.305679
0.305651
0.305615
0.305359
0.305423
0.305398
0.305706
0.305562
0.305680
0.305395
0.305662
0.305563
0.305638
0.305610
0.305681
0.305489
0.305568
0.305761
0.305560
0.305417
0.305488
0.305497
0.305450
0.305614
0.305593
0.305492
0.305516
0.305619
0.305488
0.305582
0.305622
0.305567
0.305714
0.305706
0.305543
0.305612
0.305463
0.305378
0.305479
0.305678
0.305539
0.305616
0.305652
0.305572
0.305479
0.305430
0.305522
0.305607
0.305498
0.305496
0.305412
0.305550
0.305574
0.305691
0.305513
0.305594
0.305563
0.305408
0.305522
0.305517
0.305435
0.305544
0.305633
0.305556
0.305418
0.305541
0.305780
0.305742
0.305683
0.305534
0.305491
0.305652
0.305486
0.305557
0.305493
0.305628
0.305580
0.305432
0.305381
0.305606
0.305503
0.305504
0.305590
0.305492
0.305559
0.305517
0.305707
0.305740
0.305668
0.305776
0.305417
0.305768
0.305534
0.305729
0.305598
0.305747
0.305670
0.305652
0.305771
0.305698
0.305688
0.305578
0.305520
0.305678
0.305874
0.305967
0.305654
0.305485
0.305579
0.305583
0.305850
0.305733
0.305675
0.305553
0.305610
0.305554
0.305452
0.305783
0.305586
0.305495
0.305701
0.305659
0.305519
0.305596
0.305732
0.305505
0.305547
0.305718
0.305583
0.305557
0.305555
0.305469
0.305507
0.305559
0.305486
0.305664
0.305579
0.305430
0.305634
0.305460
0.305385
0.305493
0.305517
0.305447
0.305652
0.305652
0.305616
0.305532
0.305764
0.305525
0.305715
0.305590
0.305513
0.305602
0.305523
0.305523
0.305625
0.305503
0.305481
0.305550
0.305727
0.305596
0.305441
0.305650
0.305747
0.305597
0.305577
0.305730
0.305707
0.305703
0.305711
0.305805
0.305587
0.305732
0.305822
0.305767
0.305798
0.305679
0.305698
0.305850
0.305737
0.305687
0.305748
0.305588
0.305577
0.305590
0.305668
0.305532
0.305606
0.305698
0.305534
0.305475
0.305441
0.305453
0.305538
0.305668
0.305425
0.305550
0.305634
0.305540
0.305708
0.305817
0.305962
0.305763
0.305794
0.305607
0.305631
0.305778
0.305857
0.305537
0.305676
0.305516
0.305575
0.305583
0.305427
0.305571
0.305601
0.305551
0.305624
0.305599
0.305664
0.305478
0.305603
0.305740
0.305641
0.305601
0.305827
0.305702
0.305606
0.305673
0.305548
0.305530
0.305607
0.305710
0.305536
0.305636
0.305548
0.305705
0.305611
0.305510
0.305585
0.305664
0.305896
0.305632
0.305388
0.305619
0.305544
0.305767
0.305594
0.305872
0.305716
0.305694
0.305787
0.305692
0.305680
0.305740
0.305790
0.305684
0.305595
0.305576
0.305561
0.305675
0.305689
0.305529
0.305643
0.305642
0.305494
0.305427
0.305512
0.305625
0.305629
0.305550
0.305346
0.305420
0.305487
0.305554
0.305463
0.305476
0.305538
0.305532
0.305641
0.305629
0.305669
0.305620
0.305594
0.305588
0.305577
0.305571
0.305540
0.305485
0.305553
0.305910
0.305741
0.305995
0.305683
0.305701
0.305613
0.305514
0.305531
0.305604
0.305470
0.305548
0.305472
0.305516
0.305489
0.305615
0.305864
0.305699
0.305767
0.305678
0.305454
0.305548
0.305529
0.305618
0.305697
0.305619
0.305733
0.305732
0.305767
0.305630
0.305736
0.305390
0.305546
0.305517
0.305680
0.305776
0.305646
0.305677
0.305772
0.305534
0.305538
0.305721
0.305693
0.305649
0.305612
0.305559
0.305476
0.305572
0.305502
0.305531
0.305624
0.305623
0.305746
0.305660
0.305482
0.305660
0.305625
0.305586
0.305632
0.305857
0.306034
0.305729
0.305683
0.305754
0.305695
0.305737
0.305819
0.305733
0.305555
0.305570
0.305769
0.305677
0.305654
0.305814
0.305930
0.305701
0.305719
0.305731
0.305604
0.305687
0.305680
0.305688
0.305777
0.305759
0.305540
0.305720
0.305565
0.305690
0.305593
0.305669
0.305662
0.305536
0.305395
0.305492
0.305671
0.305512
0.305446
0.305669
0.305783
0.305497
0.305614
0.305606
0.305660
0.305540
0.305617
0.305786
0.305580
0.305619
0.305752
0.305731
0.305615
0.305680
0.305683
0.305670
0.305675
0.305617
0.305929
0.305715
0.305598
0.305674
0.305628
0.305555
0.305540
0.305509
0.305596
0.305705
0.305617
0.305666
0.305616
0.305756
0.305574
0.305737
0.305831
0.305800
0.305644
0.305736
0.305578
0.305806
0.305887
0.305871
0.305803
0.305809
0.305757
0.305662
0.305621
0.305716
0.305468
0.305786
0.305725
0.305842
0.305814
0.305708
0.305527
0.305634
0.305792
0.305662
0.305586
0.305669
0.305774
0.305850
0.305893
0.305728
0.305639
0.305538
0.305642
0.305647
0.305560
0.305728
0.305762
0.305754
0.305834
0.305651
0.305646
0.305560
0.305716
0.305739
0.305746
0.305604
0.305615
0.305612
0.305644
0.305596
0.305642
0.305589
0.305558
0.305712
0.305841
0.305721
0.305885
0.305811
0.305872
0.305811
0.305826
0.305658
0.305587
0.305611
0.305581
0.305578
0.305784
0.305753
0.305692
0.305609
0.305447
0.305677
0.305821
0.305898
0.305815
0.305783
0.305901
0.305649
0.305591
0.305676
0.305757
0.305760
0.305845
0.305730
0.305846
0.305756
0.305740
0.305657
0.305815
0.305735
0.305650
0.305789
0.305616
0.305756
0.305540
0.305659
0.305606
0.305704
0.305597
0.305750
0.305688
0.305636
0.305719
0.305800
0.305793
0.305622
0.305619
0.305619
0.305680
0.305563
0.305818
0.305686
0.305573
0.305628
0.305559
0.305773
0.305766
0.305858
0.305685
0.305863
0.305805
0.305800
0.305850
0.305769
0.306001
0.305862
0.305760
0.305791
0.305745
0.305809
0.305779
0.305785
0.305957
0.305858
0.305847
0.305612
0.305617
0.305942
0.305699
0.305721
0.305625
0.305443
0.305719
0.305906
0.305738
0.305664
0.305665
0.305697
0.305525
0.305497
0.305683
0.305563
0.305722
0.305564
0.305706
0.305781
0.305674
0.305672
0.305631
0.305710
0.305695
0.305534
0.305517
0.305676
0.305945
0.305741
0.305930
0.305868
0.305513
0.305660
0.305673
0.305855
0.305827
0.305693
0.305848
0.305672
0.305754
0.305679
0.305720
0.305694
0.305833
0.305591
0.305745
0.305857
0.305971
0.305801
0.305676
0.305672
0.305600
0.305834
0.305938
0.305945
0.305871
0.305835
0.305751
0.305706
0.305676
0.305847
0.305637
0.305754
0.305646
0.305774
0.305814
0.305709
0.305829
0.305702
0.305813
0.305928
0.305684
0.305591
0.305702
0.305920
0.305836
0.305869
0.305706
0.305885
0.305657
0.305724
0.305644
0.305614
0.305875
0.305808
0.305717
0.305732
0.305592
0.305703
0.305642
0.305828
0.305662
0.305998
0.305945
0.305767
0.305979
0.305682
0.305702
0.305845
0.305713
0.305717
0.306010
0.305923
0.305729
0.305727
0.305735
0.305837
0.305729
0.305605
0.305663
0.305696
0.305598
0.305689
0.305773
0.305839
0.305601
0.305745
0.305737
0.305868
0.305948
0.305735
0.305853
0.305850
0.305589
0.305707
0.305771
0.305867
0.305735
0.305694
0.305636
0.305721
0.305937
0.305560
0.305782
0.305835
0.305945
0.305702
0.305662
0.305739
0.305789
0.305806
0.305881
0.305733
0.305619
0.305688
0.305867
0.305819
0.305824
0.305692
0.305592
0.305769
0.305943
0.305898
0.305967
0.305924
0.305850
0.305962
0.305977
0.305853
0.305842
0.305865
0.305741
0.305789
0.305627
0.305774
0.305620
0.305846
0.305791
0.305808
0.305751
0.305655
0.305854
0.305998
0.305622
0.305823
0.305679
0.305760
0.305667
0.305623
0.305860
0.305801
0.305545
0.305801
0.305783
0.305772
0.305810
0.305860
0.305828
0.305694
0.305773
0.305838
0.305858
0.305738
0.305565
0.305841
0.305838
0.305702
0.305974
0.305710
0.305651
0.305727
0.305847
0.305887
0.305827
0.305655
0.305598
0.305858
0.305730
0.305746
0.306024
0.305735
0.305739
0.305826
0.305805
0.305933
0.305691
0.305686
0.305841
0.305780
0.305772
0.305878
0.305771
0.305907
0.305910
0.305959
0.306178
0.305889
0.305818
0.305865
0.305811
0.305724
0.305542
0.305724
0.305943
0.306120
0.306039
0.305790
0.305828
0.305814
0.305715
0.305826
0.305836
0.305667
0.305884
0.305718
0.305835
0.305755
0.305800
0.305820
0.305738
0.305660
0.305764
0.305639
0.305728
0.305674
0.305700
0.305668
0.305742
0.305878
0.305835
0.305921
0.305824
0.305612
0.305966
0.305973
0.305953
0.305792
0.305718
0.305865
0.305685
0.305723
0.305749
0.305752
0.305786
0.305965
0.305893
0.305874
0.305805
0.306002
0.305747
0.305854
0.305823
0.305737
0.305823
0.305628
0.305887
0.305942
0.305828
0.305710
0.305668
0.305854
0.305960
0.305792
0.305705
0.305704
0.305683
0.305896
0.305885
0.305744
0.305737
0.305839
0.305695
0.305635
0.305638
0.305701
0.305896
0.305702
0.305785
0.305713
0.305873
0.305998
0.305729
0.305944
0.305807
0.305591
0.305728
0.305852
0.305650
0.305714
0.305789
0.305672
0.305760
0.305783
0.305755
0.305742
0.305750
0.305934
0.305820
0.305843
0.305853
0.305995
0.305772
0.305794
0.305772
0.305618
0.305698
0.305591
0.305807
0.305720
0.305754
0.305663
0.305845
0.305980
0.305912
0.305799
0.305740
0.305795
0.305699
0.305772
0.305657
0.305648
0.305659
0.305898
0.305806
0.305947
0.306039
0.305646
0.305902
0.305951
0.305970
0.305829
0.305791
0.305812
0.306000
0.305957
0.305935
0.305769
0.305878
0.305943
0.306164
0.305979
0.305779
0.305772
0.305872
0.305798
0.305941
0.305970
0.306033
0.306093
0.306007
0.306008
0.305893
0.305705
0.305625
0.305831
0.305784
0.305896
0.305807
0.305656
0.305535
0.305733
0.305890
0.305947
0.306168
0.305819
0.305762
0.305806
0.305912
0.306053
0.306099
0.306003
0.305945
0.306019
0.305753
0.305833
0.305784
0.306021
0.305936
0.305868
0.305624
0.305837
0.305829
0.305703
0.305817
0.305727
0.305679
0.305765
0.305617
0.305637
0.305753
0.305759
0.305797
0.305850
0.305774
0.305707
0.305837
0.305989
0.305959
0.306071
0.306002
0.305905
0.305761
0.305792
0.305664
0.305724
0.305819
0.306010
0.305764
0.305788
0.305805
0.305947
0.305889
0.306069
0.305860
0.305661
0.305945
0.305816
0.305820
0.305553
0.305729
0.305740
0.305795
0.305859
0.305908
0.305844
0.305957
0.305960
0.306035
0.305857
0.305902
0.305870
0.305942
0.305885
0.306024
0.305958
0.305856
0.305587
0.305948
0.305875
0.305925
0.305957
0.305935
0.305891
0.306129
0.305902
0.305918
0.305972
0.305668
0.305631
0.305889
0.305951
0.306073
0.305971
0.305809
0.305934
0.305848
0.305948
0.305825
0.305705
0.305909
0.305895
0.305822
0.306030
0.305892
0.305965
0.305991
0.306058
0.306015
0.305801
0.305718
0.305810
0.306022
0.305890
0.305840
0.305896
0.305931
0.305721
0.305677
0.305830
0.305861
0.305931
0.305768
0.306113
0.305958
0.305856
0.305917
0.305798
0.306048
0.305791
0.305992
0.305866
0.305996
0.305958
0.305837
0.305881
0.305891
0.306046
0.305901
0.305619
0.305735
0.305761
0.305908
0.305845
0.305861
0.306051
0.305828
0.305889
0.305845
0.305749
0.305932
0.305755
0.305733
0.305820
0.305855
0.305883
0.306023
0.305970
0.305979
0.305911
0.305851
0.305835
0.306015
0.305890
0.305811
0.305829
0.305768
0.305919
0.305849
0.305834
0.305936
0.305751
0.305997
0.305843
0.305852
0.305742
0.305859
0.305901
0.305806
0.305804
0.305845
0.305938
0.305818
0.305811
0.305926
0.305737
0.305777
0.305595
0.305701
0.305872
0.305924
0.305941
0.305891
0.305713
0.305958
0.305906
0.305874
0.305854
0.305807
0.305832
0.305852
0.305889
0.306112
0.305817
0.305906
0.305776
0.306052
0.305875
0.305818
0.305705
0.306007
0.306117
0.306042
0.305905
0.306143
0.305839
0.305822
0.306026
0.305999
0.306007
0.305931
0.305811
0.305811
0.305694
0.305842
0.305872
0.305817
0.305819
0.306010
0.305729
0.305733
0.305788
0.305796
0.305841
0.306008
0.305837
0.305812
0.305820
0.305998
0.305678
0.305914
0.306029
0.305845
0.305779
0.305995
0.305982
0.306046
0.305969
0.305895
0.305768
0.305780
0.305757
0.305944
0.305868
0.305811
0.305827
0.305805
0.305939
0.305903
0.305859
0.305852
0.305794
0.305996
0.305914
0.305859
0.305851
0.305721
0.305821
0.305868
0.305839
0.306133
0.305722
0.305778
0.305889
0.305699
0.305788
0.305882
0.305809
0.306080
0.305975
0.305786
0.305879
0.305987
0.305860
0.305763
0.305979
0.305914
0.305760
0.305852
0.305808
0.305913
0.305861
0.305651
0.305774
0.305816
0.305878
0.305815
0.305807
0.305694
0.305814
0.305794
0.305863
0.306018
0.306145
0.306010
0.305913
0.305880
0.305947
0.305728
0.305818
0.305778
0.305974
0.305924
0.305856
0.305888
0.305719
0.305855
0.305850
0.305957
0.305585
0.305855
0.305719
0.305777
0.306010
0.305799
0.305927
0.306196
0.305935
0.305879
0.306092
0.306084
0.305917
0.305891
0.305850
0.305859
0.305826
0.305897
0.305834
0.305846
0.305844
0.305817
0.305897
0.305947
0.305898
0.305936
0.306069
0.305975
0.306067
0.306041
0.305944
0.306008
0.305913
0.306014
0.305959
0.305982
0.305785
0.305744
0.305843
0.305916
0.305971
0.306042
0.305999
0.305894
0.305925
0.306118
0.305935
0.305893
0.305822
0.306080
0.306176
0.305862
0.305955
0.305930
0.305881
0.305929
0.305929
0.305802
0.305855
0.305864
0.305739
0.305735
0.305900
0.305793
0.305816
0.306175
0.305968
0.305956
0.305912
0.305931
0.305807
0.305903
0.305902
0.305864
0.305666
0.305914
0.306033
0.305754
0.305856
0.305871
0.306003
0.306112
0.305961
0.305937
0.305764
0.305997
0.305808
0.305978
0.305848
0.305857
0.305810
0.305988
0.306009
0.305994
0.306133
0.306107
0.306081
0.305963
0.306054
0.305881
0.306030
0.306165
0.305998
0.306178
0.305901
0.305806
0.305854
0.305918
0.305945
0.305780
0.305963
0.306056
0.306070
0.305893
0.305788
0.305815
0.305915
0.306004
0.305864
0.305856
0.305931
0.305929
0.305917
0.305924
0.305897
0.305925
0.305909
0.305788
0.306032
0.306128
0.306144
0.306027
0.305976
0.305846
0.306026
0.305968
0.306055
0.305954
0.305968
0.305948
0.305817
0.305803
0.306041
0.306023
0.306063
0.305991
0.305972
0.305816
0.305891
0.305871
0.305955
0.305898
0.305952
0.305941
0.305845
0.305763
0.305784
0.305884
0.306066
0.306142
0.305990
0.306118
0.305801
0.306020
0.305754
0.305688
0.305925
0.306048
0.305912
0.305886
0.305924
0.305929
0.305978
0.305943
0.305895
0.305914
0.305884
0.306176
0.306017
0.305984
0.305983
0.305947
0.306066
0.306011
0.305929
0.305915
0.305836
0.305722
0.305769
0.306091
0.306030
0.306108
0.306166
0.305735
0.305889
0.305903
0.305834
0.305953
0.305983
0.305911
0.306209
0.306219
0.306089
0.306322
0.305949
0.305951
0.306060
0.306140
0.306149
0.305950
0.306084
0.306132
0.305979
0.306168
0.306020
0.305996
0.306102
0.305965
0.305938
0.305933
0.306052
0.305834
0.306005
0.305997
0.306079
0.305889
0.305828
0.306002
0.305963
0.306118
0.305933
0.305858
0.305989
0.306000
0.306226
0.306084
0.306098
0.305964
0.305912
0.305882
0.306001
0.306071
0.306040
0.305983
0.305968
0.305867
0.305912
0.305933
0.305898
0.305852
0.306120
0.306214
0.306066
0.306303
0.306242
0.306173
0.306043
0.306044
0.306106
0.306135
0.305906
0.305809
0.305891
0.305981
0.306020
0.305915
0.305948
0.306021
0.305949
0.305822
0.306013
0.306038
0.305919
0.305952
0.305976
0.305950
0.306133
0.306089
0.306102
0.306065
0.305992
0.305967
0.305921
0.305801
0.305750
0.305994
0.306105
0.306016
0.306084
0.305880
0.305986
0.306048
0.306070
0.306267
0.305969
0.305779
0.305975
0.305964
0.305945
0.305903
0.305984
0.306066
0.306027
0.305979
0.305885
0.306037
0.305885
0.305900
0.306179
0.305999
0.305918
0.306078
0.306180
0.306060
0.306052
0.306219
0.306196
0.305987
0.305936
0.306116
0.305955
0.306033
0.306299
0.306268
0.306045
0.305954
0.305957
0.305971
0.306262
0.306045
0.305960
0.305993
0.306127
0.306180
0.305942
0.306115
0.305974
0.305816
0.306051
0.305866
0.305970
0.306117
0.306016
0.306267
0.306074
0.306007
0.305919
0.306009
0.306105
0.305828
0.306124
0.306033
0.306160
0.306104
0.306000
0.306094
0.306255
0.305950
0.305899
0.305983
0.305937
0.306082
0.305969
0.306064
0.305994
0.305922
0.305819
0.305890
0.306026
0.306058
0.305975
0.306100
0.306039
0.306027
0.305959
0.306005
0.306012
0.305979
0.306018
0.305971
0.305875
0.305989
0.305838
0.305840
0.305914
0.305845
0.305984
0.306055
0.306071
0.306184
0.306014
0.306323
0.306230
0.305965
0.306115
0.306148
0.306272
0.306227
0.306295
0.306125
0.306255
0.306166
0.306109
0.306049
0.306010
0.306091
0.306154
0.306076
0.305944
0.305969
0.306179
0.306017
0.306151
0.306141
0.306166
0.305961
0.306122
0.306149
0.306048
0.306101
0.305981
0.306115
0.306131
0.306195
0.306342
0.306090
0.305928
0.305866
0.306026
0.306162
0.305993
0.306027
0.305918
0.306007
0.306287
0.306072
0.306056
0.306021
0.306069
0.306078
0.305955
0.305903
0.306005
0.306030
0.306201
0.306172
0.306166
0.306200
0.305860
0.305939
0.306197
0.305990
0.306067
0.306041
0.306228
0.305954
0.306177
0.306070
0.305942
0.306073
0.306034
0.305965
0.305921
0.305767
0.305925
0.305875
0.305985
0.306148
0.306193
0.306206
0.305995
0.305895
0.306044
0.306015
0.306067
0.305972
0.306013
0.305913
0.305898
0.305926
0.305853
0.306184
0.306135
0.306240
0.305906
0.306132
0.306132
0.306134
0.306218
0.306005
0.306017
0.306071
0.305994
0.306301
0.306225
0.306076
0.306244
0.306118
0.306168
0.305953
0.306052
0.306074
0.305900
0.305999
0.306004
0.305979
0.305989
0.305933
0.306031
0.305985
0.305916
0.305867
0.305964
0.305830
0.306098
0.306034
0.306133
0.305890
0.305957
0.305919
0.305981
0.305941
0.306105
0.306107
0.306198
0.306080
0.306212
0.306251
0.306017
0.305986
0.305977
0.306198
0.306125
0.306164
0.306022
0.306207
0.305970
0.306145
0.306112
0.306166
0.306012
0.306153
0.306122
0.306184
0.306004
0.306078
0.306196
0.306059
0.306073
0.306153
0.306194
0.305999
0.306064
0.306214
0.306115
0.306149
0.305953
0.306018
0.305998
0.306081
0.306072
0.306085
0.306071
0.306048
0.306069
0.305997
0.305921
0.306144
0.306129
0.306063
0.305992
0.306088
0.306076
0.306069
0.306292
0.306100
0.306091
0.306295
0.306394
0.306237
0.306252
0.306129
0.306068
0.306011
0.306127
0.306015
0.306052
0.305989
0.305990
0.306044
0.306185
0.305912
0.305967
0.305883
0.305883
0.305871
0.305980
0.306049
0.306007
0.306077
0.305905
0.306013
0.305970
0.305814
0.305806
0.305833
0.306025
0.306232
0.306042
0.306146
0.306070
0.305954
0.305917
0.306079
0.305981
0.306056
0.306136
0.306036
0.306072
0.306020
0.306017
0.305881
0.306189
0.306148
0.306164
0.306107
0.305959
0.306021
0.306120
0.306095
0.306165
0.305999
0.305926
0.306032
0.305970
0.306261
0.306040
0.305974
0.306073
0.305930
0.306039
0.306022
0.306044
0.305971
0.305963
0.305977
0.306339
0.306351
0.306170
0.306172
0.306078
0.306083
0.306022
0.305940
0.305923
0.305924
0.306127
0.306067
0.306061
0.305949
0.305972
0.306019
0.305922
0.306153
0.306051
0.306230
0.306198
0.306208
0.306230
0.306045
0.306280
0.306251
0.306174
0.306234
0.306050
0.306068
0.305904
0.305998
0.305968
0.305928
0.305932
0.306139
0.306046
0.306120
0.306025
0.306102
0.306001
0.305995
0.306033
0.306022
0.306014
0.306015
0.305987
0.306205
0.306087
0.306185
0.306058
0.306021
0.306143
0.306130
0.306175
0.306179
0.306062
0.306217
0.306236
0.306144
0.306211
0.306051
0.305983
0.305995
0.306030
0.306165
0.305979
0.306142
0.305960
0.306097
0.305953
0.306181
0.306110
0.306123
0.306134
0.306239
0.306342
0.306124
0.305968
0.305897
0.305913
0.306050
0.306080
0.305993
0.306001
0.306182
0.306141
0.306186
0.306290
0.306131
0.306230
0.305826
0.305852
0.306062
0.306337
0.306313
0.306103
0.306369
0.306286
0.306248
0.305983
0.305874
0.306125
0.306031
0.306202
0.306068
0.306129
0.306303
0.306451
0.306320
0.305994
0.306077
0.306088
0.306250
0.306074
0.306006
0.306069
0.306246
0.306229
0.306147
0.306159
0.305850
0.306218
0.306248
0.306070
0.306217
0.306177
0.306174
0.306143
0.305985
0.306166
0.306180
0.306101
0.306176
0.305954
0.306004
0.306019
0.305992
0.306232
0.306060
0.305927
0.305878
0.306052
0.305855
0.305951
0.306130
0.306241
0.306082
0.305973
0.305891
0.306314
0.306207
0.306087
0.306179
0.306190
0.306214
0.306180
0.306271
0.306110
0.306160
0.306026
0.306006
0.306128
0.305995
0.306099
0.306207
0.306126
0.306232
0.306178
0.305932
0.306218
0.306239
0.306115
0.306083
0.305936
0.306091
0.306097
0.306017
0.306185
0.306173
0.306192
0.306062
0.305996
0.306025
0.306014
0.306082
0.306104
0.306147
0.306103
0.306184
0.306228
0.306079
0.306204
0.306083
0.306048
0.306186
0.306091
0.306219
0.306053
0.306278
0.306441
0.306354
0.306262
0.306162
0.306041
0.306173
0.306187
0.306251
0.306020
0.306041
0.306106
0.306012
0.306231
0.306151
0.306163
0.306204
0.306079
0.306042
0.306077
0.305968
0.306030
0.306032
0.306095
0.306057
0.305969
0.306216
0.306128
0.306336
0.306327
0.306140
0.306166
0.306176
0.306149
0.306239
0.306196
0.306006
0.306066
0.306130
0.306292
0.306217
0.306139
0.306078
0.306251
0.306246
0.306195
0.306115
0.306266
0.306110
0.306229
0.306058
0.306184
0.306232
0.305982
0.306206
0.306152
0.306107
0.306338
0.306014
0.306186
0.306324
0.306289
0.306324
0.306176
0.306317
0.306191
0.306196
0.306321
0.306394
0.306158
0.305899
0.306023
0.306055
0.306046
0.306011
0.306179
0.306247
0.306158
0.306173
0.305998
0.306233
0.306125
0.306095
0.306103
0.306097
0.306173
0.306117
0.305956
0.305949
0.306068
0.306212
0.306254
0.306177
0.306206
0.306275
0.306354
0.306295
0.306124
0.306087
0.306181
0.306302
0.306086
0.306279
0.306182
0.306289
0.306330
0.306181
0.306130
0.306314
0.306029
0.306069
0.306079
0.306303
0.306327
0.306097
0.306214
0.306197
0.306311
0.306233
0.306145
0.306228
0.306287
0.306214
0.306214
0.306018
0.306134
0.306120
0.306320
0.306156
0.306518
0.306216
0.306095
0.306259
0.306158
0.306084
0.306276
0.306050
0.306135
0.306313
0.306201
0.306237
0.306244
0.305976
0.305925
0.306021
0.306306
0.306006
0.306427
0.306238
0.306140
0.306391
0.306128
0.306162
0.306242
0.306158
0.306063
0.306298
0.306202
0.306180
0.306180
0.306099
0.306280
0.306123
0.306119
0.306045
0.305935
0.306059
0.305872
0.306061
0.306135
0.306272
0.306399
0.306235
0.306131
0.306255
0.306191
0.306083
0.306198
0.306298
0.306218
0.306103
0.306066
0.306093
0.306046
0.306037
0.306149
0.306287
0.306320
0.306167
0.306047
0.306344
0.305987
0.306102
0.306191
0.306101
0.306292
0.306239
0.306212
0.306210
0.306098
0.306240
0.306245
0.306157
0.306154
0.306093
0.305961
0.306311
0.306256
0.306207
0.306508
0.306196
0.306226
0.306153
0.306066
0.306239
0.306345
0.306265
0.306109
0.305975
0.305956
0.306134
0.306138
0.305879
0.306002
0.306256
0.306125
0.306301
0.306167
0.306122
0.305953
0.306016
0.306070
0.306079
0.306172
0.306240
0.306297
0.306326
0.306008
0.306237
0.306090
0.306039
0.306178
0.306174
0.306193
0.306203
0.306026
0.305898
0.306051
0.306048
0.306209
0.306261
0.306140
0.306296
0.306406
0.306356
0.306324
0.306329
0.306070
0.306116
0.306098
0.306163
0.306141
0.306108
0.306126
0.306224
0.306409
0.306149
0.306005
0.306131
0.306259
0.306218
0.306112
0.306082
0.306182
0.306324
0.306259
0.306185
0.306020
0.306129
0.306127
0.306108
0.306124
0.306175
0.306262
0.306224
0.306297
0.306038
0.306014
0.306120
0.306226
0.306139
0.306146
0.306018
0.306097
0.306289
0.306150
0.306156
0.306176
0.306117
0.306138
0.306037
0.306004
0.306155
0.306363
0.306318
0.306377
0.306334
0.306246
0.306177
0.306336
0.306244
0.306187
0.306257
0.306187
0.306070
0.306366
0.306145
0.306210
0.306206
0.306396
0.306276
0.306227
0.306058
0.306201
0.306179
0.306251
0.306170
0.306213
0.306177
0.306324
0.306109
0.306162
0.306167
0.306256
0.306303
0.306195
0.306276
0.306310
0.306206
0.306181
0.306134
0.306329
0.306161
0.306323
0.306517
0.306402
0.306157
0.306394
0.306123
0.306255
0.306445
0.306310
0.306452
0.306309
0.306196
0.306138
0.306246
0.306132
0.306162
0.306153
0.306223
0.306097
0.306125
0.306089
0.306112
0.306328
0.306071
0.306086
0.306192
0.306041
0.306341
0.306405
0.306235
0.306218
0.306194
0.306250
0.306390
0.306238
0.306310
0.305997
0.306131
0.306073
0.306109
0.306171
0.306130
0.306265
0.306173
0.306083
0.306024
0.306244
0.306095
0.306217
0.306099
0.306070
0.306201
0.306217
0.306164
0.306150
0.306254
0.306201
0.306053
0.305991
0.306150
0.306092
0.306152
0.306257
0.306189
0.306226
0.306209
0.306183
0.306262
0.306270
0.306185
0.306149
0.306010
0.306108
0.306152
0.306119
0.306099
0.306106
0.306417
0.306179
0.306235
0.306272
0.306133
0.306163
0.306153
0.306278
0.306168
0.306236
0.305994
0.306349
0.306278
0.306393
0.306500
0.306376
0.306166
0.306238
0.306355
0.306283
0.306287
0.306308
0.306354
0.306281
0.306236
0.306300
0.306062
0.305999
0.306043
0.306282
0.306319
0.306260
0.306077
0.306112
0.306171
0.306092
0.306161
0.306424
0.306278
0.306168
0.306305
0.306064
0.306179
0.306104
0.306066
0.306077
0.306012
0.306297
0.306196
0.306179
0.306236
0.306029
0.306172
0.306277
0.306298
0.306204
0.306102
0.306100
0.306229
0.306305
0.306263
0.306256
0.306332
0.306223
0.306069
0.306154
0.306318
0.306347
0.306184
0.306192
0.306222
0.306148
0.306272
0.306206
0.306216
0.306143
0.306046
0.306207
0.306097
0.306259
0.306151
0.306377
0.306178
0.306018
0.306069
0.306132
0.306214
0.306033
0.306196
0.306135
0.306185
0.306258
0.306016
0.306162
0.306162
0.306305
0.306294
0.306167
0.306116
0.306017
0.306190
0.306149
0.306201
0.306226
0.306259
0.306114
0.306371
0.306381
0.306357
0.305978
0.306041
0.306153
0.306128
0.306138
0.306108
0.306359
0.306258
0.306136
0.306291
0.306177
0.306320
0.306285
0.306246
0.306217
0.306183
0.306413
0.306264
0.306118
0.306441
0.306268
0.306572
0.306365
0.306276
0.306428
0.306166
0.306334
0.306230
0.306420
0.306485
0.306454
0.306397
0.306271
0.306294
0.306202
0.306198
0.306291
0.306292
0.306088
0.306088
0.306121
0.306264
0.306200
0.306204
0.306123
0.306229
0.306208
0.306403
0.306340
0.306301
0.306316
0.306325
0.306253
0.306542
0.306397
0.306089
0.306271
0.306250
0.306455
0.306522
0.306396
0.306460
0.306246
0.306316
0.306220
0.306279
0.306323
0.306211
0.306176
0.306068
0.306168
0.306426
0.306324
0.306204
0.306538
0.306315
0.306291
0.306013
0.306323
0.306193
0.306105
0.306061
0.306017
0.306130
0.306006
0.306391
0.306305
0.306264
0.306256
0.306337
0.306238
0.306346
0.306321
0.306259
0.306099
0.306246
0.306149
0.306365
0.306522
0.306133
0.306284
0.306252
0.306209
0.306384
0.306227
0.306364
0.306294
0.306373
0.306423
0.306258
0.306396
0.306241
0.306159
0.306212
0.306071
0.306154
0.306133
0.306166
0.306083
0.306202
0.306088
0.306283
0.306136
0.306174
0.306493
0.306294
0.306248
0.306184
0.306197
0.306350
0.306191
0.306328
0.306157
0.306076
0.306243
0.306414
0.306082
0.306318
0.306239
0.306276
0.306371
0.306318
0.306268
0.306221
0.306258
0.306400
0.306420
0.306473
0.306375
0.306508
0.306330
0.306226
0.306283
0.306401
0.306225
0.306496
0.306427
0.306472
0.306289
0.306312
0.306345
0.306534
0.306239
0.306305
0.306335
0.306241
0.306496
0.306364
0.306623
0.306396
0.306414
0.306166
0.306387
0.306258
0.306400
0.306368
0.306306
0.306076
0.306121
0.306166
0.306283
0.306290
0.306235
0.306226
0.306443
0.306338
0.306046
0.306191
0.306361
0.306482
0.306409
0.306464
0.306293
0.306170
0.306264
0.306307
0.306365
0.306461
0.306301
0.306340
0.306333
0.306381
0.306414
0.306136
0.306260
0.306160
0.306142
0.306168
0.306337
0.306333
0.306264
0.306131
0.306376
0.306215
0.306026
0.306136
0.306271
0.306278
0.306224
0.306421
0.306352
0.306321
0.306291
0.306369
0.306516
0.306389
0.306388
0.306326
0.306388
0.306666
0.306574
0.306477
0.306373
0.306388
0.306373
0.306387
0.306464
0.306263
0.306261
0.306285
0.306286
0.306169
0.306304
0.306283
0.306429
0.306229
0.306343
0.306513
0.306426
0.306337
0.306541
0.306155
0.306367
0.306275
0.306309
0.306506
0.306333
0.306224
0.306402
0.306376
0.306077
0.306221
0.306116
0.306199
0.306067
0.306227
0.306257
0.306236
0.306148
0.306185
0.306302
0.306374
0.306456
0.306234
0.306217
0.306276
0.306258
0.306272
0.306179
0.306332
0.306165
0.306095
0.306215
0.306284
0.306346
0.306299
0.306342
0.306360
0.306400
0.306284
0.306137
0.306339
0.306323
0.306547
0.306174
0.306327
0.306217
0.306150
0.306144
0.306297
0.306249
0.306156
0.306303
0.306221
0.306141
0.306240
0.306339
0.306298
0.306588
0.306130
0.306153
0.306195
0.306180
0.306239
0.306387
0.306471
0.306182
0.306223
0.306090
0.306268
0.306228
0.306158
0.306264
0.306299
0.306180
0.306294
0.306294
0.306589
0.306688
0.306558
0.306453
0.306181
0.306246
0.306208
0.306201
0.306179
0.306207
0.306224
0.306377
0.306528
0.306300
0.306316
0.306175
0.306290
0.306261
0.306362
0.306308
0.306316
0.306248
0.306250
0.306333
0.306415
0.306294
0.306213
0.306382
0.306511
0.306351
0.306266
0.306251
0.306169
0.306139
0.306336
0.306117
0.306251
0.306293
0.306448
0.306264
0.306109
0.306249
0.306083
0.306186
0.306254
0.306217
0.306324
0.306233
0.306331
0.306566
0.306523
0.306374
0.306287
0.306227
0.306226
0.306243
0.306421
0.306270
0.306116
0.306258
0.306411
0.306247
0.306431
0.306398
0.306378
0.306197
0.306306
0.306174
0.306321
0.306423
0.306156
0.306226
0.306150
0.306145
0.306344
0.306281
0.306132
0.306211
0.306151
0.306226
0.306332
0.306238
0.306302
0.306089
0.306414
0.306133
0.306249
0.306311
0.306340
0.306316
0.306365
0.306245
0.306334
0.306201
0.306373
0.306427
0.306451
0.306442
0.306403
0.306466
0.306236
0.306254
0.306461
0.306293
0.306076
0.306257
0.306362
0.306420
0.306350
0.306315
0.306241
0.306200
0.306268
0.306350
0.306503
0.306328
0.306415
0.306420
0.306358
0.306568
0.306517
0.306593
0.306214
0.306260
0.306468
0.306468
0.306386
0.306204
0.306200
0.306226
0.306171
0.306294
0.306405
0.306083
0.306106
0.306364
0.306157
0.306324
0.306185
0.306299
0.305997
0.306194
0.306061
0.306236
0.306139
0.306277
0.306219
0.306221
0.306327
0.306372
0.306162
0.306254
0.306310
0.306150
0.306271
0.306376
0.306368
0.306247
0.306472
0.306539
0.306427
0.306287
0.306154
0.306377
0.306206
0.306347
0.306371
0.306397
0.306336
0.306590
0.306448
0.306288
0.306250
0.306269
0.306123
0.306312
0.306421
0.306485
0.306448
0.306675
0.306383
0.306300
0.306414
0.306656
0.306329
0.306183
0.306326
0.306386
0.306405
0.306433
0.306367
0.306369
0.306485
0.306154
0.306290
0.306298
