0.281833
0.287954
0.292165
0.295626
0.298750
0.300642
0.302609
0.304137
0.305222
0.306090
0.306729
0.307704
0.308812
0.309078
0.309245
0.309830
0.310463
0.311095
0.311323
0.311940
0.312042
0.312305
0.312566
0.313025
0.313272
0.313432
0.313655
0.313963
0.314256
0.314577
0.314891
0.315186
0.315610
0.315988
0.316317
0.316577
0.316827
0.316852
0.316982
0.317028
0.317095
0.317177
0.317204
0.317265
0.317448
0.317580
0.317606
0.317693
0.317818
0.317874
0.317996
0.318148
0.318302
0.318336
0.318398
0.318410
0.318499
0.318488
0.318470
0.318547
0.318620
0.318622
0.318621
0.318720
0.318960
0.318955
0.319113
0.319154
0.319173
0.319162
0.319319
0.319298
0.319323
0.319459
0.319520
0.319518
0.319562
0.319555
0.319549
0.319530
0.319560
0.319710
0.319795
0.319761
0.319836
0.319963
0.320066
0.320126
0.320092
0.320083
0.320105
0.320118
0.320177
0.320175
0.320113
0.320223
0.320226
0.320267
0.320266
0.320300
0.320363
0.320418
0.320448
0.320450
0.320414
0.320436
0.320465
0.320402
0.320424
0.320446
0.320475
0.320539
0.320553
0.320603
0.320543
0.320590
0.320595
0.320671
0.320704
0.320858
0.320884
0.320891
0.320881
0.320894
0.320914
0.320966
0.320937
0.320934
0.320966
0.321059
0.321087
0.321127
0.321157
0.321247
0.321324
0.321348
0.321349
0.321396
0.321472
0.321473
0.321508
0.321539
0.321563
0.321506
0.321498
0.321527
0.321483
0.321514
0.321534
0.321538
0.321550
0.321585
0.321598
0.321637
0.321717
0.321727
0.321851
0.321881
0.321929
0.321929
0.321954
0.321978
0.321949
0.321983
0.321984
0.322002
0.322011
0.321952
0.321959
0.322002
0.321982
0.321976
0.321978
0.321958
0.322083
0.322130
0.322148
0.322159
0.322207
0.322258
0.322310
0.322314
0.322382
0.322393
0.322411
0.322445
0.322489
0.322514
0.322549
0.322569
0.322571
0.322565
0.322511
0.322569
0.322572
0.322602
0.322605
0.322635
0.322656
0.322668
0.322670
0.322682
0.322757
0.322739
0.322737
0.322764
0.322775
0.322786
0.322876
0.322959
0.323000
0.323011
0.323095
0.323118
0.323133
0.323098
0.323052
0.323078
0.323089
0.323110
0.323117
0.323123
0.323112
0.323218
0.323230
0.323237
0.323270
0.323217
0.323283
0.323300
0.323306
0.323331
0.323355
0.323368
0.323373
0.323414
0.323431
0.323485
0.323499
0.323502
0.323507
0.323430
0.323467
0.323462
0.323444
0.323456
0.323445
0.323467
0.323516
0.323525
0.323521
0.323581
0.323615
0.323602
0.323621
0.323621
0.323638
0.323629
0.323635
0.323616
0.323629
0.323630
0.323650
0.323575
0.323577
0.323609
0.323636
0.323618
0.323586
0.323579
0.323596
0.323604
0.323595
0.323586
0.323586
0.323520
0.323524
0.323535
0.323520
0.323536
0.323533
0.323477
0.323488
0.323482
0.323476
0.323497
0.323515
0.323526
0.323529
0.323514
0.323472
0.323527
0.323540
0.323563
0.323515
0.323524
0.323549
0.323581
0.323602
0.323604
0.323588
0.323669
0.323754
0.323802
0.323829
0.323829
0.323789
0.323821
0.323853
0.323851
0.323873
0.323870
0.323879
0.323910
0.323913
0.323980
0.323970
0.323970
0.323999
0.324008
0.324009
0.324018
0.324050
0.324040
0.324087
0.324108
0.324108
0.324167
0.324188
0.324201
0.324224
0.324233
0.324235
0.324219
0.324220
0.324227
0.324226
0.324233
0.324233
0.324231
0.324244
0.324249
0.324253
0.324261
0.324262
0.324271
0.324260
0.324257
0.324261
0.324280
0.324278
0.324293
0.324293
0.324300
0.324353
0.324385
0.324387
0.324500
0.324495
0.324514
0.324532
0.324539
0.324546
0.324549
0.324563
0.324563
0.324571
0.324573
0.324605
0.324624
0.324604
0.324607
0.324653
0.324667
0.324706
0.324697
0.324740
0.324760
0.324769
0.324779
0.324790
0.324781
0.324804
0.324832
0.324853
0.324870
0.324917
0.324916
0.324948
0.324966
0.325054
0.325057
0.325111
0.325135
0.325170
0.325186
0.325189
0.325191
0.325194
0.325200
0.325210
0.325211
0.325265
0.325284
0.325291
0.325291
0.325299
0.325312
0.325316
0.325328
0.325346
0.325331
0.325286
0.325293
0.325295
0.325282
0.325274
0.325286
0.325277
0.325256
0.325277
0.325276
0.325291
0.325298
0.325343
0.325331
0.325356
0.325386
0.325395
0.325457
0.325484
0.325471
0.325461
0.325518
0.325544
0.325560
0.325580
0.325578
0.325585
0.325601
0.325640
0.325678
0.325635
0.325620
0.325647
0.325637
0.325637
0.325636
0.325639
0.325639
0.325640
0.325635
0.325638
0.325693
0.325684
0.325690
0.325693
0.325675
0.325623
0.325634
0.325653
0.325666
0.325762
0.325766
0.325771
0.325776
0.325753
0.325754
0.325743
0.325717
0.325708
0.325729
0.325732
0.325745
0.325750
0.325851
0.325870
0.325819
0.325819
0.325825
0.325848
0.325850
0.325856
0.325842
0.325852
0.325823
0.325832
0.325821
0.325832
0.325834
0.325827
0.325922
0.325935
0.325952
0.325971
0.325981
0.326011
0.326016
0.326041
0.326060
0.326072
0.326075
0.326100
0.326117
0.326142
0.326145
0.326142
0.326185
0.326216
0.326228
0.326236
0.326236
0.326232
0.326238
0.326239
0.326242
0.326244
0.326278
0.326295
0.326298
0.326337
0.326352
0.326360
0.326377
0.326391
0.326391
0.326394
0.326392
0.326377
0.326379
0.326379
0.326381
0.326382
0.326399
0.326400
0.326409
0.326416
0.326444
0.326480
0.326496
0.326495
0.326514
0.326514
0.326514
0.326524
0.326526
0.326542
0.326593
0.326595
0.326596
0.326592
0.326599
0.326590
0.326597
0.326584
0.326605
0.326616
0.326622
0.326647
0.326644
0.326665
0.326675
0.326688
0.326691
0.326743
0.326742
0.326750
0.326797
0.326816
0.326822
0.326856
0.326876
0.326878
0.326881
0.326880
0.326910
0.326932
0.326924
0.326942
0.326954
0.326977
0.326967
0.326963
0.326973
0.326973
0.326987
0.326989
0.327003
0.327019
0.327057
0.327057
0.327058
0.327059
0.327066
0.327071
0.327089
0.327088
0.327102
0.327110
0.327126
0.327130
0.327133
0.327121
0.327124
0.327125
0.327136
0.327154
0.327159
0.327164
0.327177
0.327177
0.327214
0.327217
0.327224
0.327235
0.327236
0.327237
0.327257
0.327280
0.327282
0.327300
0.327302
0.327309
0.327330
0.327350
0.327359
0.327367
0.327376
0.327379
0.327370
0.327391
0.327390
0.327391
0.327392
0.327396
0.327400
0.327413
0.327436
0.327431
0.327432
0.327437
0.327475
0.327492
0.327494
0.327497
0.327518
0.327536
0.327547
0.327558
0.327562
0.327534
0.327538
0.327557
0.327568
0.327576
0.327619
0.327620
0.327631
0.327633
0.327625
0.327624
0.327640
0.327642
0.327663
0.327672
0.327682
0.327699
0.327721
0.327804
0.327814
0.327830
0.327834
0.327846
0.327847
0.327848
0.327853
0.327867
0.327912
0.327912
0.327934
0.327962
0.327971
0.327985
0.327979
0.328023
0.328028
0.328028
0.328034
0.328040
0.328053
0.328054
0.328069
0.328067
0.328076
0.328107
0.328110
0.328104
0.328138
0.328071
0.328081
0.328102
0.328120
0.328121
0.328127
0.328116
0.328125
0.328125
0.328099
0.328095
0.328152
0.328155
0.328155
0.328155
0.328157
0.328162
0.328163
0.328167
0.328179
0.328182
0.328194
0.328185
0.328215
0.328219
0.328251
0.328252
0.328254
0.328285
0.328294
0.328297
0.328291
0.328295
0.328303
0.328315
0.328309
0.328309
0.328311
0.328310
0.328354
0.328357
0.328378
0.328410
0.328414
0.328422
0.328425
0.328438
0.328477
0.328481
0.328429
0.328442
0.328454
0.328500
0.328513
0.328494
0.328520
0.328522
0.328522
0.328551
0.328552
0.328546
0.328556
0.328563
0.328608
0.328594
0.328584
0.328589
0.328580
0.328592
0.328599
0.328578
0.328610
0.328627
0.328627
0.328644
0.328650
0.328654
0.328641
0.328648
0.328727
0.328727
0.328731
0.328737
0.328738
0.328754
0.328754
0.328763
0.328763
0.328766
0.328805
0.328828
0.328832
0.328837
0.328849
0.328849
0.328829
0.328831
0.328833
0.328857
0.328861
0.328867
0.328896
0.328945
0.328947
0.328947
0.328948
0.328948
0.328955
0.328957
0.328975
0.328971
0.328975
0.328977
0.328977
0.328985
0.329025
0.329021
0.329008
0.329012
0.328984
0.329007
0.329009
0.329023
0.329028
0.329029
0.329027
0.329031
0.329034
0.329036
0.329058
0.329077
0.329077
0.329065
0.329065
0.329081
0.329084
0.329091
0.329075
0.329104
0.329114
0.329133
0.329138
0.329141
0.329126
0.329154
0.329172
0.329207
0.329214
0.329215
0.329206
0.329206
0.329175
0.329193
0.329193
0.329197
0.329197
0.329198
0.329200
0.329204
0.329214
0.329214
0.329221
0.329349
0.329353
0.329372
0.329374
0.329380
0.329391
0.329391
0.329377
0.329393
0.329394
0.329400
0.329410
0.329409
0.329411
0.329411
0.329415
0.329422
0.329413
0.329424
0.329435
0.329434
0.329456
0.329450
0.329449
0.329453
0.329461
0.329464
0.329472
0.329478
0.329482
0.329485
0.329478
0.329469
0.329466
0.329466
0.329465
0.329470
0.329470
0.329462
0.329455
0.329434
0.329434
0.329459
0.329464
0.329475
0.329478
0.329488
0.329525
0.329517
0.329523
0.329535
0.329540
0.329557
0.329557
0.329560
0.329565
0.329575
0.329588
0.329589
0.329601
0.329597
0.329597
0.329597
0.329597
0.329600
0.329594
0.329602
0.329630
0.329630
0.329629
0.329635
0.329637
0.329640
0.329633
0.329648
0.329627
0.329634
0.329635
0.329646
0.329641
0.329642
0.329649
0.329654
0.329614
0.329617
0.329624
0.329638
0.329646
0.329643
0.329712
0.329698
0.329691
0.329691
0.329695
0.329696
0.329697
0.329724
0.329725
0.329729
0.329751
0.329760
0.329764
0.329777
0.329777
0.329785
0.329789
0.329797
0.329810
0.329828
0.329829
0.329838
0.329838
0.329842
0.329849
0.329862
0.329862
0.329862
0.329866
0.329866
0.329882
0.329882
0.329909
0.329935
0.329923
0.329923
0.329930
0.329931
0.329942
0.329962
0.329972
0.329985
0.329969
0.329972
0.329973
0.329974
0.329978
0.329978
0.329990
0.329995
0.329996
0.330001
0.330016
0.330020
0.330034
0.330045
0.330052
0.330066
0.330080
0.330092
0.330098
0.330096
0.330088
0.330102
0.330096
0.330108
0.330111
0.330114
0.330131
0.330130
0.330137
0.330160
0.330149
0.330149
0.330163
0.330165
0.330165
0.330176
0.330164
0.330169
0.330175
0.330192
0.330196
0.330204
0.330218
0.330220
0.330229
0.330234
0.330234
0.330249
0.330263
0.330275
0.330277
0.330255
0.330257
0.330258
0.330257
0.330257
0.330261
0.330251
0.330252
0.330252
0.330256
0.330271
0.330301
0.330302
0.330313
0.330323
0.330326
0.330331
0.330331
0.330344
0.330348
0.330355
0.330363
0.330368
0.330368
0.330377
0.330378
0.330378
0.330379
0.330380
0.330355
0.330375
0.330382
0.330385
0.330398
0.330399
0.330389
0.330393
0.330402
0.330416
0.330397
0.330392
0.330409
0.330433
0.330432
0.330433
0.330458
0.330460
0.330460
0.330466
0.330494
0.330500
0.330505
0.330552
0.330523
0.330542
0.330568
0.330568
0.330573
0.330576
0.330617
0.330619
0.330616
0.330616
0.330595
0.330583
0.330577
0.330580
0.330586
0.330577
0.330568
0.330571
0.330571
0.330595
0.330602
0.330620
0.330632
0.330632
0.330633
0.330638
0.330643
0.330644
0.330645
0.330647
0.330649
0.330658
0.330643
0.330650
0.330652
0.330654
0.330668
0.330666
0.330668
0.330680
0.330602
0.330612
0.330614
0.330588
0.330584
0.330602
0.330604
0.330613
0.330613
0.330627
0.330634
0.330652
0.330651
0.330673
0.330676
0.330676
0.330704
0.330706
0.330718
0.330723
0.330718
0.330767
0.330773
0.330792
0.330799
0.330785
0.330786
0.330788
0.330789
0.330803
0.330805
0.330806
0.330807
0.330820
0.330813
0.330822
0.330845
0.330847
0.330847
0.330847
0.330862
0.330890
0.330885
0.330879
0.330886
0.330892
0.330892
0.330894
0.330894
0.330874
0.330878
0.330879
0.330884
0.330915
0.330915
0.330918
0.330920
0.330920
0.330924
0.330942
0.330954
0.330961
0.330982
0.330982
0.330977
0.330984
0.330990
0.330994
0.330996
0.330999
0.331019
0.331031
0.331033
0.331033
0.331061
0.331061
0.331063
0.331064
0.331081
0.331095
0.331121
0.331121
0.331139
0.331156
0.331136
0.331159
0.331170
0.331183
0.331189
0.331190
0.331190
0.331192
0.331196
0.331197
0.331198
0.331193
0.331190
0.331192
0.331192
0.331203
0.331194
0.331200
0.331201
0.331201
0.331213
0.331224
0.331232
0.331238
0.331238
0.331244
0.331250
0.331255
0.331261
0.331280
0.331282
0.331286
0.331291
0.331294
0.331295
0.331297
0.331298
0.331300
0.331300
0.331310
0.331305
0.331319
0.331316
0.331325
0.331322
0.331324
0.331324
0.331324
0.331325
0.331325
0.331341
0.331348
0.331376
0.331382
0.331401
0.331412
0.331423
0.331428
0.331450
0.331451
0.331454
0.331456
0.331462
0.331461
0.331467
0.331473
0.331472
0.331478
0.331485
0.331486
0.331497
0.331498
0.331522
0.331528
0.331528
0.331531
0.331534
0.331541
0.331556
0.331587
0.331592
0.331632
0.331638
0.331658
0.331657
0.331657
0.331676
0.331679
0.331679
0.331680
0.331668
0.331671
0.331671
0.331674
0.331686
0.331692
0.331712
0.331712
0.331747
0.331748
0.331749
0.331750
0.331775
0.331777
0.331788
0.331788
0.331788
0.331788
0.331792
0.331782
0.331783
0.331787
0.331806
0.331807
0.331782
0.331785
0.331787
0.331788
0.331776
0.331770
0.331770
0.331771
0.331779
0.331794
0.331809
0.331811
0.331811
0.331820
0.331831
0.331836
0.331835
0.331844
0.331877
0.331870
0.331870
0.331873
0.331873
0.331870
0.331873
0.331874
0.331874
0.331880
0.331880
0.331899
0.331856
0.331865
0.331869
0.331870
0.331871
0.331880
0.331882
0.331884
0.331884
0.331887
0.331887
0.331922
0.331923
0.331924
0.331945
0.331946
0.331939
0.331939
0.331939
0.331939
0.331940
0.331940
0.331941
0.331940
0.331962
0.331954
0.331965
0.331969
0.331976
0.331976
0.331980
0.331981
0.331981
0.331984
0.331984
0.331956
0.331965
0.331987
0.331989
0.331992
0.331985
0.331989
0.332022
0.332026
0.332030
0.332025
0.332027
0.332050
0.332037
0.332037
0.332047
0.332051
0.332052
0.332054
0.332054
0.332062
0.332064
0.332065
0.332068
0.332070
0.332079
0.332070
0.332072
0.332082
0.332096
0.332095
0.332097
0.332097
0.332097
0.332122
0.332130
0.332133
0.332133
0.332141
0.332143
0.332147
0.332150
0.332153
0.332154
0.332156
0.332158
0.332162
0.332166
0.332206
0.332211
0.332216
0.332214
0.332215
0.332216
0.332215
0.332230
0.332258
0.332260
0.332259
0.332259
0.332261
0.332248
0.332248
0.332219
0.332226
0.332249
0.332249
0.332254
0.332251
0.332260
0.332262
0.332261
0.332218
0.332228
0.332216
0.332220
0.332222
0.332222
0.332215
0.332182
0.332185
0.332190
0.332225
0.332251
0.332253
0.332253
0.332256
0.332261
0.332268
0.332250
0.332273
0.332273
0.332289
0.332294
0.332309
0.332296
0.332322
0.332326
0.332330
0.332338
0.332349
0.332366
0.332384
0.332372
0.332355
0.332349
0.332359
0.332367
0.332377
0.332377
0.332377
0.332413
0.332453
0.332454
0.332468
0.332468
0.332494
0.332494
0.332492
0.332489
0.332486
0.332489
0.332497
0.332509
0.332513
0.332560
0.332567
0.332584
0.332611
0.332611
0.332623
0.332619
0.332622
0.332640
0.332688
0.332681
0.332682
0.332690
0.332692
0.332695
0.332702
0.332682
0.332675
0.332681
0.332684
0.332694
0.332702
0.332714
0.332714
0.332720
0.332727
0.332756
0.332764
0.332758
0.332761
0.332760
0.332761
0.332762
0.332762
0.332750
0.332749
0.332750
0.332766
0.332769
0.332773
0.332779
0.332804
0.332808
0.332796
0.332804
0.332791
0.332805
0.332813
0.332817
0.332819
0.332807
0.332801
0.332793
0.332793
0.332780
0.332780
0.332782
0.332783
0.332866
0.332865
0.332869
0.332924
0.332920
0.332921
0.332921
0.332887
0.332885
0.332886
0.332874
0.332877
0.332855
0.332859
0.332861
0.332861
0.332898
0.332898
0.332901
0.332902
0.332902
0.332904
0.332914
0.332900
0.332902
0.332903
0.332904
0.332944
0.332950
0.332951
0.332968
0.332974
0.332965
0.332975
0.332978
0.332993
0.332994
0.333009
0.333012
0.333014
0.333014
0.333022
0.333023
0.333022
0.333028
0.333029
0.333042
0.333050
0.333050
0.333050
0.333063
0.333068
0.333082
0.333087
0.333087
0.333099
0.333101
0.333103
0.333135
0.333136
0.333141
0.333141
0.333140
0.333153
0.333161
0.333174
0.333176
0.333182
0.333168
0.333171
0.333173
0.333173
0.333185
0.333209
0.333208
0.333213
0.333206
0.333212
0.333215
0.333215
0.333219
0.333222
0.333222
0.333227
0.333228
0.333230
0.333253
0.333255
0.333257
0.333262
0.333263
0.333266
0.333267
0.333274
0.333275
0.333282
0.333292
0.333294
0.333318
0.333319
0.333319
0.333329
0.333329
0.333350
0.333349
0.333349
0.333356
0.333349
0.333349
0.333338
0.333338
0.333353
0.333336
0.333367
0.333384
0.333382
0.333387
0.333388
0.333389
0.333392
0.333398
0.333398
0.333398
0.333399
0.333400
0.333400
0.333403
0.333394
0.333417
0.333420
0.333421
0.333422
0.333422
0.333425
0.333451
0.333451
0.333452
0.333468
0.333471
0.333452
0.333463
0.333464
0.333464
0.333443
0.333469
0.333469
0.333483
0.333483
0.333463
0.333471
0.333471
0.333472
0.333464
0.333464
0.333464
0.333467
0.333469
0.333474
0.333485
0.333481
0.333483
0.333483
0.333528
0.333521
0.333511
0.333517
0.333522
0.333522
0.333522
0.333539
0.333540
0.333550
0.333553
0.333553
0.333558
0.333558
0.333568
0.333602
0.333611
0.333617
0.333635
0.333638
0.333638
0.333646
0.333648
0.333654
0.333669
0.333669
0.333674
0.333690
0.333691
0.333692
0.333707
0.333711
0.333669
0.333677
0.333677
0.333677
0.333679
0.333636
0.333639
0.333640
0.333645
0.333647
0.333677
0.333673
0.333681
0.333685
0.333686
0.333687
0.333687
0.333678
0.333684
0.333688
0.333689
0.333694
0.333674
0.333674
0.333676
0.333678
0.333682
0.333683
0.333683
0.333683
0.333683
0.333689
0.333704
0.333704
0.333707
0.333713
0.333730
0.333731
0.333731
0.333731
0.333727
0.333754
0.333754
0.333759
0.333768
0.333769
0.333788
0.333789
0.333786
0.333780
0.333782
0.333782
0.333791
0.333787
0.333802
0.333795
0.333796
0.333796
0.333800
0.333805
0.333826
0.333831
0.333825
0.333825
0.333825
0.333826
0.333813
0.333814
0.333816
0.333834
0.333834
0.333839
0.333856
0.333858
0.333861
0.333865
0.333863
0.333861
0.333840
0.333840
0.333842
0.333842
0.333842
0.333853
0.333868
0.333870
0.333869
0.333874
0.333880
0.333880
0.333882
0.333883
0.333883
0.333908
0.333899
0.333909
0.333880
0.333882
0.333875
0.333875
0.333872
0.333867
0.333869
0.333854
0.333854
0.333856
0.333856
0.333860
0.333861
0.333864
0.333864
0.333868
0.333864
0.333914
0.333960
0.333962
0.333961
0.333999
0.334001
0.334006
0.334011
0.334021
0.334015
0.334070
0.334143
0.334146
0.334118
0.334116
0.334117
0.334118
0.334118
0.334121
0.334121
0.334116
0.334119
0.334119
0.334119
0.334107
0.334124
0.334124
0.334126
0.334146
0.334146
0.334150
0.334187
0.334192
0.334203
0.334207
0.334208
0.334238
0.334259
0.334263
0.334263
0.334271
0.334283
0.334284
0.334284
0.334284
0.334292
0.334290
0.334283
0.334285
0.334287
0.334308
0.334310
0.334310
0.334320
0.334328
0.334344
0.334363
0.334364
0.334360
0.334360
0.334361
0.334365
0.334362
0.334367
0.334385
0.334385
0.334382
0.334382
0.334384
0.334398
0.334399
0.334354
0.334365
0.334369
0.334374
0.334375
0.334375
0.334379
0.334380
0.334389
0.334388
0.334388
0.334406
0.334408
0.334409
0.334418
0.334420
0.334422
0.334428
0.334377
0.334378
0.334379
0.334385
0.334387
0.334387
0.334387
0.334415
0.334428
0.334433
0.334433
0.334434
0.334439
0.334448
0.334449
0.334449
0.334450
0.334461
0.334449
0.334451
0.334444
0.334444
0.334444
0.334446
0.334425
0.334425
0.334433
0.334433
0.334455
0.334455
0.334481
0.334481
0.334509
0.334524
0.334532
0.334534
0.334535
0.334550
0.334549
0.334550
0.334552
0.334556
0.334560
0.334561
0.334565
0.334566
0.334574
0.334584
0.334585
0.334590
0.334592
0.334593
0.334595
0.334575
0.334577
0.334645
0.334648
0.334651
0.334657
0.334674
0.334680
0.334677
0.334679
0.334679
0.334683
0.334689
0.334691
0.334693
0.334693
0.334663
0.334646
0.334646
0.334652
0.334664
0.334719
0.334719
0.334724
0.334726
0.334735
0.334737
0.334739
0.334740
0.334756
0.334783
0.334787
0.334786
0.334796
0.334799
0.334802
0.334799
0.334799
0.334807
0.334807
0.334801
0.334801
0.334801
0.334801
0.334808
0.334816
0.334816
0.334846
0.334846
0.334838
0.334842
0.334842
0.334843
0.334847
0.334852
0.334851
0.334858
0.334866
0.334867
0.334853
0.334848
0.334856
0.334859
0.334867
0.334868
0.334873
0.334879
0.334888
0.334888
0.334894
0.334904
0.334907
0.334906
0.334920
0.334926
0.334926
0.334930
0.334938
0.334941
0.334947
0.334950
0.334950
0.334952
0.334953
0.334971
0.334973
0.334979
0.334975
0.334970
0.335032
0.335033
0.335038
0.335042
0.335068
0.335070
0.335082
0.335085
0.335085
0.335079
0.335110
0.335099
0.335099
0.335103
0.335103
0.335103
0.335103
0.335105
0.335111
0.335111
0.335111
0.335119
0.335126
0.335132
0.335136
0.335145
0.335146
0.335164
0.335172
0.335173
0.335238
0.335263
0.335264
0.335271
0.335275
0.335275
0.335275
0.335280
0.335279
0.335299
0.335303
0.335307
0.335313
0.335320
0.335320
0.335312
0.335312
0.335314
0.335314
0.335316
0.335316
0.335313
0.335334
0.335336
0.335355
0.335356
0.335356
0.335356
0.335361
0.335362
0.335362
0.335363
0.335366
0.335368
0.335368
0.335370
0.335377
0.335404
0.335411
0.335413
0.335414
0.335419
0.335419
0.335417
0.335422
0.335424
0.335416
0.335436
0.335436
0.335436
0.335441
0.335442
0.335448
0.335447
0.335447
0.335483
0.335499
0.335502
0.335525
0.335523
0.335538
0.335539
0.335557
0.335572
0.335573
0.335578
0.335586
0.335586
0.335586
0.335586
0.335593
0.335593
0.335595
0.335605
0.335598
0.335598
0.335598
0.335597
0.335598
0.335598
0.335593
0.335582
0.335583
0.335605
0.335605
0.335610
0.335611
0.335611
0.335617
0.335625
0.335630
0.335622
0.335627
0.335631
0.335629
0.335629
0.335635
0.335635
0.335636
0.335641
0.335644
0.335646
0.335647
0.335648
0.335651
0.335652
0.335652
0.335653
0.335654
0.335656
0.335656
0.335661
0.335662
0.335662
0.335662
0.335664
0.335669
0.335673
0.335678
0.335685
0.335695
0.335730
0.335732
0.335733
0.335748
0.335748
0.335755
0.335755
0.335759
0.335759
0.335762
0.335761
0.335760
0.335763
0.335765
0.335775
0.335781
0.335785
0.335789
0.335793
0.335797
0.335803
0.335809
0.335810
0.335810
0.335812
0.335813
0.335803
0.335817
0.335769
0.335769
0.335776
0.335776
0.335798
0.335799
0.335812
0.335816
0.335819
0.335840
0.335850
0.335850
0.335849
0.335853
0.335855
0.335860
0.335860
0.335863
0.335867
0.335867
0.335867
0.335877
0.335877
0.335877
0.335877
0.335877
0.335877
0.335880
0.335881
0.335889
0.335889
0.335891
0.335903
0.335904
0.335905
0.335905
0.335912
0.335914
0.335923
0.335940
0.335948
0.335950
0.335963
0.335972
0.335974
0.335981
0.335973
0.335976
0.335977
0.335980
0.335988
0.335984
0.335988
0.335989
0.335991
0.335991
0.335991
0.335992
0.335994
0.335965
0.335971
0.335974
0.335977
0.335979
0.335980
0.335980
0.336000
0.336000
0.336001
0.336010
0.336010
0.335963
0.335972
0.335977
0.335980
0.336013
0.336015
0.336018
0.336028
0.336028
0.336030
0.336021
0.336035
0.336037
0.336038
0.336040
0.336044
0.336048
0.336049
0.336050
0.336051
0.336055
0.336057
0.336051
0.336055
0.336056
0.336057
0.336102
0.336122
0.336128
0.336130
0.336135
0.336138
0.336142
0.336142
0.336149
0.336139
0.336142
0.336145
0.336147
0.336153
0.336154
0.336155
0.336122
0.336165
0.336181
0.336181
0.336181
0.336181
0.336210
0.336210
0.336217
0.336220
0.336218
0.336196
0.336196
0.336227
0.336233
0.336234
0.336251
0.336265
0.336266
0.336268
0.336287
0.336288
0.336293
0.336295
0.336310
0.336312
0.336301
0.336293
0.336306
0.336300
0.336300
0.336300
0.336300
0.336303
0.336303
0.336305
0.336311
0.336311
0.336324
0.336328
0.336329
0.336334
0.336339
0.336342
0.336343
0.336343
0.336352
0.336356
0.336357
0.336355
0.336360
0.336360
0.336363
0.336364
0.336365
0.336365
0.336366
0.336366
0.336378
0.336356
0.336356
0.336356
0.336357
0.336378
0.336381
0.336381
0.336395
0.336401
0.336401
0.336403
0.336418
0.336420
0.336421
0.336421
0.336426
0.336434
0.336436
0.336437
0.336446
0.336465
0.336509
0.336576
0.336578
0.336585
0.336596
0.336603
0.336603
0.336607
0.336613
0.336618
0.336624
0.336626
0.336630
0.336631
0.336636
0.336636
0.336651
0.336640
0.336640
0.336641
0.336657
0.336658
0.336665
0.336672
0.336676
0.336672
0.336672
0.336664
0.336665
0.336660
0.336660
0.336665
0.336666
0.336667
0.336668
0.336672
0.336688
0.336689
0.336693
0.336693
0.336694
0.336703
0.336700
0.336705
0.336707
0.336707
0.336711
0.336715
0.336725
0.336725
0.336725
0.336725
0.336733
0.336743
0.336744
0.336748
0.336750
0.336744
0.336744
0.336751
0.336751
0.336751
0.336752
0.336752
0.336759
0.336759
0.336734
0.336735
0.336724
0.336724
0.336725
0.336728
0.336728
0.336734
0.336737
0.336747
0.336863
0.336865
0.336865
0.336866
0.336870
0.336870
0.336875
0.336881
0.336868
0.336879
0.336863
0.336864
0.336866
0.336866
0.336866
0.336866
0.336885
0.336888
0.336904
0.336898
0.336899
0.336899
0.336906
0.336910
0.336905
0.336910
0.336916
0.336916
0.336917
0.336918
0.336928
0.336929
0.336932
0.336935
0.336938
0.336940
0.336940
0.336942
0.336952
0.336942
0.336972
0.336972
0.336975
0.336981
0.336999
0.337012
0.337014
0.337015
0.337019
0.337020
0.337020
0.337021
0.337021
0.337015
0.337017
0.337017
0.336989
0.336994
0.336993
0.336993
0.336994
0.336995
0.336987
0.336994
0.337023
0.336999
0.337002
0.337008
0.337009
0.337009
0.337010
0.337011
0.337013
0.337013
0.337030
0.337034
0.337034
0.337036
0.337039
0.337020
0.337052
0.337053
0.337070
0.337072
0.337088
0.337094
0.337105
0.337108
0.337115
0.337123
0.337126
0.337127
0.337130
0.337130
0.337131
0.337135
0.337118
0.337120
0.337119
0.337114
0.337121
0.337121
0.337124
0.337134
0.337134
0.337135
0.337146
0.337148
0.337155
0.337155
0.337164
0.337165
0.337165
0.337168
0.337168
0.337168
0.337187
0.337187
0.337192
0.337194
0.337200
0.337200
0.337189
0.337189
0.337190
0.337194
0.337202
0.337202
0.337203
0.337206
0.337206
0.337210
0.337210
0.337228
0.337233
0.337233
0.337234
0.337247
0.337251
0.337252
0.337252
0.337253
0.337236
0.337240
0.337240
0.337240
0.337236
0.337236
0.337247
0.337251
0.337254
0.337257
0.337262
0.337265
0.337268
0.337277
0.337241
0.337243
0.337272
0.337273
0.337283
0.337291
0.337293
0.337293
0.337298
0.337299
0.337299
0.337339
0.337341
0.337335
0.337339
0.337339
0.337339
0.337324
0.337324
0.337325
0.337328
0.337329
0.337328
0.337328
0.337328
0.337329
0.337332
0.337332
0.337332
0.337344
0.337344
0.337345
0.337347
0.337356
0.337367
0.337371
0.337394
0.337394
0.337397
0.337409
0.337410
0.337412
0.337419
0.337420
0.337423
0.337424
0.337439
0.337441
0.337453
0.337453
0.337455
0.337456
0.337458
0.337459
0.337463
0.337463
0.337464
0.337465
0.337466
0.337468
0.337477
0.337477
0.337490
0.337492
0.337493
0.337500
0.337463
0.337463
0.337463
0.337464
0.337494
0.337496
0.337497
0.337507
0.337507
0.337510
0.337513
0.337516
0.337514
0.337515
0.337521
0.337557
0.337566
0.337627
0.337633
0.337627
0.337628
0.337636
0.337627
0.337629
0.337632
0.337632
0.337632
0.337635
0.337635
0.337622
0.337637
0.337639
0.337629
0.337633
0.337634
0.337635
0.337638
0.337638
0.337644
0.337644
0.337644
0.337645
0.337652
0.337648
0.337658
0.337660
0.337660
0.337663
0.337654
0.337657
0.337658
0.337654
0.337662
0.337665
0.337680
0.337682
0.337682
0.337685
0.337689
0.337689
0.337689
0.337690
0.337698
0.337703
0.337703
0.337711
0.337715
0.337715
0.337729
0.337729
0.337730
0.337730
0.337733
0.337732
0.337736
0.337738
0.337750
0.337753
0.337744
0.337744
0.337727
0.337718
0.337719
0.337723
0.337727
0.337731
0.337733
0.337733
0.337756
0.337762
0.337762
0.337766
0.337768
0.337768
0.337768
0.337780
0.337781
0.337782
0.337802
0.337802
0.337804
0.337807
0.337809
0.337815
0.337820
0.337820
0.337823
0.337823
0.337824
0.337825
0.337856
0.337866
0.337874
0.337885
0.337875
0.337876
0.337892
0.337893
0.337889
0.337889
0.337891
0.337892
0.337894
0.337894
0.337897
0.337897
0.337910
0.337928
0.337899
0.337899
0.337900
0.337901
0.337902
0.337905
0.337908
0.337908
0.337908
0.337908
0.337918
0.337924
0.337926
0.337932
0.337956
0.337952
0.337954
0.337970
0.337983
0.337983
0.338005
0.338007
0.338008
0.338020
0.338021
0.338023
0.338024
0.338033
0.338037
0.338044
0.338063
0.338075
0.338084
0.338084
0.338080
0.338065
0.338072
0.338073
0.338062
0.338068
0.338074
0.338077
0.338086
0.338086
0.338096
0.338096
0.338056
0.338059
0.338063
0.338064
0.338069
0.338070
0.338074
0.338008
0.338014
0.338014
0.338014
0.338015
0.338016
0.338016
0.338017
0.338017
0.338016
0.338011
0.338012
0.338012
0.338012
0.338016
0.338018
0.338017
0.338018
0.338018
0.338019
0.338023
0.338028
0.338017
0.338019
0.338033
0.338033
0.338042
0.338050
0.338049
0.338049
0.338055
0.338040
0.338041
0.338041
0.338041
0.338018
0.338020
0.338021
0.338038
0.338039
0.338047
0.338051
0.338051
0.338053
0.338057
0.338057
0.338049
0.338049
0.338049
0.338049
0.338049
0.338051
0.338059
0.338059
0.338060
0.338051
0.338054
0.338054
0.338059
0.338062
0.338053
0.338058
0.338060
0.338060
0.338067
0.338070
0.338051
0.338051
0.338055
0.338056
0.338077
0.338075
0.338077
0.338068
0.338068
0.338071
0.338071
0.338071
0.338073
0.338079
0.338088
0.338091
0.338093
0.338100
0.338102
0.338102
0.338102
0.338116
0.338121
0.338122
0.338122
0.338116
0.338116
0.338117
0.338123
0.338123
0.338125
0.338128
0.338129
0.338138
0.338147
0.338147
0.338147
0.338148
0.338132
0.338137
0.338139
0.338173
0.338173
0.338173
0.338173
0.338174
0.338176
0.338179
0.338179
0.338183
0.338274
0.338277
0.338283
0.338282
0.338282
0.338283
0.338295
0.338290
0.338290
0.338312
0.338313
0.338313
0.338315
0.338320
0.338320
0.338323
0.338323
0.338325
0.338325
0.338326
0.338330
0.338336
0.338336
0.338350
0.338369
0.338371
0.338383
0.338385
0.338382
0.338382
0.338385
0.338387
0.338387
0.338401
0.338406
0.338391
0.338398
0.338404
0.338406
0.338417
0.338437
0.338437
0.338444
0.338443
0.338445
0.338445
0.338445
0.338446
0.338446
0.338458
0.338440
0.338442
0.338444
0.338445
0.338450
0.338458
0.338462
0.338464
0.338466
0.338466
0.338492
0.338497
0.338497
0.338509
0.338509
0.338509
0.338513
0.338515
0.338515
0.338517
0.338517
0.338520
0.338520
0.338526
0.338528
0.338528
0.338531
0.338532
0.338532
0.338532
0.338534
0.338535
0.338536
0.338552
0.338552
0.338553
0.338560
0.338562
0.338569
0.338576
0.338578
0.338578
0.338578
0.338578
0.338581
0.338582
0.338582
0.338596
0.338596
0.338599
0.338599
0.338599
0.338604
0.338604
0.338616
0.338617
0.338613
0.338613
0.338619
0.338619
0.338620
0.338621
0.338623
0.338625
0.338631
0.338636
0.338641
0.338658
0.338659
0.338660
0.338669
0.338679
0.338703
0.338703
0.338703
0.338703
0.338703
0.338741
0.338746
0.338746
0.338749
0.338749
0.338752
0.338765
0.338765
0.338770
0.338770
0.338771
0.338774
0.338774
0.338788
0.338798
0.338800
0.338783
0.338786
0.338785
0.338782
0.338782
0.338785
0.338778
0.338779
0.338779
0.338777
0.338780
0.338787
0.338789
0.338805
0.338814
0.338813
0.338813
0.338813
0.338816
0.338819
0.338810
0.338816
0.338822
0.338823
0.338823
0.338823
0.338821
0.338815
0.338815
0.338817
0.338818
0.338826
0.338808
0.338808
0.338823
0.338824
0.338829
0.338829
0.338846
0.338846
0.338853
0.338854
0.338856
0.338856
0.338858
0.338858
0.338864
0.338867
0.338871
0.338871
0.338871
0.338877
0.338877
0.338903
0.338903
0.338903
0.338906
0.338906
0.338909
0.338909
0.338916
0.338921
0.338926
0.338931
0.338931
0.338930
0.338931
0.338935
0.338936
0.338959
0.338982
0.338983
0.338976
0.338977
0.338979
0.338982
0.338983
0.338984
0.338985
0.338985
0.338981
0.338981
0.338981
0.338980
0.338959
0.338969
0.338988
0.338988
0.338988
0.338991
0.338997
0.338999
0.339000
0.339000
0.339008
0.339015
0.339014
0.339014
0.339018
0.339019
0.339019
0.339022
0.339024
0.339027
0.339027
0.339029
0.339029
0.339026
0.339026
0.339031
0.339033
0.339037
0.339044
0.339044
0.339046
0.339047
0.339052
0.339052
0.339052
0.339053
0.339053
0.339054
0.339068
0.339072
0.339099
0.339100
0.339100
0.339121
0.339121
0.339127
0.339131
0.339131
0.339131
0.339118
0.339122
0.339082
0.339083
0.339085
0.339080
0.339080
0.339084
0.339086
0.339093
0.339094
0.339081
0.339090
0.339093
0.339093
0.339094
0.339121
0.339126
0.339135
0.339143
0.339143
0.339150
0.339151
0.339170
0.339170
0.339173
0.339163
0.339165
0.339170
0.339171
0.339172
0.339180
0.339187
0.339188
0.339188
0.339189
0.339193
0.339198
0.339201
0.339202
0.339204
0.339210
0.339210
0.339213
0.339215
0.339215
0.339215
0.339221
0.339222
0.339222
0.339223
0.339231
0.339238
0.339238
0.339238
0.339246
0.339246
0.339261
0.339264
0.339267
0.339271
0.339272
0.339272
0.339274
0.339292
0.339299
0.339313
0.339314
0.339315
0.339320
0.339320
0.339320
0.339321
0.339323
0.339323
0.339324
0.339322
0.339329
0.339341
0.339343
0.339351
0.339351
0.339352
0.339352
0.339355
0.339357
0.339357
0.339358
0.339362
0.339366
0.339367
0.339360
0.339360
0.339370
0.339376
0.339376
0.339376
0.339394
0.339394
0.339398
0.339387
0.339392
0.339393
0.339409
0.339409
0.339413
0.339413
0.339413
0.339415
0.339427
0.339430
0.339431
0.339433
0.339441
0.339417
0.339418
0.339427
0.339431
0.339449
0.339449
0.339450
0.339453
0.339453
0.339458
0.339470
0.339475
0.339496
0.339497
0.339497
0.339478
0.339483
0.339483
0.339483
0.339484
0.339493
0.339494
0.339501
0.339504
0.339504
0.339506
0.339513
0.339514
0.339518
0.339519
0.339522
0.339513
0.339514
0.339515
0.339527
0.339533
0.339540
0.339541
0.339540
0.339540
0.339541
0.339544
0.339544
0.339555
0.339558
0.339559
0.339567
0.339568
0.339573
0.339574
0.339574
0.339574
0.339575
0.339595
0.339595
0.339594
0.339650
0.339658
0.339658
0.339658
0.339658
0.339659
0.339659
0.339639
0.339642
0.339643
0.339645
0.339648
0.339648
0.339649
0.339649
0.339650
0.339650
0.339652
0.339666
0.339672
0.339678
0.339678
0.339678
0.339680
0.339682
0.339683
0.339683
0.339683
0.339683
0.339685
0.339685
0.339687
0.339687
0.339689
0.339689
0.339689
0.339701
0.339702
0.339702
0.339702
0.339678
0.339683
0.339683
0.339699
0.339699
0.339704
0.339707
0.339709
0.339709
0.339702
0.339703
0.339711
0.339712
0.339712
0.339720
0.339721
0.339726
0.339735
0.339736
0.339736
0.339736
0.339737
0.339739
0.339740
0.339742
0.339743
0.339743
0.339744
0.339739
0.339740
0.339740
0.339740
0.339741
0.339743
0.339750
0.339753
0.339756
0.339756
0.339765
0.339768
0.339769
0.339776
0.339778
0.339781
0.339782
0.339782
0.339785
0.339792
0.339846
0.339846
0.339852
0.339852
0.339852
0.339858
0.339858
0.339858
0.339863
0.339866
0.339884
0.339926
0.339927
0.339929
0.339934
0.339934
0.339934
0.339937
0.339924
0.339927
0.339936
0.339953
0.339961
0.339963
0.339969
0.339969
0.339974
0.339978
0.339980
0.339984
0.339994
0.339999
0.340000
0.340002
0.340004
0.340004
0.340004
0.340003
0.340003
0.340003
0.340005
0.340008
0.340008
0.340008
0.340009
0.340010
0.340017
0.340016
0.340016
0.340020
0.340018
0.340019
0.340019
0.340030
0.340030
0.340032
0.340053
0.340055
0.340057
0.340057
0.340059
0.340059
0.340052
0.340052
0.340054
0.340072
0.340074
0.340074
0.340081
0.340087
0.340090
0.340096
0.340097
0.340104
0.340105
0.340107
0.340113
0.340088
0.340088
0.340090
0.340097
0.340100
0.340100
0.340100
0.340103
0.340106
0.340106
0.340117
0.340080
0.340085
0.340086
0.340071
0.340071
0.340071
0.340073
0.340058
0.340070
0.340079
0.340079
0.340080
0.340080
0.340081
0.340083
0.340086
0.340087
0.340092
0.340083
0.340092
0.340092
0.340095
0.340095
0.340095
0.340104
0.340117
0.340129
0.340130
0.340130
0.340131
0.340132
0.340120
0.340120
0.340120
0.340121
0.340121
0.340121
0.340123
0.340142
0.340143
0.340144
0.340146
0.340146
0.340153
0.340154
0.340165
0.340168
0.340169
0.340171
0.340171
0.340173
0.340174
0.340174
0.340171
0.340171
0.340171
0.340171
0.340171
0.340175
0.340209
0.340211
0.340232
0.340232
0.340232
0.340233
0.340234
0.340234
0.340236
0.340241
0.340241
0.340240
0.340242
0.340243
0.340246
0.340247
0.340247
0.340247
0.340253
0.340253
0.340256
0.340260
0.340267
0.340267
0.340270
0.340279
0.340279
0.340280
0.340281
0.340282
0.340293
0.340293
0.340298
0.340302
0.340302
0.340302
0.340304
0.340304
0.340306
0.340310
0.340314
0.340325
0.340326
0.340344
0.340346
0.340349
0.340349
0.340352
0.340355
0.340358
0.340362
0.340366
0.340367
0.340369
0.340369
0.340384
0.340384
0.340384
0.340384
0.340399
0.340411
0.340412
0.340412
0.340413
0.340413
0.340413
0.340415
0.340422
0.340429
0.340429
0.340431
0.340435
0.340437
0.340438
0.340440
0.340440
0.340441
0.340441
0.340444
0.340446
0.340445
0.340445
0.340449
0.340453
0.340455
0.340457
0.340463
0.340463
0.340464
0.340464
0.340451
0.340462
0.340462
0.340460
0.340460
0.340463
0.340463
0.340465
0.340465
0.340466
0.340470
0.340470
0.340471
0.340471
0.340472
0.340474
0.340477
0.340492
0.340495
0.340495
0.340500
0.340503
0.340506
0.340518
0.340519
0.340523
0.340523
0.340527
0.340530
0.340530
0.340531
0.340526
0.340522
0.340524
0.340523
0.340523
0.340523
0.340523
0.340524
0.340527
0.340514
0.340514
0.340520
0.340522
0.340522
0.340547
0.340548
0.340549
0.340558
0.340558
0.340558
0.340543
0.340546
0.340550
0.340553
0.340544
0.340546
0.340559
0.340559
0.340562
0.340552
0.340552
0.340572
0.340573
0.340575
0.340574
0.340577
0.340581
0.340581
0.340581
0.340582
0.340578
0.340582
0.340582
0.340602
0.340605
0.340605
0.340605
0.340605
0.340618
0.340619
0.340620
0.340622
0.340624
0.340625
0.340625
0.340627
0.340636
0.340636
0.340636
0.340657
0.340659
0.340660
0.340661
0.340662
0.340662
0.340664
0.340667
0.340667
0.340671
0.340673
0.340674
0.340678
0.340678
0.340683
0.340687
0.340688
0.340688
0.340715
0.340717
0.340717
0.340717
0.340723
0.340724
0.340715
0.340718
0.340724
0.340726
0.340727
0.340730
0.340731
0.340731
0.340736
0.340739
0.340739
0.340741
0.340754
0.340754
0.340755
0.340757
0.340763
0.340779
0.340779
0.340785
0.340787
0.340790
0.340819
0.340820
0.340829
0.340831
0.340832
0.340832
0.340835
0.340846
0.340851
0.340855
0.340847
0.340856
0.340859
0.340859
0.340864
0.340864
0.340864
0.340889
0.340890
0.340893
0.340900
0.340906
0.340911
0.340911
0.340912
0.340920
0.340920
0.340921
0.340932
0.340934
0.340935
0.340937
0.340947
0.340958
0.340960
0.340988
0.340988
0.340988
0.340988
0.340988
0.340989
0.340990
0.340990
0.340991
0.340978
0.340978
0.340978
0.340984
0.340984
0.340990
0.340990
0.341016
0.341018
0.341021
0.341020
0.341021
0.341020
0.341034
0.341032
0.341034
0.341034
0.341035
0.341035
0.341035
0.341035
0.341035
0.341037
0.341037
0.341038
0.341040
0.341043
0.341022
0.341022
0.341022
0.341024
0.341024
0.341024
0.341025
0.341028
0.341028
0.341035
0.341035
0.341035
0.341037
0.341042
0.341044
0.341044
0.341048
0.341048
0.341031
0.341031
0.341031
0.341032
0.341033
0.341035
0.341035
0.341041
0.341041
0.341042
0.341047
0.341047
0.341050
0.341052
0.341064
0.341070
0.341070
0.341071
0.341075
0.341076
0.341076
0.341076
0.341078
0.341088
0.341101
0.341103
0.341103
0.341103
0.341101
0.341102
0.341104
0.341108
0.341107
0.341107
0.341107
0.341080
0.341081
0.341086
0.341087
0.341089
0.341089
0.341092
0.341083
0.341087
0.341098
0.341103
0.341105
0.341111
0.341111
0.341128
0.341128
0.341128
0.341136
0.341139
0.341139
0.341136
0.341136
0.341138
0.341140
0.341142
0.341145
0.341147
0.341147
0.341149
0.341149
0.341154
0.341154
0.341166
0.341166
0.341178
0.341180
0.341181
0.341181
0.341181
0.341184
0.341186
0.341187
0.341191
0.341190
0.341194
0.341195
0.341196
0.341196
0.341196
0.341194
0.341223
0.341223
0.341231
0.341228
0.341228
0.341228
0.341228
0.341205
0.341210
0.341223
0.341241
0.341241
0.341244
0.341252
0.341252
0.341254
0.341255
0.341259
0.341264
0.341266
0.341294
0.341296
0.341300
0.341302
0.341302
0.341306
0.341317
0.341319
0.341320
0.341322
0.341332
0.341332
0.341352
0.341357
0.341356
0.341356
0.341344
0.341346
0.341348
0.341349
0.341351
0.341361
0.341366
0.341367
0.341370
0.341380
0.341380
0.341383
0.341384
0.341386
0.341386
0.341386
0.341388
0.341388
0.341390
0.341390
0.341390
0.341397
0.341402
0.341402
0.341426
0.341427
0.341440
0.341440
0.341439
0.341443
0.341444
0.341444
0.341450
0.341450
0.341454
0.341457
0.341456
0.341461
0.341461
0.341464
0.341465
0.341513
0.341516
0.341516
0.341516
0.341523
0.341544
0.341545
0.341545
0.341545
0.341553
0.341553
0.341557
0.341559
0.341561
0.341563
0.341563
0.341563
0.341569
0.341571
0.341572
0.341573
0.341554
0.341566
0.341566
0.341567
0.341558
0.341554
0.341555
0.341556
0.341556
0.341555
0.341556
0.341560
0.341560
0.341560
0.341558
0.341565
0.341562
0.341562
0.341566
0.341571
0.341571
0.341573
0.341573
0.341566
0.341569
0.341572
0.341573
0.341573
0.341573
0.341574
0.341578
0.341578
0.341579
0.341579
0.341557
0.341558
0.341558
0.341575
0.341576
0.341576
0.341579
0.341587
0.341587
0.341584
0.341588
0.341588
0.341592
0.341599
0.341596
0.341596
0.341596
0.341596
0.341598
0.341598
0.341600
0.341607
0.341607
0.341608
0.341608
0.341625
0.341625
0.341626
0.341626
0.341626
0.341638
0.341640
0.341641
0.341641
0.341644
0.341645
0.341649
0.341652
0.341658
0.341662
0.341662
0.341662
0.341665
0.341666
0.341669
0.341669
0.341676
0.341675
0.341682
0.341690
0.341691
0.341691
0.341693
0.341694
0.341694
0.341694
0.341712
0.341715
0.341715
0.341715
0.341719
0.341725
0.341725
0.341729
0.341729
0.341729
0.341728
0.341731
0.341732
0.341733
0.341733
0.341736
0.341736
0.341739
0.341739
0.341740
0.341740
0.341768
0.341769
0.341769
0.341770
0.341773
0.341773
0.341770
0.341773
0.341782
0.341783
0.341783
0.341792
0.341794
0.341800
0.341801
0.341801
0.341818
0.341819
0.341853
0.341853
0.341863
0.341859
0.341862
0.341863
0.341863
0.341864
0.341869
0.341870
0.341870
0.341870
0.341871
0.341882
0.341872
0.341872
0.341877
0.341880
0.341880
0.341871
0.341874
0.341874
0.341876
0.341877
0.341878
0.341878
0.341878
0.341878
0.341878
0.341888
0.341888
0.341888
0.341892
0.341893
0.341896
0.341896
0.341910
0.341910
0.341917
0.341926
0.341928
0.341933
0.341933
0.341933
0.341939
0.341937
0.341937
0.341938
0.341926
0.341926
0.341928
0.341930
0.341931
0.341931
0.341931
0.341931
0.341931
0.341930
0.341934
0.341944
0.341944
0.341945
0.341941
0.341954
0.341954
0.341955
0.341956
0.341972
0.341973
0.341974
0.341974
0.341982
0.341982
0.341992
0.341992
0.341995
0.341979
0.341979
0.341979
0.341979
0.341979
0.341980
0.341980
0.341982
0.341982
0.341984
0.341970
0.341973
0.341973
0.341978
0.341980
0.341981
0.341987
0.341978
0.341978
0.341981
0.341981
0.341982
0.341982
0.341983
0.341983
0.341986
0.341990
0.341990
0.341990
0.341990
0.341993
0.341994
0.341996
0.342004
0.342008
0.342008
0.342009
0.341996
0.342001
0.342001
0.342001
0.342013
0.342013
0.342013
0.342022
0.342025
0.342025
0.342027
0.342033
0.342053
0.342055
0.342065
0.342067
0.342070
0.342070
0.342070
0.342073
0.342088
0.342089
0.342089
0.342094
0.342085
0.342111
0.342113
0.342117
0.342120
0.342121
0.342121
0.342127
0.342122
0.342122
0.342122
0.342127
0.342128
0.342135
0.342135
0.342138
0.342115
0.342115
0.342115
0.342115
0.342117
0.342117
0.342113
0.342114
0.342107
0.342107
0.342107
0.342107
0.342108
0.342108
0.342120
0.342114
0.342114
0.342114
0.342116
0.342117
0.342130
0.342131
0.342131
0.342135
0.342140
0.342163
0.342172
0.342157
0.342159
0.342160
0.342164
0.342168
0.342169
0.342172
0.342172
0.342171
0.342172
0.342174
0.342179
0.342178
0.342179
0.342179
0.342157
0.342157
0.342159
0.342168
0.342172
0.342179
0.342179
0.342179
0.342172
0.342180
0.342184
0.342182
0.342188
0.342188
0.342188
0.342197
0.342198
0.342198
0.342201
0.342205
0.342194
0.342198
0.342198
0.342196
0.342202
0.342201
0.342232
0.342232
0.342232
0.342236
0.342237
0.342238
0.342240
0.342246
0.342253
0.342254
0.342256
0.342257
0.342259
0.342260
0.342261
0.342261
0.342268
0.342269
0.342269
0.342278
0.342279
0.342280
0.342280
0.342294
0.342294
0.342294
0.342283
0.342283
0.342284
0.342276
0.342276
0.342277
0.342283
0.342283
0.342289
0.342289
0.342291
0.342293
0.342296
0.342296
0.342296
0.342309
0.342292
0.342295
0.342295
0.342297
0.342301
0.342301
0.342303
0.342303
0.342287
0.342290
0.342291
0.342291
0.342291
0.342295
0.342296
0.342296
0.342297
0.342299
0.342299
0.342299
0.342301
0.342312
0.342313
0.342313
0.342313
0.342316
0.342317
0.342317
0.342323
0.342325
0.342325
0.342325
0.342321
0.342322
0.342324
0.342329
0.342328
0.342345
0.342346
0.342347
0.342348
0.342352
0.342355
0.342348
0.342348
0.342405
0.342406
0.342406
0.342406
0.342406
0.342411
0.342420
0.342421
0.342421
0.342421
0.342422
0.342483
0.342484
0.342484
0.342489
0.342491
0.342493
0.342493
0.342494
0.342496
0.342505
0.342506
0.342506
0.342507
0.342508
0.342491
0.342511
0.342508
0.342512
0.342512
0.342513
0.342514
0.342514
0.342514
0.342515
0.342516
0.342518
0.342521
0.342527
0.342532
0.342532
0.342532
0.342532
0.342535
0.342523
0.342524
0.342524
0.342525
0.342525
0.342525
0.342524
0.342524
0.342525
0.342526
0.342529
0.342532
0.342538
0.342539
0.342540
0.342551
0.342548
0.342548
0.342548
0.342548
0.342562
0.342579
0.342582
0.342585
0.342587
0.342587
0.342589
0.342594
0.342595
0.342595
0.342600
0.342605
0.342611
0.342623
0.342623
0.342634
0.342636
0.342636
0.342637
0.342642
0.342643
0.342665
0.342666
0.342666
0.342666
0.342668
0.342670
0.342675
0.342675
0.342676
0.342678
0.342678
0.342690
0.342690
0.342692
0.342692
0.342697
0.342697
0.342705
0.342706
0.342712
0.342712
0.342730
0.342734
0.342738
0.342739
0.342741
0.342741
0.342749
0.342750
0.342751
0.342756
0.342756
0.342756
0.342756
0.342767
0.342762
0.342763
0.342758
0.342760
0.342763
0.342768
0.342771
0.342776
0.342776
0.342776
0.342776
0.342786
0.342788
0.342788
0.342793
0.342795
0.342797
0.342803
0.342803
0.342803
0.342809
0.342809
0.342809
0.342814
0.342806
0.342806
0.342806
0.342818
0.342818
0.342818
0.342841
0.342841
0.342842
0.342843
0.342843
0.342844
0.342844
0.342839
0.342841
0.342845
0.342852
0.342853
0.342853
0.342858
0.342858
0.342858
0.342859
0.342860
0.342861
0.342861
0.342861
0.342861
0.342862
0.342862
0.342864
0.342864
0.342860
0.342860
0.342861
0.342861
0.342858
0.342858
0.342861
0.342863
0.342863
0.342864
0.342868
0.342869
0.342871
0.342883
0.342890
0.342895
0.342896
0.342896
0.342897
0.342897
0.342897
0.342899
0.342899
0.342901
0.342906
0.342906
0.342906
0.342908
0.342922
0.342924
0.342926
0.342920
0.342932
0.342934
0.342937
0.342939
0.342939
0.342939
0.342939
0.342942
0.342942
0.342943
0.342943
0.342945
0.342960
0.342960
0.342960
0.342957
0.342959
0.342960
0.342960
0.342963
0.342963
0.342964
0.342966
0.342975
0.342976
0.342976
0.342980
0.342980
0.342980
0.342982
0.342982
0.342982
0.342982
0.342994
0.342990
0.342990
0.342990
0.342994
0.342994
0.342994
0.342996
0.342999
0.342999
0.342999
0.342996
0.342996
0.342996
0.342999
0.343000
0.343002
0.343002
0.343002
0.343002
0.343005
0.343007
0.343008
0.343009
0.343010
0.343010
0.343014
0.343017
0.343017
0.343020
0.343031
0.343031
0.343035
0.343035
0.343035
0.343035
0.343035
0.343037
0.343034
0.343037
0.343037
0.343046
0.343050
0.343053
0.343053
0.343053
0.343055
0.343055
0.343055
0.343055
0.343064
0.343066
0.343070
0.343074
0.343075
0.343075
0.343076
0.343076
0.343078
0.343080
0.343080
0.343091
0.343098
0.343150
0.343148
0.343151
0.343132
0.343134
0.343136
0.343136
0.343138
0.343139
0.343139
0.343141
0.343141
0.343141
0.343144
0.343144
0.343145
0.343145
0.343145
0.343154
0.343162
0.343162
0.343152
0.343155
0.343157
0.343161
0.343161
0.343158
0.343158
0.343158
0.343158
0.343158
0.343163
0.343164
0.343164
0.343164
0.343164
0.343167
0.343169
0.343169
0.343157
0.343157
0.343158
0.343170
0.343172
0.343172
0.343172
0.343173
0.343174
0.343174
0.343174
0.343189
0.343190
0.343192
0.343192
0.343193
0.343199
0.343199
0.343199
0.343201
0.343202
0.343203
0.343204
0.343204
0.343208
0.343209
0.343209
0.343209
0.343209
0.343210
0.343211
0.343214
0.343203
0.343215
0.343215
0.343216
0.343216
0.343216
0.343217
0.343230
0.343230
0.343225
0.343228
0.343228
0.343230
0.343230
0.343229
0.343252
0.343257
0.343258
0.343259
0.343259
0.343260
0.343261
0.343260
0.343260
0.343263
0.343265
0.343265
0.343272
0.343279
0.343281
0.343281
0.343281
0.343281
0.343286
0.343286
0.343286
0.343286
0.343286
0.343285
0.343286
0.343291
0.343291
0.343306
0.343299
0.343298
0.343298
0.343298
0.343290
0.343290
0.343290
0.343298
0.343300
0.343301
0.343302
0.343275
0.343275
0.343275
0.343276
0.343279
0.343284
0.343285
0.343288
0.343288
0.343280
0.343282
0.343267
0.343268
0.343268
0.343268
0.343276
0.343276
0.343276
0.343283
0.343283
0.343284
0.343286
0.343289
0.343308
0.343308
0.343309
0.343337
0.343340
0.343340
0.343343
0.343343
0.343346
0.343346
0.343371
0.343371
0.343361
0.343361
0.343361
0.343361
0.343365
0.343369
0.343373
0.343376
0.343375
0.343375
0.343375
0.343377
0.343379
0.343382
0.343382
0.343382
0.343383
0.343383
0.343383
0.343383
0.343383
0.343385
0.343384
0.343377
0.343381
0.343381
0.343382
0.343392
0.343393
0.343394
0.343397
0.343399
0.343402
0.343405
0.343418
0.343419
0.343419
0.343425
0.343428
0.343431
0.343431
0.343441
0.343441
0.343446
0.343447
0.343448
0.343449
0.343455
0.343455
0.343456
0.343466
0.343467
0.343467
0.343468
0.343468
0.343471
0.343500
0.343503
0.343501
0.343501
0.343510
0.343510
0.343510
0.343510
0.343510
0.343548
0.343548
0.343550
0.343549
0.343554
0.343556
0.343556
0.343557
0.343561
0.343561
0.343566
0.343569
0.343559
0.343557
0.343559
0.343560
0.343561
0.343574
0.343574
0.343574
0.343574
0.343575
0.343573
0.343573
0.343574
0.343580
0.343580
0.343581
0.343581
0.343586
0.343587
0.343591
0.343592
0.343592
0.343593
0.343608
0.343608
0.343613
0.343616
0.343628
0.343628
0.343643
0.343642
0.343647
0.343650
0.343650
0.343650
0.343651
0.343652
0.343653
0.343656
0.343656
0.343657
0.343663
0.343663
0.343665
0.343665
0.343665
0.343665
0.343670
0.343671
0.343651
0.343651
0.343651
0.343657
0.343657
0.343661
0.343663
0.343663
0.343664
0.343664
0.343664
0.343666
0.343666
0.343673
0.343673
0.343674
0.343679
0.343655
0.343659
0.343662
0.343662
0.343665
0.343665
0.343665
0.343665
0.343665
0.343585
0.343586
0.343586
0.343589
0.343590
0.343590
0.343593
0.343596
0.343597
0.343597
0.343598
0.343599
0.343603
0.343600
0.343597
0.343597
0.343600
0.343600
0.343601
0.343602
0.343610
0.343613
0.343615
0.343616
0.343616
0.343618
0.343619
0.343620
0.343620
0.343621
0.343621
0.343621
0.343621
0.343621
0.343622
0.343609
0.343614
0.343615
0.343623
0.343611
0.343614
0.343615
0.343615
0.343615
0.343618
0.343620
0.343622
0.343622
0.343626
0.343627
0.343635
0.343616
0.343620
0.343621
0.343621
0.343621
0.343621
0.343607
0.343607
0.343611
0.343620
0.343620
0.343623
0.343624
0.343627
0.343630
0.343630
0.343630
0.343683
0.343686
0.343687
0.343678
0.343678
0.343678
0.343687
0.343688
0.343688
0.343688
0.343689
0.343689
0.343693
0.343693
0.343693
0.343696
0.343699
0.343700
0.343704
0.343706
0.343706
0.343707
0.343707
0.343708
0.343708
0.343709
0.343712
0.343706
0.343708
0.343711
0.343715
0.343715
0.343715
0.343715
0.343685
0.343709
0.343713
0.343747
0.343747
0.343750
0.343752
0.343753
0.343753
0.343754
0.343755
0.343755
0.343755
0.343756
0.343757
0.343765
0.343766
0.343766
0.343775
0.343775
0.343761
0.343792
0.343792
0.343792
0.343793
0.343796
0.343798
0.343797
0.343795
0.343797
0.343798
0.343800
0.343800
0.343801
0.343801
0.343801
0.343805
0.343805
0.343810
0.343811
0.343815
0.343821
0.343821
0.343834
0.343834
0.343837
0.343837
0.343838
0.343838
0.343839
0.343839
0.343840
0.343840
0.343840
0.343840
0.343843
0.343851
0.343851
0.343851
0.343851
0.343853
0.343841
0.343841
0.343841
0.343842
0.343842
0.343845
0.343847
0.343847
0.343847
0.343848
0.343850
0.343850
0.343850
0.343850
0.343847
0.343857
0.343859
0.343859
0.343859
0.343863
0.343864
0.343866
0.343869
0.343873
0.343873
0.343875
0.343876
0.343876
0.343876
0.343877
0.343885
0.343885
0.343887
0.343887
0.343887
0.343887
0.343888
0.343889
0.343889
0.343891
0.343891
0.343892
0.343892
0.343893
0.343894
0.343894
0.343892
0.343894
0.343870
0.343871
0.343871
0.343858
0.343859
0.343861
0.343865
0.343866
0.343867
0.343869
0.343870
0.343870
0.343871
0.343870
0.343870
0.343875
0.343875
0.343876
0.343879
0.343865
0.343865
0.343866
0.343866
0.343866
0.343870
0.343881
0.343884
0.343884
0.343884
0.343892
0.343894
0.343897
0.343897
0.343897
0.343900
0.343916
0.343916
0.343914
0.343916
0.343916
0.343916
0.343917
0.343918
0.343920
0.343924
0.343938
0.343938
0.343938
0.343938
0.343939
0.343939
0.343940
0.343941
0.343941
0.343947
0.343948
0.343949
0.343951
0.343968
0.343970
0.343976
0.343976
0.343980
0.343980
0.343985
0.343985
0.343986
0.344034
0.344035
0.344037
0.344037
0.344009
0.344010
0.344007
0.344007
0.344006
0.344007
0.343997
0.343998
0.343998
0.343999
0.344001
0.344004
0.344004
0.344007
0.344007
0.344007
0.344008
0.344008
0.344008
0.344008
0.344004
0.344006
0.344006
0.344009
0.344009
0.344012
0.344011
0.344019
0.344022
0.344022
0.344022
0.344023
0.344025
0.344026
0.344027
0.344027
0.344027
0.344027
0.344030
0.344031
0.344033
0.344035
0.344036
0.344036
0.344037
0.344037
0.344037
0.344051
0.344052
0.344053
0.344053
0.344055
0.344057
0.344059
0.344059
0.344067
0.344069
0.344069
0.344057
0.344058
0.344058
0.344058
0.344059
0.344059
0.344059
0.344059
0.344059
0.344060
0.344063
0.344065
0.344081
0.344084
0.344091
0.344093
0.344093
0.344096
0.344096
0.344068
0.344068
0.344073
0.344083
0.344087
0.344082
0.344078
0.344079
0.344089
0.344102
0.344102
0.344105
0.344104
0.344105
0.344106
0.344113
0.344114
0.344114
0.344115
0.344119
0.344098
0.344099
0.344101
0.344102
0.344102
0.344103
0.344105
0.344108
0.344109
0.344113
0.344115
0.344116
0.344116
0.344112
0.344120
0.344120
0.344120
0.344111
0.344111
0.344137
0.344135
0.344135
0.344140
0.344140
0.344143
0.344143
0.344145
0.344171
0.344171
0.344183
0.344183
0.344180
0.344184
0.344184
0.344186
0.344189
0.344190
0.344193
0.344193
0.344193
0.344196
0.344196
0.344197
0.344198
0.344183
0.344184
0.344185
0.344185
0.344185
0.344196
0.344197
0.344197
0.344197
0.344197
0.344197
0.344197
0.344198
0.344197
0.344198
0.344201
0.344201
0.344202
0.344205
0.344208
0.344208
0.344212
0.344215
0.344196
0.344202
0.344203
0.344202
0.344202
0.344202
0.344206
0.344206
0.344206
0.344207
0.344207
0.344207
0.344207
0.344210
0.344211
0.344211
0.344213
0.344215
0.344215
0.344215
0.344215
0.344215
0.344215
0.344216
0.344246
0.344248
0.344248
0.344249
0.344249
0.344254
0.344256
0.344257
0.344258
0.344259
0.344272
0.344273
0.344273
0.344273
0.344281
0.344297
0.344297
0.344299
0.344310
0.344311
0.344312
0.344312
0.344312
0.344312
0.344332
0.344332
0.344341
0.344342
0.344342
0.344342
0.344343
0.344343
0.344343
0.344343
0.344343
0.344356
0.344360
0.344363
0.344365
0.344365
0.344398
0.344399
0.344399
0.344401
0.344402
0.344403
0.344405
0.344405
0.344406
0.344407
0.344410
0.344411
0.344411
0.344415
0.344416
0.344416
0.344399
0.344420
0.344420
0.344423
0.344425
0.344264
0.344264
0.344268
0.344268
0.344268
0.344268
0.344265
0.344274
0.344276
0.344277
0.344278
0.344279
0.344285
0.344286
0.344287
0.344310
0.344310
0.344311
0.344311
0.344313
0.344314
0.344314
0.344315
0.344305
0.344306
0.344308
0.344308
0.344308
0.344285
0.344288
0.344289
0.344287
0.344301
0.344301
0.344304
0.344304
0.344304
0.344308
0.344303
0.344304
0.344304
0.344323
0.344323
0.344324
0.344330
0.344330
0.344335
0.344337
0.344337
0.344337
0.344347
0.344349
0.344352
0.344354
0.344355
0.344357
0.344360
0.344360
0.344360
0.344362
0.344378
0.344378
0.344379
0.344379
0.344389
0.344391
0.344401
0.344402
0.344402
0.344403
0.344403
0.344405
0.344405
0.344407
0.344407
0.344407
0.344407
0.344407
0.344413
0.344413
0.344415
0.344417
0.344417
0.344420
0.344420
0.344425
0.344425
0.344425
0.344429
0.344431
0.344431
0.344431
0.344436
0.344436
0.344436
0.344438
0.344441
0.344442
0.344442
0.344443
0.344439
0.344441
0.344448
0.344453
0.344454
0.344455
0.344461
0.344462
0.344485
0.344486
0.344487
0.344489
0.344491
0.344491
0.344491
0.344505
0.344509
0.344509
0.344509
0.344509
0.344509
0.344506
0.344509
0.344510
0.344510
0.344509
0.344510
0.344510
0.344510
0.344511
0.344512
0.344513
0.344513
0.344516
0.344516
0.344528
0.344528
0.344528
0.344528
0.344495
0.344508
0.344509
0.344509
0.344509
0.344510
0.344531
0.344531
0.344529
0.344529
0.344530
0.344530
0.344532
0.344532
0.344532
0.344533
0.344533
0.344533
0.344534
0.344536
0.344525
0.344525
0.344525
0.344525
0.344525
0.344527
0.344530
0.344531
0.344534
0.344537
0.344537
0.344537
0.344537
0.344537
0.344545
0.344550
0.344561
0.344563
0.344564
0.344564
0.344564
0.344564
0.344564
0.344564
0.344564
0.344565
0.344567
0.344572
0.344572
0.344572
0.344573
0.344573
0.344574
0.344574
0.344578
0.344578
0.344580
0.344579
0.344579
0.344585
0.344610
0.344600
0.344600
0.344600
0.344600
0.344600
0.344601
0.344601
0.344601
0.344600
0.344601
0.344602
0.344602
0.344602
0.344602
0.344604
0.344604
0.344604
0.344604
0.344607
0.344608
0.344618
0.344621
0.344621
0.344623
0.344624
0.344624
0.344624
0.344625
0.344625
0.344625
0.344639
0.344639
0.344640
0.344640
0.344642
0.344645
0.344649
0.344649
0.344652
0.344652
0.344653
0.344653
0.344653
0.344653
0.344654
0.344654
0.344654
0.344657
0.344657
0.344643
0.344656
0.344652
0.344657
0.344659
0.344660
0.344660
0.344665
0.344665
0.344665
0.344665
0.344665
0.344668
0.344678
0.344678
0.344678
0.344681
0.344692
0.344692
0.344692
0.344693
0.344693
0.344695
0.344695
0.344698
0.344700
0.344685
0.344685
0.344682
0.344684
0.344684
0.344684
0.344685
0.344689
0.344690
0.344691
0.344701
0.344701
0.344699
0.344699
0.344708
0.344708
0.344713
0.344713
0.344714
0.344714
0.344709
0.344706
0.344706
0.344706
0.344706
0.344707
0.344698
0.344695
0.344695
0.344696
0.344696
0.344710
0.344714
0.344714
0.344717
0.344720
0.344720
0.344722
0.344722
0.344723
0.344724
0.344725
0.344725
0.344725
0.344734
0.344736
0.344737
0.344738
0.344736
0.344736
0.344736
0.344738
0.344738
0.344744
0.344744
0.344745
0.344745
0.344745
0.344747
0.344751
0.344752
0.344753
0.344753
0.344754
0.344755
0.344755
0.344755
0.344760
0.344761
0.344762
0.344762
0.344764
0.344766
0.344766
0.344766
0.344769
0.344770
0.344785
0.344788
0.344788
0.344789
0.344791
0.344800
0.344801
0.344801
0.344802
0.344802
0.344802
0.344804
0.344804
0.344809
0.344810
0.344814
0.344815
0.344796
0.344801
0.344802
0.344814
0.344814
0.344816
0.344821
0.344827
0.344828
0.344834
0.344834
0.344834
0.344834
0.344840
0.344868
0.344868
0.344869
0.344872
0.344872
0.344899
0.344899
0.344901
0.344903
0.344890
0.344894
0.344894
0.344896
0.344896
0.344896
0.344899
0.344899
0.344899
0.344900
0.344908
0.344911
0.344913
0.344913
0.344913
0.344927
0.344927
0.344929
0.344929
0.344929
0.344936
0.344936
0.344937
0.344939
0.344936
0.344937
0.344937
0.344942
0.344943
0.344943
0.344943
0.344943
0.344947
0.344948
0.344956
0.344956
0.344958
0.344962
0.344962
0.344962
0.344953
0.344954
0.344954
0.344950
0.344976
0.344976
0.344976
0.344977
0.344978
0.344978
0.344978
0.344985
0.344988
0.344990
0.344989
0.344989
0.344989
0.344999
0.345003
0.345003
0.345008
0.345003
0.345003
0.345006
0.345007
0.345007
0.345007
0.345009
0.345013
0.345013
0.345015
0.345016
0.345019
0.345019
0.345019
0.345019
0.345020
0.345021
0.345020
0.345020
0.345020
0.345020
0.345020
0.345024
0.345027
0.345028
0.345028
0.345028
0.345030
0.345030
0.345031
0.345017
0.345017
0.345017
0.345018
0.345018
0.345019
0.345022
0.345022
0.345022
0.345023
0.345027
0.345027
0.345027
0.345027
0.345027
0.345030
0.345031
0.345031
0.345031
0.345032
0.345033
0.345036
0.345036
0.345040
0.345047
0.345061
0.345061
0.345068
0.345069
0.345073
0.345071
0.345091
0.345091
0.345091
0.345098
0.345099
0.345099
0.345099
0.345099
0.345099
0.345108
0.345112
0.345112
0.345113
0.345113
0.345114
0.345119
0.345119
0.345099
0.345100
0.345100
0.345110
0.345112
0.345112
0.345113
0.345113
0.345113
0.345113
0.345116
0.345111
0.345111
0.345112
0.345112
0.345112
0.345114
0.345114
0.345114
0.345123
0.345126
0.345129
0.345140
0.345144
0.345147
0.345149
0.345151
0.345153
0.345153
0.345155
0.345155
0.345155
0.345156
0.345156
0.345156
0.345157
0.345158
0.345196
0.345196
0.345196
0.345196
0.345199
0.345199
0.345200
0.345200
0.345209
0.345209
0.345211
0.345209
0.345209
0.345210
0.345210
0.345211
0.345211
0.345211
0.345213
0.345213
0.345217
0.345226
0.345226
0.345227
0.345227
0.345228
0.345228
0.345228
0.345231
0.345232
0.345232
0.345233
0.345233
0.345233
0.345235
0.345235
0.345238
0.345246
0.345247
0.345230
0.345230
0.345230
0.345230
0.345232
0.345237
0.345237
0.345237
0.345238
0.345238
0.345239
0.345236
0.345281
0.345284
0.345286
0.345278
0.345272
0.345274
0.345274
0.345255
0.345269
0.345269
0.345269
0.345272
0.345272
0.345272
0.345255
0.345257
0.345257
0.345258
0.345258
0.345258
0.345258
0.345265
0.345266
0.345267
0.345274
0.345275
0.345275
0.345262
0.345264
0.345265
0.345265
0.345266
0.345268
0.345268
0.345272
0.345278
0.345278
0.345280
0.345280
0.345281
0.345283
0.345283
0.345283
0.345283
0.345291
0.345291
0.345291
0.345301
0.345301
0.345301
0.345303
0.345303
0.345304
0.345299
0.345299
0.345299
0.345301
0.345302
0.345302
0.345302
0.345304
0.345304
0.345306
0.345306
0.345322
0.345325
0.345325
0.345333
0.345335
0.345335
0.345336
0.345334
0.345334
0.345323
0.345323
0.345323
0.345323
0.345324
0.345325
0.345329
0.345332
0.345335
0.345341
0.345312
0.345315
0.345316
0.345316
0.345317
0.345332
0.345332
0.345347
0.345347
0.345365
0.345367
0.345367
0.345368
0.345368
0.345369
0.345369
0.345357
0.345358
0.345360
0.345360
0.345360
0.345360
0.345375
0.345376
0.345375
0.345375
0.345375
0.345380
0.345380
0.345382
0.345383
0.345384
0.345384
0.345384
0.345384
0.345385
0.345406
0.345406
0.345393
0.345392
0.345393
0.345394
0.345402
0.345402
0.345406
0.345407
0.345408
0.345409
0.345409
0.345415
0.345415
0.345415
0.345421
0.345426
0.345427
0.345427
0.345430
0.345430
0.345430
0.345432
0.345435
0.345435
0.345432
0.345432
0.345436
0.345437
0.345437
0.345438
0.345439
0.345440
0.345440
0.345500
0.345500
0.345500
0.345503
0.345520
0.345524
0.345530
0.345533
0.345532
0.345537
0.345537
0.345542
0.345542
0.345542
0.345542
0.345542
0.345540
0.345543
0.345545
0.345561
0.345564
0.345578
0.345580
0.345590
0.345591
0.345595
0.345591
0.345602
0.345609
0.345609
0.345609
0.345609
0.345609
0.345610
0.345612
0.345624
0.345627
0.345632
0.345632
0.345642
0.345642
0.345658
0.345661
0.345662
0.345664
0.345670
0.345671
0.345684
0.345684
0.345687
0.345687
0.345687
0.345690
0.345695
0.345695
0.345701
0.345721
0.345723
0.345726
0.345728
0.345727
0.345727
0.345727
0.345727
0.345713
0.345713
0.345712
0.345716
0.345717
0.345717
0.345721
0.345721
0.345721
0.345721
0.345721
0.345719
0.345720
0.345721
0.345722
0.345722
0.345736
0.345737
0.345742
0.345745
0.345747
0.345749
0.345749
0.345749
0.345752
0.345737
0.345736
0.345737
0.345740
0.345741
0.345741
0.345738
0.345738
0.345738
0.345739
0.345744
0.345744
0.345744
0.345748
0.345748
0.345748
0.345748
0.345750
0.345750
0.345751
0.345751
0.345754
0.345754
0.345755
0.345758
0.345757
0.345759
0.345760
0.345764
0.345765
0.345765
0.345766
0.345765
0.345762
0.345766
0.345766
0.345766
0.345770
0.345771
0.345771
0.345777
0.345777
0.345777
0.345777
0.345825
0.345825
0.345826
0.345826
0.345826
0.345826
0.345827
0.345853
0.345853
0.345854
0.345854
0.345853
0.345859
0.345862
0.345862
0.345863
0.345866
0.345868
0.345799
0.345801
0.345797
0.345797
0.345799
0.345799
0.345799
0.345799
0.345800
0.345800
0.345801
0.345801
0.345801
0.345806
0.345806
0.345806
0.345795
0.345795
0.345803
0.345803
0.345773
0.345778
0.345779
0.345779
0.345779
0.345802
0.345803
0.345808
0.345811
0.345811
0.345800
0.345806
0.345819
0.345819
0.345824
0.345824
0.345824
0.345824
0.345830
0.345830
0.345874
0.345875
0.345875
0.345875
0.345877
0.345877
0.345877
0.345877
0.345877
0.345882
0.345884
0.345884
0.345884
0.345892
0.345892
0.345893
0.345883
0.345879
0.345845
0.345845
0.345846
0.345852
0.345852
0.345858
0.345865
0.345865
0.345875
0.345875
0.345875
0.345875
0.345875
0.345878
0.345877
0.345877
0.345881
0.345881
0.345885
0.345885
0.345887
0.345885
0.345885
0.345889
0.345889
0.345893
0.345896
0.345896
0.345902
0.345905
0.345905
0.345906
0.345906
0.345906
0.345906
0.345910
0.345911
0.345912
0.345912
0.345912
0.345912
0.345916
0.345921
0.345925
0.345933
0.345933
0.345934
0.345937
0.345932
0.345936
0.345940
0.345940
0.345941
0.345941
0.345942
0.345944
0.345948
0.345948
0.345954
0.345954
0.345955
0.345955
0.345956
0.345957
0.345964
0.345964
0.345965
0.345969
0.345969
0.345969
0.345969
0.345970
0.345970
0.345970
0.345975
0.345975
0.345978
0.345978
0.345979
0.345979
0.345979
0.345981
0.345985
0.345994
0.345995
0.345992
0.345999
0.345999
0.346013
0.346013
0.346015
0.346015
0.346015
0.346016
0.346016
0.346019
0.346034
0.346034
0.346035
0.346037
0.346038
0.346039
0.346043
0.346043
0.346044
0.346052
0.346052
0.346049
0.346050
0.346050
0.346048
0.346048
0.346048
0.346050
0.346050
0.346052
0.346055
0.346056
0.346057
0.346057
0.346058
0.346058
0.346060
0.346060
0.346064
0.346064
0.346072
0.346074
0.346074
0.346074
0.346074
0.346078
0.346080
0.346081
0.346093
0.346093
0.346095
0.346097
0.346099
0.346098
0.346098
0.346098
0.346099
0.346102
0.346102
0.346102
0.346102
0.346104
0.346090
0.346071
0.346071
0.346071
0.346071
0.346076
0.346077
0.346077
0.346078
0.346080
0.346079
0.346081
0.346082
0.346083
0.346083
0.346084
0.346081
0.346081
0.346083
0.346083
0.346083
0.346089
0.346089
0.346089
0.346090
0.346090
0.346090
0.346092
0.346093
0.346091
0.346091
0.346092
0.346092
0.346100
0.346094
0.346094
0.346095
0.346095
0.346095
0.346095
0.346096
0.346096
0.346096
0.346097
0.346100
0.346100
0.346099
0.346099
0.346099
0.346099
0.346100
0.346100
0.346102
0.346102
0.346104
0.346108
0.346115
0.346116
0.346116
0.346116
0.346116
0.346116
0.346097
0.346100
0.346100
0.346100
0.346100
0.346100
0.346101
0.346101
0.346101
0.346081
0.346083
0.346089
0.346091
0.346091
0.346096
0.346096
0.346141
0.346142
0.346144
0.346145
0.346146
0.346148
0.346150
0.346150
0.346162
0.346162
0.346162
0.346165
0.346165
0.346165
0.346164
0.346165
0.346165
0.346167
0.346171
0.346171
0.346169
0.346178
0.346179
0.346179
0.346179
0.346180
0.346180
0.346185
0.346185
0.346187
0.346190
0.346192
0.346196
0.346199
0.346199
0.346199
0.346183
0.346183
0.346183
0.346187
0.346187
0.346188
0.346198
0.346198
0.346198
0.346207
0.346218
0.346219
0.346213
0.346212
0.346215
0.346215
0.346214
0.346214
0.346221
0.346219
0.346231
0.346236
0.346237
0.346240
0.346240
0.346256
0.346256
0.346255
0.346255
0.346250
0.346250
0.346250
0.346255
0.346255
0.346255
0.346256
0.346259
0.346260
0.346260
0.346260
0.346263
0.346263
0.346265
0.346270
0.346266
0.346266
0.346268
0.346263
0.346263
0.346266
0.346272
0.346272
0.346274
0.346274
0.346274
0.346274
0.346275
0.346275
0.346283
0.346285
0.346286
0.346312
0.346313
0.346316
0.346317
0.346318
0.346318
0.346321
0.346321
0.346321
0.346325
0.346326
0.346311
0.346313
0.346314
0.346314
0.346314
0.346315
0.346315
0.346318
0.346319
0.346320
0.346320
0.346320
0.346320
0.346320
0.346320
0.346320
0.346342
0.346342
0.346353
0.346356
0.346356
0.346360
0.346362
0.346362
0.346362
0.346364
0.346354
0.346342
0.346342
0.346343
0.346344
0.346344
0.346344
0.346356
0.346356
0.346356
0.346357
0.346359
0.346359
0.346375
0.346379
0.346379
0.346380
0.346380
0.346382
0.346382
0.346382
0.346382
0.346382
0.346378
0.346349
0.346360
0.346361
0.346361
0.346361
0.346375
0.346376
0.346376
0.346376
0.346379
0.346389
0.346393
0.346393
0.346381
0.346374
0.346375
0.346375
0.346376
0.346387
0.346389
0.346389
0.346391
0.346392
0.346392
0.346392
0.346385
0.346398
0.346398
0.346399
0.346402
0.346400
0.346401
0.346410
0.346413
0.346397
0.346406
0.346408
0.346409
0.346409
0.346409
0.346414
0.346415
0.346416
0.346418
0.346419
0.346420
0.346420
0.346420
0.346421
0.346421
0.346422
0.346422
0.346422
0.346422
0.346423
0.346416
0.346416
0.346417
0.346416
0.346418
0.346418
0.346425
0.346427
0.346429
0.346431
0.346445
0.346445
0.346456
0.346458
0.346458
0.346462
0.346465
0.346462
0.346463
0.346478
0.346481
0.346484
0.346483
0.346487
0.346492
0.346492
0.346493
0.346493
0.346493
0.346493
0.346494
0.346495
0.346495
0.346496
0.346497
0.346497
0.346499
0.346497
0.346496
0.346508
0.346508
0.346509
0.346510
0.346510
0.346511
0.346511
0.346512
0.346520
0.346520
0.346504
0.346498
0.346498
0.346501
0.346505
0.346507
0.346507
0.346510
0.346511
0.346513
0.346513
0.346513
0.346516
0.346519
0.346519
0.346525
0.346529
0.346529
0.346529
0.346532
0.346534
0.346537
0.346549
0.346549
0.346549
0.346556
0.346576
0.346580
0.346580
0.346580
0.346581
0.346585
0.346586
0.346587
0.346587
0.346587
0.346587
0.346589
0.346589
0.346590
0.346590
0.346590
0.346592
0.346595
0.346596
0.346596
0.346597
0.346600
0.346600
0.346605
0.346607
0.346607
0.346609
0.346609
0.346609
0.346609
0.346611
0.346611
0.346611
0.346620
0.346619
0.346620
0.346620
0.346620
0.346624
0.346624
0.346659
0.346671
0.346671
0.346680
0.346682
0.346682
0.346682
0.346682
0.346696
0.346696
0.346698
0.346699
0.346746
0.346746
0.346746
0.346747
0.346747
0.346747
0.346747
0.346747
0.346750
0.346750
0.346753
0.346755
0.346759
0.346759
0.346759
0.346759
0.346759
0.346759
0.346759
0.346766
0.346747
0.346744
0.346745
0.346746
0.346746
0.346747
0.346758
0.346758
0.346758
0.346758
0.346758
0.346759
0.346760
0.346760
0.346760
0.346761
0.346766
0.346766
0.346766
0.346766
0.346766
0.346767
0.346767
0.346767
0.346767
0.346769
0.346769
0.346770
0.346770
0.346770
0.346770
0.346771
0.346771
0.346771
0.346788
0.346788
0.346788
0.346788
0.346805
0.346805
0.346805
0.346805
0.346807
0.346809
0.346809
0.346810
0.346807
0.346809
0.346810
0.346813
0.346813
0.346809
0.346809
0.346812
0.346812
0.346814
0.346816
0.346817
0.346817
0.346818
0.346818
0.346818
0.346819
0.346820
0.346820
0.346820
0.346820
0.346823
0.346824
0.346824
0.346825
0.346784
0.346784
0.346785
0.346766
0.346766
0.346766
0.346766
0.346768
0.346772
0.346771
0.346771
0.346772
0.346772
0.346772
0.346774
0.346775
0.346777
0.346790
0.346791
0.346791
0.346791
0.346791
0.346792
0.346792
0.346793
0.346790
0.346792
0.346795
0.346795
0.346796
0.346793
0.346794
0.346794
0.346795
0.346801
0.346804
0.346818
0.346820
0.346821
0.346821
0.346821
0.346822
0.346822
0.346823
0.346826
0.346827
0.346825
0.346837
0.346837
0.346860
0.346860
0.346860
0.346861
0.346863
0.346859
0.346860
0.346861
0.346862
0.346861
0.346863
0.346864
0.346867
0.346868
0.346867
0.346867
0.346868
0.346868
0.346868
0.346876
0.346878
0.346878
0.346878
0.346878
0.346879
0.346880
0.346880
0.346880
0.346881
0.346884
0.346884
0.346906
0.346906
0.346906
0.346907
0.346908
0.346912
0.346918
0.346918
0.346921
0.346922
0.346922
0.346926
0.346926
0.346926
0.346929
0.346929
0.346929
0.346944
0.346954
0.346955
0.346956
0.346956
0.346956
0.346956
0.346957
0.346977
0.346977
0.346991
0.346991
0.346991
0.346991
0.346995
0.346996
0.346997
0.346999
0.346990
0.346991
0.346990
0.346993
0.346993
0.346949
0.346949
0.346956
0.346959
0.346964
0.346964
0.346961
0.346961
0.346967
0.346969
0.346971
0.346972
0.346973
0.346974
0.346974
0.346973
0.346978
0.346978
0.346987
0.346987
0.346988
0.346989
0.347026
0.347030
0.347032
0.347032
0.347028
0.347029
0.347028
0.347028
0.347028
0.347029
0.347029
0.347033
0.347033
0.347034
0.347034
0.347034
0.347035
0.347015
0.347016
0.347017
0.347022
0.347022
0.347029
0.347030
0.347031
0.347031
0.347032
0.347032
0.347032
0.347035
0.347035
0.347041
0.347043
0.347045
0.347046
0.347046
0.347046
0.347049
0.347049
0.347050
0.347051
0.347057
0.347058
0.347060
0.347060
0.347061
0.347061
0.347041
0.347042
0.347042
0.347043
0.347044
0.347047
0.347050
0.347051
0.347051
0.347052
0.347054
0.347054
0.347056
0.347058
0.347031
0.347033
0.347040
0.347040
0.347040
0.347042
0.347042
0.347041
0.347024
0.347026
0.347030
0.347022
0.347023
0.347025
0.347020
0.347020
0.347020
0.347021
0.347022
0.347022
0.347022
0.347022
0.347022
0.347022
0.347024
0.347024
0.347032
0.347033
0.347033
0.347034
0.347034
0.347048
0.347048
0.347049
0.347050
0.347050
0.347051
0.347054
0.347053
0.347053
0.347053
0.347053
0.347053
0.347060
0.347061
0.347063
0.347063
0.347068
0.347071
0.347074
0.347055
0.347052
0.347052
0.347052
0.347056
0.347057
0.347052
0.347057
0.347058
0.347058
0.347063
0.347064
0.347065
0.347069
0.347080
0.347080
0.347083
0.347084
0.347084
0.347092
0.347091
0.347091
0.347091
0.347095
0.347095
0.347096
0.347096
0.347096
0.347097
0.347099
0.347099
0.347100
0.347102
0.347100
0.347101
0.347101
0.347100
0.347100
0.347102
0.347102
0.347103
0.347095
0.347095
0.347096
0.347096
0.347096
0.347096
0.347097
0.347097
0.347103
0.347101
0.347107
0.347107
0.347107
0.347142
0.347142
0.347145
0.347147
0.347165
0.347167
0.347170
0.347172
0.347173
0.347174
0.347175
0.347180
0.347181
0.347179
0.347179
0.347179
0.347182
0.347182
0.347182
0.347183
0.347186
0.347186
0.347186
0.347184
0.347185
0.347186
0.347186
0.347188
0.347186
0.347186
0.347186
0.347186
0.347186
0.347186
0.347191
0.347192
0.347192
0.347191
0.347194
0.347194
0.347194
0.347194
0.347195
0.347195
0.347195
0.347196
0.347196
0.347187
0.347187
0.347187
0.347187
0.347188
0.347188
0.347169
0.347170
0.347170
0.347171
0.347172
0.347173
0.347177
0.347179
0.347179
0.347176
0.347182
0.347182
0.347177
0.347180
0.347180
0.347180
0.347180
0.347182
0.347182
0.347182
0.347182
0.347183
0.347184
0.347184
0.347190
0.347193
0.347175
0.347176
0.347177
0.347179
0.347179
0.347183
0.347184
0.347194
0.347194
0.347194
0.347195
0.347195
0.347195
0.347195
0.347195
0.347195
0.347195
0.347194
0.347194
0.347194
0.347194
0.347194
0.347194
0.347195
0.347195
0.347196
0.347198
0.347201
0.347202
0.347203
0.347237
0.347239
0.347237
0.347237
0.347237
0.347238
0.347245
0.347245
0.347249
0.347249
0.347254
0.347259
0.347259
0.347261
0.347276
0.347276
0.347276
0.347276
0.347276
0.347278
0.347278
0.347278
0.347278
0.347278
0.347280
0.347280
0.347282
0.347285
0.347286
0.347297
0.347297
0.347308
0.347308
0.347308
0.347308
0.347307
0.347348
0.347349
0.347349
0.347349
0.347358
0.347359
0.347360
0.347363
0.347364
0.347364
0.347364
0.347369
0.347367
0.347369
0.347370
0.347368
0.347368
0.347368
0.347369
0.347379
0.347380
0.347376
0.347378
0.347381
0.347384
0.347392
0.347392
0.347399
0.347399
0.347399
0.347399
0.347399
0.347403
0.347403
0.347403
0.347404
0.347405
0.347406
0.347406
0.347406
0.347410
0.347410
0.347402
0.347402
0.347403
0.347403
0.347397
0.347397
0.347397
0.347397
0.347399
0.347399
0.347399
0.347399
0.347399
0.347402
0.347410
0.347410
0.347417
0.347418
0.347420
0.347421
0.347421
0.347422
0.347422
0.347423
0.347424
0.347424
0.347417
0.347417
0.347425
0.347425
0.347425
0.347425
0.347425
0.347425
0.347425
0.347425
0.347408
0.347408
0.347408
0.347408
0.347410
0.347411
0.347411
0.347414
0.347414
0.347414
0.347416
0.347414
0.347416
0.347416
0.347418
0.347420
0.347421
0.347421
0.347421
0.347420
0.347420
0.347395
0.347395
0.347395
0.347395
0.347395
0.347399
0.347399
0.347400
0.347399
0.347400
0.347405
0.347406
0.347406
0.347402
0.347405
0.347412
0.347413
0.347415
0.347415
0.347418
0.347418
0.347408
0.347409
0.347410
0.347410
0.347411
0.347408
0.347417
0.347418
0.347418
0.347422
0.347422
0.347423
0.347425
0.347427
0.347427
0.347427
0.347428
0.347429
0.347429
0.347429
0.347429
0.347430
0.347430
0.347430
0.347432
0.347438
0.347473
0.347474
0.347475
0.347475
0.347475
0.347476
0.347392
0.347394
0.347396
0.347398
0.347399
0.347399
0.347408
0.347416
0.347417
0.347421
0.347425
0.347425
0.347425
0.347425
0.347427
0.347430
0.347431
0.347431
0.347432
0.347433
0.347434
0.347434
0.347434
0.347436
0.347441
0.347432
0.347432
0.347433
0.347433
0.347433
0.347433
0.347433
0.347434
0.347441
0.347462
0.347459
0.347460
0.347459
0.347459
0.347460
0.347460
0.347460
0.347460
0.347472
0.347480
0.347480
0.347480
0.347480
0.347480
0.347482
0.347483
0.347484
0.347488
0.347488
0.347492
0.347498
0.347526
0.347526
0.347529
0.347529
0.347530
0.347530
0.347530
0.347536
0.347538
0.347550
0.347550
0.347551
0.347555
0.347555
0.347556
0.347557
0.347557
0.347558
0.347561
0.347562
0.347562
0.347562
0.347562
0.347577
0.347584
0.347584
0.347584
0.347587
0.347587
0.347587
0.347587
0.347588
0.347588
0.347588
0.347586
0.347586
0.347591
0.347591
0.347591
0.347591
0.347591
0.347592
0.347596
0.347596
0.347599
0.347601
0.347618
0.347618
0.347619
0.347622
0.347622
0.347622
0.347625
0.347625
0.347630
0.347630
0.347639
0.347639
0.347639
0.347639
0.347639
0.347639
0.347645
0.347645
0.347645
0.347646
0.347650
0.347650
0.347653
0.347653
0.347653
0.347655
0.347655
0.347649
0.347649
0.347659
0.347663
0.347663
0.347664
0.347665
0.347665
0.347670
0.347671
0.347672
0.347672
0.347672
0.347672
0.347672
0.347672
0.347672
0.347673
0.347672
0.347672
0.347672
0.347673
0.347673
0.347673
0.347673
0.347677
0.347679
0.347679
0.347681
0.347683
0.347681
0.347681
0.347683
0.347683
0.347683
0.347683
0.347683
0.347694
0.347697
0.347697
0.347698
0.347698
0.347698
0.347700
0.347700
0.347701
0.347700
0.347700
0.347701
0.347702
0.347703
0.347703
0.347703
0.347703
0.347703
0.347703
0.347714
0.347715
0.347715
0.347715
0.347721
0.347721
0.347725
0.347725
0.347725
0.347726
0.347730
0.347732
0.347732
0.347732
0.347734
0.347736
0.347744
0.347744
0.347745
0.347745
0.347750
0.347751
0.347750
0.347750
0.347750
0.347751
0.347754
0.347758
0.347759
0.347758
0.347756
0.347757
0.347754
0.347758
0.347758
0.347758
0.347758
0.347758
0.347760
0.347761
0.347761
0.347762
0.347762
0.347767
0.347770
0.347770
0.347771
0.347775
0.347776
0.347776
0.347776
0.347778
0.347778
0.347783
0.347783
0.347784
0.347786
0.347786
0.347790
0.347790
0.347789
0.347789
0.347789
0.347789
0.347790
0.347790
0.347785
0.347785
0.347786
0.347787
0.347790
0.347790
0.347790
0.347792
0.347793
0.347794
0.347796
0.347798
0.347798
0.347798
0.347798
0.347799
0.347805
0.347808
0.347808
0.347810
0.347812
0.347812
0.347812
0.347812
0.347812
0.347814
0.347814
0.347843
0.347843
0.347843
0.347843
0.347844
0.347838
0.347838
0.347842
0.347842
0.347845
0.347845
0.347845
0.347849
0.347849
0.347849
0.347850
0.347850
0.347850
0.347850
0.347851
0.347852
0.347852
0.347854
0.347854
0.347854
0.347856
0.347865
0.347865
0.347865
0.347873
0.347873
0.347873
0.347874
0.347874
0.347874
0.347874
0.347874
0.347874
0.347876
0.347875
0.347875
0.347881
0.347889
0.347889
0.347894
0.347898
0.347898
0.347898
0.347900
0.347900
0.347895
0.347895
0.347899
0.347899
0.347906
0.347906
0.347907
0.347907
0.347907
0.347907
0.347908
0.347909
0.347929
0.347935
0.347936
0.347912
0.347912
0.347913
0.347913
0.347917
0.347917
0.347916
0.347916
0.347919
0.347920
0.347932
0.347934
0.347934
0.347960
0.347911
0.347908
0.347874
0.347874
0.347876
0.347880
0.347880
0.347886
0.347886
0.347886
0.347879
0.347880
0.347879
0.347879
0.347882
0.347854
0.347856
0.347856
0.347857
0.347857
0.347858
0.347878
0.347878
0.347878
0.347878
0.347878
0.347878
0.347879
0.347878
0.347878
0.347880
0.347880
0.347880
0.347882
0.347883
0.347880
0.347880
0.347877
0.347877
0.347877
0.347878
0.347878
0.347878
0.347878
0.347881
0.347881
0.347881
0.347881
0.347881
0.347881
0.347881
0.347866
0.347866
0.347871
0.347872
0.347872
0.347872
0.347874
0.347875
0.347880
0.347880
0.347887
0.347890
0.347891
0.347898
0.347914
0.347914
0.347914
0.347914
0.347914
0.347917
0.347917
0.347881
0.347884
0.347884
0.347887
0.347888
0.347889
0.347982
0.347982
0.347984
0.347984
0.347986
0.347987
0.347987
0.347987
0.347989
0.347990
0.347994
0.347996
0.348002
0.348002
0.348001
0.348002
0.348007
0.348007
0.348008
0.348001
0.348001
0.348003
0.348003
0.348003
0.348003
0.348008
0.348008
0.348009
0.348010
0.348010
0.348010
0.348010
0.348011
0.348011
0.348011
0.348012
0.348012
0.348013
0.348013
0.348013
0.348014
0.348014
0.348014
0.348014
0.348015
0.348015
0.348022
0.348026
0.348026
0.348026
0.348026
0.348028
0.348028
0.348029
0.348029
0.348030
0.348030
0.348042
0.348043
0.348045
0.348045
0.348045
0.348046
0.348046
0.348046
0.348046
0.348047
0.348048
0.348050
0.348050
0.348051
0.348056
0.348063
0.348065
0.348066
0.348066
0.348072
0.348090
0.348094
0.348094
0.348094
0.348095
0.348094
0.348094
0.348072
0.348062
0.348064
0.348080
0.348080
0.348086
0.348087
0.348089
0.348089
0.348089
0.348088
0.348090
0.348091
0.348094
0.348097
0.348097
0.348098
0.348105
0.348106
0.348107
0.348110
0.348108
0.348080
0.348080
0.348081
0.348084
0.348086
0.348089
0.348090
0.348091
0.348091
0.348091
0.348095
0.348096
0.348096
0.348097
0.348117
0.348120
0.348120
0.348120
0.348120
0.348120
0.348122
0.348131
0.348132
0.348117
0.348118
0.348118
0.348119
0.348121
0.348123
0.348131
0.348131
0.348130
0.348122
0.348122
0.348123
0.348125
0.348126
0.348127
0.348129
0.348129
0.348129
0.348104
0.348104
0.348111
0.348112
0.348112
0.348113
0.348113
0.348113
0.348119
0.348119
0.348119
0.348128
0.348128
0.348129
0.348128
0.348128
0.348135
0.348135
0.348137
0.348138
0.348139
0.348142
0.348142
0.348142
0.348142
0.348143
0.348143
0.348143
0.348149
0.348153
0.348154
0.348154
0.348154
0.348159
0.348159
0.348161
0.348161
0.348161
0.348163
0.348164
0.348164
0.348165
0.348166
0.348166
0.348166
0.348166
0.348172
0.348172
0.348176
0.348180
0.348186
0.348186
0.348189
0.348190
0.348191
0.348192
0.348195
0.348171
0.348164
0.348164
0.348164
0.348165
0.348166
0.348170
0.348170
0.348149
0.348149
0.348149
0.348149
0.348150
0.348152
0.348152
0.348152
0.348152
0.348152
0.348152
0.348154
0.348155
0.348138
0.348139
0.348139
0.348139
0.348139
0.348139
0.348143
0.348143
0.348151
0.348151
0.348167
0.348167
0.348167
0.348167
0.348169
0.348169
0.348169
0.348173
0.348173
0.348159
0.348161
0.348161
0.348161
0.348182
0.348182
0.348172
0.348173
0.348173
0.348173
0.348194
0.348194
0.348223
0.348224
0.348225
0.348227
0.348221
0.348221
0.348223
0.348224
0.348223
0.348224
0.348231
0.348231
0.348231
0.348231
0.348231
0.348232
0.348232
0.348233
0.348233
0.348232
0.348235
0.348236
0.348238
0.348242
0.348236
0.348237
0.348237
0.348238
0.348239
0.348239
0.348240
0.348247
0.348247
0.348247
0.348247
0.348248
0.348248
0.348243
0.348253
0.348253
0.348253
0.348255
0.348255
0.348247
0.348247
0.348254
0.348254
0.348255
0.348255
0.348256
0.348258
0.348263
0.348263
0.348266
0.348268
0.348263
0.348263
0.348263
0.348266
0.348267
0.348267
0.348268
0.348268
0.348268
0.348274
0.348274
0.348274
0.348274
0.348274
0.348275
0.348276
0.348276
0.348276
0.348276
0.348276
0.348277
0.348277
0.348282
0.348286
0.348286
0.348291
0.348291
0.348291
0.348291
0.348291
0.348291
0.348293
0.348278
0.348278
0.348294
0.348296
0.348296
0.348296
0.348297
0.348299
0.348299
0.348303
0.348304
0.348304
0.348304
0.348306
0.348309
0.348310
0.348310
0.348311
0.348311
0.348311
0.348311
0.348311
0.348311
0.348311
0.348311
0.348291
0.348290
0.348290
0.348291
0.348291
0.348291
0.348291
0.348293
0.348293
0.348293
0.348293
0.348297
0.348298
0.348306
0.348308
0.348308
0.348310
0.348308
0.348307
0.348306
0.348312
0.348314
0.348316
0.348316
0.348322
0.348322
0.348324
0.348324
0.348323
0.348304
0.348304
0.348304
0.348310
0.348310
0.348310
0.348311
0.348313
0.348313
0.348314
0.348315
0.348316
0.348316
0.348316
0.348316
0.348317
0.348317
0.348317
0.348317
0.348317
0.348318
0.348319
0.348319
0.348320
0.348320
0.348320
0.348321
0.348321
0.348325
0.348299
0.348299
0.348306
0.348308
0.348314
0.348314
0.348320
0.348322
0.348322
0.348319
0.348319
0.348322
0.348322
0.348328
0.348329
0.348330
0.348330
0.348331
0.348332
0.348332
0.348333
0.348332
0.348332
0.348332
0.348333
0.348334
0.348334
0.348334
0.348334
0.348336
0.348336
0.348336
0.348336
0.348336
0.348336
0.348338
0.348339
0.348340
0.348341
0.348343
0.348341
0.348341
0.348341
0.348341
0.348343
0.348347
0.348347
0.348349
0.348352
0.348356
0.348378
0.348378
0.348383
0.348384
0.348384
0.348386
0.348400
0.348402
0.348402
0.348402
0.348388
0.348391
0.348391
0.348391
0.348391
0.348402
0.348402
0.348401
0.348404
0.348404
0.348409
0.348410
0.348410
0.348419
0.348419
0.348431
0.348433
0.348433
0.348433
0.348433
0.348437
0.348442
0.348453
0.348452
0.348452
0.348454
0.348462
0.348462
0.348469
0.348469
0.348471
0.348473
0.348473
0.348445
0.348445
0.348445
0.348445
0.348446
0.348446
0.348447
0.348447
0.348447
0.348447
0.348448
0.348451
0.348461
0.348463
0.348463
0.348463
0.348463
0.348467
0.348467
0.348467
0.348471
0.348471
0.348495
0.348495
0.348496
0.348496
0.348496
0.348507
0.348508
0.348508
0.348508
0.348509
0.348509
0.348509
0.348510
0.348513
0.348522
0.348524
0.348525
0.348525
0.348526
0.348526
0.348526
0.348525
0.348526
0.348526
0.348527
0.348524
0.348525
0.348520
0.348520
0.348523
0.348525
0.348528
0.348514
0.348514
0.348514
0.348519
0.348519
0.348523
0.348523
0.348523
0.348523
0.348523
0.348520
0.348522
0.348518
0.348534
0.348536
0.348537
0.348537
0.348538
0.348539
0.348539
0.348539
0.348540
0.348541
0.348541
0.348543
0.348535
0.348535
0.348540
0.348533
0.348538
0.348538
0.348539
0.348541
0.348541
0.348541
0.348542
0.348546
0.348548
0.348550
0.348551
0.348552
0.348555
0.348578
0.348579
0.348583
0.348584
0.348584
0.348584
0.348586
0.348586
0.348586
0.348586
0.348586
0.348587
0.348586
0.348586
0.348587
0.348592
0.348596
0.348596
0.348596
0.348596
0.348597
0.348597
0.348597
0.348603
0.348603
0.348603
0.348603
0.348603
0.348603
0.348608
0.348602
0.348602
0.348602
0.348602
0.348603
0.348616
0.348622
0.348623
0.348623
0.348623
0.348623
0.348624
0.348624
0.348624
0.348628
0.348624
0.348624
0.348624
0.348624
0.348626
0.348626
0.348626
0.348626
0.348628
0.348633
0.348633
0.348634
0.348636
0.348638
0.348640
0.348640
0.348640
0.348640
0.348596
0.348598
0.348599
0.348608
0.348608
0.348610
0.348610
0.348609
0.348609
0.348611
0.348618
0.348618
0.348621
0.348624
0.348625
0.348625
0.348632
0.348633
0.348636
0.348637
0.348644
0.348645
0.348650
0.348650
0.348650
0.348651
0.348651
0.348651
0.348652
0.348651
0.348656
0.348674
0.348676
0.348676
0.348677
0.348677
0.348677
0.348675
0.348675
0.348676
0.348665
0.348665
0.348666
0.348667
0.348669
0.348669
0.348669
0.348668
0.348668
0.348662
0.348662
0.348662
0.348674
0.348674
0.348674
0.348675
0.348673
0.348673
0.348673
0.348674
0.348675
0.348677
0.348682
0.348682
0.348682
0.348683
0.348685
0.348686
0.348686
0.348682
0.348690
0.348694
0.348697
0.348699
0.348688
0.348688
0.348688
0.348689
0.348689
0.348689
0.348689
0.348689
0.348690
0.348690
0.348691
0.348691
0.348691
0.348691
0.348691
0.348691
0.348691
0.348691
0.348683
0.348683
0.348684
0.348684
0.348684
0.348684
0.348684
0.348684
0.348688
0.348688
0.348690
0.348697
0.348698
0.348698
0.348698
0.348698
0.348698
0.348699
0.348699
0.348700
0.348699
0.348699
0.348699
0.348699
0.348700
0.348700
0.348702
0.348702
0.348705
0.348707
0.348712
0.348711
0.348711
0.348711
0.348711
0.348713
0.348682
0.348682
0.348681
0.348681
0.348681
0.348672
0.348672
0.348672
0.348673
0.348673
0.348674
0.348674
0.348675
0.348681
0.348681
0.348683
0.348683
0.348685
0.348687
0.348687
0.348687
0.348689
0.348689
0.348689
0.348689
0.348701
0.348701
0.348701
0.348701
0.348703
0.348703
0.348703
0.348703
0.348704
0.348707
0.348707
0.348711
0.348710
0.348712
0.348715
0.348715
0.348715
0.348715
0.348715
0.348717
0.348718
0.348719
0.348719
0.348727
0.348729
0.348729
0.348731
0.348731
0.348733
0.348733
0.348733
0.348733
0.348735
0.348735
0.348735
0.348741
0.348742
0.348742
0.348745
0.348745
0.348747
0.348748
0.348749
0.348750
0.348744
0.348744
0.348744
0.348744
0.348744
0.348746
0.348747
0.348725
0.348726
0.348727
0.348727
0.348727
0.348727
0.348732
0.348741
0.348741
0.348738
0.348738
0.348713
0.348713
0.348713
0.348718
0.348718
0.348719
0.348724
0.348725
0.348725
0.348727
0.348729
0.348728
0.348729
0.348729
0.348748
0.348748
0.348748
0.348751
0.348751
0.348751
0.348751
0.348755
0.348755
0.348755
0.348755
0.348755
0.348757
0.348759
0.348761
0.348760
0.348766
0.348768
0.348768
0.348770
0.348770
0.348774
0.348775
0.348776
0.348775
0.348775
0.348775
0.348776
0.348780
0.348794
0.348810
0.348803
0.348806
0.348809
0.348809
0.348811
0.348811
0.348811
0.348812
0.348812
0.348812
0.348812
0.348812
0.348813
0.348813
0.348815
0.348818
0.348821
0.348823
0.348826
0.348826
0.348826
0.348830
0.348830
0.348846
0.348846
0.348847
0.348847
0.348846
0.348851
0.348851
0.348851
0.348860
0.348862
0.348866
0.348870
0.348870
0.348872
0.348874
0.348874
0.348874
0.348875
0.348875
0.348876
0.348876
0.348902
0.348907
0.348908
0.348923
0.348923
0.348910
0.348910
0.348910
0.348910
0.348913
0.348913
0.348913
0.348913
0.348913
0.348923
0.348921
0.348920
0.348921
0.348922
0.348922
0.348951
0.348952
0.348954
0.348955
0.348955
0.348956
0.348956
0.348956
0.348956
0.348929
0.348929
0.348930
0.348930
0.348930
0.348930
0.348930
0.348930
0.348930
0.348931
0.348931
0.348931
0.348932
0.348924
0.348925
0.348930
0.348930
0.348931
0.348931
0.348932
0.348942
0.348943
0.348944
0.348944
0.348943
0.348940
0.348946
0.348946
0.348948
0.348948
0.348947
0.348947
0.348947
0.348947
0.348945
0.348945
0.348945
0.348945
0.348946
0.348946
0.348947
0.348948
0.348948
0.348948
0.348948
0.348950
0.348951
0.348952
0.348958
0.348959
0.348962
0.348962
0.348962
0.348962
0.348963
0.348965
0.348964
0.348964
0.348964
0.348966
0.348967
0.348968
0.348972
0.348984
0.348995
0.348997
0.348997
0.348997
0.348997
0.348997
0.348999
0.348999
0.348999
0.349004
0.349004
0.349005
0.349004
0.349005
0.349016
0.349016
0.349021
0.349021
0.349022
0.349022
0.349022
0.349022
0.349023
0.349024
0.349024
0.349025
0.349026
0.349028
0.349029
0.349032
0.349032
0.349032
0.349032
0.349032
0.349032
0.349031
0.349030
0.349030
0.349031
0.349034
0.349034
0.348977
0.348978
0.348978
0.348982
0.348981
0.348981
0.348981
0.348981
0.348982
0.348982
0.348982
0.348980
0.348980
0.348986
0.348986
0.348988
0.349026
0.349028
0.349029
0.349029
0.349036
0.349036
0.349036
0.349067
0.349067
0.349071
0.349071
0.349071
0.349072
0.349072
0.349074
0.349074
0.349074
0.349074
0.349074
0.349074
0.349089
0.349093
0.349097
0.349097
0.349099
0.349100
0.349100
0.349102
0.349104
0.349104
0.349104
0.349107
0.349119
0.349119
0.349120
0.349120
0.349125
0.349133
0.349133
0.349134
0.349134
0.349146
0.349146
0.349165
0.349165
0.349165
0.349178
0.349178
0.349184
0.349184
0.349185
0.349185
0.349185
0.349188
0.349198
0.349202
0.349200
0.349200
0.349200
0.349202
0.349202
0.349202
0.349203
0.349203
0.349207
0.349207
0.349210
0.349212
0.349212
0.349212
0.349213
0.349213
0.349214
0.349214
0.349214
0.349214
0.349214
0.349215
0.349215
0.349215
0.349215
0.349216
0.349217
0.349217
0.349217
0.349220
0.349227
0.349231
0.349231
0.349231
0.349231
0.349238
0.349239
0.349239
0.349239
0.349237
0.349238
0.349238
0.349237
0.349237
0.349239
0.349254
0.349255
0.349256
0.349256
0.349277
0.349286
0.349287
0.349288
0.349270
0.349271
0.349266
0.349266
0.349271
0.349273
0.349273
0.349273
0.349286
0.349286
0.349291
0.349294
0.349294
0.349297
0.349297
0.349297
0.349297
0.349299
0.349299
0.349307
0.349308
0.349308
0.349308
0.349312
0.349312
0.349313
0.349313
0.349313
0.349314
0.349314
0.349314
0.349314
0.349320
0.349323
0.349319
0.349319
0.349319
0.349321
0.349336
0.349336
0.349336
0.349336
0.349336
0.349336
0.349348
0.349350
0.349350
0.349350
0.349350
0.349352
0.349352
0.349353
0.349352
0.349353
0.349353
0.349356
0.349346
0.349350
0.349350
0.349336
0.349338
0.349340
0.349340
0.349340
0.349340
0.349340
0.349339
0.349339
0.349339
0.349339
0.349342
0.349342
0.349348
0.349348
0.349343
0.349364
0.349364
0.349364
0.349364
0.349365
0.349365
0.349365
0.349350
0.349350
0.349355
0.349355
0.349358
0.349360
0.349370
0.349370
0.349370
0.349371
0.349371
0.349374
0.349395
0.349397
0.349397
0.349396
0.349396
0.349400
0.349401
0.349401
0.349401
0.349403
0.349405
0.349410
0.349411
0.349413
0.349413
0.349413
0.349413
0.349413
0.349413
0.349426
0.349426
0.349426
0.349424
0.349424
0.349428
0.349428
0.349431
0.349431
0.349443
0.349441
0.349438
0.349438
0.349440
0.349441
0.349439
0.349439
0.349439
0.349442
0.349445
0.349452
0.349454
0.349457
0.349457
0.349457
0.349459
0.349459
0.349459
0.349459
0.349459
0.349463
0.349463
0.349463
0.349553
0.349553
0.349555
0.349558
0.349558
0.349558
0.349564
0.349564
0.349566
0.349566
0.349566
0.349566
0.349573
0.349575
0.349568
0.349569
0.349571
0.349571
0.349571
0.349576
0.349605
0.349587
0.349587
0.349587
0.349588
0.349602
0.349603
0.349624
0.349624
0.349625
0.349625
0.349625
0.349652
0.349654
0.349654
0.349651
0.349651
0.349651
0.349656
0.349657
0.349657
0.349657
0.349657
0.349662
0.349662
0.349662
0.349655
0.349657
0.349657
0.349655
0.349674
0.349675
0.349675
0.349677
0.349677
0.349677
0.349716
0.349716
0.349716
0.349716
0.349716
0.349716
0.349691
0.349691
0.349691
0.349692
0.349692
0.349692
0.349692
0.349692
0.349689
0.349690
0.349690
0.349690
0.349690
0.349690
0.349691
0.349695
0.349696
0.349696
0.349696
0.349718
0.349719
0.349728
0.349731
0.349731
