-0.141045
-0.132987
-0.126773
-0.121907
-0.116360
-0.111937
-0.109490
-0.107047
-0.105392
-0.101284
-0.099366
-0.097653
-0.094030
-0.092566
-0.089297
-0.087831
-0.086192
-0.082985
-0.081694
-0.079153
-0.078642
-0.076679
-0.076460
-0.073915
-0.072537
-0.071153
-0.068850
-0.068079
-0.065495
-0.064405
-0.065054
-0.061909
-0.058891
-0.059358
-0.057029
-0.056098
-0.054067
-0.053081
-0.051273
-0.050617
-0.047347
-0.046512
-0.045991
-0.043855
-0.043710
-0.042122
-0.041717
-0.041219
-0.041244
-0.038260
-0.038423
-0.036654
-0.035809
-0.033514
-0.031817
-0.032307
-0.031904
-0.030125
-0.028856
-0.028875
-0.027469
-0.027231
-0.027096
-0.026923
-0.025499
-0.026112
-0.025116
-0.022213
-0.020644
-0.018362
-0.019151
-0.019976
-0.017845
-0.015613
-0.016007
-0.014941
-0.018271
-0.014241
-0.014199
-0.013357
-0.013945
-0.009336
-0.008786
-0.009730
-0.009472
-0.008243
-0.009415
-0.008093
-0.008702
-0.007341
-0.003477
-0.000348
-0.000454
-0.000872
-0.000242
0.001845
0.001433
0.002872
-0.000531
0.002415
0.002591
0.005169
0.005583
0.005510
0.005961
0.007113
0.007703
0.008142
0.008009
0.010126
0.011704
0.005146
0.009435
0.007813
0.012741
0.013121
0.011715
0.012180
0.014134
0.014990
0.013499
0.015024
0.016004
0.015681
0.017654
0.017976
0.018977
0.016450
0.017990
0.020705
0.018596
0.017814
0.020301
0.019536
0.022599
0.022655
0.021974
0.016266
0.023685
0.024109
0.025344
0.024915
0.025983
0.026268
0.023753
0.028390
0.026953
0.028523
0.024176
0.022969
0.026067
0.025835
0.028483
0.031695
0.029680
0.030659
0.035282
0.033210
0.032314
0.032591
0.036534
0.034117
0.039501
0.038939
0.037550
0.037184
0.034856
0.031125
0.036594
0.038422
0.037829
0.037858
0.039961
0.038933
0.039175
0.039058
0.040455
0.038163
0.040446
0.037505
0.039557
0.040442
0.043635
0.046553
0.045528
0.044185
0.046804
0.045892
0.050111
0.049030
0.044311
0.046568
0.047889
0.047910
0.050187
0.046000
0.046645
0.053650
0.051245
0.049890
0.049003
0.051934
0.052790
0.049687
0.048347
0.050978
0.050173
0.051375
0.052180
0.054113
0.057947
0.052531
0.052339
0.056275
0.056116
0.054774
0.059675
0.057565
0.055793
0.054706
0.055383
0.059099
0.056523
0.056201
0.055679
0.056191
0.063505
0.065155
0.063745
0.061993
0.058620
0.059355
0.059359
0.063766
0.064615
0.060497
0.060007
0.066164
0.063848
0.059562
0.056968
0.059160
0.066269
0.066864
0.063986
0.063027
0.065741
0.062090
0.065304
0.064614
0.066322
0.066977
0.063547
0.064277
0.068395
0.065754
0.067010
0.069421
0.070360
0.070862
0.068720
0.070511
0.068054
0.068906
0.074222
0.069166
0.074699
0.069443
0.066692
0.067818
0.067304
0.071723
0.070203
0.070710
0.069436
0.074272
0.072847
0.070712
0.073018
0.070913
0.072343
0.075319
0.073950
0.069281
0.073515
0.071357
0.074530
0.071766
0.072831
0.072834
0.076061
0.074141
0.076824
0.076212
0.077846
0.074157
0.075556
0.075822
0.073382
0.077129
0.074782
0.071285
0.078318
0.080277
0.079352
0.079016
0.079526
0.078086
0.076299
0.076136
0.079387
0.081353
0.082125
0.080486
0.080972
0.081287
0.082481
0.080042
0.079492
0.076423
0.084603
0.084236
0.086855
0.087195
0.083977
0.078059
0.081837
0.079571
0.079627
0.080998
0.082107
0.085316
0.085103
0.089353
0.085960
0.087321
0.086021
0.085058
0.087801
0.085226
0.090963
0.096079
0.086663
0.087203
0.092439
0.093307
0.086824
0.088812
0.087554
0.084068
0.083407
0.083719
0.083730
0.084762
0.086437
0.093239
0.093408
0.093316
0.089047
0.088968
0.091681
0.085813
0.089633
0.091041
0.090481
0.084225
0.088780
0.089939
0.090967
0.096155
0.090800
0.091267
0.093105
0.094662
0.096233
0.099096
0.095150
0.092352
0.093869
0.089503
0.096695
0.096759
0.096625
0.097433
0.090097
0.094549
0.094614
0.099471
0.096368
0.100472
0.096152
0.094944
0.091948
0.087380
0.091221
0.091801
0.093423
0.094361
0.095776
0.098753
0.096695
0.100668
0.101258
0.101986
0.102070
0.102618
0.100867
0.094732
0.095366
0.097416
0.097386
0.102914
0.098968
0.099074
0.095889
0.099358
0.102709
0.101856
0.100630
0.101482
0.100387
0.100072
0.097103
0.102467
0.104787
0.100286
0.103835
0.104302
0.101455
0.098305
0.100546
0.104766
0.099068
0.097798
0.102141
0.103334
0.099476
0.106860
0.102751
0.101313
0.103273
0.103518
0.103334
0.102472
0.103487
0.098772
0.100818
0.101461
0.102045
0.105137
0.108622
0.111906
0.107727
0.108418
0.108988
0.106973
0.101680
0.109079
0.106456
0.102791
0.103424
0.106108
0.105401
0.104934
0.109893
0.108836
0.105329
0.103748
0.110569
0.112485
0.106719
0.106164
0.105215
0.107562
0.113648
0.108426
0.106507
0.108671
0.108009
0.111782
0.110851
0.111814
0.107652
0.104128
0.115572
0.111396
0.110325
0.113070
0.112899
0.112032
0.115290
0.112522
0.108920
0.115254
0.113167
0.111142
0.112547
0.105747
0.111856
0.110529
0.116651
0.117383
0.110859
0.107695
0.106622
0.112026
0.113158
0.115822
0.110028
0.111844
0.116428
0.112811
0.113573
0.113182
0.112448
0.108915
0.115428
0.120016
0.115891
0.111095
0.117805
0.119922
0.116307
0.115602
0.116699
0.114764
0.119181
0.114977
0.118387
0.118612
0.116394
0.119226
0.119241
0.118350
0.114875
0.115676
0.121146
0.117099
0.115005
0.119205
0.113451
0.114187
0.115735
0.112819
0.113070
0.115812
0.115569
0.113756
0.116056
0.111804
0.121117
0.118543
0.122888
0.121979
0.118629
0.119339
0.121966
0.122314
0.121917
0.120299
0.120971
0.123949
0.123462
0.119733
0.121799
0.113351
0.119789
0.116392
0.111892
0.119658
0.119757
0.116776
0.120153
0.119736
0.120495
0.119116
0.118416
0.121429
0.122946
0.118476
0.117549
0.123065
0.123680
0.119279
0.120150
0.121448
0.123244
0.124274
0.126246
0.119556
0.121256
0.120161
0.127431
0.124458
0.118768
0.126420
0.123843
0.123442
0.130906
0.129463
0.124270
0.127154
0.124901
0.117156
0.119242
0.128255
0.125963
0.122955
0.125884
0.126858
0.123193
0.130280
0.126093
0.115943
0.119656
0.124098
0.120348
0.118234
0.116422
0.128348
0.127248
0.122528
0.121700
0.125728
0.124066
0.124783
0.127582
0.128011
0.119791
0.123789
0.125315
0.127636
0.127494
0.128047
0.122698
0.129616
0.129245
0.124205
0.123074
0.120698
0.124201
0.129128
0.127934
0.130990
0.127615
0.126391
0.128782
0.131066
0.127243
0.131414
0.132878
0.130313
0.132609
0.130160
0.131571
0.129134
0.121948
0.127749
0.126787
0.135365
0.129653
0.127146
0.126608
0.130796
0.122497
0.130937
0.130569
0.130755
0.123822
0.123645
0.118305
0.122534
0.129001
0.132745
0.127171
0.125588
0.127187
0.127475
0.129221
0.122250
0.126942
0.129387
0.130572
0.132686
0.132717
0.128292
0.131187
0.133358
0.136000
0.134506
0.130511
0.121217
0.131283
0.130872
0.134856
0.132651
0.129398
0.135224
0.133558
0.127568
0.130706
0.131228
0.127723
0.134871
0.132509
0.132073
0.133393
0.127806
0.129471
0.134639
0.132815
0.128950
0.133054
0.125733
0.130170
0.125338
0.132248
0.131947
0.137898
0.133538
0.139952
0.135969
0.137493
0.138320
0.141279
0.135695
0.135902
0.130233
0.133823
0.127262
0.127393
0.129830
0.136046
0.138367
0.133318
0.135004
0.134405
0.131675
0.133918
0.133677
0.128658
0.126377
0.137770
0.128802
0.127947
0.129336
0.133655
0.136106
0.141023
0.129551
0.134699
0.130264
0.135726
0.136531
0.137427
0.132432
0.130415
0.140067
0.135834
0.140654
0.139144
0.134622
0.136388
0.139132
0.137310
0.135428
0.137012
0.134212
0.133561
0.132456
0.138491
0.136733
0.136359
0.138015
0.134639
0.137280
0.134631
0.131757
0.133807
0.135809
0.133799
0.140415
0.134910
0.136536
0.136529
0.138263
0.139938
0.143806
0.139470
0.136919
0.137807
0.137629
0.143095
0.138086
0.139732
0.141433
0.136390
0.133899
0.138233
0.138268
0.138525
0.143371
0.136701
0.134434
0.136167
0.142275
0.141178
0.139058
0.141198
0.133804
0.132401
0.139784
0.141025
0.133248
0.140894
0.138862
0.136686
0.139127
0.136698
0.135444
0.137161
0.136697
0.135782
0.142463
0.137711
0.139172
0.140984
0.137815
0.134028
0.143685
0.139007
0.141022
0.137229
0.133091
0.136440
0.139631
0.137723
0.141066
0.140649
0.142559
0.141933
0.142205
0.141098
0.147510
0.139878
0.139574
0.139238
0.140036
0.146661
0.145741
0.142078
0.143216
0.135868
0.144234
0.135820
0.142317
0.142839
0.138046
0.138803
0.144107
0.146444
0.142013
0.135516
0.140947
0.146038
0.146910
0.139778
0.140505
0.143214
0.141572
0.139117
0.147889
0.143363
0.144564
0.145408
0.147113
0.140741
0.140488
0.140484
0.148103
0.148503
0.140767
0.143423
0.141660
0.133851
0.136094
0.148898
0.144112
0.144388
0.139857
0.145352
0.143797
0.142300
0.140850
0.141034
0.138720
0.144268
0.145385
0.149663
0.147023
0.150534
0.148849
0.143621
0.143318
0.145653
0.142634
0.140331
0.145895
0.144206
0.147212
0.140957
0.146505
0.143433
0.145835
0.137598
0.141998
0.138386
0.143942
0.151848
0.146649
0.146904
0.147373
0.146014
0.147976
0.139249
0.144109
0.151639
0.146809
0.148014
0.150488
0.142368
0.137174
0.145354
0.143901
0.148930
0.142046
0.146261
0.141586
0.146585
0.147365
0.147213
0.147143
0.146233
0.146423
0.147518
0.151214
0.147654
0.142899
0.140320
0.137844
0.154050
0.147381
0.150054
0.146792
0.141791
0.151610
0.152634
0.152347
0.150307
0.151934
0.153806
0.152371
0.152010
0.143884
0.144743
0.145768
0.150737
0.144812
0.144522
0.136675
0.143487
0.151100
0.148732
0.146345
0.146686
0.149600
0.153769
0.151075
0.150227
0.157886
0.152784
0.153636
0.149625
0.155880
0.149426
0.145803
0.154332
0.150858
0.154242
0.142289
0.141034
0.147226
0.145946
0.154703
0.155479
0.154601
0.153433
0.146890
0.145307
0.144387
0.144262
0.147206
0.150025
0.151426
0.156183
0.152277
0.146678
0.148367
0.143669
0.149241
0.148405
0.146463
0.150037
0.148724
0.154744
0.152636
0.143132
0.150106
0.148599
0.145183
0.153923
0.143408
0.151764
0.150912
0.152699
0.152368
0.151866
0.147425
0.151988
0.151899
0.151895
0.157176
0.151565
0.148802
0.152303
0.156859
0.155902
0.151004
0.151510
0.152209
0.151991
0.147080
0.150450
0.145597
0.140849
0.153054
0.153220
0.153205
0.144076
0.138953
0.143211
0.151345
0.150539
0.155891
0.152799
0.149920
0.151907
0.153003
0.152977
0.153235
0.143301
0.141871
0.147919
0.156832
0.148873
0.144474
0.151444
0.149386
0.146646
0.155624
0.152921
0.150108
0.150712
0.148047
0.154814
0.152703
0.152340
0.144347
0.144741
0.152878
0.152773
0.151911
0.149483
0.147434
0.150792
0.151276
0.154396
0.150351
0.150412
0.147226
0.146925
0.153809
0.155166
0.155798
0.142937
0.139727
0.149332
0.157641
0.155405
0.153092
0.158019
0.159907
0.151690
0.154571
0.164396
0.158603
0.151856
0.160725
0.152465
0.150785
0.152583
0.150143
0.154465
0.157241
0.155133
0.154466
0.153945
0.157570
0.153207
0.150020
0.148248
0.153857
0.158769
0.153302
0.157107
0.152839
0.160108
0.154256
0.154966
0.160717
0.154886
0.158053
0.153503
0.154176
0.160640
0.155731
0.155363
0.145965
0.152733
0.154251
0.150967
0.153369
0.155886
0.159600
0.160182
0.150513
0.159123
0.158789
0.161246
0.160259
0.156100
0.162523
0.160597
0.153178
0.150473
0.154294
0.149691
0.155929
0.147355
0.151710
0.158224
0.153031
0.153453
0.155923
0.159532
0.155418
0.156012
0.162182
0.154984
0.161317
0.158032
0.156613
0.152031
0.156474
0.147922
0.154415
0.160083
0.153739
0.160206
0.159458
0.158348
0.162555
0.165118
0.163905
0.167162
0.160590
0.162932
0.156164
0.158598
0.157615
0.152562
0.158488
0.160517
0.158687
0.163070
0.158429
0.165764
0.158878
0.151360
0.155546
0.158603
0.159103
0.156996
0.159818
0.154084
0.157590
0.155375
0.161928
0.155957
0.161921
0.163942
0.162408
0.158803
0.154973
0.158384
0.161290
0.159981
0.165899
0.157552
0.166612
0.161624
0.154719
0.163869
0.158904
0.150673
0.147931
0.154846
0.166738
0.160749
0.161086
0.155228
0.163404
0.156654
0.160022
0.163715
0.162310
0.163071
0.158557
0.159678
0.160700
0.152777
0.158630
0.158444
0.157458
0.158195
0.161523
0.159146
0.164701
0.167999
0.156720
0.165766
0.162448
0.158840
0.157236
0.161488
0.161616
0.154507
0.157707
0.151386
0.160545
0.160604
0.169304
0.158343
0.155662
0.160140
0.159143
0.157520
0.157593
0.165360
0.160927
0.159303
0.160296
0.161258
0.163672
0.165978
0.160326
0.155883
0.157157
0.153701
0.154532
0.162718
0.159833
0.169836
0.165971
0.157388
0.162738
0.162537
0.158966
0.159603
0.160764
0.169628
0.167264
0.164991
0.159316
0.158033
0.156143
0.151076
0.154092
0.163432
0.156306
0.153310
0.163113
0.159289
0.161465
0.158127
0.158696
0.156337
0.149496
0.159388
0.160827
0.160330
0.160234
0.157344
0.152611
0.153746
0.158531
0.166473
0.158614
0.163607
0.162628
0.163514
0.162801
0.160866
0.162139
0.157476
0.158019
0.159665
0.165385
0.163267
0.161107
0.165560
0.163500
0.164383
0.158090
0.160409
0.154079
0.160594
0.157168
0.161080
0.165233
0.168734
0.162201
0.163465
0.164229
0.164328
0.160903
0.158451
0.161314
0.169302
0.164266
0.160671
0.166146
0.166285
0.162313
0.166810
0.174835
0.167882
0.162585
0.161298
0.163799
0.166673
0.165666
0.164745
0.165613
0.164323
0.165540
0.159757
0.159305
0.167928
0.167109
0.164056
0.165952
0.161483
0.154461
0.157553
0.157940
0.156027
0.151748
0.160857
0.167450
0.166180
0.166958
0.166137
0.172132
0.170807
0.168378
0.169190
0.172044
0.172634
0.162775
0.164639
0.164051
0.171422
0.170317
0.170054
0.169326
0.169489
0.168968
0.165336
0.169966
0.172011
0.170529
0.169951
0.169791
0.166765
0.164730
0.172514
0.171759
0.172998
0.169902
0.167175
0.165944
0.172039
0.167186
0.169270
0.157916
0.168830
0.170640
0.169259
0.170304
0.163973
0.157178
0.164036
0.165323
0.160032
0.163976
0.167826
0.168831
0.170267
0.164246
0.162592
0.161646
0.169961
0.167814
0.170008
0.170153
0.167510
0.166756
0.164663
0.175237
0.166064
0.170047
0.167729
0.169919
0.172003
0.172632
0.170448
0.171919
0.169578
0.167808
0.173256
0.169311
0.165110
0.168007
0.168061
0.158276
0.160543
0.165849
0.171179
0.171989
0.169474
0.170558
0.163688
0.165597
0.167755
0.169054
0.164062
0.166517
0.170169
0.161859
0.164680
0.165668
0.159709
0.168165
0.156406
0.157585
0.161408
0.177574
0.162809
0.161265
0.165231
0.159053
0.164231
0.158556
0.162126
0.161803
0.163936
0.166048
0.170939
0.167431
0.169585
0.169404
0.169392
0.168650
0.173314
0.174937
0.170548
0.169530
0.164679
0.162073
0.169563
0.161695
0.161410
0.163647
0.176367
0.176346
0.163469
0.166074
0.173553
0.167970
0.171598
0.171587
0.166849
0.165283
0.156651
0.161704
0.160717
0.165149
0.169068
0.163429
0.167424
0.170544
0.169783
0.170850
0.168045
0.169643
0.176642
0.168239
0.169512
0.168337
0.167736
0.171601
0.170220
0.166838
0.172425
0.171877
0.169006
0.175094
0.175418
0.180259
0.168362
0.165226
0.172523
0.166610
0.171486
0.167603
0.166089
0.169590
0.170874
0.179328
0.167985
0.173910
0.172141
0.174098
0.168385
0.169199
0.173625
0.172631
0.174250
0.166317
0.158907
0.165427
0.173135
0.174057
0.171678
0.176288
0.169652
0.172958
0.168710
0.176185
0.178156
0.178274
0.175838
0.166268
0.167651
0.167662
0.176539
0.177414
0.169758
0.164751
0.164707
0.168674
0.172540
0.178534
0.183502
0.172832
0.167767
0.174109
0.164212
0.174473
0.172582
0.175142
0.173115
0.171691
0.170820
0.173455
0.173009
0.165332
0.169836
0.173049
0.165925
0.172921
0.165253
0.169670
0.177798
0.169543
0.168188
0.167019
0.165529
0.171279
0.173243
0.173382
0.178223
0.174194
0.176907
0.169821
0.170901
0.167817
0.170936
0.176744
0.173338
0.168679
0.168827
0.169522
0.171268
0.166885
0.170620
0.176509
0.173749
0.173692
0.176111
0.172865
0.166985
0.167961
0.176110
0.170106
0.177151
0.172289
0.174229
0.175335
0.172162
0.173256
0.162230
0.162644
0.169515
0.177521
0.179229
0.173350
0.168970
0.170126
0.175378
0.179452
0.175700
0.172413
0.178297
0.173799
0.170191
0.164554
0.169449
0.171243
0.172373
0.171660
0.174751
0.170799
0.165099
0.170406
0.169023
0.170465
0.174386
0.171381
0.166921
0.164887
0.165207
0.170397
0.173604
0.182996
0.180475
0.170823
0.178801
0.179790
0.178062
0.169944
0.174424
0.167721
0.171559
0.174002
0.170088
0.167010
0.169437
0.171147
0.170304
0.169904
0.170190
0.169467
0.177319
0.176469
0.172845
0.173441
0.173858
0.173819
0.174379
0.172968
0.163004
0.168279
0.175377
0.172689
0.179640
0.177838
0.174063
0.169678
0.168278
0.167739
0.168015
0.170689
0.175038
0.176636
0.172658
0.171712
0.172877
0.175956
0.177926
0.178857
0.176618
0.170932
0.172904
0.168902
0.179108
0.174919
0.170987
0.176036
0.176139
0.169899
0.167050
0.170176
0.170789
0.177227
0.172459
0.166599
0.168386
0.169556
0.174401
0.175367
0.169914
0.178149
0.179152
0.176172
0.178583
0.171577
0.178614
0.178691
0.178490
0.167086
0.178649
0.167568
0.169957
0.178179
0.176741
0.173036
0.173448
0.179574
0.172094
0.177220
0.177895
0.169888
0.167956
0.174454
0.173410
0.176831
0.179717
0.175504
0.181900
0.169503
0.181276
0.178170
0.174541
0.181883
0.180438
0.173218
0.180473
0.181300
0.172305
0.175429
0.178258
0.173678
0.171059
0.173487
0.168836
0.175304
0.160876
0.173201
0.179489
0.176272
0.177891
0.182826
0.182602
0.183565
0.171036
0.171808
0.175355
0.171168
0.172940
0.174820
0.169791
0.170807
0.169005
0.174329
0.172734
0.172487
0.170470
0.174140
0.173726
0.173412
0.176840
0.170551
0.174273
0.168856
0.183432
0.172484
0.171850
0.176226
0.175874
0.174171
0.184272
0.178807
0.173723
0.176826
0.173404
0.167046
0.173522
0.171476
0.183618
0.171968
0.174880
0.171656
0.179184
0.176077
0.169930
0.172577
0.176309
0.180212
0.183002
0.181179
0.178955
0.179511
0.176912
0.177533
0.167773
0.168835
0.174918
0.175908
0.175583
0.172170
0.172465
0.175151
0.166134
0.169026
0.172187
0.176168
0.174370
0.176714
0.181955
0.173710
0.181204
0.174806
0.176930
0.170382
0.168036
0.168318
0.173836
0.176406
0.173646
0.179524
0.176701
0.180123
0.181301
0.181260
0.183078
0.178108
0.171826
0.168612
0.175494
0.176156
0.182345
0.183130
0.178719
0.180752
0.180427
0.178106
0.183806
0.183086
0.174756
0.166879
0.175471
0.184887
0.170406
0.178797
0.181764
0.183764
0.183119
0.183198
0.184722
0.179665
0.172016
0.172655
0.165786
0.170089
0.172922
0.179278
0.178251
0.182674
0.174325
0.169514
0.178294
0.182226
0.183811
0.181883
0.178504
0.183908
0.174927
0.171682
0.168147
0.178971
0.170809
0.169676
0.167433
0.178736
0.182110
0.173645
0.177467
0.175741
0.176244
0.183141
0.175707
0.175727
0.174610
0.177670
0.174567
0.167734
0.173694
0.171090
0.184484
0.176977
0.173783
0.174402
0.185571
0.182882
0.181002
0.181339
0.181570
0.181299
0.182302
0.181591
0.176364
0.183379
0.178031
0.181904
0.181459
0.179847
0.180660
0.177767
0.173830
0.181526
0.183429
0.175562
0.173367
0.177152
0.180785
0.174548
0.172292
0.179062
0.186341
0.179613
0.183900
0.182154
0.176503
0.178582
0.182063
0.178715
0.178353
0.174131
0.182171
0.176914
0.170110
0.179273
0.182688
0.178989
0.185495
0.177236
0.181390
0.180470
0.182587
0.183815
0.184636
0.187555
0.184858
0.184126
0.186624
0.186959
0.178434
0.182347
0.185152
0.185219
0.187489
0.177763
0.173741
0.184707
0.187128
0.182618
0.180745
0.172346
0.181259
0.169821
0.165230
0.173342
0.171080
0.169970
0.173271
0.173371
0.173642
0.180551
0.175555
0.177629
0.183105
0.181553
0.176850
0.175943
0.178415
0.179160
0.168662
0.177310
0.175991
0.186197
0.172922
0.174701
0.181424
0.178206
0.182693
0.183677
0.184191
0.182978
0.184880
0.172185
0.179764
0.171667
0.176613
0.178403
0.170145
0.181943
0.186882
0.183902
0.178862
0.175189
0.181740
0.178344
0.184268
0.171918
0.176774
0.177688
0.171739
0.171709
0.183284
0.181787
0.182781
0.186528
0.185857
0.175883
0.182287
0.175741
0.167824
0.174530
0.178551
0.179160
0.179528
0.170963
0.183097
0.173550
0.179937
0.180856
0.185008
0.174918
0.177361
0.181026
0.180975
0.182148
0.183739
0.189584
0.177007
0.178324
0.185403
0.182314
0.188714
0.174963
0.178231
0.184218
0.184232
0.175165
0.180140
0.182382
0.179692
0.178084
0.185015
0.183524
0.175097
0.181158
0.173697
0.175448
0.184988
0.183443
0.181990
0.183513
0.172676
0.178979
0.180768
0.179700
0.181575
0.184625
0.174629
0.185484
0.187400
0.183726
0.188372
0.189221
0.182594
0.188363
0.181048
0.178853
0.183176
0.187261
0.186099
0.179403
0.187173
0.185653
0.178809
0.176894
0.181043
0.180831
0.178363
0.181628
0.179048
0.181915
0.178379
0.180581
0.187723
0.180676
0.184115
0.183325
0.175568
0.176766
0.184334
0.175545
0.176599
0.178552
0.174721
0.174669
0.180414
0.184702
0.183875
0.189235
0.192861
0.181605
0.185000
0.184746
0.184370
0.174839
0.172257
0.164854
0.178076
0.176701
0.180575
0.174423
0.178465
0.176454
0.187022
0.187584
0.180165
0.182005
0.181181
0.189438
0.179381
0.179825
0.183298
0.186509
0.190194
0.183416
0.184857
0.185220
0.181948
0.179399
0.186630
0.177725
0.181519
0.191509
0.181405
0.191146
0.186067
0.181098
0.183736
0.188137
0.182638
0.183513
0.183566
0.181424
0.179522
0.180924
0.175211
0.182255
0.192971
0.179981
0.178035
0.175819
0.175201
0.177302
0.171462
0.185938
0.191466
0.187886
0.181268
0.182122
0.185069
0.179304
0.179214
0.193907
0.183833
0.183235
0.186953
0.185490
0.188659
0.182285
0.191323
0.186099
0.183804
0.172453
0.174405
0.186631
0.180346
0.181539
0.180008
0.179585
0.182832
0.190831
0.184123
0.188810
0.186456
0.169778
0.178153
0.186423
0.187570
0.180379
0.181212
0.185206
0.187748
0.180787
0.186724
0.180236
0.177561
0.188793
0.191027
0.191046
0.189959
0.184075
0.192074
0.189174
0.182183
0.186806
0.180631
0.182756
0.184083
0.191102
0.187937
0.180382
0.184258
0.184283
0.190284
0.189233
0.182923
0.179192
0.176401
0.190200
0.177633
0.185112
0.187515
0.187171
0.183062
0.189079
0.183112
0.185596
0.179988
0.181133
0.176121
0.176068
0.178031
0.183461
0.180290
0.191062
0.185992
0.183998
0.178370
0.176416
0.173802
0.174902
0.188027
0.178738
0.178803
0.186951
0.190993
0.193090
0.193689
0.176825
0.187411
0.188618
0.182532
0.180207
0.178849
0.185896
0.184901
0.188675
0.188967
0.188671
0.192772
0.185731
0.187114
0.181160
0.180292
0.182059
0.190011
0.188776
0.187385
0.186316
0.189977
0.185846
0.187004
0.190767
0.188846
0.191295
0.193131
0.190474
0.179824
0.180913
0.175711
0.178402
0.188609
0.178594
0.177396
0.190009
0.184274
0.181687
0.178946
0.178787
0.181175
0.188035
0.195870
0.196588
0.190349
0.182509
0.177497
0.175698
0.182588
0.191463
0.192847
0.185921
0.194474
0.188491
0.190958
0.193021
0.190227
0.186439
0.184914
0.182052
0.182498
0.184248
0.190816
0.189557
0.188171
0.183260
0.191303
0.185651
0.182816
0.192243
0.191450
0.195628
0.197203
0.188195
0.182609
0.181196
0.187234
0.178578
0.186081
0.184778
0.181675
0.184322
0.192014
0.187182
0.185346
0.190356
0.185603
0.182134
0.181117
0.183593
0.188336
0.182280
0.194062
0.183241
0.186711
0.183348
0.185989
0.190922
0.187792
0.192914
0.187581
0.178945
0.181876
0.187949
0.190654
0.186286
0.193992
0.194532
0.188336
0.196233
0.196307
0.187092
0.183852
0.183767
0.185059
0.185570
0.182817
0.179130
0.176349
0.181019
0.180147
0.187616
0.188410
0.189468
0.191352
0.192150
0.190486
0.187137
0.178793
0.181702
0.179219
0.186101
0.183203
0.184242
0.189315
0.185300
0.189789
0.193809
0.190156
0.184316
0.180424
0.190152
0.198068
0.194218
0.191307
0.183373
0.183100
0.184503
0.196114
0.191445
0.183048
0.176786
0.186852
0.186444
0.187409
0.174885
0.192718
0.182474
0.184940
0.188834
0.183031
0.181229
0.185823
0.184005
0.189289
0.191160
0.185134
0.188062
0.189780
0.192487
0.186672
0.182221
0.186138
0.185399
0.184938
0.186118
0.190327
0.187904
0.187465
0.192154
0.190505
0.190209
0.187994
0.188653
0.195089
0.191134
0.184676
0.185717
0.190003
0.191727
0.190781
0.186221
0.193733
0.184965
0.198660
0.191242
0.191123
0.185330
0.190225
0.193856
0.187457
0.198594
0.190123
0.186273
0.182987
0.196613
0.190576
0.192347
0.189335
0.185276
0.200803
0.189179
0.192778
0.188852
0.193376
0.187813
0.183960
0.181524
0.187533
0.192952
0.187922
0.183381
0.185889
0.183202
0.199114
0.191660
0.189126
0.183660
0.191009
0.184399
0.190759
0.195916
0.184358
0.195552
0.189111
0.185786
0.189528
0.201504
0.191779
0.183313
0.177949
0.177202
0.179318
0.189021
0.184443
0.184034
0.177398
0.189045
0.190048
0.187646
0.178645
0.180029
0.192055
0.192909
0.187210
0.185673
0.189460
0.197408
0.188481
0.175320
0.188018
0.180834
0.183620
0.192028
0.188072
0.194243
0.197029
0.178989
0.187576
0.182334
0.190065
0.192942
0.186084
0.191671
0.193548
0.190348
0.182936
0.190987
0.197702
0.197153
0.191102
0.196047
0.196437
0.192591
0.193512
0.188993
0.193469
0.202124
0.196421
0.192990
0.187903
0.196250
0.187523
0.180587
0.181840
0.180822
0.184897
0.182388
0.185617
0.185249
0.192437
0.190537
0.184570
0.182476
0.183148
0.178173
0.197138
0.193256
0.190535
0.188442
0.195740
0.192437
0.193961
0.188940
0.190844
0.187000
0.194945
0.191002
0.191319
0.191178
0.190069
0.184819
0.190140
0.197482
0.197652
0.194290
0.196496
0.187319
0.193125
0.199086
0.195138
0.193751
0.196617
0.189836
0.194082
0.192679
0.191971
0.186729
0.193306
0.194756
0.193824
0.192517
0.186276
0.185678
0.184599
0.192654
0.193107
0.194796
0.191724
0.188516
0.182898
0.189361
0.189330
0.190193
0.188607
0.193838
0.195131
0.197697
0.199858
0.194836
0.196103
0.181760
0.182188
0.181907
0.194562
0.190464
0.192044
0.197973
0.196621
0.192542
0.188646
0.193693
0.192365
0.193279
0.193040
0.194604
0.200406
0.199008
0.192646
0.191137
0.197665
0.189205
0.182369
0.191770
0.175380
0.185252
0.192196
0.196014
0.193482
0.191568
0.189389
0.183689
0.189883
0.189383
0.193857
0.192131
0.193706
0.190815
0.187991
0.176100
0.179218
0.189305
0.186581
0.182004
0.184910
0.187610
0.183039
0.189966
0.189551
0.193317
0.194955
0.180737
0.187515
0.190900
0.195269
0.188314
0.192259
0.191954
0.196175
0.186007
0.194973
0.194143
0.184734
0.193708
0.185282
0.182326
0.187765
0.188962
0.194597
0.182222
0.183576
0.184681
0.185679
0.182594
0.186345
0.186293
0.190183
0.186864
0.193354
0.188336
0.194527
0.188739
0.186370
0.188388
0.196260
0.193093
0.190883
0.189866
0.191036
0.201061
0.197808
0.192091
0.183985
0.188243
0.181910
0.202124
0.196947
0.189532
0.190769
0.189725
0.193243
0.186597
0.183237
0.192937
0.188132
0.189469
0.184855
0.175740
0.184630
0.189369
0.191836
0.193169
0.197976
0.200041
0.192334
0.197906
0.191970
0.195554
0.189478
0.196077
0.178856
0.185939
0.191044
0.192468
0.187320
0.189614
0.190473
0.193267
0.189264
0.199294
0.195467
0.193863
0.189898
0.191898
0.190277
0.181666
0.190370
0.204941
0.197566
0.202076
0.201041
0.199170
0.197754
0.202448
0.187632
0.192913
0.191671
0.184362
0.194162
0.184775
0.189072
0.184901
0.186403
0.192338
0.186262
0.195226
0.195621
0.199465
0.194349
0.198405
0.195464
0.198632
0.195834
0.194551
0.191387
0.186771
0.194300
0.200565
0.192334
0.187242
0.185297
0.198039
0.190324
0.193754
0.196793
0.192982
0.189050
0.182528
0.189185
0.200400
0.193505
0.188575
0.192218
0.193221
0.188179
0.189193
0.186556
0.192028
0.192973
0.202425
0.196672
0.188517
0.189825
0.194276
0.197786
0.196974
0.200705
0.192529
0.195589
0.201050
0.196678
0.186265
0.192722
0.193673
0.193431
0.188514
0.189859
0.200977
0.199735
0.203154
0.196129
0.195148
0.196261
0.194579
0.197069
0.188142
0.197775
0.190701
0.192415
0.205723
0.194920
0.195122
0.195076
0.190404
0.183980
0.188149
0.195446
0.191845
0.194979
0.194661
0.196267
0.195656
0.195448
0.196692
0.189735
0.185607
0.186341
0.200016
0.201622
0.196194
0.195640
0.190968
0.195642
0.191774
0.195110
0.188592
0.195876
0.197181
0.191650
0.190459
0.191738
0.189378
0.191261
0.189644
0.194994
0.192735
0.191046
0.197614
0.187593
0.183449
0.192758
0.190448
0.182022
0.192138
0.193037
0.200017
0.201605
0.197358
0.185234
0.187826
0.200241
0.198352
0.201672
0.193453
0.192017
0.190223
0.199071
0.194763
0.199567
0.193358
0.189767
0.194453
0.196184
0.202229
0.199770
0.197775
0.198031
0.200572
0.201758
0.200943
0.197455
0.196752
0.187609
0.190819
0.196898
0.197742
0.187562
0.188836
0.194591
0.196281
0.180673
0.188736
0.199001
0.190839
0.190208
0.184153
0.187439
0.199905
0.199678
0.198770
0.196679
0.201790
0.195542
0.195668
0.194065
0.202939
0.205146
0.197295
0.194319
0.198396
0.196219
0.191822
0.188987
0.188799
0.191804
0.195164
0.197342
0.191676
0.196931
0.192340
0.201501
0.195344
0.191118
0.184400
0.202151
0.201626
0.199102
0.198104
0.196286
0.195714
0.197574
0.198287
0.193882
0.190339
0.192817
0.199551
0.190693
0.194704
0.195157
0.195349
0.200984
0.200983
0.198509
0.189549
0.192395
0.197316
0.202903
0.201950
0.203585
0.208495
0.207008
0.199447
0.202415
0.205444
0.198963
0.199343
0.198740
0.197063
0.194097
0.190397
0.188693
0.197989
0.206190
0.200232
0.193024
0.187303
0.192301
0.181578
0.190522
0.190279
0.193281
0.195819
0.196894
0.205959
0.192954
0.198993
0.203582
0.198383
0.198683
0.197048
0.199329
0.194551
0.193817
0.195933
0.196208
0.201943
0.195333
0.195777
0.194686
0.199528
0.196622
0.196743
0.195944
0.201070
0.206400
0.194844
0.194051
0.193188
0.194121
0.197692
0.192128
0.189501
0.190948
0.193796
0.194283
0.192912
0.182157
0.196318
0.196791
0.190498
0.197705
0.197369
0.194669
0.195176
0.199262
0.202610
0.190303
0.192037
0.200282
0.189248
0.195343
0.197321
0.198103
0.196897
0.195270
0.192632
0.200438
0.196993
0.192357
0.197290
0.197257
0.195131
0.203480
0.201711
0.195559
0.196885
0.188193
0.190645
0.191189
0.193610
0.195735
0.197707
0.195557
0.199383
0.196616
0.193786
0.201115
0.200621
0.200702
0.195315
0.189224
0.195375
0.197740
0.200665
0.195712
0.192467
0.187859
0.191834
0.203526
0.198147
0.200900
0.199571
0.192481
0.191370
0.196266
0.187881
0.186112
0.187737
0.196013
0.198263
0.193906
0.195675
0.193147
0.204052
0.194683
0.192938
0.204185
0.204974
0.197252
0.196334
0.194969
0.194435
0.181913
0.195424
0.201866
0.193992
0.201385
0.197310
0.193020
0.194862
0.196737
0.190386
0.191443
0.196392
0.197061
0.199047
0.194494
0.197973
0.191423
0.198017
0.194565
0.192981
0.197329
0.196263
0.191875
0.189752
0.184709
0.186489
0.184475
0.199348
0.196555
0.195662
0.199936
0.203041
0.201995
0.188954
0.200159
0.195181
0.192535
0.193296
0.193236
0.205027
0.195837
0.184889
0.197070
0.192901
0.190077
0.194819
0.195274
0.194971
0.193266
0.193520
0.197398
0.193954
0.198098
0.202305
0.199724
0.194975
0.198215
0.193968
0.203180
0.207513
0.190080
0.194033
0.190006
0.197004
0.195526
0.200627
0.198005
0.193644
0.197506
0.196801
0.202826
0.196668
0.197522
0.181075
0.193615
0.204731
0.204648
0.201745
0.210028
0.201041
0.207382
0.199614
0.197542
0.196231
0.197878
0.190620
0.199110
0.195589
0.205193
0.200192
0.199196
0.189822
0.198887
0.192612
0.189473
0.195359
0.196147
0.184929
0.191076
0.195408
0.193218
0.191456
0.194353
0.191216
0.186229
0.196895
0.198833
0.205215
0.194168
0.199319
0.198636
0.207621
0.200119
0.197800
0.201504
0.195258
0.202852
0.190867
0.190306
0.194998
0.198638
0.199037
0.209905
0.200173
0.192370
0.199763
0.200932
0.200506
0.200314
0.195400
0.195655
0.196687
0.196284
0.195624
0.193075
0.201695
0.201775
0.205162
0.202083
0.200407
0.192010
0.204087
0.199775
0.195027
0.197719
0.201232
0.192098
0.186279
0.196107
0.205055
0.199231
0.203610
0.201371
0.199064
0.201536
0.192069
0.202808
0.201565
0.208264
0.196740
0.198095
0.197583
0.205692
0.205915
0.193103
0.191451
0.185285
0.193334
0.195117
0.199617
0.200262
0.199744
0.201900
0.193326
0.197981
0.194539
0.192676
0.192149
0.200325
0.200382
0.194949
0.192443
0.202662
0.201409
0.204836
0.198636
0.190353
0.193535
0.198349
0.203635
0.207681
0.198902
0.201751
0.200339
0.207301
0.210023
0.199167
0.195439
0.196747
0.193865
0.203428
0.197669
0.192488
0.185231
0.203386
0.197634
0.196524
0.197559
0.188343
0.193521
0.200706
0.203246
0.200616
0.197839
0.198960
0.190635
0.201485
0.191441
0.192830
0.198897
0.197452
0.200711
0.202452
0.204084
0.201505
0.195825
0.197845
0.196260
0.195705
0.198222
0.195417
0.199437
0.197842
0.194012
0.187428
0.199857
0.193977
0.194238
0.188572
0.202394
0.199378
0.204961
0.197592
0.196568
0.185503
0.193418
0.190415
0.205609
0.202772
0.201736
0.206179
0.201809
0.193954
0.199116
0.206845
0.199806
0.201406
0.199719
0.196860
0.197109
0.201050
0.197072
0.191152
0.185147
0.201016
0.199754
0.190887
0.195584
0.204801
0.192509
0.199651
0.209777
0.214676
0.196760
0.191382
0.195209
0.203217
0.206686
0.202219
0.197014
0.202880
0.200144
0.206179
0.199732
0.203910
0.196422
0.199318
0.202136
0.206308
0.198652
0.203112
0.202353
0.197206
0.198911
0.197712
0.204026
0.198837
0.201907
0.193207
0.191129
0.190293
0.192601
0.187698
0.202093
0.189664
0.191267
0.200453
0.197675
0.186680
0.200744
0.199638
0.202336
0.208093
0.200347
0.195541
0.196480
0.199989
0.203504
0.193138
0.197366
0.196310
0.202403
0.199250
0.198330
0.203972
0.204757
0.206669
0.192781
0.197872
0.189663
0.195709
0.199567
0.196860
0.192049
0.188240
0.194759
0.201774
0.200601
0.201017
0.202476
0.197737
0.189851
0.193071
0.207822
0.202641
0.199129
0.197777
0.190854
0.206074
0.202002
0.201029
0.208884
0.201321
0.203922
0.195321
0.203625
0.200608
0.201026
0.199211
0.201484
0.200780
0.208120
0.201825
0.203980
0.195100
0.194552
0.208360
0.205657
0.203660
0.208530
0.210028
0.201199
0.198615
0.203004
0.196498
0.195351
0.202306
0.202703
0.204337
0.203079
0.200644
0.206469
0.202075
0.203243
0.194020
0.192459
0.200811
0.203368
0.198284
0.191604
0.187606
0.195892
0.204529
0.201692
0.201100
0.206834
0.199725
0.190108
0.187001
0.201089
0.198372
0.197060
0.201512
0.199188
0.207912
0.206068
0.211365
0.200250
0.199230
0.196081
0.203011
0.197960
0.201451
0.192783
0.196572
0.204246
0.198390
0.199061
0.202278
0.199365
0.199804
0.195325
0.203141
0.202211
0.203217
0.203233
0.195587
0.206187
0.201106
0.205525
0.194365
0.202762
0.201937
0.204633
0.202049
0.199361
0.198719
0.194094
0.181582
0.192207
0.197234
0.204733
0.198235
0.208102
0.199238
0.207064
0.207012
0.200314
0.195203
0.211833
0.201188
0.203176
0.197560
0.196473
0.201239
0.207293
0.197703
0.196638
0.197304
0.203945
0.199142
0.198582
0.199164
0.200878
0.201741
0.202344
0.200655
0.202203
0.204569
0.213003
0.204030
0.194128
0.197917
0.201511
0.195533
0.204076
0.205666
0.210002
0.207798
0.198656
0.207412
0.207634
0.205478
0.194930
0.206869
0.199304
0.199588
0.189702
0.197933
0.203816
0.212516
0.204260
0.209882
0.205367
0.212345
0.201330
0.205974
0.196729
0.205030
0.203240
0.208592
0.199649
0.204195
0.196120
0.205539
0.204460
0.205476
0.199079
0.197300
0.206822
0.203900
0.194085
0.197609
0.194272
0.193493
0.204600
0.200492
0.208017
0.203641
0.205604
0.195584
0.190097
0.200140
0.203348
0.189185
0.198629
0.206309
0.210104
0.202862
0.197754
0.198597
0.205853
0.210602
0.199565
0.209633
0.199317
0.202119
0.194496
0.201839
0.197088
0.198573
0.202549
0.202977
0.199947
0.192337
0.197073
0.203013
0.202682
0.201243
0.196228
0.204027
0.202916
0.193474
0.201996
0.194610
0.201943
0.198937
0.200007
0.204506
0.199313
0.214135
0.199565
0.207947
0.198114
0.197871
0.194258
0.203555
0.206345
0.202289
0.208464
0.200395
0.204688
0.202004
0.197733
0.191991
0.203983
0.202787
0.204667
0.200290
0.203143
0.200445
0.193507
0.190585
0.202459
0.204477
0.199583
0.210041
0.209448
0.207567
0.202479
0.196268
0.198281
0.196444
0.193183
0.204488
0.200672
0.199673
0.194308
0.199482
0.206334
0.200177
0.207180
0.202225
0.204461
0.204935
0.201286
0.203986
0.210049
0.202730
0.198406
0.204312
0.211406
0.207040
0.195907
0.199040
0.200811
0.207837
0.207117
0.192139
0.199176
0.200100
0.204566
0.203574
0.193422
0.204192
0.208370
0.195452
0.208946
0.196182
0.205015
0.204816
0.202950
0.196969
0.203579
0.206065
0.204904
0.195146
0.206717
0.201430
0.203734
0.200724
0.195082
0.196929
0.186118
0.198521
0.202022
0.197652
0.202874
0.210512
0.202052
0.199054
0.200765
0.205933
0.202637
0.204979
0.201074
0.206515
0.191713
0.199972
0.194335
0.189414
0.198525
0.204799
0.212101
0.204506
0.195445
0.195844
0.197461
0.200762
0.203050
0.199962
0.191853
0.194417
0.199661
0.204701
0.200344
0.196065
0.192566
0.206460
0.200076
0.206086
0.208699
0.205599
0.206317
0.203633
0.204534
0.193773
0.195116
0.198293
0.201649
0.209795
0.210992
0.206781
0.202668
0.199436
0.186095
0.199117
0.198563
0.206943
0.205265
0.205496
0.199546
0.204303
0.205198
0.201802
0.200807
0.198491
0.205608
0.201209
0.204280
0.190690
0.205463
0.200969
0.204555
0.204092
0.205285
0.206679
0.207876
0.212133
0.200662
0.208824
0.213095
0.202024
0.201350
0.202989
0.201841
0.211399
0.212871
0.205813
0.198321
0.204756
0.202551
0.205579
0.202220
0.202447
0.197972
0.207581
0.207984
0.206118
0.204108
0.201457
0.201908
0.200165
0.207656
0.197249
0.201028
0.210119
0.193098
0.210082
0.199350
0.201570
0.203140
0.205702
0.209119
0.204611
0.207596
0.208570
0.209836
0.200143
0.205357
0.201698
0.202581
0.202629
0.199347
0.198089
0.198098
0.209056
0.207569
0.201816
0.205179
0.201084
0.199333
0.188307
0.201373
0.205014
0.214579
0.206715
0.196176
0.210069
0.200101
0.200038
0.199575
0.194657
0.205892
0.201016
0.201607
0.212413
0.210423
0.201567
0.204222
0.207693
0.202291
0.205106
0.208959
0.206975
0.201208
0.202112
0.209616
0.207295
0.201622
0.212897
0.209541
0.198735
0.205697
0.206996
0.211822
0.204862
0.206011
0.203139
0.209826
0.203560
0.202812
0.208153
0.211093
0.203989
0.200805
0.210260
0.204114
0.210881
0.206899
0.207860
0.201018
0.194729
0.201304
0.201837
0.202359
0.192511
0.202462
0.192615
0.193005
0.206894
0.189921
0.197475
0.201333
0.210380
0.207963
0.209060
0.205507
0.203700
0.208911
0.194434
0.201584
0.211333
0.199401
0.211019
0.217156
0.213189
0.211653
0.202203
0.206412
0.206336
0.194515
0.193943
0.204789
0.207889
0.204731
0.199299
0.199636
0.196992
0.197238
0.194304
0.199018
0.200857
0.196527
0.204005
0.209596
0.200293
0.205548
0.205215
0.207327
0.214649
0.210107
0.202720
0.207948
0.203315
0.200112
0.201148
0.203657
0.205189
0.209605
0.202575
0.207224
0.204349
0.201807
0.202628
0.207283
0.203215
0.208241
0.210930
0.206737
0.217680
0.212965
0.207277
0.205272
0.200560
0.194479
0.196063
0.197228
0.199231
0.204039
0.213705
0.196121
0.200390
0.199383
0.198514
0.189256
0.196949
0.187551
0.200417
0.203011
0.202232
0.202064
0.205052
0.206941
0.205486
0.208235
0.207534
0.217528
0.194536
0.200533
0.210858
0.208661
0.198368
0.206460
0.208872
0.199597
0.195314
0.202336
0.206618
0.194479
0.202308
0.205798
0.205030
0.204187
0.197376
0.196737
0.203483
0.201624
0.205423
0.203778
0.190633
0.201298
0.202505
0.192514
0.206064
0.198351
0.188398
0.207765
0.216595
0.203925
0.189196
0.202186
0.202916
0.203481
0.208171
0.210722
0.213035
0.216078
0.214242
0.210765
0.212463
0.208243
0.194414
0.201682
0.201995
0.206486
0.208286
0.206299
0.208822
0.208523
0.190813
0.195894
0.208753
0.200493
0.207119
0.213752
0.209379
0.206777
0.205007
0.211110
0.208499
0.212949
0.206977
0.198703
0.206345
0.204550
0.195900
0.204914
0.202322
0.214758
0.209964
0.201833
0.209231
0.214519
0.218943
0.213701
0.206653
0.200990
0.203614
0.206239
0.198843
0.201024
0.197621
0.204038
0.208343
0.197778
0.211572
0.210272
0.212580
0.202530
0.213016
0.205811
0.210369
0.201795
0.206292
0.201615
0.201458
0.204055
0.202322
0.208786
0.211000
0.214005
0.205813
0.200434
0.204516
0.211289
0.211550
0.214079
0.207787
0.208738
0.202675
0.197134
0.204170
0.202832
0.201993
0.215821
0.200446
0.202029
0.198470
0.198882
0.198515
0.200713
0.209748
0.207838
0.201066
0.192281
0.204197
0.205839
0.197994
0.216039
0.211763
0.205554
0.204075
0.215816
0.214851
0.209269
0.209599
0.202840
0.204603
0.208046
0.211589
0.205686
0.198626
0.199130
0.205120
0.206592
0.200982
0.200281
0.203805
0.201416
0.208843
0.208281
0.200010
0.203563
0.206211
0.210171
0.205089
0.205739
0.207931
0.198979
0.199323
0.196664
0.203557
0.210637
0.208021
0.207780
0.214183
0.208302
0.211195
0.203706
0.204289
0.209448
0.209996
0.216950
0.207595
0.208534
0.203293
0.201612
0.204552
0.208492
0.207859
0.216048
0.208127
0.200594
0.205307
0.205099
0.209284
0.213692
0.209470
0.208037
0.196537
0.194828
0.214364
0.209985
0.209518
0.203095
0.214699
0.206076
0.208859
0.210174
0.206226
0.213259
0.208872
0.198528
0.206779
0.202700
0.209156
0.205480
0.203939
0.206560
0.208948
0.203205
0.206335
0.206628
0.205439
0.214263
0.200477
0.208623
0.202052
0.208571
0.206330
0.206678
0.205668
0.205816
0.210466
0.201697
0.207222
0.211605
0.202406
0.211050
0.212573
0.209604
0.205758
0.210858
0.213153
0.198083
0.210319
0.211928
0.209041
0.213435
0.214814
0.208528
0.207019
0.197214
0.202262
0.197624
0.202763
0.195196
0.197466
0.204964
0.203035
0.208013
0.210337
0.212789
0.209761
0.210855
0.211168
0.198645
0.199274
0.209333
0.208691
0.211406
0.208604
0.202870
0.206502
0.207709
0.210087
0.204216
0.202509
0.198832
0.208756
0.200203
0.201766
0.206952
0.206541
0.205563
0.211539
0.203936
0.205333
0.206654
0.206427
0.197514
0.197714
0.205733
0.208513
0.204435
0.210021
0.212066
0.207658
0.205602
0.208133
0.200051
0.207269
0.206576
0.213944
0.200999
0.201574
0.204711
0.203511
0.209302
0.217045
0.217488
0.209669
0.211469
0.211892
0.217974
0.215264
0.209087
0.213220
0.217259
0.214521
0.212805
0.214452
0.211435
0.212824
0.209148
0.203338
0.205277
0.204582
0.205604
0.215165
0.206121
0.206813
0.201867
0.200933
0.210809
0.206037
0.201878
0.204636
0.198503
0.203708
0.205661
0.209504
0.204935
0.207061
0.204590
0.204545
0.205372
0.209116
0.194921
0.202429
0.202504
0.206688
0.209704
0.208825
0.209639
0.214314
0.211324
0.209878
0.205879
0.205738
0.199722
0.210408
0.219167
0.214589
0.209079
0.205336
0.208567
0.207417
0.210375
0.214091
0.204700
0.206416
0.207200
0.208413
0.210876
0.206126
0.200497
0.201800
0.209153
0.214660
0.204186
0.211750
0.205423
0.201673
0.209110
0.191901
0.200082
0.198612
0.202121
0.208324
0.208807
0.209589
0.207783
0.206753
0.202686
0.203591
0.210911
0.211708
0.203039
0.207760
0.200884
0.211701
0.208374
0.205472
0.203472
0.214185
0.203158
0.205194
0.201196
0.214069
0.213729
0.215683
0.206397
0.211933
0.206261
0.220806
0.212198
0.210667
0.211939
0.210557
0.199938
0.212201
0.208796
0.210559
0.212033
0.202362
0.201342
0.206687
0.210371
0.207800
0.213242
0.198732
0.207916
0.206164
0.211315
0.211887
0.200625
0.214409
0.202449
0.202456
0.196791
0.201902
0.203071
0.207726
0.218592
0.206655
0.208817
0.205194
0.204079
0.205778
0.199159
0.205558
0.205371
0.211422
0.209333
0.213140
0.196613
0.199956
0.203812
0.203439
0.214338
0.211538
0.209922
0.202262
0.206706
0.208798
0.201086
0.200299
0.200772
0.207321
0.212838
0.215434
0.214625
0.210962
0.216346
0.212753
0.207588
0.212598
0.209928
0.202969
0.209572
0.207696
0.210407
0.206319
0.212149
0.203084
0.209610
0.204911
0.201475
0.203668
0.201592
0.207300
0.206635
0.200604
0.202913
0.202539
0.202143
0.208351
0.210491
0.211240
0.207812
0.202898
0.203037
0.198424
0.211625
0.211295
0.215437
0.215065
0.216326
0.210082
0.218517
0.214007
0.211490
0.209798
0.209096
0.217518
0.208309
0.207028
0.201614
0.217160
0.207744
0.212278
0.208308
0.203095
0.208295
0.210835
0.215264
0.208562
0.215382
0.210398
0.215797
0.216836
0.214730
0.210023
0.211724
0.199805
0.199917
0.214233
0.211949
0.200421
0.206947
0.202582
0.215170
0.206719
0.218960
0.207611
0.208053
0.208009
0.211226
0.196985
0.208945
0.207880
0.207660
0.204144
0.201443
0.203339
0.203110
0.197446
0.194543
0.204654
0.215512
0.209057
0.201856
0.195059
0.197791
0.207343
0.201028
0.200346
0.209073
0.200571
0.207768
0.210125
0.208696
0.197692
0.207290
0.205468
0.206044
0.212045
0.201035
0.197364
0.211700
0.202640
0.205453
0.201366
0.203083
0.209842
0.200953
0.210147
0.213160
0.207637
0.218687
0.208929
0.207094
0.215694
0.214966
0.212398
0.203211
0.202524
0.203497
0.205609
0.213711
0.206341
0.213488
0.206639
0.208236
0.211048
0.206397
0.221040
0.207956
0.212434
0.209832
0.204143
0.215700
0.211944
0.216077
0.209960
0.206276
0.205996
0.212168
0.214404
0.205457
0.209727
0.214496
0.213305
0.209420
0.208320
0.211529
0.202875
0.209816
0.200229
0.206464
0.211062
0.211243
0.203806
0.218629
0.211378
0.224587
0.217325
0.212251
0.212063
0.216916
0.206942
0.195846
0.212583
0.209684
0.206319
0.205773
0.213072
0.211121
0.206782
0.212788
0.211089
0.216002
0.207661
0.214768
0.216360
0.215427
0.211783
0.216495
0.214408
0.211949
0.205230
0.202069
0.197004
0.210506
0.208343
0.214276
0.203550
0.195757
0.212895
0.208328
0.220833
0.214056
0.203413
0.208676
0.212163
0.210422
0.210482
0.213882
0.210794
0.205988
0.202191
0.208027
0.211571
0.207160
0.209423
0.203864
0.219182
0.210881
0.200660
0.210531
0.195241
0.203098
0.204832
0.207106
0.207144
0.211108
0.209976
0.217072
0.209228
0.205559
0.215375
0.218443
0.223099
0.211901
0.205723
0.208484
0.198878
0.205832
0.196041
0.206629
0.204677
0.205763
0.210757
0.204556
0.200071
0.199896
0.205655
0.213572
0.213240
0.211109
0.220816
0.212862
0.203755
0.212785
0.212062
0.212021
0.210813
0.208039
0.200325
0.205633
0.198068
0.212646
0.220111
0.214486
0.208916
0.209114
0.210566
0.209249
0.203764
0.203821
0.207996
0.209840
0.211620
0.220420
0.213696
0.207708
0.214003
0.206644
0.203176
0.214942
0.217893
0.212591
0.210877
0.201438
0.205258
0.214976
0.219950
0.211166
0.206571
0.207166
0.212942
0.219242
0.216480
0.218188
0.213443
0.213118
0.215281
0.216054
0.205222
0.207879
0.212000
0.207471
0.210542
0.211777
0.210258
0.206856
0.203916
0.207782
0.213995
0.215172
0.216244
0.208687
0.199392
0.216820
0.217673
0.213760
0.204224
0.213571
0.210046
0.206031
0.210682
0.215596
0.198818
0.205959
0.218459
0.220713
0.217025
0.208870
0.215838
0.220669
0.218346
0.208576
0.206797
0.193706
0.191842
0.205650
0.204298
0.213776
0.205976
0.207945
0.215247
0.218337
0.214525
0.211973
0.205333
0.207097
0.201682
0.204513
0.210753
0.210999
0.208667
0.207984
0.202293
0.203551
0.203582
0.210861
0.212546
0.212176
0.212692
0.207273
0.212699
0.213521
0.214217
0.210501
0.216372
0.221103
0.213925
0.212261
0.213254
0.215532
0.212186
0.211659
0.208585
0.209305
0.208428
0.208361
0.204798
0.217268
0.212404
0.219472
0.208734
0.214505
0.206024
0.208057
0.215497
0.208316
0.210985
0.203542
0.204222
0.214973
0.209574
0.213609
0.210716
0.215114
0.216851
0.212189
0.212639
0.212151
0.216666
0.208095
0.213796
0.206622
0.205042
0.203628
0.206365
0.211664
0.211183
0.213288
0.212984
0.208928
0.198859
0.205253
0.208589
0.203583
0.204171
0.206902
0.205538
0.216829
0.216277
0.208691
0.216594
0.216491
0.216765
0.216092
0.208382
0.214782
0.207455
0.209615
0.205654
0.206599
0.207310
0.207653
0.205182
0.209163
0.213815
0.209834
0.210863
0.213943
0.213358
0.214585
0.210343
0.207888
0.202472
0.202560
0.201702
0.202241
0.221541
0.213736
0.212710
0.205937
0.215754
0.226222
0.223479
0.215590
0.211744
0.215650
0.211729
0.214563
0.209652
0.213133
0.212566
0.208044
0.214807
0.214238
0.204123
0.205942
0.206010
0.211979
0.210544
0.212259
0.206943
0.211654
0.220276
0.214822
0.212129
0.209572
0.203887
0.209442
0.213081
0.213471
0.216560
0.214244
0.208871
0.205439
0.196118
0.216537
0.213828
0.209508
0.221260
0.215180
0.207919
0.213618
0.213709
0.215662
0.209810
0.204226
0.210207
0.214844
0.213970
0.209161
0.213373
0.212454
0.214519
0.209046
0.217189
0.217919
0.216768
0.212671
0.211701
0.210901
0.207903
0.212457
0.214992
0.211785
0.214944
0.214234
0.204148
0.207514
0.214476
0.209503
0.210741
0.214314
0.216847
0.208437
0.204176
0.211128
0.220861
0.210592
0.216785
0.214692
0.210627
0.217201
0.210699
0.202545
0.212845
0.209945
0.212127
0.207579
0.213294
0.202992
0.197512
0.214921
0.209607
0.212708
0.211501
0.212919
0.211920
0.206327
0.215620
0.211324
0.204317
0.208658
0.204175
0.201413
0.211397
0.207852
0.212094
0.215380
0.207996
0.201728
0.211564
0.212638
0.212656
0.221698
0.204674
0.211925
0.209405
0.214094
0.213950
0.219300
0.214078
0.218678
0.207349
0.218923
0.207949
0.210427
0.209607
0.202420
0.216323
0.213414
0.208047
0.220068
0.217438
0.207477
0.199044
0.212005
0.207668
0.193752
0.206103
0.202405
0.207434
0.200312
0.211943
0.219280
0.227923
0.210370
0.212157
0.218066
0.203989
0.207219
0.202110
0.206121
0.205758
0.202963
0.206678
0.208845
0.213860
0.209396
0.213852
0.204717
0.208964
0.200632
0.202761
0.197408
0.212787
0.212050
0.214724
0.209196
0.210525
0.208172
0.204195
0.221047
0.220201
0.205102
0.203317
0.209106
0.205337
0.222825
0.220981
0.213602
0.213455
0.215514
0.211832
0.205531
0.211094
0.210931
0.218163
0.209936
0.215336
0.209437
0.217764
0.210339
0.214065
0.212442
0.207899
0.209856
0.206150
0.211622
0.203420
0.204109
0.206325
0.218304
0.208031
0.211346
0.211100
0.211958
0.204573
0.216261
0.210537
0.201409
0.199147
0.205571
0.206609
0.206830
0.213661
0.220563
0.212621
0.207690
0.209943
0.207160
0.211826
0.211604
0.209973
0.212689
0.216801
0.208969
0.212696
0.210562
0.210056
0.214184
0.212460
0.214440
0.212132
0.210939
0.213503
0.217617
0.211240
0.212007
0.211578
0.211877
0.211401
0.204660
0.218125
0.206462
0.210203
0.212552
0.215595
0.217015
0.209945
0.209652
0.217866
0.215070
0.207771
0.217074
0.211007
0.203472
0.211323
0.210607
0.217599
0.214651
0.203452
0.204448
0.210359
0.215051
0.215582
0.206730
0.201821
0.217753
0.220297
0.214704
0.209970
0.207801
0.223091
0.216915
0.213397
0.220394
0.213079
0.219982
0.211457
0.215199
0.203812
0.204352
0.215441
0.206601
0.219458
0.218150
0.217058
0.215037
0.207330
0.210932
0.204625
0.208546
0.219623
0.214273
0.211722
0.211417
0.213887
0.207673
0.212614
0.209344
0.215196
0.202498
0.208783
0.219855
0.217421
0.207405
0.209976
0.214933
0.218247
0.215582
0.210883
0.220342
0.219188
0.215073
0.213650
0.222162
0.214241
0.204370
0.208400
0.210004
0.215322
0.209278
0.218710
0.220710
0.209263
0.209933
0.214513
0.211608
0.216669
0.204975
0.202258
0.210769
0.201732
0.219472
0.217986
0.209837
0.206197
0.216654
0.215291
0.210418
0.208300
0.212199
0.218347
0.219897
0.216916
0.213618
0.218955
0.220478
0.218123
0.220660
0.218841
0.210164
0.208723
0.206741
0.211717
0.212154
0.218300
0.218724
0.209711
0.210800
0.211503
0.211077
0.208541
0.210736
0.201987
0.214888
0.212446
0.196118
0.201754
0.209561
0.206901
0.206910
0.215352
0.209750
0.189448
0.198034
0.217091
0.212963
0.218637
0.222276
0.218138
0.216502
0.218248
0.217183
0.219584
0.209404
0.216209
0.210195
0.210888
0.214471
0.219064
0.214682
0.215831
0.215407
0.215672
0.210549
0.213384
0.210992
0.216606
0.215011
0.215874
0.206575
0.198221
0.207228
0.202746
0.218127
0.217305
0.208464
0.213047
0.219278
0.214287
0.213619
0.213003
0.207625
0.211347
0.211516
0.208647
0.219528
0.217185
0.222011
0.216627
0.210876
0.209893
0.216353
0.228806
0.217805
0.219437
0.217002
0.211478
0.222611
0.223899
0.215991
0.212735
0.208819
0.201254
0.216893
0.215458
0.219302
0.205106
0.213393
0.211691
0.218190
0.212570
0.213214
0.214579
0.207703
0.215421
0.206737
0.207988
0.206451
0.205710
0.214836
0.219793
0.209151
0.218438
0.213435
0.208450
0.214543
0.209769
0.213442
0.220868
0.209713
0.209380
0.213885
0.220151
0.219627
0.211929
0.211698
0.207229
0.211374
0.206033
0.215966
0.220158
0.218931
0.220812
0.213277
0.214732
0.220603
0.212098
0.217175
0.222235
0.223626
0.226410
0.215308
0.209994
0.210390
0.207626
0.214182
0.208952
0.211035
0.211982
0.213728
0.226457
0.215695
0.212607
0.219089
0.216624
0.219297
0.219449
0.208266
0.208065
0.209103
0.217422
0.206799
0.211878
0.222140
0.220152
0.216268
0.220581
0.219581
0.206304
0.224510
0.220863
0.216690
0.218574
0.213566
0.213360
0.200720
0.213518
0.219855
0.213121
0.217825
0.219566
0.213930
0.219946
0.220119
0.212987
0.218576
0.212436
0.216787
0.205000
0.209175
0.202314
0.209996
0.218415
0.208692
0.210373
0.207838
0.213730
0.221433
0.217011
0.213089
0.212204
0.218747
0.219453
0.222377
0.216290
0.216016
0.213632
0.215869
0.205086
0.216322
0.215488
0.212987
0.212087
0.217570
0.217415
0.212002
0.208483
0.208024
0.196814
0.203639
0.210695
0.208216
0.209585
0.211225
0.209023
0.219716
0.213981
0.223258
0.212127
0.210119
0.215782
0.214863
0.218684
0.208259
0.214280
0.216864
0.225245
0.215874
0.216955
0.217221
0.217711
0.205528
0.212712
0.216395
0.213441
0.214259
0.215791
0.212191
0.208942
0.207777
0.202858
0.205768
0.204445
0.203423
0.207703
0.207659
0.206105
0.211783
0.212697
0.216117
0.215830
0.208949
0.218135
0.218595
0.209439
0.216915
0.219469
0.215026
0.219926
0.218800
0.216043
0.222188
0.222315
0.213448
0.216386
0.223296
0.217830
0.208644
0.207185
0.214379
0.213471
0.216204
0.211654
0.223009
0.208925
0.215934
0.210874
0.218161
0.218390
0.205559
0.213252
0.213190
0.219604
0.218166
0.216131
0.207869
0.225031
0.209718
0.200810
0.203803
0.210566
0.216838
0.209014
0.208154
0.215317
0.219719
0.203335
0.217366
0.213140
0.210163
0.205157
0.201424
0.202542
0.209023
0.216015
0.208801
0.223435
0.214638
0.209047
0.217292
0.216200
0.225113
0.222690
0.216995
0.214655
0.209912
0.211664
0.215832
0.206218
0.218808
0.214369
0.216595
0.219411
0.203750
0.203937
0.217046
0.222352
0.222479
0.217959
0.218908
0.216794
0.213593
0.219701
0.217626
0.210241
0.212942
0.207003
0.207586
0.215956
0.224368
0.221292
0.218088
0.209986
0.209570
0.215213
0.209856
0.214954
0.217224
0.220838
0.218920
0.213945
0.214964
0.212750
0.212005
0.206074
0.202492
0.211836
0.205855
0.220505
0.217730
0.210365
0.215519
0.218602
0.219245
0.218708
0.216481
0.204384
0.218593
0.213206
0.216588
0.214167
0.206527
0.212947
0.214432
0.215340
0.224013
0.213271
0.211706
0.212763
0.218588
0.221547
0.217364
0.215292
0.223525
0.211036
0.214202
0.212467
0.212696
0.219688
0.218496
0.223776
0.219609
0.205281
0.210710
0.214800
0.210228
0.218971
0.220403
0.219980
0.219830
0.219837
0.218846
0.214189
0.211377
0.205804
0.207630
0.219050
0.218216
0.216559
0.208677
0.199329
0.211878
0.220015
0.209458
0.214347
0.217273
0.215604
0.211842
0.215854
0.210235
0.214296
0.214794
0.217284
0.211563
0.218262
0.217490
0.217355
0.216847
0.211170
0.214250
0.213637
0.219757
0.219187
0.220959
0.219209
0.220717
0.213284
0.215248
0.217465
0.219749
0.219460
0.218254
0.214346
0.217983
0.220982
0.224458
0.215370
0.219444
0.224188
0.212786
0.212257
0.218356
0.217471
0.216391
0.215125
0.211880
0.220724
0.218425
0.218500
0.207090
0.205769
0.198331
0.216425
0.211558
0.201541
0.209424
0.214662
0.218708
0.220205
0.224933
0.221431
0.208729
0.215669
0.216594
0.212653
0.212350
0.208505
0.227404
0.223703
0.226103
0.211219
0.214040
0.213769
0.210196
0.209732
0.213148
0.222998
0.216987
0.219305
0.227905
0.218443
0.215377
0.208879
0.205801
0.206282
0.214304
0.201110
0.216244
0.219018
0.217114
0.222324
0.219395
0.210072
0.210252
0.200023
0.219765
0.224440
0.212045
0.217493
0.214550
0.212900
0.214527
0.214412
0.218731
0.217231
0.214075
0.213931
0.223070
0.211781
0.209311
0.217790
0.215270
0.218184
0.211149
0.215075
0.217901
0.221159
0.221193
0.206641
0.206040
0.214544
0.225495
0.214654
0.218763
0.213399
0.213279
0.219127
0.221180
0.214632
0.216494
0.214515
0.208274
0.216405
0.216191
0.211685
0.206238
0.217928
0.211598
0.219017
0.205809
0.211197
0.211523
0.216931
0.218973
0.225139
0.221997
0.227289
0.215257
0.206195
0.217209
0.216069
0.218519
0.216877
0.214210
0.218407
0.222428
0.216431
0.214318
0.215932
0.207579
0.215566
0.217469
0.217681
0.223762
0.216347
0.211319
0.216081
0.207817
0.217799
0.211362
0.221897
0.220476
0.217372
0.222956
0.215136
0.210584
0.216060
0.211576
0.208159
0.220181
0.219450
0.215286
0.208943
0.210872
0.208869
0.217157
0.216699
0.214825
0.202899
0.208871
0.209113
0.218297
0.211870
0.205699
0.206301
0.217436
0.220229
0.217094
0.224265
0.218567
0.208652
0.203244
0.207093
0.208364
0.206736
0.218348
0.213411
0.225149
0.212744
0.217011
0.216323
0.218683
0.223345
0.220866
0.214067
0.222442
0.220741
0.215361
0.221105
0.211779
0.222262
0.225229
0.219252
0.214681
0.213891
0.214690
0.215923
0.215131
0.217160
0.218565
0.219235
0.217972
0.215110
0.215215
0.211163
0.215946
0.220141
0.215576
0.212073
0.201076
0.199328
0.211667
0.211939
0.213333
0.214348
0.219819
0.217898
0.219191
0.217011
0.220067
0.222810
0.218459
0.201648
0.211301
0.205456
0.210205
0.217937
0.217456
0.216643
0.221387
0.219695
0.217803
0.217027
0.221864
0.214606
0.219513
0.219385
0.215196
0.217956
0.217625
0.202682
0.209188
0.217042
0.221398
0.210849
0.209089
0.224023
0.214133
0.217689
0.215789
0.217105
0.208080
0.211414
0.216011
0.205408
0.216009
0.219492
0.215284
0.221838
0.211325
0.212939
0.224705
0.216881
0.220040
0.219724
0.218348
0.220440
0.216533
0.213069
0.208766
0.209936
0.211032
0.214286
0.214378
0.213652
0.217873
0.217296
0.212388
0.210031
0.214356
0.221044
0.212184
0.218601
0.220035
0.219693
0.209899
0.219162
0.218222
0.221686
0.220603
0.211108
0.218095
0.207789
0.208418
0.214971
0.221867
0.225689
0.214286
0.207697
0.220119
0.222845
0.226077
0.227627
0.217694
0.211751
0.223752
0.229932
0.218965
0.207743
0.213706
0.219178
0.223330
0.224460
0.221773
0.226588
0.211889
0.214325
0.212435
0.214678
0.215717
0.216071
0.207207
0.210123
0.209428
0.214948
0.215220
0.222041
0.211989
0.220688
0.213425
0.215341
0.212328
0.206937
0.210889
0.215775
0.218785
0.213912
0.215493
0.218995
0.213843
0.216154
0.213687
0.214071
0.211982
0.214485
0.210838
0.205405
0.218811
0.229813
0.216235
0.214872
0.223503
0.220765
0.221980
0.218603
0.214864
0.217974
0.220681
0.221940
0.208111
0.217149
0.206591
0.214157
0.211219
0.216574
0.214980
0.215138
0.215074
0.209022
0.216193
0.213686
0.217100
0.216663
0.217586
0.220740
0.219447
0.211206
0.221638
0.207196
0.208292
0.216882
0.212213
0.218453
0.209348
0.214332
0.217578
0.215940
0.219113
0.219516
0.211041
0.216426
0.214395
0.214931
0.215734
0.214095
0.212398
0.210038
0.219179
0.224397
0.210509
0.209677
0.202553
0.220561
0.214882
0.217875
0.217729
0.211554
0.222957
0.222275
0.206546
0.208780
0.222212
0.217482
0.218821
0.224278
0.219533
0.217079
0.209332
0.212610
0.206155
0.218873
0.219566
0.216999
0.218526
0.213150
0.217624
0.218097
0.214332
0.211740
0.214572
0.217303
0.216052
0.215602
0.211039
0.217407
0.204306
0.210248
0.211290
0.202601
0.207387
0.214769
0.215283
0.213959
0.216512
0.220648
0.217630
0.216544
0.215729
0.217215
0.215825
0.220624
0.214120
0.223565
0.214499
0.220615
0.223011
0.213707
0.215954
0.220664
0.225066
0.220343
0.221079
0.221316
0.220499
0.213474
0.214697
0.217377
0.218037
0.212847
0.226166
0.222333
0.215679
0.216319
0.221633
0.222087
0.215243
0.225444
0.218795
0.216206
0.212139
0.224034
0.217601
0.210649
0.216616
0.229157
0.230629
0.223122
0.229820
0.211193
0.218882
0.222536
0.221154
0.214222
0.213861
0.206015
0.206752
0.215103
0.216897
0.214406
0.215546
0.218155
0.224106
0.210496
0.222702
0.220418
0.221808
0.210678
0.212820
0.223093
0.225174
0.214755
0.210750
0.221240
0.219439
0.222302
0.226375
0.217463
0.206038
0.203490
0.213036
0.213179
0.218467
0.216453
0.219009
0.216185
0.225586
0.222268
0.222130
0.220030
0.219178
0.214925
0.217880
0.222959
0.220287
0.222800
0.216835
0.208314
0.211145
0.207329
0.219626
0.219564
0.218026
0.221350
0.219901
0.214704
0.216539
0.218186
0.220851
0.219511
0.206890
0.220387
0.219334
0.222707
0.220418
0.214890
0.223411
0.218775
0.213267
0.211968
0.219625
0.216976
0.219402
0.222673
0.221423
0.221810
0.224060
0.218777
0.221048
0.208866
0.212371
0.213637
0.217652
0.219365
0.215827
0.220637
0.218902
0.220738
0.218294
0.219966
0.212062
0.217147
0.213445
0.214297
0.203850
0.206929
0.207693
0.210307
0.215369
0.217652
0.211644
0.209524
0.226196
0.216283
0.221724
0.220122
0.217273
0.210555
0.220437
0.221620
0.215925
0.222039
0.213278
0.221944
0.212688
0.200918
0.210555
0.221654
0.214391
0.221651
0.219905
0.215341
0.218840
0.225943
0.225426
0.219037
0.211847
0.220682
0.224632
0.222777
0.207879
0.212196
0.209941
0.215912
0.226090
0.222929
0.216341
0.211987
0.224036
0.212541
0.209719
0.228430
0.226955
0.223025
0.216054
0.216900
0.206364
0.209969
0.206974
0.220418
0.217910
0.216532
0.219513
0.213699
0.220075
0.216647
0.222942
0.226968
0.219833
0.227750
0.225330
0.216389
0.217569
0.211690
0.214844
0.209776
0.214232
0.216519
0.222273
0.211647
0.216739
0.219353
0.218559
0.226243
0.213071
0.216124
0.209785
0.216773
0.219240
0.221963
0.216057
0.214477
0.216647
0.215739
0.218244
0.215796
0.213358
0.218266
0.227105
0.213820
0.220932
0.224186
0.227695
0.214690
0.215679
0.217546
0.220465
0.215314
0.218427
0.218381
0.220665
0.225612
0.219587
0.226760
0.219759
0.213983
0.216596
0.215217
0.218892
0.225046
0.210368
0.202207
0.211372
0.208749
0.206985
0.222774
0.200268
0.214843
0.211528
0.225119
0.208725
0.214918
0.220812
0.219474
0.224217
0.225534
0.215873
0.224231
0.222160
0.224009
0.211248
0.216807
0.214424
0.216239
0.209856
0.223105
0.220376
0.218170
0.214436
0.223809
0.219698
0.216366
0.221648
0.219395
0.215129
0.211395
0.210491
0.218403
0.215594
0.213072
0.222132
0.220346
0.228706
0.222676
0.222547
0.212859
0.209486
0.218223
0.218563
0.227949
0.217824
0.215519
0.212491
0.210053
0.215004
0.220653
0.219186
0.212935
0.219269
0.210480
0.204238
0.210042
0.213057
0.220920
0.220126
0.218885
0.220929
0.218928
0.225437
0.231272
0.226508
0.225011
0.219086
0.216926
0.222017
0.223223
0.224380
0.210176
0.222037
0.223013
0.222841
0.208476
0.215228
0.217579
0.214607
0.223410
0.218373
0.228560
0.219340
0.222394
0.220583
0.228377
0.228981
0.223827
0.219548
0.220862
0.211284
0.213579
0.219649
0.227864
0.222806
0.220473
0.222004
0.223514
0.223265
0.225919
0.223564
0.219291
0.213353
0.213156
0.220034
0.216013
0.220270
0.218476
0.223260
0.220154
0.220526
0.215540
0.214278
0.219491
0.229405
0.213771
0.212354
0.227154
0.221861
0.224684
0.214935
0.220340
0.218486
0.211649
0.218182
0.219435
0.226065
0.217513
0.215293
0.220584
0.216098
0.222373
0.225144
0.228076
0.218588
0.215238
0.215746
0.219903
0.219271
0.218237
0.217243
0.228109
0.213111
0.203289
0.214269
0.209658
0.215057
0.219725
0.216468
0.216128
0.213865
0.208714
0.222636
0.223945
0.217541
0.217473
0.224206
0.222865
0.220939
0.204922
0.216989
0.216049
0.222908
0.217860
0.226744
0.216216
0.230035
0.218371
0.215929
0.208492
0.215586
0.216043
0.219896
0.210349
0.214047
0.218014
0.217051
0.209349
0.219829
0.231049
0.218104
0.212886
0.225376
0.225827
0.219358
0.210072
0.220426
0.224307
0.219911
0.225817
0.217976
0.224142
0.222077
0.219308
0.212879
0.210702
0.213570
0.214300
0.211226
0.216922
0.225097
0.231071
0.220301
0.212851
0.224596
0.221972
0.226502
0.228895
0.222054
0.220043
0.209822
0.223009
0.213242
0.208312
0.219553
0.221645
0.219070
0.220513
0.224455
0.215562
0.227282
0.220159
0.217401
0.225765
0.223536
0.222247
0.226164
0.220779
0.217305
0.222768
0.223355
0.225774
0.223658
0.211982
0.215043
0.217505
0.215778
0.214812
0.218500
0.221440
0.216382
0.209344
0.226205
0.221882
0.216416
0.217415
0.213157
0.211130
0.218262
0.209614
0.216314
0.217248
0.217706
0.218534
0.217353
0.217228
0.226767
0.225347
0.219074
0.228884
0.225093
0.213402
0.216195
0.221492
0.216358
0.210048
0.220373
0.211426
0.208397
0.204868
0.218479
0.222160
0.227095
0.217175
0.213880
0.223425
0.218171
0.217380
0.212515
0.218153
0.211189
0.214226
0.213973
0.218196
0.221494
0.216630
0.216788
0.214120
0.225265
0.217060
0.210272
0.220642
0.219512
0.230133
0.225795
0.221715
0.213865
0.218085
0.219518
0.206975
0.220049
0.220552
0.218247
0.218550
0.223061
0.216913
0.220207
0.224619
0.225179
0.214980
0.219563
0.223729
0.219836
0.212805
0.211095
0.222891
0.216116
0.214320
0.215907
0.217592
0.218811
0.215597
0.218707
0.220491
0.213720
0.217035
0.223132
0.215820
0.214661
0.216178
0.214335
0.216123
0.219660
0.224245
0.228520
0.221210
0.220475
0.221963
0.224517
0.219998
0.215308
0.218372
0.212757
0.226554
0.227172
0.222515
0.217203
0.214836
0.209514
0.214850
0.222958
0.222447
0.229243
0.213556
0.216854
0.214248
0.227306
0.213318
0.218109
0.220046
0.218205
0.215271
0.216942
0.213707
0.213887
0.221356
0.229088
0.223034
0.221132
0.219654
0.215905
0.215447
0.221856
0.219240
0.213841
0.220313
0.222088
0.219593
0.217693
0.208640
0.211256
0.214156
0.217669
0.225740
0.229783
0.224647
0.213469
0.224811
0.219305
0.213854
0.220315
0.224815
0.224248
0.216218
0.218582
0.226028
0.223514
0.225860
0.224320
0.222751
0.219823
0.223428
0.223779
0.222236
0.229499
0.224899
0.227131
0.225093
0.217841
0.212511
0.218275
0.230776
0.219563
0.208708
0.212359
0.216008
0.223902
0.219570
0.215933
0.225860
0.224834
0.222262
0.220821
0.224072
0.221898
0.228071
0.215742
0.223533
0.223094
0.218341
0.222087
0.222042
0.223380
0.212932
0.211432
0.215509
0.209681
0.225102
0.208910
0.222921
0.211071
0.217213
0.211645
0.214409
0.215509
0.215809
0.219889
0.220432
0.219590
0.224492
0.218105
0.205771
0.205470
0.219968
0.225012
0.221660
0.216330
0.207065
0.208634
0.214891
0.225079
0.217499
0.224328
0.226826
0.212856
0.220792
0.224052
0.214829
0.214148
0.221776
0.221412
0.216024
0.220483
0.221932
0.213616
0.220857
0.219417
0.220380
0.223315
0.226139
0.218949
0.226607
0.214868
0.218840
0.228575
0.216075
0.228152
0.228058
0.224422
0.226919
0.224928
0.218407
0.218017
0.215861
0.226272
0.212943
0.225887
0.217778
0.219388
0.226744
0.219120
0.222172
0.217411
0.211428
0.222673
0.224486
0.221851
0.216179
0.219608
0.228335
0.216960
0.207118
0.219276
0.220961
0.209113
0.217141
0.219896
0.212551
0.212798
0.217506
0.213400
0.206763
0.215385
0.207618
0.218954
0.223203
0.210013
0.217393
0.214458
0.213261
0.216297
0.223890
0.222480
0.216555
0.223835
0.218241
0.213293
0.224753
0.226135
0.223731
0.224818
0.222625
0.220049
0.226872
0.218345
0.215815
0.215668
0.211074
0.213905
0.203048
0.209123
0.209598
0.218831
0.223891
0.216927
0.204561
0.213885
0.210366
0.220539
0.219765
0.220054
0.227627
0.220290
0.219159
0.222926
0.217655
0.215155
0.217543
0.224473
0.221631
0.215083
0.221566
0.219706
0.209138
0.212866
0.216612
0.213821
0.221545
0.221157
0.218045
0.211696
0.221234
0.221718
0.220833
0.215832
0.217542
0.221458
0.217834
0.219900
0.203100
0.222729
0.228400
0.217677
0.223326
0.217351
0.219561
0.212358
0.215417
0.214722
0.210647
0.220273
0.215691
0.216972
0.215916
0.218329
0.220130
0.220357
0.220811
0.212173
0.218306
0.215910
0.215831
0.218531
0.228819
0.228014
0.223712
0.214715
0.218248
0.220313
0.233556
0.226682
0.225106
0.221633
0.226364
0.224994
0.225205
0.222748
0.219902
0.223503
0.221801
0.221768
0.222238
0.221790
0.223853
0.224505
0.226805
0.224738
0.225890
0.208009
0.210033
0.202196
0.214730
0.221263
0.223594
0.224669
0.226073
0.221590
0.225553
0.224855
0.228170
0.225274
0.227635
0.224844
0.214610
0.218894
0.216223
0.217473
0.224316
0.220906
0.224503
0.220637
0.219888
0.221573
0.214998
0.217050
0.221565
0.224456
0.218533
0.233569
0.224836
0.228231
0.225333
0.215828
0.219878
0.221733
0.210227
0.225573
0.222793
0.215453
0.214183
0.214527
0.216575
0.224718
0.225546
0.222023
0.227992
0.220942
0.222543
0.217224
0.213141
0.220384
0.229566
0.221006
0.220369
0.222169
0.222122
0.209134
0.204754
0.218613
0.218589
0.213893
0.217659
0.216646
0.213996
0.211174
0.224920
0.219880
0.220647
0.215552
0.220720
0.212098
0.212146
0.219984
0.217580
0.221685
0.217437
0.218965
0.218576
0.216865
0.209347
0.210887
0.224425
0.219990
0.223065
0.222212
0.220409
0.218115
0.221522
0.227237
0.230941
0.225793
0.215567
0.225888
0.229144
0.224205
0.215307
0.228400
0.225081
0.221129
0.224638
0.229091
0.219926
0.212564
0.219744
0.220681
0.216406
0.217334
0.225102
0.222026
0.218534
0.226377
0.224243
0.225532
0.212785
0.211707
0.223408
0.217397
0.224636
0.224058
0.224502
0.225263
0.227029
0.216818
0.219617
0.219279
0.221515
0.212255
0.227271
0.220120
0.214905
0.208493
0.220772
0.218197
0.227196
0.214115
0.210794
0.209968
0.216347
0.218570
0.216101
0.221021
0.219330
0.212611
0.223612
0.217473
0.215054
0.218531
0.212076
0.220952
0.227646
0.219972
0.217512
0.222644
0.223259
0.221187
0.217166
0.215527
0.208659
0.219202
0.223144
0.228603
0.225775
0.220498
0.225117
0.217795
0.217280
0.220141
0.210738
0.219407
0.218611
0.225885
0.223103
0.220038
0.218706
0.226031
0.227029
0.225046
0.222552
0.224397
0.222135
0.225892
0.226344
0.221987
0.214478
0.221737
0.219284
0.217460
0.215518
0.214776
0.216582
0.218445
0.224703
0.226027
0.225987
0.229013
0.214421
0.220257
0.219980
0.226962
0.230415
0.214090
0.216509
0.213416
0.220744
0.223618
0.213146
0.225730
0.225030
0.222307
0.215987
0.219204
0.212188
0.212797
0.213737
0.216263
0.213511
0.225293
0.219712
0.222334
0.223028
0.216336
0.225121
0.227652
0.229048
0.221219
0.223230
0.222088
0.225427
0.221098
0.223966
0.225683
0.221853
0.222133
0.225065
0.225235
0.225450
0.221433
0.223100
0.224529
0.214259
0.224896
0.223643
0.221109
0.224172
0.215703
0.218677
0.218066
0.220366
0.215766
0.218953
0.212346
0.214348
0.221154
0.213674
0.219372
0.219648
0.222117
0.219380
0.216443
0.219362
0.217815
0.208678
0.215000
0.215809
0.225630
0.223016
0.213269
0.224143
0.220390
0.220320
0.232528
0.222114
0.211040
0.220591
0.227150
0.222521
0.217814
0.230877
0.232607
0.221985
0.229707
0.221314
0.230457
0.221130
0.215473
0.226823
0.226811
0.226630
0.223738
0.224857
0.224639
0.228867
0.220212
0.210857
0.226861
0.218309
0.215544
0.226672
0.217315
0.219169
0.212400
0.215882
0.219322
0.218668
0.223166
0.215866
0.223044
0.221171
0.221578
0.213230
0.224708
0.219097
0.213629
0.208956
0.217193
0.222775
0.223101
0.225131
0.217229
0.216171
0.215117
0.218265
0.218495
0.221049
0.222814
0.224248
0.217531
0.222707
0.218466
0.226802
0.220015
0.219691
0.223976
0.213861
0.220778
0.220357
0.217174
0.221757
0.229122
0.223670
0.215370
0.211993
0.220165
0.222843
0.211181
0.228083
0.223279
0.221976
0.223964
0.213788
0.218660
0.223526
0.219949
0.227533
0.222242
0.230964
0.223810
0.226115
0.211721
0.215305
0.218253
0.212351
0.226258
0.224311
0.214857
0.224875
0.220838
0.208766
0.212473
0.222002
0.224408
0.220546
0.218161
0.215343
0.221888
0.226310
0.219846
0.227095
0.221528
0.215136
0.216347
0.227251
0.223343
0.224872
0.218846
0.214647
0.224162
0.219280
0.217451
0.230102
0.219200
0.220113
0.220008
0.223689
0.225033
0.228671
0.219569
0.217045
0.232306
0.221789
0.218355
0.214485
0.224718
0.228916
0.222588
0.222786
0.220899
0.215940
0.220831
0.227805
0.222757
0.214019
0.215273
0.215162
0.225410
0.230020
0.226155
0.211097
0.218672
0.214511
0.213899
0.216626
0.215864
0.210420
0.218680
0.217346
0.222072
0.220711
0.217094
0.222906
0.221799
0.228276
0.222110
0.221146
0.218387
0.225862
0.230693
0.220871
0.211656
0.231105
0.224449
0.227978
0.227979
0.227617
0.227536
0.215238
0.222572
0.229900
0.219044
0.223110
0.217452
0.216276
0.211711
0.219434
0.224986
0.220373
0.220845
0.218841
0.222179
0.230466
0.217721
0.218657
0.223681
0.215007
0.224304
0.227055
0.221523
0.216407
0.215983
0.222109
0.229063
0.230715
0.216073
0.223967
0.223262
0.211730
0.224266
0.223456
0.218897
0.218305
0.222004
0.225171
0.226104
0.217910
0.224241
0.220771
0.220750
0.224011
0.215055
0.209150
0.209524
0.201558
0.212486
0.213716
0.213842
0.221021
0.225836
0.227068
0.224717
0.214466
0.207269
0.211468
0.221079
0.222466
0.220723
0.221160
0.217956
0.216812
0.228434
0.213994
0.222500
0.216149
0.220381
0.221741
0.215436
0.220263
0.227762
0.220547
0.229663
0.225084
0.225446
0.223400
0.230148
0.223611
0.216644
0.221077
0.219992
0.221157
0.229603
0.220734
0.218181
0.220620
0.225329
0.225977
0.220210
0.224839
0.226094
0.228546
0.227188
0.220683
0.215719
0.215514
0.213648
0.219206
0.215651
0.219703
0.220156
0.220692
0.222670
0.223320
0.230880
0.219483
0.213654
0.217267
0.223962
0.225887
0.215875
0.214867
0.223010
0.223922
0.225365
0.226625
0.214435
0.215462
0.225235
0.222458
0.218351
0.225981
0.231070
0.230729
0.229728
0.217908
0.220850
0.222540
0.220961
0.210968
0.214186
0.227726
0.214738
0.224609
0.228906
0.227332
0.224343
0.229641
0.225193
0.224493
0.230902
0.226853
0.223415
0.225950
0.222923
0.221904
0.214852
0.228131
0.222140
0.220863
0.219551
0.228064
0.226109
0.221587
0.228214
0.226228
0.231805
0.227064
0.229369
0.222925
0.227998
0.219101
0.215167
0.216763
0.225957
0.225997
0.222216
0.223208
0.223410
0.226538
0.227274
0.226670
0.214990
0.224136
0.216899
0.209883
0.229045
0.214312
0.221869
0.218882
0.225826
0.225971
0.222950
0.214657
0.218607
0.217549
0.220422
0.218122
0.214984
0.209517
0.215992
0.225811
0.224476
0.214953
0.219815
0.215139
0.215179
0.217553
0.211150
0.215578
0.214684
0.221373
0.221591
0.228282
0.219387
0.222887
0.217531
0.226430
0.228047
0.232959
0.229177
0.220485
0.219150
0.210796
0.222049
0.224182
0.222505
0.225532
0.210433
0.212475
0.220349
0.219515
0.209110
0.221657
0.220574
0.220784
0.215215
0.215662
0.218800
0.231425
0.219041
0.218459
0.227362
0.223679
0.228754
0.229560
0.226052
0.230825
0.231503
0.229395
0.216115
0.223021
0.223927
0.222824
0.230829
0.221918
0.214586
0.218885
0.217855
0.220179
0.222434
0.224964
0.227206
0.229600
0.223695
0.223960
0.216407
0.221832
0.219807
0.227185
0.220306
0.223720
0.215200
0.219971
0.229198
0.216260
0.222110
0.223585
0.234625
0.228449
0.226837
0.222635
0.219737
0.225091
0.228344
0.220281
0.220195
0.209454
0.217098
0.217472
0.212315
0.216639
0.218241
0.211903
0.213376
0.217844
0.234424
0.216786
0.221762
0.214994
0.212771
0.214838
0.217340
0.212126
0.221571
0.225518
0.220918
0.230035
0.232134
0.219579
0.213453
0.207354
0.219761
0.221466
0.220727
0.223035
0.219096
0.223028
0.224739
0.224510
0.225123
0.220725
0.213658
0.213052
0.215240
0.213849
0.216120
0.215227
0.224633
0.227180
0.219478
0.212112
0.216842
0.220956
0.220569
0.219401
0.225248
0.227093
0.227794
0.219541
0.215720
0.219569
0.215163
0.211846
0.218041
0.215527
0.223701
0.210669
0.223728
0.211619
0.223597
0.217468
0.218440
0.217943
0.214605
0.222088
0.211807
0.219963
0.235357
0.230012
0.223988
0.221904
0.224161
0.222417
0.212411
0.221899
0.222634
0.224151
0.228950
0.219091
0.222346
0.228886
0.221826
0.221890
0.224772
0.215276
0.217225
0.214866
0.213598
0.222495
0.216728
0.207785
0.217954
0.223614
0.220357
0.224675
0.213827
0.219472
0.222541
0.220137
0.221818
0.217647
0.218274
0.218588
0.225581
0.222118
0.218819
0.223201
0.216356
0.222346
0.216473
0.222952
0.220470
0.216051
0.226017
0.226734
0.233720
0.222340
0.219060
0.217259
0.219060
0.223331
0.234610
0.217021
0.216660
0.218119
0.223287
0.223008
0.223530
0.219983
0.220442
0.213400
0.228232
0.224764
0.226277
0.215890
0.219627
0.223609
0.233071
0.215930
0.212921
0.213791
0.223084
0.212142
0.225418
0.225706
0.212102
0.218308
0.218922
0.224357
0.226048
0.227203
0.230125
0.217893
0.223061
0.225568
0.225563
0.215259
0.224748
0.226641
0.227427
0.228637
0.225739
0.216331
0.226232
0.227355
0.226559
0.213281
0.231175
0.223225
0.212994
0.221062
0.220086
0.213749
0.214075
0.218400
0.220309
0.221115
0.228131
0.226352
0.228004
0.215303
0.220575
0.226146
0.225214
0.225472
0.219088
0.222698
0.219504
0.220461
0.221008
0.210732
0.216738
0.224685
0.222330
0.232985
0.223904
0.226282
0.228264
0.212506
0.227038
0.233600
0.225954
0.230182
0.223167
0.226696
0.225529
0.218587
0.220997
0.227355
0.226609
0.221187
0.222637
0.228022
0.217355
0.225290
0.230953
0.223428
0.225306
0.225069
0.224747
0.235223
0.228731
0.222678
0.225341
0.227537
0.225496
0.229604
0.226232
0.228251
0.228710
0.214829
0.203585
0.217881
0.217460
0.222076
0.220626
0.226222
0.227144
0.226866
0.218850
0.226667
0.225504
0.223276
0.230990
0.223924
0.225481
0.222198
0.235006
0.225655
0.225954
0.226811
0.215017
0.226788
0.221383
0.212015
0.222504
0.227298
0.214292
0.215841
0.222054
0.223125
0.220305
0.225303
0.228534
0.221898
0.221598
0.224122
0.231161
0.223390
0.224286
0.213670
0.222072
0.221461
0.219892
0.222093
0.216581
0.223341
0.223951
0.219640
0.222959
0.217393
0.219246
0.218453
0.224864
0.223490
0.225733
0.221717
0.217217
0.213367
0.215184
0.217657
0.221181
0.214682
0.217815
0.223898
0.224067
0.216599
0.214979
0.224749
0.222024
0.224734
0.223196
0.223422
0.224582
0.228641
0.225005
0.224734
0.230040
0.228814
0.222243
0.229950
0.228337
0.211335
0.222134
0.220052
0.222861
0.222927
0.229439
0.220391
0.223633
0.224733
0.235282
0.222896
0.224076
0.232079
0.228531
0.227307
0.216302
0.217313
0.222409
0.224496
0.226551
0.221503
0.226840
0.226370
0.233058
0.224371
0.226323
0.219666
0.225623
0.229406
0.215708
0.213945
0.216028
0.217701
0.219205
0.227088
0.221899
0.211684
0.218033
0.206089
0.218974
0.227661
0.225530
0.226529
0.222175
0.229872
0.214889
0.215372
0.216149
0.220409
0.228570
0.224263
0.222751
0.219328
0.224125
0.225834
0.221158
0.227680
0.226694
0.222636
0.224619
0.218478
0.223830
0.231224
0.224702
0.216822
0.210590
0.222171
0.220530
0.226981
0.223287
0.223242
0.217288
0.227667
0.225045
0.225254
0.226501
0.227410
0.221626
0.221461
0.214646
0.218799
0.224689
0.230171
0.230760
0.229442
0.223936
0.223386
0.219707
0.224945
0.225260
0.233730
0.232080
0.224432
0.215943
0.214351
0.225185
0.213753
0.226171
0.220750
0.233622
0.235753
0.222257
0.222088
0.222704
0.220043
0.221672
0.225698
0.219377
0.226525
0.222439
0.225570
0.229375
0.214685
0.222387
0.220469
0.217932
0.222535
0.224930
0.219719
0.223141
0.225484
0.227802
0.232631
0.234125
0.218160
0.222605
0.219726
0.217468
0.230759
0.225777
0.224431
0.222167
0.222802
0.217118
0.226820
0.218807
0.213159
0.219159
0.209516
0.223767
0.223535
0.218957
0.210308
0.215621
0.226167
0.217653
0.217785
0.222742
0.216428
0.228928
0.219448
0.220567
0.226124
0.225241
0.226635
0.224290
0.231489
0.226922
0.222730
0.217566
0.227899
0.230463
0.220723
0.218951
0.217906
0.222078
0.227793
0.218442
0.220955
0.215364
0.213547
0.216228
0.217625
0.223420
0.230292
0.222887
0.218510
0.222809
0.230159
0.226445
0.226234
0.225633
0.224169
0.227151
0.228187
0.217016
0.212036
0.222460
0.206926
0.213490
0.221864
0.221541
0.218315
0.217288
0.213081
0.222537
0.233414
0.226438
0.220948
0.220698
0.224869
0.225511
0.219872
0.225279
0.229835
0.219381
0.217757
0.223088
0.222845
0.226212
0.231195
0.220351
0.222494
0.216181
0.217924
0.224381
0.226178
0.225688
0.228059
0.230652
0.221520
0.219045
0.222756
0.214507
0.228264
0.227648
0.216473
0.222889
0.216275
0.229521
0.234112
0.227130
0.221712
0.224015
0.226325
0.223688
0.219775
0.221489
0.225952
0.229174
0.219268
0.232718
0.230987
0.217929
0.227121
0.230446
0.222734
0.217242
0.220851
0.220925
0.215660
0.213556
0.227539
0.232915
0.220217
0.224846
0.221534
0.217021
0.220501
0.227284
0.226278
0.222622
0.225479
0.209085
0.219469
0.227445
0.216612
0.216100
0.219598
0.228027
0.219808
0.225068
0.234672
0.224962
0.231859
0.229956
0.217749
0.220727
0.214189
0.217979
0.226858
0.227252
0.222154
0.218102
0.228851
0.218900
0.222438
0.213225
0.215598
0.225519
0.223636
0.222570
0.229655
0.228629
0.226946
0.227102
0.220372
0.230671
0.227413
0.226344
0.225401
0.232583
0.225726
0.227170
0.221240
0.226147
0.218243
0.225218
0.222101
0.225897
0.223700
0.224599
0.226767
0.226718
0.224827
0.231280
0.228059
0.231830
0.237499
0.226284
0.232616
0.227945
0.227992
0.218453
0.220467
0.222465
0.206735
0.214955
0.224321
0.223013
0.214835
0.205270
0.212984
0.215405
0.215969
0.216384
0.217696
0.218415
0.221460
0.217327
0.221669
0.215804
0.222597
0.228696
0.228297
0.217843
0.220475
0.223642
0.220783
0.217559
0.229203
0.217464
0.216329
0.217159
0.218797
0.225930
0.220171
0.225288
0.222992
0.213085
0.226498
0.227377
0.231328
0.220638
0.210804
0.220225
0.224166
0.230865
0.228026
0.218065
0.218595
0.222273
0.230124
0.222622
0.222848
0.228936
0.223889
0.222886
0.216995
0.216649
0.212251
0.214017
0.216181
0.232019
0.227279
0.218441
0.224804
0.220232
0.225290
0.211780
0.227817
0.219124
0.222486
0.228652
0.221767
0.227387
0.229172
0.228954
0.240222
0.225222
0.230358
0.223121
0.223462
0.217347
0.217974
0.225002
0.233209
0.228765
0.225946
0.219930
0.227916
0.227150
0.232338
0.231591
0.227060
0.234216
0.223860
0.221561
0.219143
0.228462
0.221945
0.217774
0.214425
0.215218
0.224473
0.224349
0.224359
0.225889
0.216161
0.216386
0.224652
0.222023
0.219976
0.215149
0.225382
0.221944
0.224888
0.229559
0.226405
0.227178
0.225396
0.223775
0.228029
0.219103
0.223544
0.227497
0.233417
0.231413
0.232381
0.220726
0.227371
0.220370
0.232969
0.227262
0.228671
0.223074
0.226454
0.219424
0.223311
0.216621
0.224176
0.217788
0.217429
0.229601
0.229861
0.228643
0.220581
0.217963
0.216709
0.223006
0.213794
0.226418
0.221015
0.222885
0.217494
0.226705
0.212308
0.215004
0.219285
0.223698
0.221005
0.222696
0.225003
0.221310
0.218257
0.218974
0.224462
0.215232
0.214668
0.223623
0.219643
0.220773
0.221378
0.234546
0.226850
0.227055
0.215637
0.219113
0.219393
0.229344
0.226414
0.227356
0.213683
0.216816
0.224830
0.224743
0.223942
0.223295
0.220423
0.218024
0.222527
0.218501
0.211206
0.207568
0.216793
0.214025
0.216211
0.221454
0.223005
0.221704
0.225391
0.227735
0.229940
0.226077
0.227036
0.216786
0.232285
0.227283
0.230417
0.230335
0.233367
0.226857
0.220237
0.226377
0.223629
0.233338
0.228838
0.227300
0.234557
0.232845
0.235905
0.225451
0.220808
0.227196
0.221500
0.222692
0.230918
0.230448
0.219624
0.228558
0.220817
0.223213
0.221823
0.224871
0.228682
0.228248
0.230703
0.214018
0.219845
0.219637
0.222817
0.230011
0.223591
0.219691
0.222376
0.215509
0.222663
0.230548
0.223050
0.230902
0.216531
0.225654
0.231719
0.224476
0.225858
0.230070
0.228091
0.230252
0.233459
0.229795
0.230430
0.208066
0.208142
0.221872
0.219304
0.218938
0.223204
0.228498
0.231092
0.236689
0.235658
0.220349
0.227950
0.228432
0.233778
0.233519
0.227893
0.231738
0.221296
0.227517
0.218967
0.222004
0.216752
0.219536
0.224992
0.215356
0.218268
0.220194
0.219000
0.226875
0.223221
0.234562
0.225560
0.228825
0.228572
0.234176
0.224557
0.228628
0.218425
0.225734
0.223094
0.229384
0.225429
0.221312
0.223826
0.223219
0.224411
0.231662
0.221144
0.224326
0.221869
0.230410
0.228787
0.221733
0.224712
0.221823
0.217765
0.225444
0.210529
0.214624
0.221269
0.218721
0.219979
0.226823
0.228362
0.228236
0.220049
0.228262
0.219663
0.230840
0.221554
0.225654
0.217932
0.219570
0.222833
0.226716
0.219447
0.217881
0.226184
0.230906
0.231742
0.230035
0.228332
0.228781
0.229884
0.228213
0.221784
0.223750
0.219832
0.213284
0.224583
0.220008
0.237136
0.234093
0.221340
0.215419
0.216968
0.219177
0.211376
0.216197
0.218732
0.227730
0.233298
0.228953
0.230131
0.221299
0.227365
0.223132
0.214226
0.213693
0.213973
0.225259
0.220728
0.223049
0.216335
0.227100
0.222350
0.224461
0.218938
0.214052
0.223787
0.223926
0.236182
0.223606
0.219525
0.223011
0.215173
0.220690
0.226660
0.219394
0.225243
0.219360
0.219091
0.225201
0.219368
0.233007
0.223717
0.230906
0.230400
0.216438
0.229162
0.231167
0.229987
0.225497
0.232597
0.227730
0.220909
0.221871
0.226556
0.231929
0.233585
0.214140
0.221523
0.226174
0.219926
0.224155
0.219107
0.225572
0.219186
0.227834
0.224087
0.227212
0.227801
0.224918
0.230921
0.224161
0.223276
0.227627
0.220121
0.223428
0.231203
0.226942
0.220792
0.221882
0.224972
0.232838
0.227967
0.225683
0.230210
0.221254
0.219413
0.221299
0.224652
0.224812
0.229750
0.229170
0.228043
0.223360
0.222380
0.226374
0.222156
0.219908
0.227685
0.223126
0.228571
0.226111
0.217278
0.223700
0.219822
0.228640
0.218671
0.210758
0.214194
0.217715
0.222741
0.228157
0.221836
0.220687
0.216826
0.225310
0.229474
0.228898
0.226803
0.221591
0.222605
0.221157
0.224708
0.220132
0.224434
0.225432
0.234563
0.231357
0.224399
0.219167
0.228403
0.230640
0.222434
0.222119
0.216740
0.214551
0.225472
0.226390
0.227115
0.230920
0.223377
0.222196
0.230587
0.228174
0.223819
0.215653
0.220124
0.228417
0.226949
0.217461
0.222062
0.217904
0.225855
0.219695
0.225441
0.222266
0.227754
0.223432
0.221447
0.232707
0.221589
0.225651
0.228819
0.216306
0.227210
0.219867
0.224359
0.221480
0.223405
0.217566
0.215733
0.219419
0.221998
0.212338
0.213020
0.220787
0.238021
0.225634
0.226901
0.224411
0.230377
0.221302
0.223342
0.218968
0.221307
0.231350
0.222288
0.225597
0.224052
0.221997
0.225074
0.224152
0.230421
0.234472
0.235304
0.221407
0.220651
0.217885
0.224794
0.224732
0.218519
0.218038
0.219972
0.221137
0.227130
0.228505
0.215981
0.225589
0.214651
0.219776
0.212651
0.215888
0.219911
0.227772
0.218230
0.226756
0.225424
0.230373
0.221336
0.215388
0.223987
0.221676
0.226177
0.216661
0.224343
0.221421
0.226899
0.222463
0.222756
0.227090
0.230577
0.226613
0.232158
0.219071
0.224589
0.211082
0.223833
0.231708
0.218137
0.229565
0.225070
0.217112
0.231849
0.220339
0.219319
0.224435
0.226208
0.220770
0.234159
0.238412
0.225692
0.219688
0.231519
0.219648
0.221481
0.226635
0.218025
0.226494
0.224082
0.219548
0.227778
0.229425
0.223432
0.226373
0.223221
0.223552
0.228079
0.222485
0.228977
0.228023
0.228289
0.231163
0.227480
0.239515
0.230841
0.233722
0.219039
0.210302
0.223483
0.226364
0.215930
0.227118
0.232184
0.224616
0.217616
0.220341
0.230058
0.228214
0.225423
0.229731
0.231084
0.227727
0.222282
0.218128
0.224733
0.226442
0.216283
0.231020
0.223858
0.218339
0.228545
0.224000
0.223509
0.219997
0.220701
0.227255
0.223007
0.219673
0.225925
0.227680
0.231701
0.237481
0.219331
0.221407
0.221296
0.210669
0.227932
0.217671
0.216106
0.229172
0.222165
0.215750
0.219555
0.220698
0.232717
0.233333
0.224982
0.223614
0.238606
0.237940
0.220763
0.224432
0.220564
0.227437
0.225649
0.237094
0.233368
0.225943
0.231754
0.226128
0.223297
0.217568
0.221356
0.229613
0.220355
0.230879
0.232592
0.221916
0.225179
0.227851
0.224630
0.234123
0.236666
0.232447
0.232485
0.220611
0.219229
0.227705
0.219099
0.211923
0.216941
0.218477
0.213908
0.226963
0.227235
0.226715
0.225838
0.223959
0.227768
0.227308
0.221691
0.212782
0.223933
0.233509
0.226834
0.221314
0.226569
0.231605
0.230699
0.228218
0.217981
0.218388
0.223032
0.226184
0.222608
0.228285
0.229851
0.225519
0.219853
0.221259
0.221832
0.219632
0.235474
0.233809
0.223544
0.220997
0.222933
0.229000
0.227538
0.223958
0.222717
0.224452
0.225353
0.226046
0.228569
0.223949
0.231006
0.228986
0.224422
0.212398
0.219997
0.214144
0.224516
0.221473
0.224845
0.216705
0.224977
0.226055
0.221515
0.225658
0.231339
0.218279
0.224805
0.221192
0.224751
0.217272
0.218511
0.221578
0.231483
0.220961
0.231583
0.225420
0.226544
0.221107
0.222917
0.218330
0.229977
0.222609
0.226197
0.221305
0.219030
0.223624
0.215959
0.218280
0.229628
0.228227
0.227857
0.219841
0.226447
0.221951
0.212721
0.222434
0.229447
0.221003
0.229511
0.226612
0.215637
0.217428
0.215998
0.221255
0.223980
0.226243
0.226596
0.228822
0.228966
0.226018
0.226579
0.229700
0.228296
0.228640
0.230604
0.215617
0.221617
0.223895
0.223984
0.237447
0.219284
0.221109
0.220653
0.227580
0.221603
0.228165
0.218533
0.223708
0.219080
0.236247
0.233061
0.235465
0.232129
0.231462
0.234270
0.228262
0.229381
0.231820
0.230614
0.225595
0.229138
0.220648
0.229383
0.232595
0.229343
0.225725
0.229554
0.227007
0.225162
0.227597
0.230021
0.236493
0.224843
0.225483
0.223812
0.224235
0.228061
0.223779
0.227005
0.230231
0.223756
0.224890
0.226253
0.225494
0.232413
0.228698
0.223479
0.228271
0.228587
0.229404
0.219272
0.226579
0.223055
0.221425
0.229497
0.227111
0.225062
0.216199
0.225036
0.225219
0.235167
0.217421
0.221251
0.217008
0.209239
0.222085
0.223886
0.222027
0.218763
0.220552
0.222490
0.217764
0.213609
0.222474
0.222672
0.222578
0.234256
0.234524
0.235321
0.224215
0.218525
0.222264
0.230979
0.226906
0.227669
0.230701
0.227413
0.216519
0.225999
0.224620
0.220880
0.228063
0.226472
0.231151
0.231502
0.227795
0.229910
0.221262
0.224177
0.228911
0.219057
0.235138
0.220294
0.218719
0.221205
0.224635
0.231864
0.233215
0.226217
0.223461
0.224761
0.227931
0.229562
0.228430
0.233002
0.225847
0.219387
0.219337
0.228083
0.226057
0.226799
0.230563
0.223481
0.228172
0.226355
0.231023
0.231520
0.222014
0.226013
0.224521
0.231168
0.224742
0.229555
0.237958
0.234787
0.228075
0.225893
0.235228
0.230911
0.226999
0.226408
0.220328
0.237183
0.230403
0.228708
0.223711
0.221254
0.224744
0.231607
0.237255
0.225979
0.229485
0.229783
0.227834
0.222369
0.228975
0.212519
0.218779
0.220867
0.241372
0.236111
0.229629
0.230385
0.226690
0.232597
0.218387
0.225578
0.225223
0.217679
0.227081
0.221346
0.220712
0.226818
0.230592
0.232049
0.222738
0.224014
0.233142
0.217051
0.223999
0.208476
0.220444
0.224229
0.217540
0.228395
0.227997
0.230653
0.217117
0.210352
0.218988
0.220044
0.225854
0.218415
0.225551
0.226609
0.222888
0.226134
0.235565
0.236490
0.235093
0.225917
0.226457
0.228623
0.233810
0.228720
0.227424
0.219817
0.219984
0.218581
0.219134
0.224332
0.223873
0.213372
0.221779
0.232039
0.221268
0.232571
0.222589
0.214701
0.221609
0.216077
0.227690
0.222304
0.227328
0.223702
0.223348
0.226665
0.229100
0.228947
0.230118
0.220377
0.223581
0.228502
0.216428
0.221867
0.229616
0.233374
0.220130
0.228894
0.230466
0.233397
0.239234
0.225661
0.235009
0.221220
0.219875
0.225972
0.227117
0.223805
0.227579
0.219598
0.221065
0.228919
0.228792
0.222144
0.232258
0.223900
0.216784
0.232095
0.219980
0.222153
0.229524
0.216639
0.224530
0.214352
0.221902
0.218997
0.216748
0.221793
0.215222
0.222051
0.230034
0.226328
0.234196
0.227978
0.227322
0.228887
0.234112
0.228664
0.234423
0.228126
0.231850
0.223752
0.216910
0.229987
0.223603
0.224980
0.225598
0.224321
0.233832
0.226166
0.232802
0.232299
0.223559
0.214468
0.231717
0.223818
0.223825
0.225521
0.220525
0.216559
0.220477
0.224145
0.227463
0.215058
0.209751
0.210851
0.216905
0.210822
0.221649
0.226261
0.225681
0.222158
0.223829
0.215998
0.219589
0.214443
0.215491
0.217777
0.225614
0.219022
0.230913
0.224172
0.212665
0.224875
0.213495
0.221021
0.204532
0.217754
0.216943
0.228484
0.223072
0.226716
0.223842
0.222197
0.225603
0.234527
0.234346
0.228560
0.225914
0.231214
0.229514
0.225612
0.216305
0.222849
0.237646
0.230029
0.218244
0.218647
0.218429
0.212734
0.224879
0.228108
0.227966
0.223684
0.224645
0.219109
0.221567
0.225311
0.224356
0.223169
0.219236
0.233038
0.224418
0.230264
0.231155
0.231769
0.226687
0.225012
0.227260
0.233230
0.216295
0.230929
0.239962
0.230804
0.226700
0.221464
0.228092
0.224823
0.225741
0.223785
0.224553
0.218331
0.216424
0.220237
0.221577
0.224965
0.222787
0.216063
0.216229
0.216943
0.214514
0.221926
0.222332
0.224241
0.219502
0.229954
0.225714
0.225427
0.226428
0.227616
0.224166
0.232796
0.223955
0.230815
0.220479
0.214683
0.219317
0.229356
0.217835
0.231871
0.217257
0.228686
0.230041
0.212573
0.223310
0.229004
0.219088
0.211413
0.232966
0.228820
0.231998
0.229081
0.233500
0.229697
0.226125
0.224852
0.233137
0.226779
0.223293
0.217618
0.216922
0.225344
0.227503
0.225801
0.227250
0.225149
0.227384
0.224825
0.230032
0.233555
0.228604
0.221232
0.223461
0.223849
0.224329
0.226957
0.219178
0.226775
0.229782
0.222013
0.222181
0.220697
0.230132
0.223735
0.227934
0.229248
0.232300
0.221429
0.232781
0.229345
0.223361
0.231702
0.231621
0.227020
0.220037
0.219698
0.212068
0.232202
0.228299
0.232427
0.234501
0.230315
0.222714
0.219476
0.229476
0.231690
0.233797
0.226953
0.232534
0.234787
0.228074
0.228192
0.232216
0.227241
0.226373
0.215867
0.205609
0.208124
0.219430
0.229113
0.227271
0.232612
0.231152
0.233010
0.232393
0.231316
0.224073
0.215985
0.222064
0.222844
0.231681
0.226486
0.228425
0.228316
0.220736
0.228211
0.228867
0.229636
0.225045
0.220291
0.224988
0.223923
0.222587
0.214993
0.219395
0.223952
0.230463
0.231200
0.236983
0.225477
0.235611
0.230273
0.225791
0.217455
0.225321
0.227203
0.231998
0.240380
0.231078
0.225375
0.229104
0.224899
0.228173
0.228963
0.219521
0.220260
0.226765
0.234557
0.232513
0.233514
0.228273
0.219854
0.226336
0.232109
0.227980
0.223278
0.229355
0.221832
0.220858
0.221998
0.233460
0.230035
0.234599
0.220612
0.224546
0.226756
0.230517
0.236276
0.230408
0.220788
0.229455
0.231258
0.230730
0.236102
0.228370
0.227860
0.231894
0.227490
0.235565
0.226418
0.235832
0.227510
0.224707
0.222891
0.227679
0.227197
0.230655
0.227494
0.228680
0.222781
0.221980
0.220029
0.219389
0.220863
0.217686
0.231206
0.227778
0.222410
0.228237
0.240488
0.227681
0.222172
0.212636
0.221937
0.229026
0.232022
0.232822
0.230326
0.228221
0.225013
0.227116
0.219855
0.222589
0.225532
0.216674
0.220564
0.218780
0.235441
0.225818
0.224232
0.215130
0.222546
0.231450
0.234092
0.231957
0.232022
0.231024
0.223424
0.235228
0.234964
0.222419
0.232151
0.229319
0.232976
0.227895
0.239498
0.232468
0.237893
0.229544
0.233408
0.227628
0.232905
0.227728
0.227215
0.227392
0.233931
0.233112
0.227941
0.232216
0.230269
0.223223
0.228095
0.232011
0.221109
0.216721
0.220869
0.228700
0.234571
0.221276
0.233454
0.223645
0.223346
0.225775
0.221882
0.208975
0.225158
0.229327
0.232885
0.228734
0.233301
0.225992
0.224276
0.221320
0.223925
0.212261
0.225596
0.226741
0.225688
0.214292
0.220321
0.230929
0.222148
0.221286
0.220125
0.219021
0.223432
0.227837
0.224579
0.237483
0.230414
0.223594
