0.285163
0.294640
0.299675
0.302067
0.304456
0.305993
0.306328
0.306797
0.307091
0.307427
0.307855
0.308191
0.308061
0.308028
0.308156
0.308070
0.307739
0.307429
0.307333
0.307434
0.307464
0.307269
0.307346
0.307309
0.307238
0.307073
0.307097
0.307094
0.307032
0.306958
0.306987
0.306936
0.306844
0.306771
0.306714
0.306623
0.306455
0.306452
0.306537
0.306517
0.306508
0.306367
0.306352
0.306214
0.306246
0.306125
0.306132
0.306076
0.305991
0.305920
0.305919
0.305859
0.305802
0.305762
0.305721
0.305635
0.305572
0.305567
0.305440
0.305329
0.305343
0.305345
0.305250
0.305278
0.305222
0.305206
0.305207
0.305167
0.305212
0.305158
0.305186
0.305191
0.305040
0.305020
0.304930
0.304940
0.304832
0.304854
0.304875
0.304802
0.304762
0.304763
0.304740
0.304650
0.304711
0.304668
0.304602
0.304600
0.304560
0.304578
0.304653
0.304595
0.304587
0.304539
0.304525
0.304543
0.304635
0.304624
0.304669
0.304646
0.304668
0.304539
0.304496
0.304454
0.304437
0.304344
0.304344
0.304264
0.304319
0.304288
0.304266
0.304340
0.304328
0.304361
0.304342
0.304306
0.304366
0.304397
0.304350
0.304349
0.304279
0.304254
0.304280
0.304277
0.304280
0.304301
0.304277
0.304296
0.304299
0.304274
0.304321
0.304190
0.304155
0.304137
0.304136
0.304115
0.304145
0.304166
0.304134
0.304154
0.304099
0.304109
0.304026
0.304008
0.303932
0.303946
0.303931
0.303879
0.303932
0.303962
0.304010
0.304049
0.304034
0.303974
0.303963
0.303913
0.303917
0.303898
0.303877
0.303952
0.303930
0.304017
0.304006
0.304047
0.304009
0.304061
0.304074
0.304045
0.304033
0.304016
0.303991
0.303970
0.303985
0.303986
0.303987
0.304032
0.304029
0.304037
0.303975
0.303982
0.304004
0.303974
0.303948
0.303923
0.303955
0.303962
0.303994
0.303968
0.303899
0.303901
0.303891
0.303846
0.303880
0.303896
0.303885
0.303891
0.303895
0.303883
0.303897
0.303896
0.303818
0.303817
0.303857
0.303851
0.303852
0.303842
0.303823
0.303863
0.303895
0.303907
0.303897
0.303869
0.303830
0.303816
0.303738
0.303811
0.303795
0.303768
0.303788
0.303788
0.303785
0.303810
0.303766
0.303796
0.303814
0.303828
0.303847
0.303863
0.303842
0.303834
0.303807
0.303790
0.303763
0.303784
0.303760
0.303791
0.303792
0.303822
0.303807
0.303825
0.303813
0.303843
0.303807
0.303805
0.303841
0.303797
0.303775
0.303803
0.303794
0.303756
0.303758
0.303715
0.303709
0.303716
0.303703
0.303727
0.303748
0.303754
0.303759
0.303764
0.303779
0.303790
0.303764
0.303763
0.303755
0.303779
0.303790
0.303735
0.303727
0.303681
0.303743
0.303748
0.303713
0.303705
0.303689
0.303669
0.303692
0.303703
0.303734
0.303778
0.303764
0.303760
0.303761
0.303748
0.303731
0.303716
0.303711
0.303683
0.303694
0.303735
0.303716
0.303708
0.303715
0.303678
0.303644
0.303647
0.303663
0.303712
0.303712
0.303737
0.303747
0.303731
0.303780
0.303749
0.303716
0.303759
0.303795
0.303800
0.303811
0.303799
0.303790
0.303797
0.303798
0.303801
0.303793
0.303778
0.303784
0.303789
0.303755
0.303770
0.303801
0.303790
0.303797
0.303832
0.303800
0.303798
0.303803
0.303836
0.303844
0.303877
0.303862
0.303815
0.303818
0.303795
0.303830
0.303837
0.303836
0.303848
0.303834
0.303827
0.303841
0.303845
0.303869
0.303878
0.303874
0.303849
0.303853
0.303852
0.303837
0.303849
0.303840
0.303830
0.303849
0.303830
0.303847
0.303835
0.303857
0.303839
0.303838
0.303861
0.303854
0.303851
0.303868
0.303923
0.303922
0.303925
0.303907
0.303909
0.303914
0.303890
0.303935
0.303927
0.303908
0.303928
0.303917
0.303898
0.303885
0.303859
0.303846
0.303847
0.303858
0.303851
0.303861
0.303874
0.303892
0.303879
0.303883
0.303881
0.303889
0.303946
0.303941
0.303949
0.303938
0.303904
0.303880
0.303899
0.303925
0.303911
0.303926
0.303925
0.303934
0.303920
0.303924
0.303931
0.303917
0.303925
0.303943
0.303939
0.303943
0.303944
0.303951
0.303953
0.303939
0.303954
0.303932
0.303940
0.303932
0.303971
0.303966
0.303982
0.303980
0.303985
0.304016
0.303990
0.303982
0.303962
0.303960
0.303954
0.303976
0.303970
0.303996
0.303964
0.303978
0.303987
0.303992
0.303975
0.303970
0.303972
0.303970
0.303940
0.303940
0.303968
0.303940
0.303961
0.303967
0.303977
0.303975
0.303953
0.303954
0.303950
0.303941
0.303947
0.303956
0.303970
0.303997
0.303966
0.303977
0.303979
0.303979
0.303985
0.304010
0.304002
0.304009
0.303999
0.304004
0.304002
0.304009
0.303988
0.304022
0.304026
0.304034
0.304030
0.304039
0.304060
0.304066
0.304056
0.304033
0.304043
0.304036
0.304040
0.304030
0.304034
0.304015
0.304033
0.304044
0.304050
0.304063
0.304079
0.304068
0.304056
0.304064
0.304072
0.304070
0.304070
0.304086
0.304106
0.304110
0.304117
0.304090
0.304082
0.304086
0.304112
0.304109
0.304096
0.304101
0.304118
0.304126
0.304132
0.304137
0.304134
0.304149
0.304153
0.304162
0.304176
0.304178
0.304157
0.304148
0.304162
0.304148
0.304150
0.304119
0.304118
0.304129
0.304148
0.304195
0.304169
0.304170
0.304156
0.304149
0.304185
0.304204
0.304198
0.304185
0.304182
0.304192
0.304218
0.304231
0.304230
0.304226
0.304229
0.304215
0.304232
0.304231
0.304222
0.304227
0.304252
0.304244
0.304249
0.304261
0.304261
0.304249
0.304217
0.304230
0.304223
0.304234
0.304261
0.304265
0.304261
0.304276
0.304285
0.304281
0.304285
0.304272
0.304268
0.304269
0.304243
0.304243
0.304267
0.304253
0.304238
0.304246
0.304256
0.304221
0.304251
0.304274
0.304264
0.304262
0.304266
0.304257
0.304240
0.304243
0.304249
0.304244
0.304236
0.304237
0.304230
0.304224
0.304244
0.304246
0.304243
0.304255
0.304267
0.304285
0.304261
0.304256
0.304264
0.304274
0.304279
0.304293
0.304289
0.304264
0.304258
0.304247
0.304244
0.304240
0.304243
0.304252
0.304233
0.304257
0.304275
0.304268
0.304277
0.304259
0.304254
0.304258
0.304266
0.304267
0.304266
0.304268
0.304273
0.304271
0.304277
0.304285
0.304275
0.304301
0.304304
0.304306
0.304329
0.304351
0.304344
0.304353
0.304344
0.304334
0.304336
0.304351
0.304360
0.304368
0.304375
0.304374
0.304393
0.304384
0.304377
0.304381
0.304370
0.304391
0.304395
0.304417
0.304426
0.304429
0.304427
0.304446
0.304435
0.304442
0.304431
0.304432
0.304439
0.304428
0.304414
0.304428
0.304435
0.304445
0.304457
0.304453
0.304454
0.304455
0.304457
0.304457
0.304457
0.304462
0.304471
0.304480
0.304492
0.304497
0.304501
0.304512
0.304518
0.304518
0.304516
0.304513
0.304518
0.304515
0.304521
0.304530
0.304544
0.304543
0.304536
0.304532
0.304510
0.304531
0.304536
0.304544
0.304535
0.304563
0.304532
0.304552
0.304545
0.304542
0.304529
0.304557
0.304537
0.304542
0.304558
0.304543
0.304562
0.304574
0.304571
0.304568
0.304572
0.304573
0.304573
0.304556
0.304552
0.304557
0.304577
0.304574
0.304584
0.304592
0.304587
0.304574
0.304581
0.304597
0.304613
0.304604
0.304578
0.304586
0.304591
0.304613
0.304614
0.304617
0.304599
0.304610
0.304627
0.304636
0.304652
0.304646
0.304657
0.304650
0.304648
0.304644
0.304645
0.304644
0.304644
0.304663
0.304635
0.304640
0.304635
0.304629
0.304626
0.304657
0.304670
0.304676
0.304678
0.304687
0.304690
0.304684
0.304676
0.304677
0.304669
0.304676
0.304669
0.304667
0.304666
0.304668
0.304683
0.304689
0.304689
0.304690
0.304700
0.304691
0.304694
0.304700
0.304687
0.304673
0.304684
0.304682
0.304681
0.304677
0.304677
0.304682
0.304690
0.304696
0.304700
0.304696
0.304695
0.304719
0.304718
0.304730
0.304747
0.304739
0.304743
0.304735
0.304736
0.304724
0.304725
0.304722
0.304730
0.304729
0.304720
0.304715
0.304711
0.304697
0.304702
0.304708
0.304719
0.304716
0.304729
0.304753
0.304753
0.304752
0.304753
0.304757
0.304734
0.304730
0.304725
0.304719
0.304728
0.304733
0.304738
0.304734
0.304751
0.304742
0.304746
0.304725
0.304733
0.304719
0.304716
0.304720
0.304732
0.304726
0.304744
0.304748
0.304763
0.304768
0.304765
0.304764
0.304765
0.304771
0.304768
0.304780
0.304784
0.304772
0.304780
0.304792
0.304787
0.304793
0.304783
0.304778
0.304782
0.304766
0.304779
0.304779
0.304783
0.304788
0.304791
0.304782
0.304770
0.304779
0.304789
0.304791
0.304807
0.304808
0.304798
0.304788
0.304788
0.304788
0.304799
0.304801
0.304787
0.304795
0.304813
0.304819
0.304832
0.304821
0.304832
0.304839
0.304829
0.304840
0.304845
0.304850
0.304854
0.304845
0.304852
0.304846
0.304850
0.304851
0.304849
0.304855
0.304863
0.304868
0.304855
0.304860
0.304858
0.304849
0.304833
0.304825
0.304841
0.304849
0.304859
0.304868
0.304885
0.304878
0.304871
0.304876
0.304873
0.304869
0.304874
0.304883
0.304892
0.304897
0.304897
0.304883
0.304886
0.304889
0.304890
0.304894
0.304892
0.304893
0.304897
0.304909
0.304904
0.304909
0.304900
0.304889
0.304895
0.304910
0.304926
0.304916
0.304923
0.304922
0.304926
0.304933
0.304942
0.304948
0.304951
0.304952
0.304957
0.304962
0.304963
0.304966
0.304966
0.304973
0.304978
0.304981
0.304983
0.304981
0.304981
0.304978
0.304980
0.304985
0.304990
0.304992
0.305010
0.305018
0.305019
0.305038
0.305024
0.305024
0.305021
0.305029
0.305030
0.305034
0.305042
0.305038
0.305031
0.305037
0.305030
0.305039
0.305048
0.305058
0.305054
0.305058
0.305070
0.305070
0.305064
0.305068
0.305075
0.305088
0.305098
0.305099
0.305096
0.305097
0.305095
0.305095
0.305099
0.305098
0.305097
0.305109
0.305108
0.305113
0.305121
0.305115
0.305113
0.305112
0.305109
0.305097
0.305102
0.305102
0.305098
0.305104
0.305107
0.305108
0.305099
0.305118
0.305120
0.305117
0.305136
0.305136
0.305132
0.305142
0.305129
0.305136
0.305129
0.305123
0.305122
0.305120
0.305123
0.305115
0.305117
0.305117
0.305133
0.305137
0.305135
0.305141
0.305145
0.305151
0.305154
0.305164
0.305164
0.305178
0.305190
0.305190
0.305191
0.305181
0.305190
0.305197
0.305197
0.305191
0.305201
0.305197
0.305190
0.305195
0.305203
0.305196
0.305198
0.305218
0.305232
0.305228
0.305217
0.305224
0.305225
0.305221
0.305228
0.305230
0.305232
0.305232
0.305250
0.305270
0.305270
0.305269
0.305271
0.305271
0.305266
0.305268
0.305269
0.305263
0.305255
0.305266
0.305271
0.305273
0.305268
0.305266
0.305260
0.305275
0.305282
0.305284
0.305290
0.305277
0.305275
0.305227
0.305235
0.305233
0.305230
0.305244
0.305250
0.305258
0.305261
0.305254
0.305253
0.305256
0.305260
0.305268
0.305280
0.305275
0.305264
0.305261
0.305269
0.305256
0.305272
0.305272
0.305279
0.305293
0.305303
0.305312
0.305320
0.305321
0.305319
0.305319
0.305317
0.305317
0.305319
0.305324
0.305337
0.305340
0.305338
0.305334
0.305342
0.305344
0.305336
0.305339
0.305338
0.305332
0.305335
0.305346
0.305341
0.305349
0.305345
0.305345
0.305350
0.305347
0.305356
0.305348
0.305355
0.305372
0.305367
0.305370
0.305371
0.305370
0.305377
0.305386
0.305386
0.305382
0.305385
0.305392
0.305404
0.305404
0.305406
0.305395
0.305400
0.305406
0.305406
0.305413
0.305411
0.305412
0.305409
0.305413
0.305439
0.305443
0.305452
0.305460
0.305466
0.305467
0.305467
0.305463
0.305462
0.305470
0.305475
0.305481
0.305480
0.305476
0.305475
0.305484
0.305473
0.305472
0.305483
0.305501
0.305512
0.305513
0.305513
0.305512
0.305507
0.305528
0.305526
0.305531
0.305534
0.305540
0.305533
0.305535
0.305534
0.305542
0.305543
0.305517
0.305540
0.305535
0.305526
0.305533
0.305545
0.305537
0.305539
0.305543
0.305544
0.305543
0.305559
0.305562
0.305567
0.305557
0.305561
0.305563
0.305560
0.305563
0.305565
0.305559
0.305557
0.305561
0.305567
0.305569
0.305570
0.305569
0.305569
0.305569
0.305560
0.305569
0.305572
0.305588
0.305593
0.305577
0.305582
0.305591
0.305597
0.305598
0.305606
0.305606
0.305603
0.305601
0.305600
0.305603
0.305604
0.305602
0.305601
0.305599
0.305604
0.305606
0.305614
0.305610
0.305604
0.305600
0.305607
0.305604
0.305586
0.305587
0.305579
0.305573
0.305577
0.305579
0.305582
0.305582
0.305572
0.305567
0.305561
0.305560
0.305563
0.305583
0.305579
0.305578
0.305584
0.305575
0.305593
0.305593
0.305594
0.305595
0.305599
0.305602
0.305597
0.305602
0.305594
0.305607
0.305599
0.305598
0.305583
0.305583
0.305585
0.305593
0.305595
0.305597
0.305600
0.305604
0.305607
0.305618
0.305621
0.305617
0.305624
0.305622
0.305611
0.305622
0.305627
0.305628
0.305621
0.305621
0.305627
0.305628
0.305628
0.305619
0.305621
0.305623
0.305627
0.305622
0.305630
0.305632
0.305634
0.305631
0.305627
0.305635
0.305636
0.305645
0.305641
0.305639
0.305642
0.305642
0.305653
0.305648
0.305651
0.305650
0.305647
0.305649
0.305652
0.305656
0.305673
0.305659
0.305668
0.305661
0.305667
0.305666
0.305671
0.305654
0.305652
0.305651
0.305659
0.305652
0.305648
0.305662
0.305657
0.305669
0.305669
0.305669
0.305668
0.305670
0.305677
0.305669
0.305667
0.305682
0.305689
0.305698
0.305698
0.305704
0.305693
0.305696
0.305690
0.305696
0.305709
0.305712
0.305715
0.305722
0.305728
0.305729
0.305725
0.305726
0.305727
0.305728
0.305734
0.305732
0.305742
0.305746
0.305755
0.305756
0.305756
0.305754
0.305763
0.305767
0.305764
0.305761
0.305758
0.305760
0.305763
0.305764
0.305776
0.305784
0.305786
0.305792
0.305797
0.305794
0.305796
0.305793
0.305802
0.305806
0.305811
0.305821
0.305821
0.305828
0.305834
0.305839
0.305836
0.305829
0.305831
0.305829
0.305836
0.305835
0.305845
0.305848
0.305845
0.305840
0.305848
0.305859
0.305859
0.305863
0.305872
0.305868
0.305871
0.305862
0.305867
0.305864
0.305857
0.305863
0.305860
0.305861
0.305873
0.305872
0.305874
0.305871
0.305867
0.305865
0.305857
0.305863
0.305861
0.305869
0.305876
0.305874
0.305872
0.305886
0.305885
0.305891
0.305893
0.305902
0.305897
0.305898
0.305879
0.305877
0.305879
0.305896
0.305898
0.305906
0.305919
0.305915
0.305914
0.305919
0.305916
0.305921
0.305911
0.305911
0.305910
0.305916
0.305928
0.305941
0.305953
0.305959
0.305956
0.305960
0.305964
0.305969
0.305978
0.305978
0.305982
0.305987
0.305989
0.305998
0.306000
0.306010
0.306014
0.306004
0.306000
0.306003
0.306007
0.306003
0.306007
0.306013
0.306014
0.306013
0.306024
0.306023
0.306032
0.306030
0.306032
0.306027
0.306033
0.306032
0.306038
0.306032
0.306033
0.306041
0.306041
0.306038
0.306041
0.306040
0.306027
0.306032
0.306028
0.306032
0.306023
0.306019
0.306029
0.306032
0.306035
0.306042
0.306074
0.306071
0.306069
0.306072
0.306074
0.306069
0.306075
0.306081
0.306077
0.306087
0.306095
0.306089
0.306089
0.306099
0.306105
0.306107
0.306112
0.306118
0.306118
0.306117
0.306121
0.306121
0.306122
0.306121
0.306125
0.306120
0.306119
0.306128
0.306131
0.306134
0.306130
0.306133
0.306125
0.306128
0.306129
0.306144
0.306146
0.306146
0.306147
0.306148
0.306160
0.306164
0.306169
0.306170
0.306170
0.306174
0.306173
0.306182
0.306179
0.306177
0.306172
0.306179
0.306178
0.306178
0.306182
0.306184
0.306191
0.306186
0.306190
0.306200
0.306209
0.306199
0.306201
0.306202
0.306184
0.306193
0.306186
0.306198
0.306205
0.306215
0.306212
0.306201
0.306204
0.306209
0.306215
0.306221
0.306218
0.306216
0.306219
0.306222
0.306222
0.306230
0.306232
0.306228
0.306230
0.306233
0.306249
0.306245
0.306235
0.306231
0.306231
0.306235
0.306239
0.306232
0.306236
0.306236
0.306230
0.306235
0.306236
0.306239
0.306237
0.306228
0.306232
0.306234
0.306232
0.306238
0.306233
0.306239
0.306230
0.306240
0.306251
0.306260
0.306262
0.306263
0.306263
0.306266
0.306272
0.306268
0.306269
0.306272
0.306270
0.306272
0.306266
0.306268
0.306271
0.306272
0.306267
0.306273
0.306282
0.306287
0.306287
0.306285
0.306286
0.306285
0.306286
0.306289
0.306288
0.306289
0.306288
0.306291
0.306298
0.306301
0.306300
0.306309
0.306311
0.306313
0.306322
0.306327
0.306328
0.306328
0.306330
0.306332
0.306332
0.306315
0.306321
0.306321
0.306323
0.306332
0.306336
0.306338
0.306347
0.306350
0.306347
0.306344
0.306349
0.306348
0.306345
0.306354
0.306357
0.306363
0.306373
0.306375
0.306378
0.306379
0.306364
0.306360
0.306357
0.306354
0.306357
0.306308
0.306319
0.306323
0.306322
0.306333
0.306329
0.306329
0.306330
0.306327
0.306331
0.306339
0.306332
0.306346
0.306338
0.306344
0.306336
0.306338
0.306342
0.306345
0.306348
0.306345
0.306352
0.306344
0.306349
0.306345
0.306344
0.306349
0.306350
0.306358
0.306362
0.306369
0.306366
0.306367
0.306356
0.306355
0.306354
0.306356
0.306356
0.306359
0.306358
0.306355
0.306354
0.306358
0.306360
0.306356
0.306351
0.306355
0.306353
0.306355
0.306359
0.306363
0.306371
0.306379
0.306378
0.306380
0.306374
0.306380
0.306382
0.306383
0.306380
0.306387
0.306381
0.306391
0.306396
0.306406
0.306401
0.306400
0.306402
0.306402
0.306404
0.306413
0.306416
0.306417
0.306409
0.306405
0.306407
0.306414
0.306409
0.306414
0.306409
0.306414
0.306411
0.306403
0.306409
0.306413
0.306410
0.306409
0.306411
0.306417
0.306423
0.306426
0.306430
0.306436
0.306423
0.306427
0.306426
0.306423
0.306416
0.306417
0.306419
0.306417
0.306421
0.306431
0.306430
0.306433
0.306436
0.306428
0.306435
0.306437
0.306448
0.306453
0.306460
0.306458
0.306457
0.306460
0.306462
0.306473
0.306469
0.306475
0.306478
0.306479
0.306483
0.306483
0.306478
0.306488
0.306487
0.306494
0.306503
0.306502
0.306491
0.306490
0.306489
0.306485
0.306492
0.306495
0.306503
0.306508
0.306508
0.306508
0.306500
0.306499
0.306497
0.306491
0.306488
0.306484
0.306489
0.306495
0.306491
0.306493
0.306496
0.306484
0.306477
0.306482
0.306486
0.306485
0.306484
0.306484
0.306484
0.306500
0.306513
0.306519
0.306516
0.306522
0.306524
0.306525
0.306525
0.306527
0.306528
0.306529
0.306525
0.306524
0.306530
0.306530
0.306530
0.306529
0.306539
0.306540
0.306529
0.306538
0.306542
0.306541
0.306537
0.306530
0.306528
0.306523
0.306513
0.306517
0.306531
0.306526
0.306525
0.306534
0.306531
0.306540
0.306549
0.306547
0.306543
0.306543
0.306543
0.306547
0.306545
0.306550
0.306550
0.306551
0.306551
0.306556
0.306554
0.306556
0.306566
0.306570
0.306568
0.306556
0.306558
0.306558
0.306560
0.306555
0.306554
0.306557
0.306562
0.306567
0.306570
0.306572
0.306568
0.306568
0.306569
0.306574
0.306576
0.306575
0.306574
0.306581
0.306572
0.306572
0.306569
0.306572
0.306568
0.306584
0.306586
0.306587
0.306596
0.306595
0.306592
0.306593
0.306595
0.306604
0.306609
0.306612
0.306614
0.306618
0.306608
0.306611
0.306608
0.306607
0.306609
0.306615
0.306631
0.306633
0.306630
0.306625
0.306620
0.306625
0.306627
0.306632
0.306632
0.306627
0.306627
0.306631
0.306630
0.306627
0.306631
0.306633
0.306640
0.306638
0.306641
0.306631
0.306632
0.306636
0.306636
0.306639
0.306639
0.306640
0.306643
0.306646
0.306652
0.306654
0.306657
0.306652
0.306657
0.306658
0.306658
0.306657
0.306661
0.306658
0.306658
0.306658
0.306668
0.306660
0.306668
0.306670
0.306670
0.306673
0.306684
0.306689
0.306688
0.306687
0.306687
0.306688
0.306691
0.306694
0.306696
0.306699
0.306692
0.306695
0.306695
0.306695
0.306701
0.306702
0.306703
0.306705
0.306712
0.306713
0.306717
0.306713
0.306714
0.306713
0.306701
0.306706
0.306708
0.306708
0.306697
0.306698
0.306701
0.306708
0.306710
0.306710
0.306709
0.306703
0.306701
0.306696
0.306689
0.306693
0.306694
0.306703
0.306699
0.306693
0.306693
0.306694
0.306693
0.306694
0.306698
0.306698
0.306706
0.306709
0.306707
0.306709
0.306715
0.306718
0.306712
0.306711
0.306715
0.306724
0.306723
0.306720
0.306728
0.306725
0.306735
0.306733
0.306729
0.306733
0.306734
0.306737
0.306747
0.306753
0.306759
0.306755
0.306753
0.306751
0.306755
0.306753
0.306754
0.306754
0.306753
0.306758
0.306756
0.306758
0.306758
0.306761
0.306762
0.306761
0.306760
0.306763
0.306765
0.306766
0.306766
0.306766
0.306775
0.306773
0.306780
0.306781
0.306778
0.306780
0.306782
0.306783
0.306783
0.306783
0.306791
0.306788
0.306785
0.306785
0.306783
0.306793
0.306797
0.306808
0.306803
0.306796
0.306798
0.306804
0.306814
0.306814
0.306806
0.306802
0.306800
0.306807
0.306808
0.306808
0.306810
0.306817
0.306821
0.306828
0.306827
0.306827
0.306827
0.306823
0.306817
0.306818
0.306821
0.306826
0.306832
0.306833
0.306830
0.306831
0.306827
0.306821
0.306821
0.306824
0.306828
0.306836
0.306835
0.306839
0.306838
0.306837
0.306841
0.306843
0.306845
0.306840
0.306843
0.306846
0.306853
0.306861
0.306859
0.306864
0.306856
0.306853
0.306862
0.306861
0.306864
0.306872
0.306877
0.306879
0.306876
0.306871
0.306871
0.306872
0.306873
0.306867
0.306865
0.306865
0.306871
0.306871
0.306865
0.306866
0.306865
0.306861
0.306860
0.306855
0.306855
0.306859
0.306867
0.306869
0.306867
0.306868
0.306865
0.306865
0.306866
0.306864
0.306863
0.306871
0.306879
0.306877
0.306875
0.306880
0.306876
0.306875
0.306876
0.306884
0.306888
0.306892
0.306890
0.306889
0.306887
0.306888
0.306890
0.306887
0.306889
0.306893
0.306902
0.306907
0.306913
0.306907
0.306909
0.306915
0.306912
0.306919
0.306921
0.306917
0.306917
0.306916
0.306919
0.306923
0.306919
0.306921
0.306921
0.306928
0.306933
0.306939
0.306943
0.306944
0.306943
0.306945
0.306941
0.306948
0.306954
0.306955
0.306955
0.306952
0.306959
0.306959
0.306963
0.306962
0.306965
0.306968
0.306980
0.306981
0.306982
0.306980
0.306982
0.306983
0.306989
0.306997
0.306999
0.307001
0.306998
0.306997
0.306994
0.306995
0.306991
0.306991
0.306991
0.306986
0.306990
0.306991
0.307006
0.307005
0.306995
0.307004
0.307005
0.307010
0.307007
0.307010
0.307011
0.307013
0.307013
0.307008
0.307008
0.307010
0.307008
0.307010
0.307011
0.307009
0.307015
0.307012
0.307006
0.307010
0.307015
0.307021
0.307021
0.307023
0.307024
0.307024
0.307023
0.307029
0.307030
0.307030
0.307031
0.307036
0.307040
0.307034
0.307040
0.307043
0.307048
0.307050
0.307045
0.307042
0.307041
0.307053
0.307049
0.307050
0.307052
0.307050
0.307060
0.307061
0.307061
0.307062
0.307059
0.307060
0.307061
0.307065
0.307064
0.307070
0.307070
0.307075
0.307068
0.307068
0.307070
0.307074
0.307076
0.307077
0.307086
0.307086
0.307085
0.307084
0.307082
0.307076
0.307077
0.307080
0.307083
0.307091
0.307082
0.307083
0.307089
0.307090
0.307091
0.307094
0.307094
0.307092
0.307092
0.307095
0.307099
0.307096
0.307093
0.307087
0.307089
0.307089
0.307092
0.307089
0.307089
0.307100
0.307103
0.307104
0.307099
0.307097
0.307096
0.307093
0.307093
0.307104
0.307105
0.307108
0.307117
0.307119
0.307121
0.307122
0.307122
0.307125
0.307127
0.307124
0.307125
0.307126
0.307123
0.307127
0.307131
0.307132
0.307127
0.307129
0.307128
0.307124
0.307121
0.307126
0.307124
0.307133
0.307130
0.307131
0.307125
0.307116
0.307115
0.307121
0.307125
0.307128
0.307130
0.307130
0.307131
0.307132
0.307138
0.307123
0.307125
0.307125
0.307125
0.307127
0.307129
0.307129
0.307131
0.307137
0.307138
0.307128
0.307128
0.307127
0.307127
0.307132
0.307134
0.307136
0.307135
0.307133
0.307132
0.307131
0.307136
0.307140
0.307145
0.307154
0.307153
0.307161
0.307168
0.307172
0.307166
0.307163
0.307171
0.307162
0.307183
0.307183
0.307182
0.307182
0.307183
0.307187
0.307179
0.307184
0.307184
0.307188
0.307188
0.307180
0.307182
0.307186
0.307187
0.307197
0.307194
0.307203
0.307199
0.307199
0.307207
0.307206
0.307207
0.307209
0.307208
0.307207
0.307207
0.307206
0.307206
0.307199
0.307199
0.307200
0.307201
0.307204
0.307198
0.307197
0.307200
0.307204
0.307215
0.307218
0.307220
0.307211
0.307211
0.307210
0.307218
0.307222
0.307225
0.307233
0.307235
0.307222
0.307223
0.307228
0.307225
0.307218
0.307224
0.307228
0.307226
0.307226
0.307227
0.307223
0.307230
0.307231
0.307230
0.307236
0.307236
0.307241
0.307239
0.307240
0.307238
0.307232
0.307233
0.307236
0.307236
0.307244
0.307245
0.307251
0.307246
0.307247
0.307247
0.307243
0.307248
0.307251
0.307248
0.307240
0.307235
0.307234
0.307235
0.307243
0.307249
0.307253
0.307257
0.307259
0.307257
0.307261
0.307255
0.307257
0.307259
0.307265
0.307256
0.307255
0.307258
0.307258
0.307256
0.307249
0.307253
0.307264
0.307264
0.307269
0.307269
0.307266
0.307265
0.307269
0.307266
0.307264
0.307264
0.307284
0.307291
0.307296
0.307289
0.307291
0.307297
0.307299
0.307302
0.307302
0.307305
0.307306
0.307304
0.307303
0.307305
0.307303
0.307309
0.307309
0.307306
0.307305
0.307304
0.307303
0.307300
0.307303
0.307315
0.307308
0.307310
0.307308
0.307313
0.307315
0.307321
0.307316
0.307317
0.307323
0.307324
0.307328
0.307327
0.307327
0.307333
0.307331
0.307328
0.307329
0.307331
0.307335
0.307336
0.307334
0.307339
0.307338
0.307344
0.307340
0.307341
0.307343
0.307342
0.307345
0.307346
0.307352
0.307352
0.307358
0.307356
0.307356
0.307353
0.307352
0.307357
0.307355
0.307361
0.307369
0.307370
0.307368
0.307368
0.307361
0.307356
0.307360
0.307367
0.307370
0.307374
0.307373
0.307367
0.307371
0.307375
0.307376
0.307374
0.307375
0.307376
0.307379
0.307379
0.307381
0.307380
0.307384
0.307384
0.307385
0.307386
0.307389
0.307386
0.307387
0.307388
0.307385
0.307389
0.307389
0.307392
0.307394
0.307396
0.307392
0.307391
0.307394
0.307397
0.307397
0.307395
0.307396
0.307399
0.307396
0.307399
0.307403
0.307400
0.307404
0.307404
0.307409
0.307413
0.307413
0.307412
0.307416
0.307415
0.307422
0.307420
0.307422
0.307423
0.307423
0.307423
0.307424
0.307426
0.307426
0.307429
0.307423
0.307424
0.307422
0.307419
0.307419
0.307423
0.307423
0.307417
0.307421
0.307427
0.307428
0.307425
0.307427
0.307423
0.307422
0.307425
0.307430
0.307431
0.307436
0.307438
0.307435
0.307435
0.307435
0.307438
0.307437
0.307440
0.307435
0.307438
0.307435
0.307438
0.307438
0.307436
0.307439
0.307432
0.307434
0.307435
0.307440
0.307439
0.307440
0.307442
0.307453
0.307456
0.307461
0.307465
0.307464
0.307466
0.307467
0.307466
0.307463
0.307467
0.307466
0.307466
0.307470
0.307466
0.307470
0.307473
0.307471
0.307473
0.307477
0.307474
0.307474
0.307477
0.307481
0.307481
0.307483
0.307484
0.307482
0.307486
0.307482
0.307480
0.307480
0.307480
0.307490
0.307493
0.307495
0.307495
0.307491
0.307488
0.307482
0.307490
0.307493
0.307497
0.307498
0.307490
0.307491
0.307498
0.307494
0.307498
0.307496
0.307494
0.307494
0.307496
0.307497
0.307515
0.307516
0.307514
0.307513
0.307514
0.307514
0.307517
0.307520
0.307522
0.307524
0.307524
0.307523
0.307525
0.307516
0.307519
0.307522
0.307524
0.307522
0.307522
0.307526
0.307528
0.307526
0.307528
0.307536
0.307533
0.307536
0.307534
0.307534
0.307533
0.307535
0.307536
0.307533
0.307536
0.307536
0.307538
0.307542
0.307542
0.307544
0.307545
0.307543
0.307544
0.307543
0.307552
0.307548
0.307550
0.307555
0.307559
0.307559
0.307559
0.307563
0.307575
0.307574
0.307573
0.307576
0.307574
0.307575
0.307577
0.307578
0.307574
0.307574
0.307572
0.307573
0.307584
0.307589
0.307588
0.307587
0.307580
0.307579
0.307585
0.307585
0.307586
0.307594
0.307593
0.307596
0.307591
0.307592
0.307595
0.307598
0.307598
0.307597
0.307598
0.307599
0.307599
0.307599
0.307602
0.307598
0.307601
0.307601
0.307601
0.307603
0.307602
0.307606
0.307616
0.307615
0.307611
0.307610
0.307615
0.307614
0.307614
0.307610
0.307613
0.307610
0.307611
0.307610
0.307612
0.307612
0.307612
0.307620
0.307617
0.307613
0.307610
0.307615
0.307619
0.307624
0.307626
0.307628
0.307627
0.307628
0.307626
0.307624
0.307625
0.307627
0.307630
0.307636
0.307636
0.307642
0.307643
0.307646
0.307650
0.307650
0.307647
0.307646
0.307645
0.307647
0.307649
0.307646
0.307649
0.307650
0.307652
0.307656
0.307648
0.307649
0.307649
0.307647
0.307651
0.307650
0.307651
0.307655
0.307656
0.307661
0.307658
0.307656
0.307652
0.307652
0.307656
0.307650
0.307653
0.307655
0.307653
0.307655
0.307653
0.307651
0.307648
0.307645
0.307648
0.307652
0.307654
0.307653
0.307651
0.307650
0.307656
0.307656
0.307661
0.307663
0.307659
0.307659
0.307659
0.307658
0.307660
0.307655
0.307662
0.307659
0.307668
0.307667
0.307671
0.307677
0.307680
0.307674
0.307678
0.307674
0.307673
0.307671
0.307679
0.307677
0.307677
0.307685
0.307686
0.307687
0.307690
0.307696
0.307696
0.307697
0.307693
0.307688
0.307680
0.307677
0.307687
0.307684
0.307695
0.307703
0.307700
0.307693
0.307702
0.307702
0.307700
0.307705
0.307705
0.307707
0.307707
0.307708
0.307710
0.307704
0.307706
0.307706
0.307703
0.307704
0.307705
0.307706
0.307702
0.307698
0.307700
0.307700
0.307702
0.307704
0.307705
0.307708
0.307711
0.307711
0.307711
0.307709
0.307709
0.307717
0.307712
0.307715
0.307716
0.307720
0.307719
0.307718
0.307720
0.307722
0.307722
0.307725
0.307727
0.307728
0.307730
0.307729
0.307732
0.307732
0.307733
0.307734
0.307736
0.307739
0.307745
0.307745
0.307749
0.307748
0.307744
0.307742
0.307746
0.307750
0.307744
0.307743
0.307745
0.307747
0.307753
0.307748
0.307746
0.307750
0.307750
0.307750
0.307758
0.307765
0.307767
0.307767
0.307767
0.307764
0.307762
0.307762
0.307761
0.307761
0.307766
0.307767
0.307765
0.307763
0.307766
0.307774
0.307775
0.307774
0.307772
0.307774
0.307775
0.307777
0.307779
0.307778
0.307778
0.307775
0.307778
0.307782
0.307783
0.307783
0.307784
0.307786
0.307797
0.307802
0.307804
0.307807
0.307804
0.307805
0.307800
0.307800
0.307799
0.307808
0.307805
0.307807
0.307803
0.307813
0.307805
0.307811
0.307808
0.307812
0.307816
0.307824
0.307822
0.307827
0.307828
0.307830
0.307833
0.307833
0.307837
0.307839
0.307846
0.307845
0.307836
0.307838
0.307838
0.307841
0.307832
0.307829
0.307832
0.307837
0.307839
0.307840
0.307845
0.307846
0.307845
0.307846
0.307848
0.307850
0.307850
0.307851
0.307853
0.307853
0.307855
0.307857
0.307858
0.307861
0.307863
0.307866
0.307867
0.307866
0.307865
0.307866
0.307863
0.307866
0.307868
0.307869
0.307869
0.307871
0.307870
0.307873
0.307872
0.307874
0.307877
0.307879
0.307880
0.307880
0.307880
0.307878
0.307877
0.307875
0.307874
0.307875
0.307874
0.307874
0.307876
0.307877
0.307877
0.307874
0.307875
0.307877
0.307876
0.307879
0.307879
0.307879
0.307882
0.307880
0.307883
0.307885
0.307887
0.307886
0.307888
0.307887
0.307885
0.307885
0.307884
0.307885
0.307889
0.307887
0.307897
0.307897
0.307897
0.307898
0.307899
0.307900
0.307902
0.307901
0.307901
0.307905
0.307906
0.307904
0.307905
0.307905
0.307908
0.307907
0.307907
0.307909
0.307912
0.307910
0.307910
0.307911
0.307914
0.307910
0.307913
0.307909
0.307908
0.307909
0.307918
0.307918
0.307917
0.307916
0.307914
0.307915
0.307918
0.307917
0.307918
0.307924
0.307931
0.307931
0.307931
0.307935
0.307939
0.307941
0.307942
0.307935
0.307938
0.307938
0.307942
0.307946
0.307953
0.307953
0.307953
0.307956
0.307957
0.307962
0.307959
0.307958
0.307955
0.307958
0.307957
0.307960
0.307962
0.307962
0.307963
0.307968
0.307967
0.307970
0.307971
0.307971
0.307971
0.307971
0.307970
0.307972
0.307976
0.307976
0.307973
0.307977
0.307978
0.307979
0.307984
0.307985
0.307985
0.307989
0.307988
0.307987
0.307988
0.307988
0.307983
0.307985
0.307987
0.307991
0.307991
0.307993
0.307994
0.308000
0.307999
0.308001
0.308000
0.308004
0.308002
0.308003
0.308005
0.308004
0.308005
0.308005
0.308002
0.308003
0.308007
0.308006
0.308000
0.308005
0.308004
0.308007
0.308008
0.308009
0.308012
0.308012
0.308010
0.308003
0.308006
0.308006
0.308005
0.308011
0.308013
0.308013
0.308012
0.308009
0.308009
0.308010
0.308008
0.308010
0.308010
0.308010
0.308011
0.308006
0.307998
0.307997
0.307997
0.307996
0.307999
0.308000
0.308001
0.308002
0.308008
0.308010
0.308013
0.308011
0.308013
0.308011
0.308015
0.308019
0.308014
0.308015
0.308014
0.308017
0.308019
0.308022
0.308017
0.308020
0.308023
0.308024
0.308017
0.308015
0.308015
0.308014
0.308017
0.308032
0.308032
0.308036
0.308036
0.308037
0.308039
0.308039
0.308041
0.308036
0.308034
0.308033
0.308034
0.308033
0.308033
0.308037
0.308037
0.308041
0.308042
0.308047
0.308047
0.308048
0.308052
0.308050
0.308049
0.308048
0.308050
0.308052
0.308052
0.308057
0.308056
0.308053
0.308052
0.308055
0.308051
0.308050
0.308045
0.308047
0.308053
0.308052
0.308051
0.308050
0.308051
0.308051
0.308053
0.308056
0.308061
0.308063
0.308059
0.308057
0.308061
0.308066
0.308067
0.308066
0.308065
0.308069
0.308069
0.308069
0.308071
0.308069
0.308075
0.308077
0.308077
0.308080
0.308084
0.308082
0.308086
0.308086
0.308086
0.308093
0.308092
0.308092
0.308096
0.308096
0.308102
0.308104
0.308102
0.308100
0.308099
0.308101
0.308101
0.308104
0.308105
0.308103
0.308104
0.308104
0.308100
0.308100
0.308106
0.308110
0.308110
0.308119
0.308113
0.308112
0.308116
0.308119
0.308118
0.308119
0.308120
0.308123
0.308121
0.308122
0.308123
0.308125
0.308125
0.308125
0.308125
0.308125
0.308129
0.308129
0.308130
0.308130
0.308132
0.308135
0.308134
0.308134
0.308133
0.308134
0.308136
0.308134
0.308136
0.308135
0.308142
0.308143
0.308140
0.308142
0.308140
0.308142
0.308143
0.308142
0.308142
0.308146
0.308148
0.308148
0.308151
0.308147
0.308150
0.308151
0.308150
0.308157
0.308157
0.308158
0.308160
0.308161
0.308164
0.308164
0.308165
0.308166
0.308169
0.308168
0.308168
0.308169
0.308172
0.308172
0.308178
0.308177
0.308178
0.308179
0.308171
0.308170
0.308172
0.308171
0.308174
0.308176
0.308178
0.308175
0.308177
0.308174
0.308173
0.308169
0.308173
0.308173
0.308173
0.308177
0.308180
0.308177
0.308179
0.308180
0.308180
0.308179
0.308177
0.308178
0.308178
0.308185
0.308186
0.308191
0.308188
0.308188
0.308189
0.308191
0.308192
0.308190
0.308188
0.308186
0.308184
0.308185
0.308187
0.308189
0.308191
0.308190
0.308189
0.308190
0.308189
0.308190
0.308190
0.308190
0.308195
0.308198
0.308199
0.308191
0.308197
0.308197
0.308201
0.308202
0.308201
0.308204
0.308204
0.308206
0.308205
0.308205
0.308210
0.308209
0.308204
0.308203
0.308203
0.308206
0.308205
0.308204
0.308204
0.308203
0.308210
0.308212
0.308212
0.308213
0.308213
0.308215
0.308209
0.308215
0.308215
0.308217
0.308219
0.308221
0.308223
0.308228
0.308227
0.308227
0.308228
0.308228
0.308226
0.308227
0.308227
0.308230
0.308227
0.308228
0.308226
0.308227
0.308228
0.308224
0.308229
0.308230
0.308231
0.308232
0.308232
0.308228
0.308230
0.308230
0.308232
0.308234
0.308234
0.308237
0.308238
0.308238
0.308241
0.308240
0.308237
0.308232
0.308230
0.308230
0.308232
0.308239
0.308245
0.308245
0.308245
0.308246
0.308246
0.308241
0.308242
0.308240
0.308239
0.308241
0.308241
0.308242
0.308245
0.308250
0.308250
0.308253
0.308253
0.308252
0.308254
0.308256
0.308255
0.308260
0.308264
0.308267
0.308268
0.308266
0.308265
0.308263
0.308269
0.308268
0.308269
0.308272
0.308270
0.308273
0.308273
0.308270
0.308272
0.308272
0.308278
0.308279
0.308280
0.308280
0.308280
0.308280
0.308281
0.308283
0.308284
0.308285
0.308286
0.308284
0.308289
0.308291
0.308295
0.308295
0.308294
0.308292
0.308289
0.308289
0.308286
0.308286
0.308287
0.308285
0.308284
0.308286
0.308289
0.308293
0.308292
0.308292
0.308288
0.308293
0.308297
0.308298
0.308301
0.308304
0.308304
0.308305
0.308307
0.308308
0.308309
0.308311
0.308309
0.308307
0.308310
0.308302
0.308305
0.308308
0.308311
0.308311
0.308314
0.308314
0.308313
0.308314
0.308316
0.308310
0.308302
0.308302
0.308304
0.308304
0.308303
0.308299
0.308311
0.308307
0.308308
0.308309
0.308309
0.308310
0.308311
0.308313
0.308315
0.308315
0.308317
0.308316
0.308316
0.308313
0.308315
0.308316
0.308317
0.308315
0.308317
0.308322
0.308324
0.308326
0.308326
0.308324
0.308323
0.308320
0.308326
0.308328
0.308330
0.308331
0.308329
0.308331
0.308332
0.308333
0.308333
0.308332
0.308331
0.308333
0.308334
0.308335
0.308337
0.308339
0.308341
0.308341
0.308342
0.308341
0.308340
0.308341
0.308341
0.308342
0.308340
0.308342
0.308345
0.308343
0.308344
0.308340
0.308338
0.308340
0.308341
0.308348
0.308348
0.308349
0.308353
0.308354
0.308354
0.308355
0.308357
0.308353
0.308353
0.308351
0.308351
0.308351
0.308354
0.308354
0.308354
0.308357
0.308360
0.308362
0.308363
0.308365
0.308360
0.308361
0.308363
0.308365
0.308363
0.308369
0.308380
0.308381
0.308382
0.308378
0.308379
0.308380
0.308378
0.308378
0.308377
0.308377
0.308377
0.308391
0.308391
0.308392
0.308392
0.308400
0.308398
0.308399
0.308393
0.308395
0.308400
0.308403
0.308397
0.308402
0.308405
0.308404
0.308401
0.308402
0.308402
0.308400
0.308402
0.308402
0.308403
0.308403
0.308405
0.308404
0.308406
0.308407
0.308410
0.308407
0.308411
0.308413
0.308413
0.308413
0.308413
0.308413
0.308410
0.308412
0.308409
0.308408
0.308421
0.308421
0.308422
0.308418
0.308421
0.308424
0.308427
0.308429
0.308430
0.308431
0.308430
0.308431
0.308432
0.308431
0.308431
0.308434
0.308435
0.308429
0.308433
0.308442
0.308446
0.308443
0.308443
0.308442
0.308442
0.308440
0.308448
0.308450
0.308453
0.308454
0.308456
0.308458
0.308457
0.308459
0.308458
0.308458
0.308457
0.308456
0.308459
0.308459
0.308461
0.308462
0.308461
0.308461
0.308461
0.308464
0.308464
0.308466
0.308467
0.308469
0.308470
0.308472
0.308477
0.308479
0.308475
0.308477
0.308478
0.308483
0.308482
0.308482
0.308478
0.308475
0.308475
0.308476
0.308477
0.308483
0.308483
0.308486
0.308483
0.308486
0.308482
0.308485
0.308484
0.308486
0.308484
0.308484
0.308487
0.308485
0.308486
0.308488
0.308489
0.308490
0.308494
0.308499
0.308500
0.308501
0.308501
0.308502
0.308502
0.308503
0.308504
0.308506
0.308506
0.308500
0.308504
0.308499
0.308505
0.308501
0.308505
0.308501
0.308502
0.308500
0.308501
0.308506
0.308509
0.308510
0.308511
0.308509
0.308507
0.308507
0.308507
0.308516
0.308519
0.308521
0.308522
0.308526
0.308530
0.308535
0.308535
0.308534
0.308534
0.308533
0.308526
0.308528
0.308531
0.308532
0.308535
0.308539
0.308537
0.308532
0.308537
0.308537
0.308546
0.308549
0.308551
0.308548
0.308549
0.308556
0.308554
0.308552
0.308552
0.308549
0.308550
0.308549
0.308552
0.308555
0.308555
0.308561
0.308563
0.308569
0.308570
0.308570
0.308578
0.308578
0.308577
0.308576
0.308576
0.308576
0.308581
0.308582
0.308581
0.308582
0.308581
0.308582
0.308580
0.308579
0.308579
0.308579
0.308579
0.308580
0.308580
0.308580
0.308583
0.308583
0.308585
0.308586
0.308588
0.308583
0.308588
0.308592
0.308586
0.308583
0.308585
0.308583
0.308586
0.308593
0.308592
0.308592
0.308588
0.308590
0.308589
0.308591
0.308587
0.308588
0.308593
0.308587
0.308588
0.308590
0.308592
0.308593
0.308597
0.308595
0.308593
0.308590
0.308592
0.308591
0.308593
0.308595
0.308592
0.308596
0.308597
0.308599
0.308599
0.308600
0.308601
0.308606
0.308610
0.308607
0.308608
0.308608
0.308609
0.308611
0.308608
0.308606
0.308606
0.308610
0.308609
0.308614
0.308611
0.308608
0.308607
0.308609
0.308609
0.308613
0.308612
0.308617
0.308621
0.308620
0.308620
0.308620
0.308616
0.308615
0.308615
0.308615
0.308616
0.308624
0.308628
0.308626
0.308627
0.308622
0.308620
0.308619
0.308620
0.308621
0.308625
0.308625
0.308626
0.308624
0.308624
0.308626
0.308634
0.308634
0.308638
0.308637
0.308638
0.308637
0.308638
0.308638
0.308639
0.308638
0.308614
0.308614
0.308617
0.308625
0.308626
0.308640
0.308641
0.308643
0.308644
0.308632
0.308632
0.308632
0.308633
0.308638
0.308641
0.308644
0.308643
0.308644
0.308645
0.308645
0.308647
0.308649
0.308655
0.308657
0.308661
0.308662
0.308658
0.308657
0.308656
0.308656
0.308663
0.308668
0.308669
0.308672
0.308669
0.308667
0.308668
0.308669
0.308672
0.308674
0.308673
0.308673
0.308674
0.308674
0.308674
0.308674
0.308673
0.308675
0.308677
0.308682
0.308683
0.308683
0.308682
0.308681
0.308680
0.308683
0.308683
0.308681
0.308680
0.308680
0.308678
0.308677
0.308683
0.308685
0.308687
0.308685
0.308686
0.308690
0.308691
0.308693
0.308699
0.308699
0.308698
0.308699
0.308701
0.308702
0.308701
0.308701
0.308700
0.308698
0.308698
0.308699
0.308701
0.308704
0.308706
0.308705
0.308702
0.308703
0.308705
0.308705
0.308703
0.308706
0.308705
0.308706
0.308706
0.308705
0.308705
0.308703
0.308707
0.308707
0.308707
0.308709
0.308708
0.308711
0.308711
0.308714
0.308712
0.308715
0.308712
0.308713
0.308716
0.308719
0.308721
0.308717
0.308718
0.308719
0.308719
0.308719
0.308718
0.308717
0.308714
0.308719
0.308717
0.308721
0.308720
0.308721
0.308721
0.308723
0.308721
0.308723
0.308722
0.308719
0.308722
0.308720
0.308722
0.308721
0.308723
0.308727
0.308726
0.308729
0.308727
0.308728
0.308728
0.308728
0.308726
0.308725
0.308729
0.308728
0.308726
0.308727
0.308732
0.308728
0.308730
0.308729
0.308735
0.308737
0.308733
0.308734
0.308735
0.308738
0.308742
0.308744
0.308744
0.308744
0.308741
0.308744
0.308747
0.308748
0.308748
0.308742
0.308743
0.308747
0.308746
0.308749
0.308750
0.308750
0.308751
0.308753
0.308752
0.308755
0.308756
0.308755
0.308752
0.308753
0.308756
0.308763
0.308764
0.308755
0.308756
0.308758
0.308757
0.308757
0.308762
0.308764
0.308762
0.308763
0.308763
0.308764
0.308766
0.308767
0.308765
0.308766
0.308768
0.308770
0.308771
0.308771
0.308772
0.308771
0.308772
0.308771
0.308774
0.308775
0.308775
0.308771
0.308770
0.308773
0.308774
0.308777
0.308779
0.308779
0.308777
0.308777
0.308773
0.308778
0.308779
0.308778
0.308778
0.308777
0.308778
0.308779
0.308783
0.308786
0.308789
0.308788
0.308785
0.308786
0.308784
0.308788
0.308787
0.308790
0.308789
0.308791
0.308790
0.308790
0.308791
0.308794
0.308797
0.308798
0.308799
0.308799
0.308803
0.308801
0.308800
0.308800
0.308799
0.308800
0.308803
0.308802
0.308802
0.308800
0.308803
0.308807
0.308808
0.308808
0.308809
0.308807
0.308804
0.308806
0.308805
0.308807
0.308809
0.308811
0.308816
0.308815
0.308816
0.308817
0.308817
0.308817
0.308816
0.308818
0.308822
0.308821
0.308823
0.308821
0.308820
0.308822
0.308816
0.308815
0.308816
0.308824
0.308826
0.308829
0.308828
0.308832
0.308830
0.308825
0.308824
0.308830
0.308831
0.308836
0.308836
0.308835
0.308836
0.308836
0.308837
0.308837
0.308838
0.308842
0.308837
0.308839
0.308841
0.308839
0.308841
0.308841
0.308841
0.308842
0.308844
0.308843
0.308844
0.308844
0.308845
0.308844
0.308846
0.308846
0.308848
0.308848
0.308847
0.308849
0.308850
0.308851
0.308853
0.308851
0.308850
0.308852
0.308852
0.308854
0.308854
0.308856
0.308849
0.308848
0.308855
0.308854
0.308855
0.308860
0.308867
0.308860
0.308858
0.308857
0.308859
0.308859
0.308863
0.308862
0.308863
0.308865
0.308865
0.308864
0.308868
0.308869
0.308871
0.308870
0.308871
0.308869
0.308871
0.308870
0.308869
0.308868
0.308867
0.308870
0.308869
0.308870
0.308871
0.308874
0.308877
0.308877
0.308877
0.308874
0.308876
0.308876
0.308871
0.308878
0.308881
0.308878
0.308880
0.308879
0.308879
0.308881
0.308892
0.308893
0.308893
0.308895
0.308899
0.308899
0.308899
0.308899
0.308896
0.308897
0.308893
0.308897
0.308897
0.308898
0.308898
0.308899
0.308901
0.308902
0.308903
0.308901
0.308904
0.308903
0.308901
0.308902
0.308904
0.308902
0.308903
0.308903
0.308905
0.308902
0.308903
0.308909
0.308912
0.308913
0.308913
0.308914
0.308916
0.308916
0.308919
0.308917
0.308919
0.308917
0.308916
0.308919
0.308920
0.308920
0.308919
0.308918
0.308919
0.308920
0.308920
0.308919
0.308923
0.308929
0.308928
0.308928
0.308927
0.308926
0.308928
0.308929
0.308931
0.308932
0.308932
0.308937
0.308941
0.308940
0.308944
0.308947
0.308947
0.308946
0.308947
0.308946
0.308944
0.308945
0.308948
0.308948
0.308947
0.308947
0.308950
0.308950
0.308953
0.308953
0.308956
0.308956
0.308955
0.308957
0.308959
0.308960
0.308963
0.308965
0.308964
0.308963
0.308961
0.308963
0.308963
0.308964
0.308964
0.308968
0.308970
0.308971
0.308972
0.308973
0.308974
0.308976
0.308975
0.308978
0.308977
0.308972
0.308973
0.308974
0.308974
0.308980
0.308976
0.308978
0.308976
0.308977
0.308979
0.308983
0.308983
0.308983
0.308983
0.308983
0.308983
0.308982
0.308982
0.308983
0.308984
0.308982
0.308986
0.308987
0.308990
0.308993
0.308990
0.308991
0.308994
0.308993
0.308992
0.308996
0.308996
0.308994
0.308993
0.308998
0.308998
0.309000
0.309001
0.309002
0.309002
0.309002
0.309004
0.309003
0.309002
0.309004
0.309004
0.309001
0.309003
0.309005
0.309002
0.309002
0.309002
0.309000
0.309001
0.309001
0.308997
0.309002
0.309000
0.309001
0.308999
0.308998
0.309001
0.309006
0.309009
0.309008
0.309006
0.309010
0.309014
0.309014
0.309008
0.309008
0.309007
0.309009
0.309010
0.309011
0.309010
0.309009
0.309005
0.309005
0.309006
0.309011
0.309012
0.309012
0.309008
0.309006
0.309008
0.309011
0.309012
0.309015
0.309019
0.309020
0.309022
0.309021
0.309025
0.309030
0.309032
0.309035
0.309034
0.309035
0.309035
0.309035
0.309042
0.309043
0.309043
0.309044
0.309044
0.309041
0.309043
0.309047
0.309048
0.309051
0.309051
0.309050
0.309049
0.309049
0.309052
0.309053
0.309050
0.309050
0.309053
0.309055
0.309052
0.309053
0.309055
0.309055
0.309056
0.309055
0.309057
0.309058
0.309058
0.309059
0.309059
0.309057
0.309054
0.309054
0.309053
0.309054
0.309062
0.309061
0.309061
0.309062
0.309058
0.309058
0.309060
0.309063
0.309063
0.309064
0.309064
0.309064
0.309064
0.309062
0.309063
0.309064
0.309065
0.309069
0.309070
0.309069
0.309068
0.309068
0.309070
0.309068
0.309067
0.309071
0.309071
0.309073
0.309072
0.309071
0.309070
0.309069
0.309069
0.309070
0.309070
0.309068
0.309069
0.309068
0.309068
0.309069
0.309068
0.309065
0.309072
0.309074
0.309074
0.309073
0.309075
0.309076
0.309076
0.309076
0.309077
0.309078
0.309079
0.309083
0.309086
0.309085
0.309087
0.309091
0.309091
0.309093
0.309090
0.309090
0.309088
0.309089
0.309092
0.309092
0.309092
0.309091
0.309092
0.309095
0.309096
0.309095
0.309096
0.309096
0.309096
0.309096
0.309098
0.309100
0.309101
0.309097
0.309098
0.309100
0.309100
0.309101
0.309099
0.309100
0.309103
0.309103
0.309103
0.309101
0.309105
0.309107
0.309112
0.309112
0.309112
0.309110
0.309110
0.309106
0.309106
0.309108
0.309107
0.309110
0.309109
0.309111
0.309112
0.309114
0.309110
0.309112
0.309111
0.309115
0.309115
0.309117
0.309118
0.309117
0.309117
0.309115
0.309118
0.309116
0.309117
0.309119
0.309121
0.309118
0.309118
0.309118
0.309121
0.309121
0.309114
0.309113
0.309116
0.309117
0.309119
0.309121
0.309120
0.309119
0.309117
0.309122
0.309124
0.309122
0.309121
0.309128
0.309133
0.309133
0.309131
0.309130
0.309130
0.309135
0.309135
0.309135
0.309135
0.309132
0.309136
0.309137
0.309136
0.309139
0.309138
0.309140
0.309146
0.309146
0.309147
0.309146
0.309145
0.309144
0.309147
0.309147
0.309151
0.309152
0.309155
0.309156
0.309158
0.309158
0.309160
0.309160
0.309160
0.309161
0.309164
0.309162
0.309161
0.309163
0.309167
0.309171
0.309171
0.309172
0.309173
0.309169
0.309171
0.309171
0.309175
0.309175
0.309173
0.309175
0.309176
0.309177
0.309177
0.309178
0.309179
0.309178
0.309178
0.309179
0.309179
0.309179
0.309179
0.309177
0.309173
0.309175
0.309174
0.309176
0.309178
0.309175
0.309182
0.309183
0.309184
0.309185
0.309186
0.309182
0.309182
0.309183
0.309188
0.309187
0.309189
0.309191
0.309190
0.309189
0.309188
0.309188
0.309189
0.309193
0.309194
0.309195
0.309198
0.309196
0.309198
0.309200
0.309201
0.309200
0.309204
0.309205
0.309205
0.309207
0.309208
0.309209
0.309210
0.309210
0.309211
0.309208
0.309210
0.309210
0.309211
0.309213
0.309214
0.309214
0.309214
0.309218
0.309218
0.309224
0.309225
0.309226
0.309227
0.309228
0.309228
0.309228
0.309228
0.309230
0.309231
0.309231
0.309232
0.309232
0.309233
0.309233
0.309235
0.309235
0.309235
0.309236
0.309241
0.309239
0.309238
0.309238
0.309239
0.309237
0.309237
0.309235
0.309237
0.309234
0.309236
0.309238
0.309240
0.309241
0.309243
0.309246
0.309249
0.309245
0.309245
0.309246
0.309247
0.309246
0.309245
0.309249
0.309249
0.309249
0.309250
0.309251
0.309251
0.309253
0.309253
0.309255
0.309255
0.309256
0.309259
0.309259
0.309259
0.309260
0.309255
0.309255
0.309259
0.309257
0.309263
0.309267
0.309267
0.309269
0.309267
0.309265
0.309266
0.309264
0.309264
0.309265
0.309265
0.309266
0.309264
0.309264
0.309265
0.309265
0.309266
0.309259
0.309266
0.309266
0.309267
0.309266
0.309266
0.309264
0.309265
0.309261
0.309264
0.309265
0.309266
0.309268
0.309269
0.309266
0.309267
0.309263
0.309265
0.309262
0.309264
0.309265
0.309270
0.309274
0.309274
0.309273
0.309275
0.309274
0.309274
0.309274
0.309274
0.309277
0.309278
0.309278
0.309278
0.309281
0.309280
0.309281
0.309283
0.309283
0.309282
0.309281
0.309279
0.309280
0.309280
0.309280
0.309281
0.309282
0.309282
0.309281
0.309280
0.309282
0.309282
0.309284
0.309285
0.309286
0.309288
0.309290
0.309293
0.309294
0.309295
0.309291
0.309293
0.309294
0.309294
0.309295
0.309300
0.309299
0.309302
0.309302
0.309302
0.309297
0.309300
0.309298
0.309298
0.309299
0.309301
0.309302
0.309302
0.309308
0.309310
0.309311
0.309309
0.309304
0.309304
0.309302
0.309299
0.309303
0.309305
0.309307
0.309315
0.309316
0.309315
0.309316
0.309318
0.309319
0.309320
0.309317
0.309319
0.309320
0.309319
0.309319
0.309319
0.309320
0.309320
0.309321
0.309322
0.309325
0.309324
0.309322
0.309322
0.309323
0.309322
0.309321
0.309322
0.309326
0.309328
0.309328
0.309328
0.309323
0.309325
0.309322
0.309326
0.309324
0.309327
0.309328
0.309336
0.309337
0.309335
0.309338
0.309333
0.309334
0.309335
0.309339
0.309341
0.309341
0.309342
0.309341
0.309341
0.309336
0.309336
0.309338
0.309341
0.309341
0.309341
0.309343
0.309345
0.309345
0.309345
0.309345
0.309345
0.309346
0.309351
0.309351
0.309349
0.309350
0.309342
0.309342
0.309339
0.309346
0.309345
0.309346
0.309346
0.309347
0.309349
0.309349
0.309351
0.309353
0.309351
0.309353
0.309355
0.309353
0.309355
0.309354
0.309355
0.309356
0.309356
0.309356
0.309356
0.309354
0.309352
0.309353
0.309353
0.309358
0.309359
0.309361
0.309359
0.309359
0.309358
0.309361
0.309362
0.309361
0.309364
0.309364
0.309364
0.309364
0.309365
0.309366
0.309367
0.309367
0.309370
0.309369
0.309371
0.309372
0.309372
0.309373
0.309375
0.309378
0.309378
0.309383
0.309380
0.309379
0.309377
0.309377
0.309378
0.309382
0.309385
0.309383
0.309383
0.309385
0.309384
0.309384
0.309381
0.309383
0.309382
0.309381
0.309383
0.309383
0.309383
0.309383
0.309386
0.309389
0.309389
0.309390
0.309389
0.309388
0.309389
0.309390
0.309390
0.309392
0.309393
0.309392
0.309396
0.309396
0.309397
0.309398
0.309398
0.309401
0.309400
0.309402
0.309398
0.309405
0.309405
0.309408
0.309409
0.309408
0.309411
0.309410
0.309411
0.309412
0.309411
0.309402
0.309403
0.309406
0.309408
0.309406
0.309405
0.309407
0.309408
0.309409
0.309408
0.309410
0.309410
0.309411
0.309410
0.309411
0.309410
0.309409
0.309409
0.309410
0.309412
0.309413
0.309414
0.309414
0.309413
0.309415
0.309416
0.309417
0.309417
0.309412
0.309418
0.309421
0.309423
0.309424
0.309423
0.309427
0.309426
0.309426
0.309425
0.309424
0.309424
0.309423
0.309422
0.309424
0.309425
0.309428
0.309428
0.309430
0.309428
0.309425
0.309426
0.309429
0.309428
0.309429
0.309430
0.309430
0.309431
0.309431
0.309431
0.309431
0.309429
0.309429
0.309431
0.309431
0.309431
0.309429
0.309431
0.309434
0.309434
0.309434
0.309434
0.309434
0.309433
0.309434
0.309436
0.309437
0.309437
0.309439
0.309438
0.309438
0.309440
0.309442
0.309442
0.309450
0.309451
0.309448
0.309448
0.309448
0.309450
0.309452
0.309452
0.309452
0.309452
0.309453
0.309452
0.309452
0.309446
0.309446
0.309448
0.309457
0.309458
0.309458
0.309457
0.309457
0.309456
0.309456
0.309459
0.309459
0.309457
0.309460
0.309458
0.309459
0.309458
0.309460
0.309463
0.309461
0.309464
0.309463
0.309464
0.309465
0.309468
0.309467
0.309468
0.309468
0.309467
0.309469
0.309471
0.309481
0.309483
0.309483
0.309482
0.309484
0.309482
0.309482
0.309480
0.309482
0.309482
0.309484
0.309486
0.309486
0.309486
0.309488
0.309487
0.309487
0.309487
0.309489
0.309492
0.309492
0.309492
0.309491
0.309492
0.309491
0.309490
0.309496
0.309497
0.309496
0.309496
0.309496
0.309497
0.309498
0.309499
0.309499
0.309498
0.309502
0.309501
0.309501
0.309502
0.309502
0.309502
0.309502
0.309502
0.309505
0.309505
0.309505
0.309510
0.309510
0.309507
0.309506
0.309507
0.309510
0.309511
0.309517
0.309515
0.309514
0.309513
0.309513
0.309515
0.309513
0.309513
0.309511
0.309515
0.309515
0.309518
0.309518
0.309520
0.309519
0.309518
0.309518
0.309519
0.309521
0.309520
0.309520
0.309521
0.309520
0.309521
0.309524
0.309526
0.309529
0.309528
0.309528
0.309528
0.309530
0.309530
0.309531
0.309531
0.309530
0.309531
0.309531
0.309532
0.309532
0.309535
0.309535
0.309532
0.309532
0.309532
0.309532
0.309532
0.309534
0.309535
0.309535
0.309533
0.309534
0.309535
0.309536
0.309538
0.309539
0.309538
0.309538
0.309540
0.309540
0.309542
0.309541
0.309540
0.309540
0.309540
0.309537
0.309534
0.309535
0.309538
0.309541
0.309544
0.309547
0.309547
0.309545
0.309544
0.309543
0.309545
0.309547
0.309549
0.309551
0.309554
0.309551
0.309552
0.309552
0.309550
0.309552
0.309553
0.309556
0.309557
0.309557
0.309560
0.309559
0.309559
0.309560
0.309559
0.309560
0.309562
0.309561
0.309557
0.309558
0.309558
0.309558
0.309559
0.309559
0.309559
0.309558
0.309563
0.309564
0.309563
0.309565
0.309565
0.309565
0.309564
0.309565
0.309562
0.309563
0.309566
0.309565
0.309566
0.309565
0.309566
0.309567
0.309566
0.309566
0.309567
0.309567
0.309565
0.309563
0.309566
0.309566
0.309569
0.309572
0.309570
0.309570
0.309570
0.309570
0.309570
0.309571
0.309573
0.309571
0.309571
0.309571
0.309571
0.309573
0.309571
0.309574
0.309572
0.309576
0.309575
0.309575
0.309574
0.309577
0.309579
0.309583
0.309584
0.309588
0.309589
0.309587
0.309584
0.309584
0.309584
0.309585
0.309585
0.309585
0.309588
0.309587
0.309587
0.309588
0.309590
0.309591
0.309591
0.309593
0.309596
0.309596
0.309599
0.309598
0.309600
0.309599
0.309600
0.309600
0.309601
0.309601
0.309602
0.309603
0.309602
0.309603
0.309603
0.309606
0.309608
0.309609
0.309610
0.309609
0.309611
0.309611
0.309608
0.309608
0.309609
0.309611
0.309611
0.309613
0.309613
0.309612
0.309612
0.309613
0.309613
0.309615
0.309615
0.309616
0.309616
0.309615
0.309613
0.309613
0.309613
0.309614
0.309616
0.309617
0.309616
0.309620
0.309619
0.309616
0.309616
0.309614
0.309617
0.309617
0.309620
0.309621
0.309621
0.309622
0.309621
0.309621
0.309621
0.309625
0.309621
0.309621
0.309621
0.309622
0.309620
0.309620
0.309621
0.309625
0.309625
0.309625
0.309623
0.309624
0.309622
0.309621
0.309620
0.309620
0.309621
0.309624
0.309626
0.309629
0.309629
0.309629
0.309629
0.309630
0.309626
0.309625
0.309625
0.309626
0.309627
0.309628
0.309634
0.309638
0.309638
0.309634
0.309633
0.309634
0.309633
0.309636
0.309636
0.309638
0.309638
0.309636
0.309635
0.309629
0.309632
0.309631
0.309635
0.309638
0.309639
0.309639
0.309642
0.309642
0.309642
0.309642
0.309644
0.309643
0.309643
0.309642
0.309641
0.309640
0.309642
0.309643
0.309644
0.309647
0.309647
0.309648
0.309648
0.309652
0.309651
0.309651
0.309653
0.309653
0.309649
0.309649
0.309650
0.309653
0.309652
0.309656
0.309656
0.309656
0.309658
0.309656
0.309657
0.309656
0.309657
0.309661
0.309662
0.309662
0.309662
0.309664
0.309663
0.309663
0.309664
0.309664
0.309665
0.309665
0.309664
0.309666
0.309670
0.309673
0.309674
0.309669
0.309672
0.309669
0.309670
0.309667
0.309668
0.309668
0.309670
0.309672
0.309672
0.309674
0.309669
0.309669
0.309667
0.309666
0.309665
0.309665
0.309670
0.309670
0.309673
0.309673
0.309674
0.309679
0.309680
0.309680
0.309679
0.309676
0.309676
0.309676
0.309681
0.309681
0.309684
0.309684
0.309679
0.309682
0.309683
0.309683
0.309683
0.309684
0.309685
0.309686
0.309684
0.309684
0.309685
0.309685
0.309683
0.309681
0.309680
0.309682
0.309683
0.309686
0.309687
0.309686
0.309685
0.309687
0.309688
0.309687
0.309683
0.309681
0.309682
0.309682
0.309684
0.309684
0.309689
0.309686
0.309688
0.309689
0.309690
0.309690
0.309690
0.309693
0.309694
0.309694
0.309694
0.309695
0.309696
0.309696
0.309696
0.309696
0.309700
0.309698
0.309700
0.309700
0.309699
0.309699
0.309697
0.309696
0.309697
0.309699
0.309699
0.309701
0.309707
0.309703
0.309704
0.309705
0.309708
0.309708
0.309709
0.309709
0.309710
0.309708
0.309706
0.309705
0.309708
0.309709
0.309709
0.309708
0.309708
0.309709
0.309712
0.309713
0.309713
0.309714
0.309717
0.309717
0.309717
0.309717
0.309716
0.309714
0.309715
0.309714
0.309713
0.309717
0.309717
0.309714
0.309712
0.309711
0.309710
0.309713
0.309715
0.309711
0.309718
0.309718
0.309718
0.309717
0.309721
0.309726
0.309726
0.309728
0.309729
0.309730
0.309731
0.309731
0.309732
0.309734
0.309735
0.309735
0.309735
0.309736
0.309734
0.309735
0.309735
0.309735
0.309735
0.309739
0.309740
0.309739
0.309740
0.309740
0.309743
0.309742
0.309745
0.309745
0.309745
0.309747
0.309744
0.309746
0.309744
0.309745
0.309749
0.309750
0.309753
0.309753
0.309753
0.309745
0.309746
0.309747
0.309746
0.309746
0.309749
0.309747
0.309749
0.309749
0.309749
0.309748
0.309748
0.309753
0.309753
0.309752
0.309752
0.309750
0.309750
0.309753
0.309753
0.309753
0.309753
0.309753
0.309753
0.309756
0.309756
0.309756
0.309753
0.309750
0.309752
0.309753
0.309757
0.309757
0.309753
0.309755
0.309754
0.309757
0.309759
0.309756
0.309757
0.309757
0.309760
0.309760
0.309760
0.309759
0.309760
0.309767
0.309767
0.309768
0.309768
0.309766
0.309767
0.309767
0.309766
0.309766
0.309767
0.309769
0.309772
0.309773
0.309773
0.309776
0.309776
0.309779
0.309778
0.309777
0.309777
0.309776
0.309777
0.309775
0.309775
0.309774
0.309776
0.309780
0.309781
0.309781
0.309780
0.309779
0.309780
0.309777
0.309775
0.309775
0.309775
0.309781
0.309784
0.309786
0.309785
0.309786
0.309785
0.309783
0.309784
0.309785
0.309785
0.309782
0.309784
0.309785
0.309786
0.309783
0.309783
0.309783
0.309785
0.309784
0.309784
0.309785
0.309785
0.309786
0.309790
0.309793
0.309798
0.309798
0.309796
0.309796
0.309794
0.309796
0.309797
0.309800
0.309799
0.309800
0.309797
0.309796
0.309798
0.309801
0.309801
0.309803
0.309804
0.309803
0.309804
0.309806
0.309806
0.309805
0.309807
0.309807
0.309808
0.309804
0.309804
0.309804
0.309807
0.309807
0.309810
0.309811
0.309812
0.309813
0.309812
0.309814
0.309815
0.309816
0.309817
0.309818
0.309821
0.309822
0.309821
0.309823
0.309822
0.309823
0.309823
0.309825
0.309827
0.309830
0.309830
0.309833
0.309831
0.309831
0.309833
0.309833
0.309835
0.309835
0.309835
0.309835
0.309836
0.309841
0.309841
0.309842
0.309841
0.309841
0.309841
0.309842
0.309842
0.309844
0.309845
0.309845
0.309844
0.309843
0.309845
0.309846
0.309845
0.309845
0.309845
0.309844
0.309845
0.309845
0.309846
0.309846
0.309847
0.309847
0.309847
0.309847
0.309846
0.309849
0.309852
0.309855
0.309854
0.309855
0.309856
0.309857
0.309856
0.309859
0.309860
0.309858
0.309860
0.309860
0.309861
0.309860
0.309861
0.309862
0.309868
0.309869
0.309870
0.309871
0.309870
0.309867
0.309869
0.309872
0.309873
0.309873
0.309873
0.309872
0.309872
0.309872
0.309874
0.309874
0.309873
0.309874
0.309873
0.309874
0.309875
0.309874
0.309877
0.309878
0.309881
0.309880
0.309880
0.309880
0.309879
0.309879
0.309881
0.309883
0.309883
0.309879
0.309878
0.309879
0.309879
0.309879
0.309881
0.309881
0.309883
0.309882
0.309882
0.309882
0.309885
0.309887
0.309887
0.309888
0.309889
0.309885
0.309886
0.309887
0.309888
0.309886
0.309883
0.309883
0.309883
0.309876
0.309879
0.309880
0.309880
0.309880
0.309876
0.309873
0.309874
0.309874
0.309879
0.309881
0.309882
0.309886
0.309886
0.309886
0.309884
0.309885
0.309884
0.309885
0.309885
0.309886
0.309888
0.309887
0.309888
0.309889
0.309889
0.309891
0.309890
0.309891
0.309893
0.309893
0.309893
0.309893
0.309895
0.309895
0.309895
0.309898
0.309898
0.309900
0.309902
0.309901
0.309901
0.309904
0.309902
0.309903
0.309903
0.309902
0.309902
0.309903
0.309904
0.309904
0.309904
0.309904
0.309903
0.309902
0.309902
0.309902
0.309904
0.309906
0.309905
0.309904
0.309904
0.309905
0.309903
0.309903
0.309904
0.309908
0.309910
0.309911
0.309903
0.309904
0.309904
0.309904
0.309908
0.309907
0.309909
0.309908
0.309908
0.309904
0.309901
0.309901
0.309904
0.309906
0.309905
0.309905
0.309908
0.309905
0.309905
0.309905
0.309907
0.309911
0.309912
0.309912
0.309914
0.309912
0.309912
0.309915
0.309915
0.309914
0.309915
0.309913
0.309913
0.309918
0.309918
0.309918
0.309910
0.309912
0.309911
0.309912
0.309914
0.309913
0.309918
0.309916
0.309919
0.309922
0.309923
0.309924
0.309923
0.309923
0.309924
0.309927
0.309924
0.309926
0.309927
0.309929
0.309928
0.309931
0.309929
0.309929
0.309929
0.309931
0.309925
0.309928
0.309929
0.309930
0.309929
0.309927
0.309926
0.309926
0.309928
0.309931
0.309930
0.309931
0.309933
0.309931
0.309931
0.309931
0.309935
0.309936
0.309936
0.309937
0.309938
0.309938
0.309942
0.309942
0.309941
0.309942
0.309943
0.309944
0.309944
0.309943
0.309941
0.309940
0.309940
0.309940
0.309941
0.309939
0.309941
0.309945
0.309943
0.309943
0.309942
0.309942
0.309939
0.309938
0.309939
0.309940
0.309940
0.309941
0.309939
0.309939
0.309937
0.309937
0.309938
0.309938
0.309939
0.309941
0.309940
0.309944
0.309944
0.309943
0.309944
0.309943
0.309945
0.309945
0.309946
0.309946
0.309948
0.309948
0.309948
0.309946
0.309951
0.309950
0.309949
0.309952
0.309952
0.309954
0.309954
0.309955
0.309956
0.309956
0.309956
0.309956
0.309953
0.309953
0.309952
0.309953
0.309953
0.309952
0.309949
0.309951
0.309952
0.309953
0.309960
0.309962
0.309965
0.309963
0.309963
0.309963
0.309964
0.309964
0.309963
0.309963
0.309968
0.309969
0.309968
0.309970
0.309968
0.309968
0.309967
0.309967
0.309967
0.309968
0.309970
0.309968
0.309970
0.309969
0.309969
0.309969
0.309968
0.309970
0.309970
0.309972
0.309974
0.309975
0.309979
0.309980
0.309980
0.309980
0.309979
0.309979
0.309980
0.309981
0.309978
0.309978
0.309978
0.309978
0.309978
0.309979
0.309982
0.309981
0.309983
0.309983
0.309984
0.309983
0.309983
0.309984
0.309983
0.309983
0.309984
0.309986
0.309986
0.309987
0.309988
0.309987
0.309984
0.309985
0.309987
0.309990
0.309988
0.309987
0.309987
0.309992
0.309992
0.309992
0.309993
0.309992
0.309996
0.309996
0.309996
0.309996
0.309993
0.309994
0.309996
0.309996
0.309995
0.309996
0.309998
0.310000
0.310000
0.309999
0.310000
0.310000
0.310002
0.310003
0.310003
0.310004
0.310004
0.310004
0.310004
0.310004
0.310005
0.310005
0.310008
0.310009
0.310007
0.310007
0.310008
0.310010
0.310011
0.310010
0.310013
0.310013
0.310012
0.310012
0.310012
0.310013
0.310015
0.310020
0.310021
0.310023
0.310022
0.310024
0.310030
0.310031
0.310030
0.310026
0.310026
0.310026
0.310027
0.310027
0.310026
0.310026
0.310026
0.310025
0.310025
0.310020
0.310020
0.310022
0.310022
0.310023
0.310024
0.310026
0.310025
0.310026
0.310025
0.310025
0.310027
0.310025
0.310024
0.310027
0.310028
0.310029
0.310028
0.310028
0.310026
0.310027
0.310027
0.310027
0.310030
0.310032
0.310033
0.310030
0.310031
0.310031
0.310031
0.310033
0.310032
0.310030
0.310029
0.310031
0.310031
0.310032
0.310031
0.310030
0.310030
0.310031
0.310027
0.310024
0.310028
0.310028
0.310036
0.310036
0.310037
0.310039
0.310043
0.310043
0.310042
0.310042
0.310040
0.310039
0.310040
0.310039
0.310040
0.310037
0.310036
0.310036
0.310038
0.310040
0.310043
0.310042
0.310042
0.310041
0.310040
0.310047
0.310043
0.310043
0.310046
0.310047
0.310049
0.310049
0.310050
0.310050
0.310049
0.310049
0.310050
0.310050
0.310050
0.310051
0.310054
0.310054
0.310054
0.310055
0.310052
0.310051
0.310051
0.310051
0.310052
0.310054
0.310055
0.310054
0.310055
0.310054
0.310053
0.310051
0.310053
0.310053
0.310055
0.310053
0.310055
0.310055
0.310055
0.310055
0.310056
0.310056
0.310055
0.310057
0.310056
0.310060
0.310061
0.310061
0.310061
0.310061
0.310061
0.310060
0.310059
0.310062
0.310061
0.310062
0.310062
0.310061
0.310059
0.310064
0.310065
0.310064
0.310065
0.310065
0.310065
0.310066
0.310066
0.310069
0.310068
0.310068
0.310069
0.310068
0.310069
0.310069
0.310069
0.310068
0.310068
0.310068
0.310067
0.310069
0.310069
0.310068
0.310068
0.310068
0.310069
0.310070
0.310069
0.310073
0.310076
0.310076
0.310076
0.310076
0.310077
0.310078
0.310077
0.310079
0.310082
0.310083
0.310083
0.310083
0.310085
0.310085
0.310086
0.310081
0.310082
0.310082
0.310082
0.310080
0.310081
0.310079
0.310081
0.310081
0.310083
0.310084
0.310084
0.310085
0.310085
0.310085
0.310088
0.310088
0.310089
0.310088
0.310090
0.310090
0.310089
0.310085
0.310088
0.310088
0.310088
0.310087
0.310088
0.310089
0.310090
0.310087
0.310088
0.310086
0.310085
0.310089
0.310090
0.310093
0.310094
0.310098
0.310098
0.310098
0.310098
0.310099
0.310100
0.310097
0.310097
0.310096
0.310096
0.310096
0.310098
0.310095
0.310097
0.310096
0.310095
0.310094
0.310091
0.310091
0.310091
0.310091
0.310091
0.310092
0.310093
0.310093
0.310094
0.310097
0.310097
0.310098
0.310097
0.310098
0.310100
0.310099
0.310099
0.310100
0.310100
0.310099
0.310098
0.310096
0.310096
0.310101
0.310101
0.310103
0.310101
0.310101
0.310104
0.310104
0.310102
0.310103
0.310104
0.310105
0.310107
0.310107
0.310107
0.310105
0.310105
0.310106
0.310107
0.310107
0.310106
0.310102
0.310100
0.310101
0.310105
0.310105
0.310108
0.310107
0.310109
0.310113
0.310110
0.310109
0.310110
0.310110
0.310109
0.310104
0.310104
0.310105
0.310106
0.310106
0.310107
0.310105
0.310107
0.310108
0.310108
0.310109
0.310109
0.310108
0.310108
0.310109
0.310110
0.310109
0.310112
0.310113
0.310114
0.310113
0.310115
0.310113
0.310114
0.310115
0.310116
0.310115
0.310113
0.310116
0.310121
0.310121
0.310121
0.310119
0.310120
0.310116
0.310116
0.310117
0.310119
0.310119
0.310121
0.310121
0.310123
0.310123
0.310122
0.310124
0.310125
0.310123
0.310124
0.310127
0.310127
0.310126
0.310126
0.310126
0.310125
0.310123
0.310123
0.310121
0.310120
0.310120
0.310124
0.310125
0.310127
0.310128
0.310130
0.310131
0.310131
0.310132
0.310129
0.310126
0.310123
0.310127
0.310127
0.310129
0.310129
0.310131
0.310133
0.310132
0.310135
0.310136
0.310138
0.310138
0.310136
0.310137
0.310137
0.310135
0.310136
0.310134
0.310135
0.310135
0.310136
0.310137
0.310138
0.310138
0.310140
0.310134
0.310132
0.310130
0.310131
0.310132
0.310139
0.310139
0.310139
0.310141
0.310137
0.310133
0.310134
0.310134
0.310134
0.310134
0.310134
0.310142
0.310141
0.310142
0.310141
0.310139
0.310139
0.310141
0.310144
0.310145
0.310144
0.310144
0.310137
0.310141
0.310143
0.310143
0.310148
0.310146
0.310150
0.310150
0.310152
0.310153
0.310152
0.310155
0.310157
0.310158
0.310159
0.310160
0.310158
0.310155
0.310154
0.310160
0.310161
0.310160
0.310162
0.310162
0.310162
0.310161
0.310161
0.310161
0.310161
0.310160
0.310161
0.310161
0.310163
0.310167
0.310169
0.310169
0.310170
0.310164
0.310165
0.310164
0.310166
0.310166
0.310166
0.310171
0.310173
0.310173
0.310173
0.310171
0.310171
0.310171
0.310171
0.310169
0.310170
0.310171
0.310173
0.310173
0.310171
0.310171
0.310178
0.310179
0.310181
0.310182
0.310182
0.310181
0.310181
0.310181
0.310183
0.310183
0.310182
0.310180
0.310178
0.310179
0.310180
0.310182
0.310186
0.310186
0.310186
0.310185
0.310186
0.310187
0.310188
0.310188
0.310188
0.310186
0.310189
0.310188
0.310190
0.310191
0.310192
0.310193
0.310194
0.310196
0.310197
0.310197
0.310197
0.310197
0.310197
0.310197
0.310197
0.310197
0.310197
0.310199
0.310199
0.310199
0.310200
0.310201
0.310201
0.310201
0.310201
0.310202
0.310206
0.310206
0.310204
0.310204
0.310208
0.310213
0.310214
0.310213
0.310217
0.310218
0.310218
0.310223
0.310224
0.310224
0.310226
0.310227
0.310228
0.310225
0.310226
0.310228
0.310228
0.310228
0.310227
0.310228
0.310228
0.310232
0.310232
0.310234
0.310234
0.310234
0.310230
0.310233
0.310234
0.310237
0.310232
0.310233
0.310232
0.310236
0.310235
0.310235
0.310235
0.310236
0.310235
0.310235
0.310236
0.310233
0.310232
0.310233
0.310231
0.310230
0.310230
0.310232
0.310230
0.310232
0.310230
0.310231
0.310233
0.310229
0.310229
0.310233
0.310233
0.310234
0.310235
0.310236
0.310237
0.310238
0.310239
0.310238
0.310239
0.310239
0.310240
0.310241
0.310241
0.310239
0.310240
0.310242
0.310238
0.310239
0.310240
0.310241
0.310246
0.310246
0.310246
0.310245
0.310246
0.310245
0.310247
0.310246
0.310247
0.310248
0.310248
0.310245
0.310244
0.310244
0.310245
0.310245
0.310246
0.310248
0.310251
0.310251
0.310250
0.310252
0.310253
0.310255
0.310255
0.310257
0.310256
0.310256
0.310254
0.310253
0.310254
0.310254
0.310257
0.310257
0.310255
0.310255
0.310254
0.310254
0.310255
0.310254
0.310253
0.310254
0.310255
0.310256
0.310258
0.310258
0.310259
0.310260
0.310262
0.310262
0.310263
0.310264
0.310265
0.310264
0.310265
0.310265
0.310266
0.310266
0.310266
0.310265
0.310263
0.310265
0.310264
0.310266
0.310265
0.310267
0.310268
0.310268
0.310268
0.310268
0.310269
0.310270
0.310270
0.310270
0.310273
0.310272
0.310271
0.310272
0.310271
0.310270
0.310271
0.310272
0.310272
0.310273
0.310275
0.310276
0.310276
0.310276
0.310274
0.310276
0.310275
0.310275
0.310275
0.310276
0.310277
0.310276
0.310276
0.310275
0.310276
0.310278
0.310279
0.310281
0.310281
0.310281
0.310280
0.310280
0.310280
0.310281
0.310280
0.310280
0.310280
0.310280
0.310282
0.310283
0.310283
0.310282
0.310281
0.310282
0.310281
0.310282
0.310283
0.310284
0.310285
0.310287
0.310288
0.310288
0.310288
0.310288
0.310285
0.310285
0.310284
0.310283
0.310285
0.310281
0.310283
0.310283
0.310286
0.310289
0.310291
0.310294
0.310294
0.310296
0.310296
0.310295
0.310295
0.310295
0.310296
0.310297
0.310293
0.310292
0.310294
0.310295
0.310297
0.310297
0.310298
0.310299
0.310302
0.310300
0.310300
0.310300
0.310299
0.310299
0.310299
0.310300
0.310301
0.310302
0.310303
0.310303
0.310303
0.310303
0.310305
0.310306
0.310304
0.310304
0.310306
0.310304
0.310304
0.310304
0.310304
0.310303
0.310303
0.310303
0.310304
0.310304
0.310304
0.310304
0.310304
0.310304
0.310305
0.310305
0.310307
0.310307
0.310307
0.310305
0.310305
0.310306
0.310304
0.310304
0.310301
0.310303
0.310307
0.310307
0.310307
0.310307
0.310307
0.310307
0.310305
0.310306
0.310305
0.310309
0.310307
0.310306
0.310307
0.310309
0.310310
0.310311
0.310312
0.310312
0.310312
0.310312
0.310312
0.310309
0.310314
0.310314
0.310314
0.310314
0.310315
0.310315
0.310318
0.310321
0.310318
0.310319
0.310318
0.310319
0.310319
0.310319
0.310319
0.310319
0.310319
0.310319
0.310322
0.310321
0.310322
0.310322
0.310323
0.310323
0.310323
0.310324
0.310327
0.310327
0.310328
0.310329
0.310329
0.310328
0.310329
0.310327
0.310328
0.310327
0.310328
0.310329
0.310329
0.310330
0.310329
0.310332
0.310333
0.310332
0.310331
0.310331
0.310333
0.310331
0.310331
0.310333
0.310335
0.310336
0.310336
0.310337
0.310336
0.310338
0.310337
0.310334
0.310333
0.310336
0.310336
0.310337
0.310336
0.310338
0.310339
0.310339
0.310338
0.310338
0.310340
0.310339
0.310339
0.310339
0.310339
0.310338
0.310339
0.310339
0.310340
0.310340
0.310341
0.310343
0.310347
0.310345
0.310348
0.310350
0.310350
0.310350
0.310346
0.310346
0.310347
0.310350
0.310349
0.310348
0.310348
0.310347
0.310347
0.310349
0.310351
0.310352
0.310353
0.310351
0.310348
0.310346
0.310348
0.310348
0.310349
0.310348
0.310346
0.310346
0.310346
0.310346
0.310347
0.310347
0.310348
0.310348
0.310349
0.310350
0.310354
0.310354
0.310352
0.310353
0.310351
0.310351
0.310356
0.310354
0.310356
0.310356
0.310355
0.310358
0.310359
0.310360
0.310359
0.310357
0.310359
0.310357
0.310358
0.310356
0.310358
0.310358
0.310360
0.310359
0.310359
0.310360
0.310362
0.310363
0.310362
0.310362
0.310362
0.310363
0.310364
0.310365
0.310363
0.310367
0.310366
0.310365
0.310363
0.310364
0.310364
0.310363
0.310360
0.310364
0.310362
0.310363
0.310364
0.310364
0.310365
0.310364
0.310364
0.310364
0.310366
0.310364
0.310363
0.310367
0.310366
0.310365
0.310367
0.310369
0.310371
0.310371
0.310371
0.310371
0.310369
0.310369
0.310364
0.310365
0.310365
0.310366
0.310367
0.310364
0.310367
0.310367
0.310361
0.310362
0.310362
0.310366
0.310365
0.310363
0.310362
0.310362
0.310360
0.310360
0.310359
0.310359
0.310358
0.310358
0.310358
0.310361
0.310361
0.310361
0.310361
0.310361
0.310360
0.310361
0.310361
0.310362
0.310361
0.310363
0.310362
0.310363
0.310364
0.310366
0.310365
0.310366
0.310364
0.310364
0.310364
0.310363
0.310363
0.310363
0.310366
0.310365
0.310366
0.310366
0.310365
0.310365
0.310364
0.310365
0.310365
0.310364
0.310365
0.310365
0.310369
0.310371
0.310371
0.310371
0.310371
0.310372
0.310372
0.310375
0.310374
0.310374
0.310375
0.310375
0.310375
0.310375
0.310374
0.310376
0.310377
0.310376
0.310378
0.310382
0.310384
0.310386
0.310386
0.310389
0.310388
0.310387
0.310381
0.310382
0.310385
0.310384
0.310387
0.310388
0.310388
0.310387
0.310387
0.310386
0.310386
0.310386
0.310388
0.310388
0.310388
0.310389
0.310389
0.310389
0.310389
0.310392
0.310391
0.310390
0.310389
0.310389
0.310388
0.310387
0.310390
0.310390
0.310391
0.310392
0.310392
0.310391
0.310393
0.310394
0.310392
0.310391
0.310392
0.310392
0.310392
0.310393
0.310393
0.310395
0.310395
0.310395
0.310395
0.310394
0.310393
0.310393
0.310394
0.310395
0.310395
0.310396
0.310397
0.310397
0.310397
0.310397
0.310397
0.310397
0.310399
0.310399
0.310399
0.310401
0.310401
0.310402
0.310402
0.310403
0.310406
0.310405
0.310405
0.310404
0.310404
0.310404
0.310403
0.310402
0.310402
0.310401
0.310399
0.310400
0.310404
0.310404
0.310404
0.310404
0.310406
0.310402
0.310402
0.310403
0.310402
0.310403
0.310407
0.310406
0.310406
0.310408
0.310411
0.310411
0.310409
0.310410
0.310410
0.310413
0.310413
0.310412
0.310413
0.310413
0.310414
0.310414
0.310409
0.310409
0.310407
0.310406
0.310405
0.310407
0.310405
0.310407
0.310412
0.310410
0.310412
0.310410
0.310411
0.310409
0.310410
0.310410
0.310410
0.310409
0.310412
0.310412
0.310414
0.310416
0.310418
0.310418
0.310417
0.310415
0.310416
0.310416
0.310416
0.310416
0.310417
0.310416
0.310419
0.310420
0.310421
0.310421
0.310420
0.310420
0.310418
0.310419
0.310419
0.310418
0.310419
0.310419
0.310421
0.310422
0.310423
0.310423
0.310422
0.310424
0.310423
0.310422
0.310422
0.310422
0.310421
0.310421
0.310421
0.310421
0.310422
0.310423
0.310423
0.310423
0.310424
0.310427
0.310428
0.310430
0.310431
0.310432
0.310430
0.310430
0.310431
0.310432
0.310431
0.310430
0.310431
0.310433
0.310434
0.310433
0.310433
0.310432
0.310433
0.310434
0.310434
0.310433
0.310434
0.310435
0.310435
0.310435
0.310436
0.310436
0.310436
0.310436
0.310437
0.310436
0.310438
0.310439
0.310440
0.310438
0.310437
0.310438
0.310439
0.310440
0.310439
0.310440
0.310441
0.310441
0.310444
0.310444
0.310445
0.310445
0.310445
0.310445
0.310443
0.310444
0.310443
0.310444
0.310444
0.310445
0.310446
0.310444
0.310445
0.310445
0.310446
0.310447
0.310447
0.310447
0.310445
0.310446
0.310449
0.310451
0.310455
0.310455
0.310454
0.310454
0.310452
0.310449
0.310449
0.310450
0.310449
0.310448
0.310448
0.310449
0.310450
0.310452
0.310453
0.310452
0.310453
0.310453
0.310454
0.310455
0.310457
0.310458
0.310458
0.310458
0.310457
0.310459
0.310456
0.310457
0.310457
0.310457
0.310457
0.310457
0.310459
0.310460
0.310461
0.310461
0.310461
0.310461
0.310461
0.310461
0.310461
0.310462
0.310459
0.310459
0.310460
0.310461
0.310464
0.310464
0.310464
0.310464
0.310461
0.310461
0.310461
0.310465
0.310467
0.310467
0.310466
0.310465
0.310465
0.310466
0.310466
0.310465
0.310464
0.310464
0.310465
0.310465
0.310466
0.310468
0.310467
0.310468
0.310469
0.310472
0.310472
0.310472
0.310474
0.310474
0.310474
0.310473
0.310473
0.310474
0.310474
0.310476
0.310475
0.310477
0.310476
0.310476
0.310478
0.310478
0.310479
0.310478
0.310478
0.310478
0.310477
0.310475
0.310474
0.310476
0.310474
0.310475
0.310475
0.310476
0.310477
0.310477
0.310479
0.310480
0.310480
0.310480
0.310481
0.310481
0.310483
0.310481
0.310482
0.310482
0.310483
0.310484
0.310485
0.310484
0.310485
0.310486
0.310486
0.310485
0.310486
0.310487
0.310487
0.310487
0.310488
0.310490
0.310492
0.310492
0.310490
0.310491
0.310491
0.310495
0.310495
0.310497
0.310498
0.310498
0.310498
0.310498
0.310497
0.310497
0.310497
0.310497
0.310497
0.310498
0.310497
0.310497
0.310497
0.310495
0.310497
0.310498
0.310498
0.310499
0.310499
0.310499
0.310499
0.310500
0.310500
0.310500
0.310499
0.310499
0.310500
0.310498
0.310499
0.310498
0.310498
0.310499
0.310500
0.310500
0.310502
0.310498
0.310501
0.310501
0.310498
0.310497
0.310500
0.310502
0.310503
0.310499
0.310498
0.310497
0.310500
0.310501
0.310505
0.310504
0.310506
0.310504
0.310506
0.310504
0.310505
0.310506
0.310509
0.310511
0.310511
0.310512
0.310513
0.310513
0.310513
0.310513
0.310513
0.310515
0.310516
0.310516
0.310516
0.310517
0.310516
0.310516
0.310516
0.310517
0.310517
0.310514
0.310514
0.310517
0.310520
0.310520
0.310520
0.310519
0.310520
0.310520
0.310520
0.310519
0.310520
0.310520
0.310519
0.310517
0.310517
0.310517
0.310516
0.310518
0.310518
0.310518
0.310520
0.310521
0.310522
0.310522
0.310523
0.310524
0.310524
0.310526
0.310527
0.310529
0.310528
0.310529
0.310529
0.310529
0.310531
0.310532
0.310533
0.310533
0.310532
0.310531
0.310535
0.310535
0.310536
0.310535
0.310535
0.310536
0.310534
0.310534
0.310538
0.310542
0.310542
0.310542
0.310543
0.310541
0.310543
0.310543
0.310542
0.310543
0.310543
0.310544
0.310546
0.310547
0.310549
0.310550
0.310551
0.310551
0.310550
0.310550
0.310549
0.310550
0.310554
0.310555
0.310555
0.310555
0.310556
0.310555
0.310554
0.310553
0.310554
0.310554
0.310555
0.310551
0.310555
0.310556
0.310556
0.310558
0.310556
0.310559
0.310557
0.310558
0.310558
0.310560
0.310562
0.310561
0.310560
0.310560
0.310562
0.310562
0.310562
0.310563
0.310563
0.310562
0.310562
0.310562
0.310562
0.310563
0.310562
0.310563
0.310563
0.310563
0.310562
0.310562
0.310562
0.310561
0.310563
0.310563
0.310564
0.310568
0.310567
0.310568
0.310567
0.310567
0.310567
0.310567
0.310568
0.310570
0.310571
0.310572
0.310569
0.310569
0.310571
0.310570
0.310574
0.310575
0.310576
0.310575
0.310576
0.310576
0.310576
0.310576
0.310576
0.310576
0.310575
0.310575
0.310575
0.310576
0.310577
0.310579
0.310579
0.310579
0.310578
0.310578
0.310577
0.310578
0.310575
0.310573
0.310574
0.310575
0.310575
0.310575
0.310576
0.310578
0.310581
0.310581
0.310583
0.310582
0.310580
0.310580
0.310580
0.310580
0.310581
0.310581
0.310584
0.310584
0.310584
0.310583
0.310584
0.310584
0.310585
0.310586
0.310587
0.310588
0.310585
0.310586
0.310585
0.310587
0.310588
0.310589
0.310586
0.310586
0.310586
0.310588
0.310588
0.310588
0.310590
0.310590
0.310589
0.310589
0.310592
0.310593
0.310593
0.310592
0.310594
0.310593
0.310590
0.310591
0.310591
0.310590
0.310590
0.310592
0.310592
0.310594
0.310594
0.310594
0.310594
0.310593
0.310595
0.310598
0.310598
0.310597
0.310600
0.310600
0.310601
0.310600
0.310601
0.310602
0.310602
0.310602
0.310602
0.310602
0.310603
0.310604
0.310605
0.310604
0.310604
0.310603
0.310604
0.310607
0.310609
0.310608
0.310608
0.310606
0.310607
0.310608
0.310609
0.310610
0.310610
0.310610
0.310611
0.310614
0.310608
0.310608
0.310608
0.310609
0.310607
0.310606
0.310606
0.310608
0.310610
0.310612
0.310611
0.310611
0.310610
0.310611
0.310611
0.310615
0.310615
0.310616
0.310618
0.310617
0.310615
0.310614
0.310614
0.310615
0.310615
0.310617
0.310617
0.310618
0.310619
0.310623
0.310624
0.310622
0.310622
0.310625
0.310625
0.310624
0.310625
0.310625
0.310625
0.310625
0.310626
0.310625
0.310625
0.310624
0.310625
0.310627
0.310627
0.310628
0.310629
0.310630
0.310630
0.310629
0.310626
0.310626
0.310626
0.310627
0.310627
0.310627
0.310627
0.310630
0.310629
0.310631
0.310631
0.310632
0.310632
0.310631
0.310631
0.310632
0.310633
0.310632
0.310632
0.310634
0.310633
0.310634
0.310635
0.310632
0.310632
0.310636
0.310636
0.310634
0.310635
0.310635
0.310636
0.310633
0.310634
0.310635
0.310636
0.310637
0.310637
0.310638
0.310637
0.310637
0.310637
0.310637
0.310636
0.310636
0.310637
0.310637
0.310637
0.310640
0.310642
0.310642
0.310642
0.310642
0.310643
0.310645
0.310645
0.310645
0.310645
0.310645
0.310645
0.310645
0.310645
0.310645
0.310645
0.310646
0.310646
0.310646
0.310644
0.310643
0.310642
0.310643
0.310643
0.310641
0.310643
0.310643
0.310644
0.310646
0.310648
0.310648
0.310649
0.310649
0.310646
0.310646
0.310649
0.310650
0.310650
0.310650
0.310648
0.310648
0.310648
0.310649
0.310651
0.310648
0.310648
0.310649
0.310652
0.310652
0.310652
0.310652
0.310651
0.310651
0.310651
0.310651
0.310651
0.310651
0.310650
0.310649
0.310650
0.310650
0.310649
0.310649
0.310649
0.310650
0.310651
0.310650
0.310652
0.310653
0.310654
0.310655
0.310652
0.310652
0.310652
0.310652
0.310652
0.310655
0.310656
0.310658
0.310656
0.310656
0.310655
0.310656
0.310655
0.310656
0.310655
0.310656
0.310657
0.310659
0.310661
0.310666
0.310666
0.310666
0.310666
0.310669
0.310669
0.310670
0.310670
0.310670
0.310670
0.310670
0.310670
0.310671
0.310670
0.310671
0.310670
0.310671
0.310670
0.310670
0.310670
0.310671
0.310671
0.310671
0.310672
0.310672
0.310671
0.310671
0.310672
0.310674
0.310674
0.310674
0.310674
0.310678
0.310676
0.310676
0.310676
0.310677
0.310679
0.310679
0.310679
0.310679
0.310677
0.310678
0.310679
0.310682
0.310681
0.310680
0.310679
0.310679
0.310677
0.310677
0.310677
0.310676
0.310674
0.310674
0.310675
0.310677
0.310677
0.310677
0.310676
0.310678
0.310678
0.310678
0.310679
0.310679
0.310680
0.310680
0.310679
0.310679
0.310679
0.310680
0.310679
0.310678
0.310679
0.310679
0.310678
0.310679
0.310680
0.310680
0.310681
0.310681
0.310679
0.310679
0.310680
0.310680
0.310681
0.310681
0.310681
0.310681
0.310681
0.310679
0.310679
0.310677
0.310677
0.310677
0.310676
0.310677
0.310677
0.310678
0.310678
0.310680
0.310680
0.310680
0.310679
0.310678
0.310679
0.310679
0.310681
0.310681
0.310682
0.310682
0.310685
0.310686
0.310686
0.310687
0.310686
0.310688
0.310685
0.310685
0.310685
0.310687
0.310687
0.310686
0.310685
0.310686
0.310688
0.310689
0.310690
0.310687
0.310687
0.310689
0.310689
0.310693
0.310693
0.310694
0.310694
0.310695
0.310697
0.310698
0.310699
0.310696
0.310696
0.310698
0.310700
0.310699
0.310699
0.310701
0.310701
0.310702
0.310702
0.310702
0.310703
0.310703
0.310704
0.310704
0.310704
0.310704
0.310705
0.310705
0.310706
0.310707
0.310707
0.310708
0.310706
0.310706
0.310706
0.310707
0.310706
0.310707
0.310706
0.310707
0.310707
0.310707
0.310706
0.310707
0.310709
0.310709
0.310709
0.310709
0.310708
0.310708
0.310708
0.310708
0.310709
0.310706
0.310706
0.310707
0.310707
0.310707
0.310707
0.310708
0.310707
0.310707
0.310707
0.310707
0.310707
0.310707
0.310706
0.310707
0.310709
0.310711
0.310712
0.310711
0.310711
0.310710
0.310711
0.310711
0.310710
0.310710
0.310711
0.310710
0.310710
0.310711
0.310708
0.310708
0.310711
0.310711
0.310714
0.310714
0.310717
0.310717
0.310715
0.310714
0.310716
0.310717
0.310719
0.310720
0.310720
0.310720
0.310721
0.310723
0.310723
0.310723
0.310722
0.310721
0.310719
0.310720
0.310718
0.310718
0.310720
0.310720
0.310721
0.310725
0.310726
0.310724
0.310725
0.310727
0.310728
0.310729
0.310729
0.310729
0.310730
0.310732
0.310732
0.310733
0.310732
0.310732
0.310732
0.310732
0.310732
0.310732
0.310732
0.310732
0.310731
0.310732
0.310732
0.310733
0.310732
0.310732
0.310731
0.310734
0.310734
0.310731
0.310734
0.310737
0.310739
0.310738
0.310738
0.310739
0.310739
0.310741
0.310741
0.310740
0.310740
0.310742
0.310742
0.310744
0.310744
0.310743
0.310742
0.310742
0.310742
0.310741
0.310742
0.310743
0.310743
0.310742
0.310744
0.310745
0.310745
0.310745
0.310745
0.310746
0.310746
0.310745
0.310747
0.310747
0.310748
0.310746
0.310749
0.310746
0.310747
0.310747
0.310747
0.310747
0.310747
0.310748
0.310748
0.310751
0.310753
0.310753
0.310755
0.310758
0.310758
0.310759
0.310759
0.310757
0.310756
0.310756
0.310756
0.310759
0.310759
0.310759
0.310759
0.310758
0.310759
0.310759
0.310758
0.310758
0.310758
0.310758
0.310758
0.310760
0.310761
0.310763
0.310763
0.310766
0.310766
0.310768
0.310768
0.310767
0.310766
0.310765
0.310764
0.310767
0.310769
0.310770
0.310770
0.310770
0.310770
0.310770
0.310770
0.310770
0.310770
0.310773
0.310772
0.310772
0.310772
0.310771
0.310771
0.310771
0.310771
0.310771
0.310771
0.310771
0.310771
0.310771
0.310771
0.310771
0.310772
0.310772
0.310772
0.310774
0.310774
0.310776
0.310776
0.310776
0.310774
0.310774
0.310775
0.310776
0.310776
0.310778
0.310778
0.310778
0.310778
0.310777
0.310777
0.310778
0.310777
0.310777
0.310777
0.310777
0.310779
0.310781
0.310781
0.310781
0.310780
0.310782
0.310783
0.310784
0.310784
0.310785
0.310784
0.310783
0.310783
0.310783
0.310783
0.310784
0.310783
0.310785
0.310785
0.310785
0.310785
0.310785
0.310784
0.310785
0.310785
0.310784
0.310784
0.310785
0.310785
0.310784
0.310786
0.310785
0.310783
0.310784
0.310787
0.310788
0.310789
0.310788
0.310789
0.310789
0.310789
0.310791
0.310789
0.310790
0.310790
0.310790
0.310789
0.310789
0.310789
0.310789
0.310792
0.310792
0.310794
0.310794
0.310796
0.310797
0.310798
0.310798
0.310797
0.310799
0.310799
0.310799
0.310800
0.310798
0.310799
0.310798
0.310800
0.310800
0.310798
0.310797
0.310798
0.310796
0.310797
0.310796
0.310797
0.310799
0.310799
0.310799
0.310800
0.310798
0.310797
0.310798
0.310798
0.310796
0.310797
0.310799
0.310798
0.310798
0.310797
0.310800
0.310801
0.310803
0.310802
0.310800
0.310799
0.310799
0.310799
0.310801
0.310801
0.310803
0.310803
0.310803
0.310803
0.310803
0.310803
0.310805
0.310804
0.310804
0.310805
0.310805
0.310803
0.310804
0.310804
0.310804
0.310806
0.310808
0.310808
0.310811
0.310811
0.310811
0.310812
0.310812
0.310810
0.310810
0.310811
0.310813
0.310814
0.310814
0.310814
0.310812
0.310812
0.310812
0.310812
0.310811
0.310810
0.310809
0.310809
0.310809
0.310811
0.310813
0.310813
0.310813
0.310812
0.310812
0.310813
0.310813
0.310814
0.310814
0.310815
0.310815
0.310815
0.310815
0.310815
0.310815
0.310819
0.310818
0.310819
0.310819
0.310820
0.310819
0.310819
0.310818
0.310816
0.310819
0.310817
0.310818
0.310820
0.310821
0.310821
0.310823
0.310822
0.310820
0.310818
0.310818
0.310820
0.310820
0.310821
0.310823
0.310824
0.310824
0.310825
0.310825
0.310825
0.310825
0.310827
0.310826
0.310828
0.310828
0.310828
0.310827
0.310826
0.310827
0.310827
0.310828
0.310828
0.310829
0.310829
0.310830
0.310832
0.310832
0.310835
0.310835
0.310834
0.310836
0.310836
0.310836
0.310836
0.310836
0.310836
0.310836
0.310836
0.310837
0.310836
0.310837
0.310837
0.310836
0.310837
0.310837
0.310837
0.310837
0.310837
0.310837
0.310836
0.310837
0.310837
0.310837
0.310837
0.310837
0.310838
0.310838
0.310838
0.310838
0.310838
0.310837
0.310839
0.310839
0.310840
0.310841
0.310841
0.310841
0.310841
0.310841
0.310841
0.310841
0.310840
0.310840
0.310840
0.310842
0.310843
0.310841
0.310844
0.310844
0.310844
0.310847
0.310848
0.310850
0.310851
0.310850
0.310851
0.310849
0.310848
0.310849
0.310849
0.310849
0.310851
0.310851
0.310851
0.310852
0.310852
0.310852
0.310854
0.310854
0.310854
0.310854
0.310853
0.310854
0.310854
0.310854
0.310856
0.310856
0.310855
0.310856
0.310857
0.310857
0.310857
0.310859
0.310862
0.310863
0.310861
0.310862
0.310862
0.310860
0.310860
0.310862
0.310862
0.310863
0.310863
0.310862
0.310862
0.310862
0.310863
0.310864
0.310865
0.310865
0.310867
0.310869
0.310870
0.310867
0.310867
0.310866
0.310868
0.310868
0.310868
0.310866
0.310866
0.310865
0.310867
0.310867
0.310868
0.310868
0.310868
0.310870
0.310871
0.310870
0.310870
0.310873
0.310873
0.310873
0.310873
0.310874
0.310873
0.310874
0.310874
0.310876
0.310877
0.310878
0.310874
0.310878
0.310878
0.310877
0.310877
0.310878
0.310880
0.310880
0.310876
0.310877
0.310878
0.310878
0.310879
0.310880
0.310880
0.310880
0.310880
0.310880
0.310880
0.310880
0.310879
0.310879
0.310879
0.310880
0.310882
0.310881
0.310881
0.310880
0.310881
0.310885
0.310883
0.310884
0.310884
0.310884
0.310884
0.310883
0.310883
0.310883
0.310883
0.310886
0.310886
0.310887
0.310888
0.310887
0.310887
0.310887
0.310886
0.310889
0.310889
0.310889
0.310889
0.310890
0.310892
0.310891
0.310893
0.310893
0.310894
0.310893
0.310892
0.310895
0.310896
0.310900
0.310900
0.310900
0.310900
0.310898
0.310898
0.310895
0.310891
0.310892
0.310893
0.310894
0.310894
0.310897
0.310897
0.310897
0.310898
0.310898
0.310898
0.310899
0.310900
0.310900
0.310902
0.310905
0.310905
0.310905
0.310902
0.310902
0.310902
0.310903
0.310902
0.310903
0.310904
0.310905
0.310905
0.310905
0.310905
0.310904
0.310905
0.310907
0.310911
0.310911
0.310911
0.310910
0.310909
0.310910
0.310909
0.310910
0.310909
0.310909
0.310909
0.310910
0.310911
0.310910
0.310907
0.310907
0.310907
0.310907
0.310910
0.310910
0.310911
0.310911
0.310909
0.310910
0.310911
0.310911
0.310912
0.310917
0.310917
0.310917
0.310917
0.310917
0.310916
0.310916
0.310917
0.310917
0.310919
0.310919
0.310920
0.310921
0.310920
0.310920
0.310921
0.310920
0.310921
0.310922
0.310919
0.310916
0.310914
0.310915
0.310915
0.310920
0.310920
0.310921
0.310921
0.310922
0.310921
0.310922
0.310928
0.310928
0.310927
0.310927
0.310924
0.310924
0.310927
0.310927
0.310930
0.310931
0.310933
0.310936
0.310935
0.310934
0.310935
0.310935
0.310936
0.310936
0.310938
0.310938
0.310940
0.310939
0.310939
0.310940
0.310940
0.310940
0.310940
0.310940
0.310941
0.310942
0.310940
0.310940
0.310941
0.310941
0.310940
0.310940
0.310943
0.310943
0.310941
0.310942
0.310942
0.310941
0.310942
0.310942
0.310942
0.310941
0.310943
0.310943
0.310943
0.310940
0.310940
0.310942
0.310942
0.310942
0.310945
0.310947
0.310945
0.310945
0.310944
0.310946
0.310946
0.310946
0.310946
0.310943
0.310944
0.310946
0.310947
0.310946
0.310946
0.310946
0.310945
0.310945
0.310945
0.310945
0.310947
0.310947
0.310947
0.310947
0.310947
0.310947
0.310947
0.310947
0.310947
0.310947
0.310942
0.310943
0.310943
0.310945
0.310944
0.310946
0.310947
0.310947
0.310948
0.310949
0.310948
0.310948
0.310951
0.310950
0.310951
0.310951
0.310950
0.310948
0.310948
0.310950
0.310952
0.310952
0.310951
0.310951
0.310951
0.310951
0.310952
0.310952
0.310950
0.310951
0.310951
0.310952
0.310953
0.310952
0.310953
0.310953
0.310953
0.310954
0.310955
0.310956
0.310956
0.310955
0.310957
0.310952
0.310950
0.310952
0.310952
0.310953
0.310953
0.310953
0.310954
0.310956
0.310954
0.310955
0.310954
0.310956
0.310957
0.310957
0.310956
0.310957
0.310959
0.310959
0.310958
0.310960
0.310959
0.310960
0.310962
0.310962
0.310962
0.310962
0.310959
0.310959
0.310959
0.310958
0.310956
0.310958
0.310959
0.310959
0.310960
0.310961
0.310962
0.310962
0.310961
0.310962
0.310960
0.310958
0.310961
0.310962
0.310963
0.310964
0.310963
0.310963
0.310963
0.310961
0.310961
0.310962
0.310963
0.310967
0.310967
0.310968
0.310968
0.310968
0.310964
0.310964
0.310963
0.310966
0.310966
0.310969
0.310971
0.310971
0.310972
0.310972
0.310972
0.310972
0.310971
0.310971
0.310971
0.310971
0.310972
0.310971
0.310970
0.310973
0.310973
0.310973
0.310974
0.310972
0.310973
0.310973
0.310973
0.310973
0.310973
0.310974
0.310974
0.310974
0.310971
0.310974
0.310972
0.310972
0.310974
0.310975
0.310975
0.310975
0.310975
0.310975
0.310974
0.310975
0.310974
0.310974
0.310977
0.310977
0.310978
0.310978
0.310978
0.310979
0.310980
0.310979
0.310979
0.310979
0.310978
0.310978
0.310979
0.310979
0.310979
0.310979
0.310979
0.310979
0.310978
0.310978
0.310978
0.310978
0.310980
0.310980
0.310980
0.310981
0.310980
0.310980
0.310980
0.310980
0.310977
0.310977
0.310975
0.310974
0.310975
0.310975
0.310972
0.310977
0.310979
0.310980
0.310981
0.310979
0.310981
0.310981
0.310981
0.310981
0.310982
0.310980
0.310980
0.310980
0.310983
0.310983
0.310983
0.310983
0.310982
0.310982
0.310982
0.310984
0.310985
0.310987
0.310987
0.310985
0.310986
0.310985
0.310984
0.310986
0.310989
0.310991
0.310991
0.310991
0.310990
0.310990
0.310990
0.310990
0.310990
0.310991
0.310990
0.310989
0.310989
0.310991
0.310990
0.310990
0.310990
0.310990
0.310991
0.310995
0.310994
0.310993
0.310995
0.310994
0.310994
0.310995
0.310995
0.310995
0.310995
0.310995
0.310993
0.310993
0.310995
0.310995
0.310996
0.310994
0.310994
0.310994
0.310990
0.310991
0.310998
0.310996
0.310998
0.310998
0.310999
0.310999
0.311001
0.311001
0.311002
0.311002
0.311002
0.311000
0.311001
0.311002
0.311002
0.311003
0.311001
0.311001
0.311002
0.311003
0.311003
0.311003
0.311003
0.311003
0.311002
0.311003
0.311003
0.311004
0.311004
0.311005
0.311007
0.311009
0.311008
0.311008
0.311008
0.311009
0.311011
0.311011
0.311011
0.311012
0.311012
0.311012
0.311010
0.311010
0.311012
0.311011
0.311011
0.311012
0.311013
0.311013
0.311013
0.311011
0.311011
0.311011
0.311014
0.311013
0.311014
0.311014
0.311016
0.311017
0.311017
0.311017
0.311017
0.311017
0.311018
0.311021
0.311021
0.311022
0.311023
0.311023
0.311023
0.311023
0.311024
0.311026
0.311026
0.311027
0.311026
0.311025
0.311025
0.311027
0.311024
0.311022
0.311026
0.311026
0.311030
0.311029
0.311030
0.311030
0.311028
0.311026
0.311027
0.311025
0.311026
0.311028
0.311031
0.311034
0.311034
0.311035
0.311037
0.311037
0.311035
0.311037
0.311037
0.311037
0.311037
0.311038
0.311040
0.311041
0.311040
0.311038
0.311038
0.311039
0.311039
0.311041
0.311041
0.311041
0.311039
0.311039
0.311038
0.311040
0.311040
0.311040
0.311039
0.311039
0.311040
0.311040
0.311039
