0.285918
0.295631
0.300648
0.304311
0.307206
0.309273
0.309537
0.309820
0.310586
0.311278
0.311482
0.311842
0.311759
0.311967
0.312227
0.312142
0.312024
0.312116
0.312175
0.312163
0.312314
0.312314
0.312364
0.312265
0.312274
0.312221
0.312259
0.312284
0.312223
0.312117
0.312017
0.312011
0.312068
0.312015
0.312043
0.312001
0.311950
0.311917
0.311987
0.312074
0.312096
0.312094
0.312111
0.312027
0.312043
0.312011
0.311959
0.311989
0.312028
0.311980
0.311977
0.311980
0.311996
0.311968
0.311908
0.311843
0.311996
0.312062
0.312067
0.312104
0.312108
0.312137
0.312022
0.312064
0.312102
0.312145
0.312206
0.312239
0.312312
0.312342
0.312352
0.312363
0.312294
0.312314
0.312313
0.312398
0.312383
0.312438
0.312468
0.312474
0.312470
0.312449
0.312500
0.312519
0.312553
0.312578
0.312629
0.312656
0.312754
0.312803
0.312875
0.312891
0.312902
0.312949
0.312973
0.313021
0.313099
0.313160
0.313247
0.313311
0.313387
0.313344
0.313356
0.313391
0.313438
0.313422
0.313442
0.313464
0.313542
0.313581
0.313623
0.313720
0.313741
0.313807
0.313830
0.313854
0.313907
0.313957
0.313972
0.313994
0.314043
0.314067
0.314080
0.314106
0.314089
0.314151
0.314171
0.314178
0.314229
0.314265
0.314289
0.314361
0.314375
0.314391
0.314398
0.314410
0.314446
0.314539
0.314546
0.314568
0.314609
0.314682
0.314694
0.314716
0.314720
0.314727
0.314767
0.314820
0.314822
0.314866
0.314944
0.315027
0.315142
0.315218
0.315222
0.315273
0.315331
0.315361
0.315404
0.315498
0.315579
0.315705
0.315709
0.315734
0.315783
0.315817
0.315846
0.315851
0.315929
0.315946
0.316002
0.316039
0.316109
0.316120
0.316152
0.316189
0.316296
0.316297
0.316332
0.316344
0.316388
0.316411
0.316434
0.316483
0.316508
0.316591
0.316666
0.316685
0.316675
0.316725
0.316751
0.316772
0.316830
0.316885
0.316927
0.316948
0.317002
0.317090
0.317131
0.317163
0.317221
0.317265
0.317296
0.317341
0.317391
0.317426
0.317471
0.317566
0.317611
0.317657
0.317693
0.317734
0.317790
0.317800
0.317851
0.317906
0.317951
0.318010
0.318038
0.318112
0.318136
0.318169
0.318198
0.318218
0.318276
0.318316
0.318355
0.318369
0.318401
0.318449
0.318462
0.318496
0.318559
0.318575
0.318605
0.318642
0.318715
0.318733
0.318754
0.318785
0.318826
0.318908
0.318930
0.318973
0.319005
0.319031
0.319087
0.319121
0.319128
0.319175
0.319218
0.319263
0.319271
0.319294
0.319326
0.319353
0.319394
0.319420
0.319458
0.319460
0.319489
0.319512
0.319558
0.319560
0.319600
0.319637
0.319662
0.319705
0.319728
0.319782
0.319839
0.319871
0.319925
0.319967
0.320005
0.320062
0.320122
0.320160
0.320170
0.320218
0.320209
0.320265
0.320277
0.320324
0.320364
0.320370
0.320396
0.320417
0.320455
0.320501
0.320515
0.320539
0.320584
0.320647
0.320678
0.320691
0.320722
0.320757
0.320774
0.320823
0.320881
0.320906
0.320952
0.321009
0.321033
0.321085
0.321132
0.321162
0.321178
0.321247
0.321272
0.321327
0.321352
0.321384
0.321416
0.321452
0.321527
0.321587
0.321635
0.321660
0.321746
0.321789
0.321835
0.321864
0.321941
0.321964
0.321976
0.322036
0.322083
0.322121
0.322164
0.322177
0.322219
0.322268
0.322291
0.322326
0.322393
0.322410
0.322430
0.322446
0.322498
0.322529
0.322562
0.322624
0.322652
0.322662
0.322685
0.322724
0.322779
0.322786
0.322794
0.322817
0.322883
0.322916
0.322961
0.323016
0.323063
0.323101
0.323129
0.323171
0.323180
0.323211
0.323267
0.323373
0.323415
0.323416
0.323480
0.323489
0.323524
0.323543
0.323549
0.323577
0.323598
0.323627
0.323680
0.323693
0.323703
0.323716
0.323764
0.323787
0.323833
0.323858
0.323904
0.323946
0.323977
0.324020
0.324056
0.324098
0.324131
0.324193
0.324204
0.324240
0.324280
0.324310
0.324328
0.324341
0.324380
0.324392
0.324423
0.324446
0.324464
0.324491
0.324531
0.324553
0.324564
0.324591
0.324618
0.324642
0.324703
0.324733
0.324749
0.324780
0.324800
0.324867
0.324884
0.324923
0.324935
0.324985
0.325006
0.325045
0.325061
0.325081
0.325116
0.325126
0.325183
0.325214
0.325239
0.325274
0.325297
0.325335
0.325371
0.325388
0.325418
0.325428
0.325457
0.325474
0.325501
0.325542
0.325564
0.325574
0.325618
0.325681
0.325697
0.325707
0.325744
0.325765
0.325792
0.325846
0.325859
0.325894
0.325923
0.325962
0.326005
0.326056
0.326101
0.326173
0.326212
0.326233
0.326272
0.326324
0.326377
0.326395
0.326405
0.326445
0.326472
0.326515
0.326566
0.326599
0.326658
0.326680
0.326700
0.326724
0.326765
0.326807
0.326817
0.326837
0.326878
0.326929
0.326936
0.326966
0.326988
0.326993
0.327019
0.327059
0.327098
0.327123
0.327140
0.327165
0.327200
0.327233
0.327278
0.327309
0.327327
0.327352
0.327390
0.327412
0.327445
0.327486
0.327505
0.327546
0.327569
0.327598
0.327627
0.327644
0.327657
0.327719
0.327737
0.327768
0.327809
0.327852
0.327879
0.327904
0.327913
0.327951
0.327964
0.327996
0.328032
0.328070
0.328095
0.328107
0.328150
0.328173
0.328218
0.328240
0.328280
0.328311
0.328332
0.328356
0.328365
0.328408
0.328431
0.328489
0.328522
0.328538
0.328550
0.328584
0.328632
0.328677
0.328683
0.328689
0.328716
0.328735
0.328777
0.328818
0.328851
0.328878
0.328884
0.328894
0.328922
0.328975
0.328983
0.329006
0.329028
0.329053
0.329090
0.329143
0.329154
0.329176
0.329204
0.329232
0.329232
0.329248
0.329284
0.329296
0.329315
0.329351
0.329375
0.329394
0.329430
0.329467
0.329491
0.329501
0.329540
0.329563
0.329595
0.329609
0.329628
0.329636
0.329666
0.329708
0.329731
0.329748
0.329777
0.329822
0.329846
0.329878
0.329886
0.329909
0.329916
0.329942
0.329981
0.330002
0.330007
0.330015
0.330033
0.330064
0.330088
0.330104
0.330139
0.330171
0.330220
0.330272
0.330282
0.330301
0.330334
0.330360
0.330375
0.330412
0.330431
0.330452
0.330468
0.330497
0.330528
0.330551
0.330561
0.330602
0.330611
0.330634
0.330678
0.330711
0.330722
0.330735
0.330779
0.330778
0.330794
0.330825
0.330840
0.330876
0.330907
0.330918
0.330928
0.330945
0.330954
0.330973
0.331023
0.331032
0.331040
0.331063
0.331090
0.331096
0.331108
0.331135
0.331163
0.331204
0.331244
0.331275
0.331290
0.331322
0.331357
0.331383
0.331418
0.331446
0.331458
0.331479
0.331511
0.331527
0.331555
0.331578
0.331600
0.331620
0.331631
0.331657
0.331673
0.331679
0.331710
0.331749
0.331770
0.331789
0.331792
0.331827
0.331857
0.331873
0.331850
0.331863
0.331877
0.331890
0.331894
0.331919
0.331927
0.331960
0.331970
0.331997
0.332020
0.332030
0.332041
0.332070
0.332089
0.332110
0.332155
0.332181
0.332198
0.332215
0.332246
0.332269
0.332295
0.332301
0.332335
0.332356
0.332386
0.332417
0.332438
0.332467
0.332490
0.332538
0.332570
0.332585
0.332620
0.332646
0.332665
0.332684
0.332720
0.332750
0.332780
0.332806
0.332837
0.332844
0.332875
0.332894
0.332904
0.332916
0.332932
0.332955
0.332976
0.332990
0.333016
0.333062
0.333098
0.333120
0.333134
0.333139
0.333161
0.333174
0.333184
0.333227
0.333256
0.333295
0.333308
0.333310
0.333324
0.333339
0.333341
0.333361
0.333371
0.333389
0.333412
0.333459
0.333477
0.333510
0.333537
0.333573
0.333589
0.333615
0.333636
0.333650
0.333659
0.333673
0.333691
0.333703
0.333719
0.333748
0.333755
0.333774
0.333810
0.333829
0.333842
0.333860
0.333882
0.333912
0.333929
0.333937
0.333952
0.333964
0.333982
0.334007
0.334016
0.334032
0.334059
0.334075
0.334098
0.334122
0.334137
0.334163
0.334196
0.334212
0.334228
0.334232
0.334257
0.334281
0.334299
0.334299
0.334314
0.334321
0.334328
0.334350
0.334360
0.334375
0.334393
0.334408
0.334417
0.334438
0.334448
0.334463
0.334489
0.334523
0.334530
0.334543
0.334564
0.334584
0.334595
0.334620
0.334638
0.334651
0.334672
0.334684
0.334708
0.334734
0.334739
0.334759
0.334766
0.334783
0.334802
0.334819
0.334838
0.334857
0.334895
0.334911
0.334918
0.334929
0.334944
0.334967
0.334970
0.334981
0.334996
0.335003
0.335017
0.335036
0.335046
0.335048
0.335063
0.335071
0.335101
0.335140
0.335163
0.335168
0.335194
0.335218
0.335235
0.335254
0.335257
0.335270
0.335282
0.335291
0.335301
0.335328
0.335340
0.335363
0.335371
0.335386
0.335393
0.335404
0.335440
0.335452
0.335478
0.335505
0.335529
0.335549
0.335571
0.335580
0.335588
0.335609
0.335622
0.335638
0.335657
0.335686
0.335704
0.335712
0.335722
0.335734
0.335746
0.335759
0.335770
0.335794
0.335809
0.335836
0.335844
0.335869
0.335879
0.335894
0.335906
0.335921
0.335947
0.335951
0.335971
0.335996
0.336017
0.336039
0.336056
0.336073
0.336104
0.336128
0.336154
0.336170
0.336197
0.336221
0.336242
0.336246
0.336261
0.336270
0.336293
0.336310
0.336331
0.336379
0.336384
0.336396
0.336406
0.336422
0.336430
0.336445
0.336486
0.336515
0.336526
0.336529
0.336545
0.336561
0.336576
0.336589
0.336608
0.336613
0.336632
0.336641
0.336648
0.336680
0.336713
0.336718
0.336716
0.336734
0.336753
0.336761
0.336795
0.336814
0.336839
0.336877
0.336897
0.336923
0.336938
0.336948
0.336957
0.336967
0.336983
0.336996
0.337027
0.337055
0.337070
0.337075
0.337113
0.337127
0.337140
0.337152
0.337166
0.337172
0.337192
0.337198
0.337223
0.337233
0.337249
0.337271
0.337289
0.337317
0.337338
0.337359
0.337378
0.337399
0.337405
0.337409
0.337432
0.337455
0.337477
0.337485
0.337507
0.337545
0.337552
0.337576
0.337600
0.337610
0.337616
0.337625
0.337648
0.337656
0.337661
0.337667
0.337674
0.337705
0.337713
0.337733
0.337757
0.337776
0.337788
0.337808
0.337822
0.337823
0.337826
0.337868
0.337888
0.337899
0.337915
0.337937
0.337956
0.337969
0.337978
0.337997
0.338033
0.338051
0.338069
0.338082
0.338089
0.338092
0.338125
0.338130
0.338138
0.338159
0.338181
0.338205
0.338222
0.338245
0.338261
0.338277
0.338290
0.338292
0.338308
0.338325
0.338329
0.338330
0.338336
0.338370
0.338381
0.338390
0.338400
0.338424
0.338436
0.338459
0.338492
0.338500
0.338508
0.338525
0.338535
0.338552
0.338557
0.338572
0.338605
0.338617
0.338622
0.338638
0.338644
0.338662
0.338675
0.338686
0.338700
0.338718
0.338735
0.338740
0.338754
0.338770
0.338781
0.338803
0.338813
0.338817
0.338829
0.338840
0.338844
0.338865
0.338868
0.338877
0.338892
0.338930
0.338934
0.338961
0.338961
0.338966
0.338988
0.338995
0.339012
0.339011
0.339021
0.339060
0.339078
0.339097
0.339104
0.339113
0.339134
0.339180
0.339196
0.339219
0.339225
0.339254
0.339273
0.339295
0.339311
0.339353
0.339364
0.339376
0.339397
0.339410
0.339449
0.339467
0.339477
0.339501
0.339517
0.339534
0.339544
0.339551
0.339558
0.339571
0.339581
0.339596
0.339616
0.339628
0.339628
0.339652
0.339662
0.339692
0.339696
0.339712
0.339724
0.339727
0.339759
0.339784
0.339803
0.339810
0.339825
0.339843
0.339857
0.339877
0.339896
0.339936
0.339946
0.339958
0.339965
0.339977
0.339992
0.340003
0.340023
0.340056
0.340077
0.340084
0.340095
0.340115
0.340119
0.340137
0.340157
0.340171
0.340185
0.340192
0.340196
0.340215
0.340221
0.340244
0.340261
0.340307
0.340317
0.340316
0.340321
0.340329
0.340350
0.340356
0.340365
0.340379
0.340410
0.340420
0.340439
0.340461
0.340477
0.340480
0.340496
0.340508
0.340523
0.340553
0.340574
0.340600
0.340627
0.340643
0.340661
0.340673
0.340679
0.340689
0.340715
0.340727
0.340734
0.340737
0.340750
0.340752
0.340767
0.340799
0.340804
0.340821
0.340826
0.340841
0.340846
0.340858
0.340882
0.340896
0.340910
0.340940
0.340960
0.340967
0.340976
0.340983
0.341000
0.341028
0.341040
0.341057
0.341059
0.341074
0.341087
0.341120
0.341125
0.341147
0.341151
0.341197
0.341207
0.341212
0.341219
0.341221
0.341238
0.341249
0.341269
0.341281
0.341305
0.341338
0.341338
0.341351
0.341358
0.341366
0.341385
0.341408
0.341420
0.341419
0.341429
0.341446
0.341464
0.341474
0.341486
0.341509
0.341531
0.341545
0.341559
0.341571
0.341582
0.341592
0.341607
0.341635
0.341644
0.341650
0.341665
0.341696
0.341710
0.341727
0.341736
0.341749
0.341773
0.341785
0.341806
0.341809
0.341813
0.341841
0.341860
0.341873
0.341887
0.341903
0.341912
0.341925
0.341954
0.341973
0.341991
0.342006
0.342045
0.342053
0.342060
0.342068
0.342075
0.342103
0.342115
0.342126
0.342136
0.342144
0.342164
0.342181
0.342209
0.342221
0.342225
0.342250
0.342264
0.342275
0.342286
0.342293
0.342312
0.342318
0.342329
0.342334
0.342344
0.342367
0.342375
0.342385
0.342386
0.342391
0.342406
0.342450
0.342466
0.342470
0.342506
0.342524
0.342530
0.342543
0.342569
0.342595
0.342602
0.342612
0.342625
0.342631
0.342653
0.342675
0.342686
0.342706
0.342728
0.342752
0.342757
0.342772
0.342786
0.342798
0.342820
0.342830
0.342830
0.342839
0.342840
0.342850
0.342854
0.342868
0.342884
0.342889
0.342910
0.342924
0.342945
0.342961
0.342977
0.342999
0.343010
0.343034
0.343048
0.343058
0.343060
0.343064
0.343091
0.343113
0.343123
0.343135
0.343145
0.343144
0.343157
0.343174
0.343176
0.343179
0.343196
0.343207
0.343214
0.343223
0.343242
0.343257
0.343264
0.343266
0.343274
0.343278
0.343295
0.343306
0.343314
0.343323
0.343354
0.343366
0.343380
0.343388
0.343400
0.343402
0.343404
0.343414
0.343432
0.343448
0.343467
0.343482
0.343486
0.343494
0.343497
0.343501
0.343516
0.343533
0.343540
0.343543
0.343561
0.343565
0.343579
0.343588
0.343598
0.343617
0.343622
0.343651
0.343654
0.343658
0.343683
0.343705
0.343716
0.343723
0.343737
0.343758
0.343766
0.343801
0.343809
0.343821
0.343839
0.343845
0.343863
0.343884
0.343894
0.343898
0.343907
0.343925
0.343932
0.343943
0.343966
0.343972
0.343987
0.343993
0.344005
0.344003
0.344016
0.344028
0.344054
0.344059
0.344065
0.344083
0.344105
0.344111
0.344115
0.344118
0.344129
0.344135
0.344154
0.344165
0.344177
0.344183
0.344208
0.344210
0.344216
0.344232
0.344233
0.344245
0.344257
0.344270
0.344282
0.344296
0.344313
0.344326
0.344330
0.344334
0.344342
0.344356
0.344379
0.344389
0.344400
0.344408
0.344414
0.344425
0.344439
0.344458
0.344470
0.344478
0.344491
0.344502
0.344533
0.344544
0.344554
0.344565
0.344570
0.344582
0.344588
0.344599
0.344612
0.344626
0.344635
0.344661
0.344673
0.344688
0.344698
0.344716
0.344754
0.344770
0.344773
0.344785
0.344790
0.344797
0.344811
0.344831
0.344848
0.344850
0.344858
0.344863
0.344869
0.344885
0.344895
0.344910
0.344930
0.344946
0.344957
0.344957
0.344968
0.344981
0.344992
0.345003
0.344999
0.345017
0.345022
0.345040
0.345048
0.345068
0.345077
0.345091
0.345102
0.345114
0.345123
0.345136
0.345148
0.345152
0.345167
0.345169
0.345174
0.345179
0.345192
0.345208
0.345223
0.345229
0.345230
0.345234
0.345259
0.345281
0.345289
0.345292
0.345299
0.345311
0.345316
0.345327
0.345338
0.345345
0.345366
0.345380
0.345388
0.345410
0.345421
0.345430
0.345438
0.345440
0.345451
0.345464
0.345471
0.345477
0.345486
0.345495
0.345501
0.345515
0.345521
0.345527
0.345529
0.345538
0.345544
0.345547
0.345550
0.345558
0.345573
0.345584
0.345595
0.345603
0.345621
0.345639
0.345643
0.345652
0.345678
0.345695
0.345712
0.345721
0.345725
0.345738
0.345763
0.345779
0.345796
0.345802
0.345810
0.345826
0.345839
0.345843
0.345862
0.345871
0.345886
0.345896
0.345910
0.345930
0.345936
0.345938
0.345946
0.345954
0.345960
0.345977
0.345986
0.345995
0.346000
0.346012
0.346026
0.346035
0.346043
0.346053
0.346055
0.346061
0.346067
0.346068
0.346080
0.346096
0.346108
0.346115
0.346121
0.346127
0.346132
0.346138
0.346153
0.346161
0.346171
0.346177
0.346194
0.346195
0.346205
0.346212
0.346227
0.346232
0.346249
0.346259
0.346267
0.346289
0.346301
0.346312
0.346337
0.346349
0.346354
0.346361
0.346375
0.346384
0.346400
0.346409
0.346418
0.346433
0.346438
0.346457
0.346467
0.346475
0.346485
0.346491
0.346496
0.346511
0.346512
0.346528
0.346545
0.346546
0.346551
0.346561
0.346572
0.346580
0.346594
0.346604
0.346620
0.346628
0.346633
0.346636
0.346646
0.346657
0.346661
0.346669
0.346677
0.346685
0.346689
0.346697
0.346707
0.346709
0.346714
0.346727
0.346737
0.346741
0.346746
0.346753
0.346758
0.346766
0.346780
0.346782
0.346799
0.346805
0.346810
0.346819
0.346829
0.346835
0.346861
0.346868
0.346880
0.346888
0.346907
0.346917
0.346918
0.346924
0.346933
0.346935
0.346953
0.346955
0.346971
0.346981
0.346986
0.347002
0.347002
0.347018
0.347030
0.347033
0.347047
0.347052
0.347058
0.347064
0.347064
0.347073
0.347082
0.347085
0.347093
0.347100
0.347108
0.347111
0.347123
0.347151
0.347174
0.347180
0.347189
0.347197
0.347205
0.347213
0.347220
0.347234
0.347258
0.347273
0.347292
0.347310
0.347320
0.347330
0.347334
0.347348
0.347360
0.347361
0.347370
0.347378
0.347391
0.347399
0.347421
0.347423
0.347434
0.347438
0.347448
0.347453
0.347459
0.347461
0.347469
0.347481
0.347485
0.347498
0.347509
0.347518
0.347523
0.347538
0.347553
0.347560
0.347565
0.347570
0.347580
0.347590
0.347595
0.347617
0.347633
0.347637
0.347651
0.347658
0.347664
0.347674
0.347688
0.347699
0.347710
0.347713
0.347723
0.347737
0.347753
0.347761
0.347769
0.347773
0.347787
0.347792
0.347794
0.347810
0.347818
0.347831
0.347841
0.347852
0.347864
0.347872
0.347886
0.347895
0.347909
0.347924
0.347925
0.347930
0.347935
0.347944
0.347980
0.347984
0.347995
0.348007
0.348017
0.348035
0.348047
0.348055
0.348080
0.348090
0.348094
0.348107
0.348115
0.348128
0.348139
0.348151
0.348162
0.348167
0.348167
0.348168
0.348181
0.348187
0.348199
0.348224
0.348232
0.348255
0.348255
0.348260
0.348263
0.348272
0.348279
0.348290
0.348301
0.348311
0.348324
0.348335
0.348338
0.348354
0.348361
0.348361
0.348363
0.348375
0.348379
0.348381
0.348387
0.348400
0.348416
0.348430
0.348442
0.348451
0.348469
0.348475
0.348493
0.348505
0.348513
0.348520
0.348529
0.348531
0.348535
0.348541
0.348542
0.348544
0.348555
0.348564
0.348573
0.348586
0.348600
0.348604
0.348631
0.348643
0.348649
0.348664
0.348673
0.348680
0.348684
0.348690
0.348703
0.348708
0.348722
0.348732
0.348741
0.348750
0.348757
0.348773
0.348782
0.348790
0.348798
0.348805
0.348817
0.348819
0.348826
0.348828
0.348836
0.348841
0.348848
0.348852
0.348861
0.348883
0.348886
0.348890
0.348896
0.348906
0.348914
0.348922
0.348935
0.348943
0.348955
0.348973
0.348978
0.348986
0.348996
0.349008
0.349016
0.349030
0.349044
0.349052
0.349062
0.349080
0.349089
0.349096
0.349122
0.349130
0.349141
0.349150
0.349155
0.349168
0.349175
0.349186
0.349192
0.349206
0.349212
0.349218
0.349221
0.349235
0.349249
0.349254
0.349259
0.349267
0.349278
0.349294
0.349297
0.349300
0.349306
0.349309
0.349313
0.349318
0.349324
0.349331
0.349338
0.349344
0.349354
0.349367
0.349372
0.349381
0.349390
0.349393
0.349403
0.349418
0.349421
0.349436
0.349433
0.349442
0.349454
0.349454
0.349460
0.349475
0.349482
0.349492
0.349499
0.349517
0.349532
0.349539
0.349544
0.349552
0.349574
0.349590
0.349605
0.349613
0.349618
0.349619
0.349631
0.349640
0.349646
0.349659
0.349667
0.349675
0.349685
0.349696
0.349698
0.349701
0.349704
0.349709
0.349713
0.349725
0.349725
0.349735
0.349738
0.349752
0.349759
0.349775
0.349790
0.349793
0.349806
0.349809
0.349814
0.349821
0.349827
0.349830
0.349830
0.349839
0.349840
0.349861
0.349864
0.349867
0.349872
0.349877
0.349885
0.349888
0.349891
0.349895
0.349900
0.349911
0.349925
0.349930
0.349931
0.349945
0.349955
0.349963
0.349979
0.349995
0.350003
0.350008
0.350011
0.350024
0.350036
0.350042
0.350048
0.350055
0.350064
0.350073
0.350078
0.350087
0.350095
0.350103
0.350108
0.350120
0.350128
0.350132
0.350142
0.350146
0.350169
0.350172
0.350179
0.350187
0.350186
0.350196
0.350205
0.350209
0.350222
0.350232
0.350232
0.350241
0.350249
0.350253
0.350253
0.350264
0.350269
0.350278
0.350289
0.350309
0.350314
0.350321
0.350335
0.350341
0.350342
0.350353
0.350356
0.350362
0.350374
0.350386
0.350396
0.350398
0.350399
0.350403
0.350408
0.350418
0.350423
0.350432
0.350433
0.350439
0.350441
0.350452
0.350455
0.350461
0.350469
0.350471
0.350481
0.350496
0.350499
0.350503
0.350515
0.350518
0.350531
0.350540
0.350551
0.350563
0.350575
0.350578
0.350586
0.350591
0.350597
0.350602
0.350619
0.350626
0.350630
0.350638
0.350644
0.350646
0.350653
0.350659
0.350664
0.350675
0.350685
0.350695
0.350697
0.350704
0.350711
0.350720
0.350738
0.350761
0.350774
0.350784
0.350794
0.350795
0.350804
0.350814
0.350824
0.350846
0.350852
0.350853
0.350853
0.350864
0.350869
0.350874
0.350881
0.350888
0.350894
0.350898
0.350901
0.350902
0.350901
0.350916
0.350934
0.350940
0.350943
0.350948
0.350963
0.350972
0.350973
0.350983
0.351006
0.351011
0.351017
0.351021
0.351029
0.351043
0.351045
0.351054
0.351058
0.351065
0.351076
0.351084
0.351093
0.351097
0.351105
0.351116
0.351127
0.351143
0.351160
0.351173
0.351178
0.351186
0.351187
0.351204
0.351212
0.351217
0.351223
0.351244
0.351267
0.351277
0.351295
0.351304
0.351317
0.351321
0.351330
0.351336
0.351343
0.351358
0.351364
0.351384
0.351384
0.351392
0.351387
0.351405
0.351408
0.351410
0.351420
0.351436
0.351441
0.351451
0.351452
0.351462
0.351466
0.351476
0.351485
0.351497
0.351498
0.351508
0.351515
0.351523
0.351523
0.351523
0.351526
0.351535
0.351537
0.351543
0.351550
0.351554
0.351559
0.351578
0.351586
0.351597
0.351608
0.351610
0.351620
0.351632
0.351643
0.351650
0.351658
0.351661
0.351675
0.351679
0.351686
0.351691
0.351691
0.351704
0.351706
0.351714
0.351720
0.351735
0.351741
0.351741
0.351744
0.351750
0.351754
0.351767
0.351767
0.351773
0.351778
0.351785
0.351794
0.351803
0.351817
0.351844
0.351846
0.351862
0.351874
0.351880
0.351900
0.351907
0.351917
0.351920
0.351924
0.351932
0.351937
0.351883
0.351890
0.351892
0.351895
0.351897
0.351911
0.351926
0.351932
0.351933
0.351940
0.351951
0.351958
0.351964
0.351977
0.351983
0.351982
0.351991
0.351995
0.352007
0.352012
0.352013
0.352024
0.352029
0.352036
0.352037
0.352041
0.352045
0.352056
0.352059
0.352072
0.352076
0.352091
0.352101
0.352113
0.352117
0.352128
0.352140
0.352148
0.352157
0.352167
0.352179
0.352181
0.352192
0.352201
0.352208
0.352219
0.352234
0.352236
0.352243
0.352245
0.352258
0.352265
0.352275
0.352280
0.352285
0.352290
0.352291
0.352291
0.352295
0.352302
0.352310
0.352311
0.352320
0.352326
0.352326
0.352336
0.352343
0.352356
0.352363
0.352381
0.352388
0.352392
0.352403
0.352414
0.352417
0.352427
0.352434
0.352454
0.352457
0.352466
0.352469
0.352473
0.352479
0.352485
0.352486
0.352490
0.352496
0.352507
0.352511
0.352521
0.352526
0.352532
0.352540
0.352542
0.352556
0.352564
0.352567
0.352570
0.352581
0.352588
0.352597
0.352600
0.352608
0.352617
0.352618
0.352626
0.352631
0.352640
0.352640
0.352650
0.352663
0.352650
0.352667
0.352679
0.352688
0.352704
0.352714
0.352719
0.352729
0.352737
0.352745
0.352755
0.352765
0.352767
0.352772
0.352780
0.352786
0.352789
0.352794
0.352806
0.352816
0.352817
0.352823
0.352836
0.352832
0.352844
0.352849
0.352850
0.352867
0.352879
0.352882
0.352888
0.352896
0.352908
0.352914
0.352920
0.352930
0.352935
0.352934
0.352937
0.352943
0.352959
0.352963
0.352965
0.352976
0.352976
0.352979
0.352983
0.352986
0.352995
0.353006
0.353020
0.353023
0.353036
0.353047
0.353049
0.353052
0.353065
0.353070
0.353071
0.353077
0.353082
0.353087
0.353094
0.353099
0.353099
0.353102
0.353106
0.353112
0.353125
0.353125
0.353130
0.353132
0.353137
0.353140
0.353151
0.353166
0.353172
0.353175
0.353183
0.353194
0.353204
0.353210
0.353228
0.353241
0.353246
0.353253
0.353256
0.353261
0.353262
0.353273
0.353286
0.353295
0.353296
0.353306
0.353318
0.353325
0.353338
0.353347
0.353350
0.353355
0.353365
0.353372
0.353379
0.353386
0.353392
0.353397
0.353401
0.353402
0.353408
0.353412
0.353421
0.353426
0.353429
0.353432
0.353445
0.353456
0.353466
0.353469
0.353478
0.353479
0.353491
0.353508
0.353510
0.353519
0.353524
0.353537
0.353539
0.353545
0.353545
0.353555
0.353566
0.353572
0.353579
0.353580
0.353592
0.353591
0.353597
0.353605
0.353618
0.353627
0.353640
0.353647
0.353657
0.353660
0.353666
0.353670
0.353683
0.353692
0.353698
0.353711
0.353718
0.353727
0.353732
0.353736
0.353742
0.353745
0.353753
0.353758
0.353763
0.353773
0.353780
0.353782
0.353784
0.353786
0.353798
0.353799
0.353802
0.353815
0.353827
0.353832
0.353845
0.353852
0.353854
0.353866
0.353868
0.353881
0.353887
0.353909
0.353912
0.353914
0.353925
0.353934
0.353945
0.353951
0.353955
0.353969
0.353971
0.353977
0.353986
0.353989
0.353996
0.354000
0.354004
0.354009
0.354009
0.354018
0.354024
0.354026
0.354031
0.354037
0.354043
0.354045
0.354053
0.354054
0.354063
0.354066
0.354073
0.354073
0.354078
0.354090
0.354096
0.354106
0.354120
0.354126
0.354126
0.354131
0.354134
0.354145
0.354154
0.354169
0.354173
0.354181
0.354188
0.354197
0.354209
0.354214
0.354219
0.354227
0.354230
0.354238
0.354241
0.354251
0.354254
0.354263
0.354265
0.354274
0.354278
0.354280
0.354286
0.354295
0.354306
0.354314
0.354319
0.354334
0.354337
0.354346
0.354350
0.354353
0.354367
0.354367
0.354370
0.354375
0.354378
0.354383
0.354389
0.354398
0.354413
0.354417
0.354423
0.354438
0.354446
0.354455
0.354464
0.354469
0.354471
0.354477
0.354486
0.354487
0.354494
0.354501
0.354503
0.354509
0.354517
0.354520
0.354528
0.354533
0.354538
0.354540
0.354548
0.354549
0.354550
0.354560
0.354566
0.354568
0.354568
0.354583
0.354594
0.354598
0.354601
0.354604
0.354611
0.354618
0.354619
0.354623
0.354633
0.354635
0.354646
0.354648
0.354662
0.354668
0.354678
0.354688
0.354691
0.354693
0.354698
0.354707
0.354711
0.354723
0.354725
0.354729
0.354740
0.354748
0.354750
0.354763
0.354772
0.354777
0.354777
0.354782
0.354794
0.354797
0.354809
0.354811
0.354812
0.354821
0.354836
0.354837
0.354841
0.354844
0.354847
0.354850
0.354856
0.354864
0.354866
0.354867
0.354873
0.354875
0.354879
0.354885
0.354899
0.354906
0.354909
0.354914
0.354922
0.354927
0.354929
0.354933
0.354933
0.354935
0.354943
0.354948
0.354951
0.354954
0.354952
0.354955
0.354963
0.354968
0.354977
0.354982
0.354987
0.355000
0.355000
0.355006
0.355010
0.355015
0.355026
0.355041
0.355051
0.355060
0.355062
0.355066
0.355070
0.355077
0.355089
0.355099
0.355105
0.355107
0.355119
0.355125
0.355132
0.355140
0.355146
0.355150
0.355155
0.355159
0.355164
0.355168
0.355169
0.355187
0.355189
0.355194
0.355196
0.355202
0.355203
0.355215
0.355220
0.355217
0.355222
0.355227
0.355232
0.355236
0.355245
0.355253
0.355253
0.355264
0.355281
0.355282
0.355294
0.355315
0.355322
0.355320
0.355326
0.355334
0.355339
0.355344
0.355346
0.355358
0.355365
0.355372
0.355375
0.355396
0.355397
0.355410
0.355418
0.355423
0.355430
0.355433
0.355438
0.355442
0.355446
0.355458
0.355461
0.355464
0.355466
0.355478
0.355485
0.355494
0.355494
0.355495
0.355503
0.355506
0.355506
0.355516
0.355524
0.355525
0.355526
0.355532
0.355537
0.355545
0.355547
0.355549
0.355554
0.355555
0.355567
0.355573
0.355583
0.355587
0.355588
0.355594
0.355594
0.355599
0.355605
0.355609
0.355617
0.355623
0.355640
0.355648
0.355651
0.355653
0.355660
0.355672
0.355674
0.355684
0.355684
0.355691
0.355702
0.355701
0.355714
0.355715
0.355725
0.355734
0.355733
0.355736
0.355742
0.355752
0.355761
0.355766
0.355768
0.355774
0.355775
0.355775
0.355785
0.355786
0.355787
0.355796
0.355804
0.355807
0.355814
0.355817
0.355823
0.355829
0.355830
0.355833
0.355838
0.355840
0.355842
0.355846
0.355858
0.355859
0.355866
0.355867
0.355877
0.355881
0.355890
0.355894
0.355897
0.355904
0.355906
0.355915
0.355921
0.355924
0.355931
0.355936
0.355939
0.355941
0.355947
0.355949
0.355951
0.355952
0.355958
0.355962
0.355964
0.355975
0.355978
0.355984
0.355988
0.355989
0.355994
0.355997
0.356002
0.356016
0.356018
0.356019
0.356021
0.356030
0.356035
0.356044
0.356045
0.356049
0.356048
0.356050
0.356056
0.356067
0.356070
0.356078
0.356083
0.356087
0.356095
0.356100
0.356107
0.356113
0.356126
0.356132
0.356147
0.356158
0.356159
0.356161
0.356169
0.356173
0.356173
0.356176
0.356181
0.356188
0.356191
0.356196
0.356202
0.356210
0.356214
0.356223
0.356229
0.356251
0.356261
0.356262
0.356269
0.356281
0.356284
0.356288
0.356291
0.356300
0.356304
0.356307
0.356314
0.356320
0.356323
0.356329
0.356332
0.356334
0.356342
0.356344
0.356350
0.356353
0.356356
0.356359
0.356360
0.356365
0.356375
0.356380
0.356385
0.356389
0.356391
0.356393
0.356402
0.356405
0.356410
0.356416
0.356420
0.356434
0.356446
0.356448
0.356457
0.356461
0.356469
0.356475
0.356481
0.356488
0.356492
0.356492
0.356500
0.356505
0.356508
0.356516
0.356525
0.356528
0.356530
0.356535
0.356542
0.356547
0.356550
0.356558
0.356559
0.356562
0.356564
0.356566
0.356567
0.356570
0.356576
0.356586
0.356589
0.356596
0.356604
0.356614
0.356618
0.356627
0.356640
0.356641
0.356657
0.356662
0.356668
0.356670
0.356672
0.356678
0.356686
0.356693
0.356695
0.356695
0.356700
0.356709
0.356720
0.356724
0.356729
0.356730
0.356734
0.356751
0.356753
0.356755
0.356761
0.356768
0.356773
0.356776
0.356784
0.356793
0.356800
0.356806
0.356809
0.356813
0.356816
0.356822
0.356825
0.356831
0.356836
0.356837
0.356846
0.356848
0.356859
0.356862
0.356863
0.356871
0.356880
0.356886
0.356889
0.356897
0.356902
0.356906
0.356923
0.356927
0.356928
0.356930
0.356940
0.356944
0.356946
0.356952
0.356955
0.356960
0.356960
0.356966
0.356967
0.356971
0.356970
0.356972
0.356978
0.356985
0.356988
0.356991
0.357005
0.357008
0.357016
0.357016
0.357020
0.357024
0.357029
0.357041
0.357042
0.357044
0.357046
0.357051
0.357052
0.357055
0.357064
0.357067
0.357078
0.357080
0.357090
0.357097
0.357097
0.357113
0.357120
0.357126
0.357132
0.357150
0.357154
0.357161
0.357163
0.357165
0.357168
0.357176
0.357181
0.357184
0.357188
0.357195
0.357196
0.357200
0.357202
0.357208
0.357215
0.357224
0.357234
0.357241
0.357247
0.357254
0.357252
0.357259
0.357268
0.357274
0.357280
0.357282
0.357286
0.357292
0.357293
0.357302
0.357308
0.357315
0.357322
0.357323
0.357329
0.357331
0.357331
0.357339
0.357342
0.357345
0.357348
0.357355
0.357356
0.357356
0.357359
0.357363
0.357374
0.357376
0.357381
0.357388
0.357391
0.357396
0.357398
0.357403
0.357409
0.357424
0.357425
0.357432
0.357433
0.357439
0.357441
0.357444
0.357449
0.357449
0.357453
0.357457
0.357460
0.357460
0.357464
0.357467
0.357471
0.357481
0.357499
0.357500
0.357509
0.357513
0.357521
0.357526
0.357538
0.357547
0.357548
0.357555
0.357561
0.357568
0.357577
0.357581
0.357582
0.357586
0.357589
0.357598
0.357602
0.357606
0.357609
0.357614
0.357627
0.357629
0.357631
0.357641
0.357645
0.357648
0.357651
0.357650
0.357655
0.357665
0.357668
0.357677
0.357679
0.357679
0.357687
0.357692
0.357698
0.357704
0.357704
0.357710
0.357711
0.357713
0.357711
0.357724
0.357729
0.357733
0.357736
0.357737
0.357744
0.357750
0.357759
0.357770
0.357777
0.357779
0.357783
0.357788
0.357793
0.357805
0.357815
0.357822
0.357837
0.357842
0.357850
0.357856
0.357859
0.357861
0.357867
0.357865
0.357868
0.357871
0.357879
0.357890
0.357892
0.357891
0.357896
0.357898
0.357899
0.357903
0.357909
0.357912
0.357913
0.357917
0.357925
0.357934
0.357933
0.357934
0.357943
0.357947
0.357948
0.357953
0.357955
0.357956
0.357955
0.357960
0.357964
0.357965
0.357973
0.357980
0.357984
0.357986
0.357987
0.357989
0.357991
0.357994
0.357998
0.358000
0.358006
0.358008
0.358010
0.358019
0.358022
0.358031
0.358041
0.358041
0.358045
0.358052
0.358057
0.358058
0.358065
0.358065
0.358064
0.358071
0.358078
0.358084
0.358091
0.358097
0.358101
0.358112
0.358113
0.358116
0.358117
0.358123
0.358124
0.358127
0.358138
0.358140
0.358141
0.358147
0.358156
0.358158
0.358159
0.358165
0.358175
0.358178
0.358186
0.358193
0.358201
0.358202
0.358208
0.358209
0.358220
0.358223
0.358237
0.358240
0.358241
0.358245
0.358250
0.358257
0.358259
0.358261
0.358265
0.358271
0.358272
0.358277
0.358283
0.358284
0.358289
0.358292
0.358295
0.358299
0.358305
0.358316
0.358323
0.358327
0.358329
0.358336
0.358339
0.358341
0.358339
0.358350
0.358354
0.358361
0.358377
0.358384
0.358387
0.358394
0.358397
0.358397
0.358399
0.358397
0.358408
0.358417
0.358422
0.358429
0.358430
0.358433
0.358433
0.358442
0.358450
0.358455
0.358461
0.358468
0.358476
0.358477
0.358480
0.358486
0.358492
0.358497
0.358499
0.358503
0.358504
0.358506
0.358508
0.358509
0.358518
0.358521
0.358524
0.358527
0.358532
0.358535
0.358551
0.358554
0.358562
0.358564
0.358573
0.358573
0.358576
0.358576
0.358588
0.358595
0.358598
0.358603
0.358604
0.358605
0.358606
0.358617
0.358626
0.358630
0.358631
0.358634
0.358644
0.358645
0.358655
0.358655
0.358659
0.358662
0.358665
0.358667
0.358672
0.358676
0.358677
0.358682
0.358689
0.358698
0.358699
0.358699
0.358700
0.358700
0.358703
0.358708
0.358712
0.358716
0.358720
0.358732
0.358733
0.358738
0.358745
0.358753
0.358754
0.358757
0.358757
0.358760
0.358776
0.358780
0.358781
0.358781
0.358786
0.358787
0.358797
0.358795
0.358799
0.358803
0.358808
0.358810
0.358814
0.358820
0.358821
0.358828
0.358829
0.358832
0.358832
0.358840
0.358841
0.358847
0.358851
0.358854
0.358859
0.358862
0.358865
0.358872
0.358874
0.358876
0.358874
0.358878
0.358878
0.358883
0.358896
0.358906
0.358909
0.358910
0.358916
0.358917
0.358924
0.358927
0.358929
0.358930
0.358941
0.358941
0.358950
0.358957
0.358958
0.358960
0.358962
0.358967
0.358970
0.358973
0.358978
0.358982
0.358982
0.358988
0.358995
0.359004
0.359006
0.359010
0.359014
0.359017
0.359018
0.359019
0.359026
0.359038
0.359039
0.359043
0.359058
0.359065
0.359072
0.359071
0.359077
0.359077
0.359079
0.359079
0.359081
0.359087
0.359095
0.359102
0.359107
0.359110
0.359112
0.359115
0.359121
0.359127
0.359135
0.359135
0.359138
0.359147
0.359153
0.359158
0.359166
0.359167
0.359177
0.359178
0.359185
0.359191
0.359191
0.359200
0.359205
0.359208
0.359212
0.359216
0.359226
0.359231
0.359237
0.359241
0.359243
0.359244
0.359246
0.359247
0.359258
0.359262
0.359262
0.359262
0.359265
0.359275
0.359276
0.359276
0.359282
0.359283
0.359287
0.359288
0.359288
0.359293
0.359296
0.359301
0.359302
0.359302
0.359304
0.359306
0.359308
0.359317
0.359319
0.359320
0.359325
0.359325
0.359334
0.359340
0.359345
0.359353
0.359356
0.359363
0.359364
0.359366
0.359371
0.359373
0.359377
0.359378
0.359390
0.359396
0.359398
0.359401
0.359409
0.359413
0.359416
0.359417
0.359420
0.359420
0.359428
0.359437
0.359439
0.359449
0.359455
0.359458
0.359463
0.359467
0.359472
0.359473
0.359478
0.359478
0.359478
0.359478
0.359487
0.359489
0.359497
0.359501
0.359505
0.359505
0.359511
0.359516
0.359524
0.359529
0.359536
0.359536
0.359541
0.359544
0.359549
0.359556
0.359558
0.359567
0.359584
0.359586
0.359587
0.359590
0.359591
0.359599
0.359600
0.359602
0.359605
0.359609
0.359615
0.359617
0.359622
0.359627
0.359632
0.359633
0.359638
0.359639
0.359641
0.359644
0.359648
0.359650
0.359655
0.359663
0.359660
0.359661
0.359668
0.359672
0.359678
0.359685
0.359686
0.359689
0.359690
0.359693
0.359694
0.359696
0.359702
0.359708
0.359714
0.359716
0.359720
0.359728
0.359729
0.359743
0.359744
0.359744
0.359749
0.359753
0.359760
0.359766
0.359768
0.359768
0.359769
0.359772
0.359777
0.359785
0.359786
0.359791
0.359799
0.359807
0.359822
0.359826
0.359828
0.359828
0.359834
0.359842
0.359852
0.359852
0.359859
0.359861
0.359863
0.359862
0.359863
0.359871
0.359883
0.359887
0.359892
0.359897
0.359901
0.359903
0.359904
0.359905
0.359909
0.359912
0.359914
0.359918
0.359927
0.359931
0.359936
0.359941
0.359943
0.359943
0.359950
0.359951
0.359957
0.359960
0.359969
0.359974
0.359981
0.359982
0.359985
0.359992
0.360002
0.360005
0.360011
0.360013
0.360016
0.360023
0.360026
0.360028
0.360028
0.360028
0.360029
0.360035
0.360045
0.360050
0.360054
0.360050
0.360053
0.360063
0.360066
0.360067
0.360070
0.360073
0.360080
0.360086
0.360093
0.360101
0.360108
0.360114
0.360116
0.360118
0.360125
0.360135
0.360138
0.360142
0.360150
0.360152
0.360164
0.360159
0.360161
0.360162
0.360163
0.360165
0.360180
0.360180
0.360181
0.360190
0.360199
0.360204
0.360209
0.360213
0.360217
0.360226
0.360231
0.360235
0.360243
0.360246
0.360247
0.360257
0.360267
0.360270
0.360274
0.360275
0.360279
0.360285
0.360289
0.360291
0.360291
0.360300
0.360302
0.360309
0.360312
0.360314
0.360319
0.360325
0.360327
0.360328
0.360333
0.360336
0.360340
0.360340
0.360343
0.360346
0.360350
0.360356
0.360367
0.360367
0.360369
0.360382
0.360385
0.360390
0.360402
0.360403
0.360406
0.360408
0.360409
0.360413
0.360419
0.360420
0.360425
0.360429
0.360436
0.360441
0.360444
0.360447
0.360447
0.360450
0.360451
0.360454
0.360455
0.360457
0.360457
0.360460
0.360460
0.360460
0.360465
0.360465
0.360466
0.360469
0.360473
0.360484
0.360486
0.360490
0.360491
0.360494
0.360495
0.360499
0.360505
0.360505
0.360506
0.360511
0.360515
0.360523
0.360525
0.360532
0.360537
0.360539
0.360544
0.360547
0.360556
0.360561
0.360573
0.360574
0.360579
0.360579
0.360585
0.360589
0.360590
0.360589
0.360599
0.360604
0.360607
0.360616
0.360619
0.360619
0.360623
0.360625
0.360636
0.360641
0.360648
0.360653
0.360660
0.360661
0.360662
0.360669
0.360671
0.360673
0.360678
0.360681
0.360683
0.360689
0.360693
0.360694
0.360699
0.360700
0.360702
0.360708
0.360712
0.360716
0.360719
0.360722
0.360726
0.360727
0.360728
0.360732
0.360735
0.360735
0.360742
0.360747
0.360749
0.360752
0.360753
0.360753
0.360760
0.360770
0.360775
0.360785
0.360793
0.360803
0.360816
0.360822
0.360829
0.360830
0.360832
0.360836
0.360838
0.360845
0.360845
0.360849
0.360852
0.360855
0.360860
0.360865
0.360865
0.360868
0.360874
0.360883
0.360892
0.360899
0.360900
0.360901
0.360905
0.360906
0.360911
0.360910
0.360917
0.360920
0.360921
0.360922
0.360932
0.360937
0.360937
0.360943
0.360944
0.360954
0.360956
0.360959
0.360963
0.360968
0.360968
0.360971
0.360971
0.360976
0.360981
0.360985
0.360990
0.360993
0.360994
0.360996
0.361000
0.361000
0.361002
0.361003
0.361006
0.361008
0.361011
0.361014
0.361016
0.361019
0.361023
0.361033
0.361038
0.361040
0.361045
0.361048
0.361049
0.361052
0.361056
0.361062
0.361069
0.361071
0.361077
0.361079
0.361080
0.361086
0.361089
0.361097
0.361100
0.361102
0.361100
0.361102
0.361111
0.361113
0.361116
0.361118
0.361120
0.361121
0.361121
0.361122
0.361123
0.361126
0.361132
0.361134
0.361141
0.361142
0.361146
0.361148
0.361154
0.361156
0.361157
0.361160
0.361164
0.361165
0.361168
0.361176
0.361180
0.361181
0.361184
0.361189
0.361193
0.361197
0.361205
0.361207
0.361210
0.361211
0.361221
0.361224
0.361226
0.361230
0.361233
0.361233
0.361233
0.361235
0.361237
0.361239
0.361240
0.361243
0.361246
0.361245
0.361246
0.361249
0.361249
0.361257
0.361260
0.361262
0.361268
0.361272
0.361272
0.361270
0.361274
0.361280
0.361288
0.361299
0.361302
0.361305
0.361306
0.361310
0.361317
0.361317
0.361319
0.361323
0.361335
0.361338
0.361340
0.361345
0.361350
0.361353
0.361356
0.361361
0.361364
0.361366
0.361370
0.361372
0.361374
0.361375
0.361378
0.361385
0.361386
0.361386
0.361397
0.361398
0.361405
0.361409
0.361413
0.361414
0.361420
0.361424
0.361426
0.361426
0.361429
0.361430
0.361433
0.361435
0.361442
0.361447
0.361456
0.361459
0.361460
0.361464
0.361471
0.361477
0.361481
0.361483
0.361484
0.361493
0.361495
0.361499
0.361502
0.361504
0.361504
0.361504
0.361507
0.361507
0.361509
0.361511
0.361515
0.361516
0.361523
0.361525
0.361529
0.361532
0.361534
0.361534
0.361539
0.361546
0.361546
0.361559
0.361569
0.361576
0.361580
0.361582
0.361587
0.361593
0.361596
0.361599
0.361605
0.361605
0.361608
0.361617
0.361621
0.361624
0.361625
0.361631
0.361632
0.361637
0.361641
0.361646
0.361647
0.361649
0.361651
0.361653
0.361659
0.361661
0.361668
0.361671
0.361674
0.361679
0.361682
0.361688
0.361694
0.361695
0.361695
0.361699
0.361704
0.361708
0.361713
0.361720
0.361728
0.361731
0.361734
0.361735
0.361739
0.361750
0.361754
0.361765
0.361771
0.361773
0.361774
0.361775
0.361780
0.361781
0.361786
0.361788
0.361793
0.361796
0.361799
0.361799
0.361806
0.361811
0.361815
0.361817
0.361820
0.361821
0.361824
0.361829
0.361833
0.361837
0.361840
0.361842
0.361843
0.361848
0.361853
0.361856
0.361861
0.361863
0.361865
0.361870
0.361870
0.361877
0.361869
0.361875
0.361879
0.361886
0.361891
0.361897
0.361903
0.361905
0.361906
0.361907
0.361915
0.361915
0.361924
0.361929
0.361930
0.361931
0.361935
0.361935
0.361937
0.361944
0.361950
0.361952
0.361956
0.361959
0.361961
0.361967
0.361968
0.361968
0.361971
0.361980
0.361985
0.361988
0.361992
0.361996
0.362001
0.362001
0.362005
0.362008
0.362013
0.362016
0.362026
0.362027
0.362029
0.362031
0.362034
0.362038
0.362041
0.362046
0.362049
0.362049
0.362050
0.362054
0.362056
0.362064
0.362064
0.362065
0.362067
0.362071
0.362074
0.362076
0.362080
0.362083
0.362084
0.362084
0.362085
0.362088
0.362096
0.362096
0.362101
0.362105
0.362106
0.362110
0.362114
0.362126
0.362129
0.362135
0.362141
0.362144
0.362144
0.362146
0.362147
0.362149
0.362151
0.362153
0.362155
0.362160
0.362160
0.362161
0.362165
0.362175
0.362180
0.362183
0.362188
0.362188
0.362192
0.362198
0.362202
0.362203
0.362210
0.362212
0.362219
0.362220
0.362222
0.362223
0.362227
0.362231
0.362231
0.362232
0.362238
0.362241
0.362243
0.362244
0.362246
0.362248
0.362250
0.362250
0.362255
0.362261
0.362265
0.362267
0.362272
0.362285
0.362285
0.362289
0.362291
0.362296
0.362305
0.362307
0.362307
0.362312
0.362314
0.362317
0.362322
0.362325
0.362327
0.362333
0.362343
0.362347
0.362351
0.362356
0.362366
0.362371
0.362380
0.362381
0.362386
0.362389
0.362395
0.362396
0.362399
0.362402
0.362405
0.362407
0.362407
0.362410
0.362415
0.362418
0.362418
0.362424
0.362427
0.362430
0.362435
0.362436
0.362442
0.362442
0.362446
0.362446
0.362448
0.362450
0.362452
0.362461
0.362463
0.362466
0.362469
0.362472
0.362473
0.362475
0.362477
0.362479
0.362482
0.362482
0.362483
0.362486
0.362492
0.362494
0.362495
0.362495
0.362497
0.362499
0.362505
0.362506
0.362512
0.362517
0.362524
0.362525
0.362526
0.362531
0.362534
0.362538
0.362541
0.362545
0.362548
0.362552
0.362559
0.362562
0.362567
0.362571
0.362576
0.362578
0.362586
0.362593
0.362601
0.362604
0.362608
0.362612
0.362622
0.362628
0.362630
0.362632
0.362636
0.362639
0.362646
0.362649
0.362651
0.362655
0.362657
0.362662
0.362664
0.362669
0.362670
0.362672
0.362676
0.362685
0.362689
0.362692
0.362693
0.362700
0.362706
0.362713
0.362725
0.362731
0.362733
0.362734
0.362741
0.362749
0.362754
0.362757
0.362760
0.362764
0.362765
0.362768
0.362774
0.362776
0.362779
0.362779
0.362780
0.362781
0.362789
0.362789
0.362789
0.362792
0.362798
0.362799
0.362800
0.362804
0.362805
0.362809
0.362813
0.362814
0.362815
0.362816
0.362821
0.362827
0.362830
0.362832
0.362832
0.362841
0.362843
0.362843
0.362845
0.362848
0.362851
0.362851
0.362853
0.362859
0.362866
0.362871
0.362873
0.362882
0.362892
0.362893
0.362900
0.362899
0.362902
0.362903
0.362904
0.362908
0.362913
0.362915
0.362920
0.362922
0.362925
0.362928
0.362933
0.362937
0.362941
0.362954
0.362958
0.362962
0.362965
0.362969
0.362972
0.362984
0.362987
0.362989
0.362996
0.362998
0.363004
0.363014
0.363013
0.363019
0.363031
0.363034
0.363035
0.363036
0.363039
0.363041
0.363048
0.363056
0.363060
0.363059
0.363063
0.363066
0.363066
0.363069
0.363070
0.363071
0.363077
0.363078
0.363080
0.363082
0.363083
0.363086
0.363091
0.363091
0.363097
0.363098
0.363106
0.363109
0.363110
0.363112
0.363117
0.363123
0.363128
0.363131
0.363140
0.363143
0.363144
0.363146
0.363147
0.363150
0.363154
0.363159
0.363164
0.363167
0.363172
0.363173
0.363174
0.363177
0.363181
0.363185
0.363190
0.363195
0.363196
0.363199
0.363200
0.363203
0.363203
0.363207
0.363211
0.363217
0.363218
0.363226
0.363237
0.363241
0.363245
0.363247
0.363249
0.363252
0.363254
0.363258
0.363259
0.363259
0.363262
0.363272
0.363275
0.363278
0.363278
0.363286
0.363290
0.363294
0.363299
0.363306
0.363308
0.363308
0.363309
0.363311
0.363315
0.363322
0.363332
0.363339
0.363339
0.363342
0.363349
0.363357
0.363358
0.363362
0.363369
0.363370
0.363373
0.363375
0.363376
0.363377
0.363382
0.363389
0.363389
0.363394
0.363396
0.363397
0.363400
0.363406
0.363412
0.363415
0.363420
0.363421
0.363422
0.363426
0.363431
0.363438
0.363442
0.363445
0.363447
0.363448
0.363451
0.363453
0.363459
0.363464
0.363466
0.363469
0.363473
0.363474
0.363476
0.363476
0.363486
0.363489
0.363499
0.363503
0.363501
0.363502
0.363503
0.363513
0.363518
0.363522
0.363526
0.363534
0.363541
0.363544
0.363553
0.363560
0.363562
0.363564
0.363565
0.363571
0.363573
0.363575
0.363578
0.363584
0.363585
0.363589
0.363588
0.363590
0.363595
0.363597
0.363604
0.363611
0.363613
0.363615
0.363616
0.363617
0.363619
0.363623
0.363624
0.363624
0.363623
0.363624
0.363625
0.363626
0.363632
0.363632
0.363634
0.363634
0.363637
0.363637
0.363637
0.363637
0.363639
0.363642
0.363646
0.363649
0.363650
0.363654
0.363656
0.363660
0.363663
0.363662
0.363666
0.363669
0.363669
0.363673
0.363676
0.363676
0.363679
0.363679
0.363681
0.363688
0.363690
0.363692
0.363692
0.363697
0.363704
0.363708
0.363709
0.363713
0.363720
0.363720
0.363721
0.363726
0.363730
0.363731
0.363732
0.363738
0.363743
0.363744
0.363747
0.363748
0.363748
0.363755
0.363755
0.363757
0.363759
0.363764
0.363765
0.363767
0.363780
0.363781
0.363782
0.363784
0.363790
0.363793
0.363797
0.363800
0.363801
0.363809
0.363813
0.363813
0.363814
0.363816
0.363817
0.363821
0.363827
0.363829
0.363832
0.363836
0.363839
0.363845
0.363849
0.363855
0.363857
0.363861
0.363862
0.363865
0.363869
0.363874
0.363886
0.363888
0.363891
0.363892
0.363893
0.363898
0.363902
0.363902
0.363904
0.363904
0.363908
0.363911
0.363913
0.363914
0.363914
0.363914
0.363918
0.363922
0.363921
0.363922
0.363930
0.363932
0.363934
0.363937
0.363937
0.363939
0.363942
0.363948
0.363952
0.363955
0.363957
0.363963
0.363966
0.363968
0.363974
0.363985
0.363987
0.363988
0.363994
0.363998
0.364005
0.364011
0.364012
0.364015
0.364016
0.364020
0.364026
0.364029
0.364032
0.364036
0.364039
0.364040
0.364042
0.364043
0.364046
0.364048
0.364049
0.364048
0.364051
0.364057
0.364062
0.364069
0.364074
0.364076
0.364083
0.364090
0.364090
0.364098
0.364101
0.364110
0.364111
0.364115
0.364121
0.364127
0.364129
0.364133
0.364137
0.364150
0.364154
0.364159
0.364161
0.364165
0.364165
0.364165
0.364173
0.364176
0.364178
0.364181
0.364183
0.364186
0.364186
0.364194
0.364195
0.364196
0.364202
0.364204
0.364205
0.364205
0.364212
0.364214
0.364216
0.364218
0.364223
0.364224
0.364226
0.364237
0.364240
0.364241
0.364243
0.364245
0.364249
0.364250
0.364254
0.364256
0.364258
0.364258
0.364265
0.364271
0.364276
0.364277
0.364281
0.364285
0.364287
0.364291
0.364294
0.364296
0.364301
0.364305
0.364307
0.364314
0.364318
0.364324
0.364325
0.364325
0.364332
0.364337
0.364340
0.364339
0.364346
0.364347
0.364363
0.364371
0.364373
0.364376
0.364379
0.364382
0.364386
0.364388
0.364391
0.364393
0.364397
0.364400
0.364402
0.364403
0.364401
0.364403
0.364404
0.364405
0.364408
0.364411
0.364414
0.364415
0.364415
0.364418
0.364418
0.364418
0.364419
0.364423
0.364424
0.364429
0.364434
0.364434
0.364435
0.364444
0.364452
0.364458
0.364458
0.364465
0.364472
0.364475
0.364482
0.364485
0.364487
0.364489
0.364494
0.364498
0.364503
0.364511
0.364513
0.364514
0.364519
0.364519
0.364521
0.364523
0.364525
0.364529
0.364534
0.364537
0.364541
0.364544
0.364546
0.364550
0.364550
0.364554
0.364556
0.364560
0.364564
0.364573
0.364575
0.364576
0.364578
0.364584
0.364585
0.364588
0.364590
0.364601
0.364602
0.364604
0.364606
0.364609
0.364611
0.364614
0.364618
0.364620
0.364622
0.364622
0.364624
0.364624
0.364625
0.364629
0.364635
0.364641
0.364644
0.364651
0.364654
0.364662
0.364666
0.364671
0.364674
0.364675
0.364677
0.364677
0.364679
0.364681
0.364681
0.364684
0.364684
0.364685
0.364688
0.364689
0.364693
0.364695
0.364696
0.364699
0.364702
0.364702
0.364706
0.364706
0.364716
0.364721
0.364721
0.364723
0.364725
0.364724
0.364724
0.364723
0.364725
0.364727
0.364732
0.364733
0.364734
0.364738
0.364745
0.364754
0.364759
0.364762
0.364763
0.364765
0.364766
0.364766
0.364771
0.364773
0.364777
0.364777
0.364778
0.364780
0.364782
0.364783
0.364785
0.364786
0.364787
0.364789
0.364794
0.364795
0.364796
0.364806
0.364803
0.364807
0.364809
0.364813
0.364815
0.364815
0.364825
0.364826
0.364828
0.364828
0.364832
0.364836
0.364840
0.364846
0.364849
0.364852
0.364854
0.364855
0.364861
0.364861
0.364862
0.364866
0.364870
0.364872
0.364873
0.364876
0.364883
0.364885
0.364887
0.364888
0.364891
0.364893
0.364893
0.364895
0.364896
0.364899
0.364899
0.364902
0.364902
0.364903
0.364903
0.364904
0.364905
0.364909
0.364915
0.364915
0.364922
0.364928
0.364929
0.364929
0.364930
0.364935
0.364940
0.364940
0.364942
0.364946
0.364952
0.364953
0.364954
0.364954
0.364957
0.364960
0.364961
0.364963
0.364976
0.364977
0.364978
0.364981
0.364987
0.364988
0.364990
0.364990
0.364991
0.364992
0.365000
0.365006
0.365004
0.365016
0.365022
0.365023
0.365027
0.365031
0.365030
0.365034
0.365043
0.365044
0.365044
0.365045
0.365047
0.365054
0.365056
0.365059
0.365065
0.365069
0.365069
0.365077
0.365085
0.365091
0.365092
0.365095
0.365096
0.365098
0.365099
0.365103
0.365111
0.365112
0.365115
0.365117
0.365118
0.365122
0.365127
0.365127
0.365130
0.365133
0.365138
0.365143
0.365147
0.365148
0.365155
0.365156
0.365157
0.365160
0.365161
0.365168
0.365174
0.365187
0.365193
0.365193
0.365194
0.365198
0.365200
0.365201
0.365204
0.365220
0.365221
0.365225
0.365227
0.365229
0.365232
0.365235
0.365237
0.365237
0.365241
0.365243
0.365251
0.365253
0.365256
0.365258
0.365259
0.365260
0.365263
0.365264
0.365266
0.365266
0.365280
0.365283
0.365285
0.365285
0.365286
0.365289
0.365292
0.365293
0.365295
0.365304
0.365308
0.365309
0.365313
0.365316
0.365319
0.365321
0.365324
0.365323
0.365329
0.365335
0.365341
0.365342
0.365345
0.365345
0.365349
0.365350
0.365355
0.365356
0.365360
0.365363
0.365365
0.365367
0.365371
0.365380
0.365388
0.365388
0.365389
0.365395
0.365398
0.365401
0.365410
0.365412
0.365419
0.365420
0.365423
0.365425
0.365428
0.365432
0.365435
0.365435
0.365435
0.365444
0.365446
0.365447
0.365452
0.365452
0.365456
0.365458
0.365462
0.365469
0.365469
0.365471
0.365478
0.365481
0.365485
0.365487
0.365488
0.365493
0.365495
0.365499
0.365499
0.365503
0.365505
0.365506
0.365511
0.365515
0.365515
0.365516
0.365516
0.365516
0.365518
0.365519
0.365520
0.365521
0.365534
0.365538
0.365539
0.365542
0.365544
0.365547
0.365549
0.365549
0.365556
0.365558
0.365562
0.365564
0.365565
0.365566
0.365570
0.365572
0.365573
0.365574
0.365583
0.365583
0.365588
0.365591
0.365592
0.365595
0.365597
0.365605
0.365612
0.365614
0.365615
0.365625
0.365624
0.365625
0.365624
0.365633
0.365640
0.365643
0.365646
0.365649
0.365654
0.365656
0.365658
0.365663
0.365666
0.365676
0.365680
0.365682
0.365683
0.365682
0.365684
0.365687
0.365688
0.365685
0.365687
0.365691
0.365692
0.365699
0.365705
0.365708
0.365708
0.365710
0.365714
0.365717
0.365718
0.365719
0.365723
0.365726
0.365729
0.365730
0.365732
0.365732
0.365733
0.365737
0.365740
0.365742
0.365746
0.365748
0.365749
0.365750
0.365755
0.365755
0.365762
0.365762
0.365763
0.365766
0.365769
0.365770
0.365771
0.365773
0.365778
0.365781
0.365783
0.365783
0.365787
0.365790
0.365795
0.365797
0.365799
0.365800
0.365801
0.365803
0.365813
0.365817
0.365819
0.365823
0.365828
0.365831
0.365833
0.365832
0.365839
0.365845
0.365847
0.365851
0.365860
0.365864
0.365865
0.365868
0.365869
0.365871
0.365871
0.365874
0.365877
0.365880
0.365887
0.365887
0.365887
0.365887
0.365891
0.365893
0.365895
0.365896
0.365899
0.365904
0.365907
0.365908
0.365910
0.365911
0.365913
0.365915
0.365918
0.365921
0.365924
0.365925
0.365930
0.365933
0.365934
0.365936
0.365938
0.365942
0.365943
0.365945
0.365945
0.365946
0.365950
0.365950
0.365952
0.365955
0.365956
0.365959
0.365966
0.365968
0.365969
0.365970
0.365980
0.365987
0.365989
0.365990
0.365991
0.365994
0.365996
0.365999
0.366002
0.366003
0.366013
0.366016
0.366018
0.366018
0.366018
0.366020
0.366021
0.366022
0.366024
0.366025
0.366025
0.366028
0.366031
0.366031
0.366031
0.366032
0.366032
0.366037
0.366041
0.366042
0.366043
0.366042
0.366045
0.366050
0.366050
0.366053
0.366054
0.366056
0.366058
0.366058
0.366059
0.366062
0.366063
0.366066
0.366067
0.366068
0.366071
0.366072
0.366078
0.366082
0.366083
0.366088
0.366091
0.366096
0.366100
0.366100
0.366102
0.366107
0.366111
0.366120
0.366123
0.366129
0.366134
0.366135
0.366138
0.366139
0.366141
0.366145
0.366146
0.366147
0.366149
0.366151
0.366160
0.366164
0.366166
0.366166
0.366166
0.366169
0.366171
0.366172
0.366177
0.366179
0.366181
0.366181
0.366184
0.366187
0.366189
0.366193
0.366197
0.366198
0.366200
0.366202
0.366203
0.366207
0.366210
0.366209
0.366213
0.366214
0.366214
0.366223
0.366223
0.366225
0.366226
0.366226
0.366228
0.366232
0.366237
0.366238
0.366242
0.366242
0.366246
0.366246
0.366246
0.366253
0.366254
0.366255
0.366257
0.366268
0.366271
0.366275
0.366279
0.366279
0.366280
0.366285
0.366285
0.366289
0.366293
0.366296
0.366301
0.366306
0.366307
0.366313
0.366316
0.366317
0.366321
0.366321
0.366323
0.366324
0.366326
0.366326
0.366332
0.366334
0.366338
0.366340
0.366342
0.366352
0.366361
0.366361
0.366363
0.366368
0.366372
0.366376
0.366379
0.366380
0.366381
0.366383
0.366384
0.366390
0.366391
0.366398
0.366398
0.366408
0.366409
0.366412
0.366413
0.366418
0.366424
0.366425
0.366426
0.366427
0.366429
0.366432
0.366435
0.366440
0.366442
0.366444
0.366444
0.366451
0.366453
0.366456
0.366455
0.366455
0.366458
0.366461
0.366465
0.366467
0.366468
0.366471
0.366472
0.366474
0.366475
0.366474
0.366489
0.366490
0.366496
0.366495
0.366500
0.366509
0.366509
0.366513
0.366516
0.366519
0.366522
0.366527
0.366528
0.366530
0.366533
0.366537
0.366542
0.366543
0.366543
0.366544
0.366545
0.366548
0.366549
0.366552
0.366553
0.366554
0.366559
0.366560
0.366559
0.366564
0.366566
0.366567
0.366573
0.366578
0.366591
0.366592
0.366595
0.366599
0.366602
0.366606
0.366607
0.366609
0.366610
0.366611
0.366613
0.366616
0.366622
0.366625
0.366625
0.366629
0.366631
0.366633
0.366635
0.366636
0.366640
0.366641
0.366647
0.366651
0.366652
0.366655
0.366657
0.366657
0.366664
0.366665
0.366671
0.366671
0.366673
0.366675
0.366675
0.366677
0.366678
0.366680
0.366681
0.366685
0.366689
0.366697
0.366697
0.366700
0.366704
0.366708
0.366708
0.366709
0.366714
0.366714
0.366715
0.366713
0.366714
0.366716
0.366717
0.366718
0.366719
0.366720
0.366722
0.366725
0.366725
0.366731
0.366732
0.366734
0.366735
0.366749
0.366757
0.366759
0.366764
0.366765
0.366765
0.366766
0.366769
0.366774
0.366774
0.366778
0.366778
0.366780
0.366781
0.366788
0.366789
0.366792
0.366793
0.366796
0.366797
0.366797
0.366803
0.366807
0.366807
0.366814
0.366817
0.366823
0.366825
0.366826
0.366835
0.366837
0.366837
0.366842
0.366844
0.366846
0.366856
0.366861
0.366863
0.366863
0.366865
0.366869
0.366875
0.366877
0.366879
0.366882
0.366885
0.366889
0.366891
0.366893
0.366897
0.366901
0.366901
0.366904
0.366904
0.366907
0.366908
0.366909
0.366910
0.366910
0.366913
0.366917
0.366923
0.366924
0.366924
0.366924
0.366925
0.366926
0.366929
0.366929
0.366931
0.366931
0.366931
0.366932
0.366934
0.366936
0.366938
0.366941
0.366943
0.366943
0.366946
0.366948
0.366950
0.366957
0.366958
0.366959
0.366962
0.366963
0.366965
0.366966
0.366970
0.366972
0.366972
0.366977
0.366978
0.366977
0.366979
0.366980
0.366980
0.366981
0.366984
0.366984
0.366985
0.366986
0.366998
0.367001
0.367001
0.367002
0.367003
0.367004
0.367012
0.367016
0.367018
0.367022
0.367030
0.367031
0.367033
0.367034
0.367039
0.367040
0.367043
0.367045
0.367048
0.367052
0.367054
0.367062
0.367065
0.367069
0.367069
0.367071
0.367073
0.367076
0.367077
0.367077
0.367078
0.367080
0.367081
0.367083
0.367087
0.367088
0.367093
0.367095
0.367100
0.367103
0.367103
0.367104
0.367107
0.367116
0.367118
0.367125
0.367127
0.367128
0.367129
0.367134
0.367136
0.367139
0.367141
0.367141
0.367143
0.367149
0.367151
0.367154
0.367157
0.367158
0.367158
0.367165
0.367165
0.367165
0.367167
0.367173
0.367174
0.367176
0.367178
0.367183
0.367183
0.367185
0.367186
0.367193
0.367197
0.367198
0.367199
0.367201
0.367203
0.367207
0.367207
0.367207
0.367214
0.367217
0.367218
0.367220
0.367222
0.367226
0.367235
0.367243
0.367245
0.367249
0.367249
0.367252
0.367255
0.367256
0.367256
0.367259
0.367262
0.367263
0.367265
0.367267
0.367269
0.367270
0.367271
0.367271
0.367276
0.367276
0.367280
0.367281
0.367284
0.367285
0.367287
0.367289
0.367293
0.367294
0.367303
0.367306
0.367307
0.367311
0.367314
0.367315
0.367316
0.367316
0.367320
0.367320
0.367320
0.367326
0.367327
0.367330
0.367330
0.367333
0.367341
0.367344
0.367346
0.367347
0.367351
0.367354
0.367354
0.367356
0.367359
0.367363
0.367364
0.367367
0.367369
0.367372
0.367378
0.367378
0.367379
0.367381
0.367388
0.367395
0.367399
0.367401
0.367402
0.367403
0.367404
0.367406
0.367408
0.367409
0.367415
0.367417
0.367421
0.367423
0.367426
0.367432
0.367434
0.367437
0.367439
0.367443
0.367445
0.367449
0.367450
0.367455
0.367457
0.367463
0.367465
0.367466
0.367467
0.367467
0.367469
0.367470
0.367474
0.367475
0.367476
0.367478
0.367479
0.367482
0.367484
0.367484
0.367484
0.367487
0.367489
0.367489
0.367491
0.367498
0.367505
0.367506
0.367507
0.367505
0.367509
0.367511
0.367515
0.367518
0.367518
0.367520
0.367528
0.367532
0.367533
0.367538
0.367541
0.367541
0.367541
0.367544
0.367544
0.367545
0.367550
0.367552
0.367553
0.367556
0.367557
0.367558
0.367558
0.367566
0.367569
0.367569
0.367573
0.367575
0.367576
0.367579
0.367596
0.367598
0.367599
0.367603
0.367606
0.367610
0.367611
0.367617
0.367619
0.367619
0.367624
0.367625
0.367630
0.367634
0.367637
0.367646
0.367648
0.367650
0.367650
0.367653
0.367658
0.367658
0.367661
0.367670
0.367671
0.367674
0.367675
0.367676
0.367680
0.367680
0.367682
0.367686
0.367687
0.367688
0.367692
0.367695
0.367697
0.367701
0.367703
0.367704
0.367707
0.367707
0.367715
0.367718
0.367722
0.367725
0.367728
0.367729
0.367732
0.367736
0.367737
0.367738
0.367738
0.367738
0.367740
0.367747
0.367748
0.367750
0.367752
0.367753
0.367755
0.367755
0.367759
0.367759
0.367771
0.367781
0.367782
0.367784
0.367789
0.367789
0.367791
0.367790
0.367792
0.367792
0.367798
0.367801
0.367803
0.367805
0.367810
0.367812
0.367813
0.367814
0.367815
0.367815
0.367815
0.367814
0.367814
0.367815
0.367815
0.367817
0.367818
0.367818
0.367825
0.367826
0.367826
0.367831
0.367833
0.367833
0.367834
0.367842
0.367848
0.367849
0.367850
0.367851
0.367859
0.367865
0.367867
0.367868
0.367874
0.367874
0.367875
0.367880
0.367881
0.367883
0.367883
0.367886
0.367894
0.367895
0.367897
0.367901
0.367902
0.367903
0.367908
0.367909
0.367909
0.367910
0.367913
0.367914
0.367916
0.367923
0.367924
0.367929
0.367929
0.367931
0.367930
0.367934
0.367937
0.367938
0.367939
0.367939
0.367941
0.367941
0.367942
0.367945
0.367946
0.367946
0.367947
0.367949
0.367952
0.367952
0.367953
0.367956
0.367954
0.367956
0.367959
0.367963
0.367966
0.367973
0.367972
0.367975
0.367975
0.367977
0.367980
0.367981
0.367990
0.367990
0.367994
0.367997
0.368002
0.368007
0.368009
0.368013
0.368014
0.368014
0.368016
0.368018
0.368020
0.368024
0.368029
0.368033
0.368034
0.368036
0.368038
0.368045
0.368048
0.368053
0.368054
0.368055
0.368055
0.368055
0.368056
0.368065
0.368067
0.368067
0.368072
0.368073
0.368074
0.368074
0.368076
0.368076
0.368080
0.368083
0.368085
0.368089
0.368091
0.368091
0.368092
0.368094
0.368094
0.368102
0.368104
0.368104
0.368104
0.368105
0.368108
0.368110
0.368110
0.368114
0.368117
0.368119
0.368121
0.368128
0.368129
0.368129
0.368136
0.368139
0.368141
0.368143
0.368144
0.368147
0.368151
0.368152
0.368156
0.368160
0.368163
0.368169
0.368173
0.368175
0.368176
0.368184
0.368187
0.368190
0.368193
0.368196
0.368198
0.368199
0.368199
0.368200
0.368203
0.368207
0.368207
0.368213
0.368216
0.368219
0.368221
0.368222
0.368223
0.368230
0.368232
0.368234
0.368239
0.368244
0.368245
0.368247
0.368250
0.368252
0.368253
0.368255
0.368257
0.368257
0.368258
0.368261
0.368264
0.368268
0.368267
0.368268
0.368270
0.368272
0.368278
0.368282
0.368283
0.368289
0.368290
0.368290
0.368290
0.368292
0.368299
0.368300
0.368300
0.368302
0.368303
0.368303
0.368304
0.368310
0.368310
0.368314
0.368316
0.368316
0.368317
0.368317
0.368318
0.368319
0.368319
0.368321
0.368323
0.368325
0.368330
0.368330
0.368334
0.368336
0.368342
0.368345
0.368351
0.368356
0.368358
0.368359
0.368361
0.368362
0.368366
0.368368
0.368375
0.368377
0.368379
0.368379
0.368381
0.368382
0.368385
0.368387
0.368388
0.368392
0.368392
0.368393
0.368394
0.368397
0.368397
0.368397
0.368400
0.368402
0.368405
0.368408
0.368409
0.368412
0.368414
0.368418
0.368423
0.368425
0.368429
0.368431
0.368431
0.368439
0.368441
0.368447
0.368450
0.368453
0.368455
0.368455
0.368458
0.368460
0.368465
0.368466
0.368467
0.368469
0.368474
0.368477
0.368480
0.368483
0.368484
0.368490
0.368490
0.368491
0.368491
0.368492
0.368494
0.368499
0.368501
0.368506
0.368507
0.368508
0.368509
0.368512
0.368515
0.368515
0.368515
0.368518
0.368518
0.368525
0.368524
0.368526
0.368531
0.368531
0.368535
0.368536
0.368539
0.368543
0.368547
0.368547
0.368548
0.368548
0.368550
0.368555
0.368555
0.368560
0.368564
0.368565
0.368568
0.368569
0.368569
0.368570
0.368571
0.368574
0.368574
0.368576
0.368577
0.368579
0.368579
0.368584
0.368589
0.368590
0.368591
0.368590
0.368592
0.368593
0.368593
0.368596
0.368596
0.368603
0.368603
0.368605
0.368604
0.368607
0.368610
0.368615
0.368618
0.368618
0.368621
0.368627
0.368629
0.368633
0.368634
0.368639
0.368640
0.368642
0.368643
0.368644
0.368652
0.368656
0.368660
0.368661
0.368664
0.368666
0.368666
0.368666
0.368667
0.368668
0.368671
0.368676
0.368679
0.368680
0.368681
0.368684
0.368687
0.368687
0.368687
0.368688
0.368689
0.368693
0.368695
0.368698
0.368700
0.368700
0.368704
0.368704
0.368706
0.368708
0.368716
0.368717
0.368720
0.368720
0.368721
0.368723
0.368725
0.368725
0.368728
0.368730
0.368731
0.368731
0.368734
0.368735
0.368736
0.368735
0.368739
0.368740
0.368741
0.368745
0.368748
0.368749
0.368754
0.368754
0.368754
0.368756
0.368761
0.368761
0.368763
0.368763
0.368768
0.368768
0.368769
0.368771
0.368773
0.368777
0.368778
0.368780
0.368782
0.368783
0.368784
0.368786
0.368789
0.368789
0.368792
0.368793
0.368794
0.368795
0.368796
0.368801
0.368801
0.368807
0.368808
0.368808
0.368811
0.368814
0.368817
0.368822
0.368832
0.368834
0.368835
0.368836
0.368836
0.368840
0.368841
0.368841
0.368843
0.368850
0.368850
0.368853
0.368854
0.368857
0.368859
0.368860
0.368860
0.368860
0.368864
0.368866
0.368868
0.368871
0.368873
0.368874
0.368874
0.368885
0.368889
0.368890
0.368895
0.368896
0.368898
0.368898
0.368900
0.368902
0.368902
0.368902
0.368902
0.368905
0.368907
0.368908
0.368908
0.368908
0.368909
0.368910
0.368911
0.368914
0.368917
0.368922
0.368926
0.368929
0.368932
0.368933
0.368934
0.368937
0.368938
0.368938
0.368940
0.368952
0.368955
0.368956
0.368956
0.368962
0.368961
0.368961
0.368966
0.368967
0.368967
0.368967
0.368969
0.368970
0.368970
0.368976
0.368977
0.368978
0.368983
0.368983
0.368987
0.368987
0.368991
0.368993
0.368995
0.368998
0.368999
0.369000
0.369000
0.369000
0.369004
0.369005
0.369006
0.369006
0.369006
0.369014
0.369017
0.369018
0.369019
0.369021
0.369021
0.369023
0.369027
0.369028
0.369031
0.369032
0.369032
0.369033
0.369034
0.369037
0.369045
0.369046
0.369047
0.369047
0.369050
0.369051
0.369052
0.369053
0.369054
0.369057
0.369058
0.369064
0.369064
0.369065
0.369066
0.369070
0.369071
0.369073
0.369074
0.369076
0.369081
0.369086
0.369089
0.369093
0.369095
0.369104
0.369104
0.369104
0.369107
0.369107
0.369108
0.369109
0.369110
0.369114
0.369116
0.369119
0.369119
0.369123
0.369124
0.369131
0.369133
0.369135
0.369136
0.369137
0.369140
0.369140
0.369144
0.369148
0.369154
0.369154
0.369156
0.369157
0.369159
0.369160
0.369160
0.369162
0.369162
0.369165
0.369167
0.369169
0.369170
0.369172
0.369175
0.369176
0.369176
0.369177
0.369179
0.369183
0.369184
0.369185
0.369187
0.369187
0.369189
0.369189
0.369191
0.369193
0.369196
0.369196
0.369198
0.369201
0.369203
0.369206
0.369206
0.369206
0.369209
0.369213
0.369218
0.369219
0.369219
0.369223
0.369224
0.369224
0.369224
0.369224
0.369226
0.369236
0.369238
0.369240
0.369241
0.369242
0.369244
0.369245
0.369247
0.369249
0.369254
0.369259
0.369260
0.369261
0.369266
0.369270
0.369270
0.369275
0.369280
0.369284
0.369284
0.369284
0.369285
0.369287
0.369290
0.369292
0.369294
0.369294
0.369299
0.369300
0.369300
0.369304
0.369308
0.369310
0.369312
0.369314
0.369314
0.369317
0.369321
0.369321
0.369322
0.369326
0.369326
0.369328
0.369327
0.369330
0.369331
0.369332
0.369334
0.369338
0.369346
0.369353
0.369357
0.369358
0.369357
0.369360
0.369362
0.369363
0.369366
0.369370
0.369371
0.369374
0.369377
0.369384
0.369385
0.369386
0.369388
0.369389
0.369391
0.369391
0.369392
0.369392
0.369395
0.369398
0.369399
0.369399
0.369399
0.369398
0.369404
0.369405
0.369406
0.369408
0.369412
0.369413
0.369413
0.369416
0.369420
0.369424
0.369425
0.369428
0.369433
0.369435
0.369440
0.369444
0.369444
0.369445
0.369447
0.369448
0.369450
0.369452
0.369454
0.369459
0.369461
0.369464
0.369466
0.369469
0.369471
0.369471
0.369473
0.369475
0.369475
0.369480
0.369481
0.369482
0.369482
0.369490
0.369494
0.369494
0.369494
0.369499
0.369497
0.369501
0.369503
0.369503
0.369504
0.369505
0.369505
0.369507
0.369512
0.369514
0.369514
0.369514
0.369515
0.369517
0.369521
0.369522
0.369523
0.369525
0.369529
0.369529
0.369530
0.369532
0.369532
0.369534
0.369535
0.369538
0.369538
0.369538
0.369541
0.369541
0.369542
0.369545
0.369546
0.369546
0.369550
0.369557
0.369557
0.369560
0.369560
0.369565
0.369569
0.369571
0.369572
0.369576
0.369578
0.369582
0.369586
0.369590
0.369593
0.369596
0.369598
0.369599
0.369600
0.369600
0.369601
0.369603
0.369609
0.369610
0.369611
0.369617
0.369618
0.369625
0.369628
0.369628
0.369628
0.369629
0.369630
0.369634
0.369634
0.369636
0.369640
0.369640
0.369641
0.369643
0.369646
0.369646
0.369646
0.369646
0.369648
0.369650
0.369651
0.369653
0.369653
0.369653
0.369656
0.369657
0.369658
0.369659
0.369661
0.369663
0.369664
0.369668
0.369669
0.369677
0.369679
0.369680
0.369681
0.369682
0.369684
0.369686
0.369688
0.369694
0.369694
0.369695
0.369697
0.369701
0.369702
0.369704
0.369704
0.369705
0.369706
0.369707
0.369708
0.369714
0.369714
0.369718
0.369718
0.369718
0.369725
0.369725
0.369725
0.369730
0.369730
0.369731
0.369733
0.369733
0.369735
0.369736
0.369737
0.369739
0.369740
0.369740
0.369744
0.369745
0.369745
0.369758
0.369761
0.369761
0.369765
0.369766
0.369767
0.369768
0.369769
0.369772
0.369772
0.369779
0.369779
0.369782
0.369782
0.369785
0.369785
0.369789
0.369797
0.369797
0.369799
0.369803
0.369811
0.369813
0.369818
0.369820
0.369820
0.369827
0.369834
0.369835
0.369845
0.369846
0.369850
0.369850
0.369850
0.369854
0.369854
0.369859
0.369859
0.369859
0.369860
0.369860
0.369862
0.369864
0.369865
0.369868
0.369869
0.369869
0.369877
0.369881
0.369882
0.369882
0.369885
0.369892
0.369892
0.369893
0.369893
0.369894
0.369897
0.369900
0.369900
0.369900
0.369902
0.369906
0.369909
0.369912
0.369914
0.369917
0.369927
0.369931
0.369943
0.369944
0.369945
0.369947
0.369951
0.369952
0.369953
0.369953
0.369955
0.369956
0.369956
0.369961
0.369961
0.369961
0.369962
0.369964
0.369967
0.369972
0.369973
0.369973
0.369975
0.369982
0.369982
0.369984
0.369985
0.369985
0.369985
0.369989
0.369989
0.369991
0.369991
0.369991
0.369993
0.369999
0.370003
0.370003
0.370004
0.370004
0.370006
0.370009
0.370010
0.370017
0.370019
0.370020
0.370020
0.370022
0.370023
0.370023
0.370024
0.370027
0.370028
0.370029
0.370031
0.370033
0.370036
0.370038
0.370043
0.370045
0.370051
0.370051
0.370052
0.370053
0.370054
0.370062
0.370065
0.370066
0.370068
0.370069
0.370071
0.370073
0.370073
0.370075
0.370083
0.370085
0.370087
0.370089
0.370090
0.370090
0.370092
0.370095
0.370096
0.370097
0.370099
0.370102
0.370105
0.370107
0.370112
0.370117
0.370120
0.370121
0.370120
0.370121
0.370122
0.370123
0.370130
0.370131
0.370132
0.370134
0.370134
0.370136
0.370140
0.370141
0.370147
0.370149
0.370150
0.370151
0.370155
0.370156
0.370159
0.370161
0.370162
0.370164
0.370164
0.370168
0.370168
0.370170
0.370172
0.370172
0.370173
0.370173
0.370177
0.370177
0.370178
0.370178
0.370178
0.370178
0.370178
0.370178
0.370179
0.370183
0.370186
0.370188
0.370189
0.370189
0.370192
0.370192
0.370193
0.370194
0.370194
0.370198
0.370200
0.370204
0.370204
0.370204
0.370205
0.370207
0.370208
0.370209
0.370209
0.370213
0.370214
0.370217
0.370215
0.370216
0.370219
0.370226
0.370227
0.370230
0.370231
0.370233
0.370238
0.370239
0.370238
0.370240
0.370244
0.370247
0.370247
0.370256
0.370256
0.370258
0.370259
0.370260
0.370263
0.370264
0.370267
0.370268
0.370273
0.370276
0.370277
0.370280
0.370281
0.370284
0.370284
0.370284
0.370284
0.370294
0.370297
0.370301
0.370301
0.370303
0.370309
0.370307
0.370311
0.370314
0.370315
0.370317
0.370317
0.370321
0.370321
0.370322
0.370322
0.370323
0.370328
0.370331
0.370331
0.370333
0.370333
0.370333
0.370339
0.370341
0.370342
0.370342
0.370345
0.370346
0.370348
0.370349
0.370350
0.370350
0.370350
0.370350
0.370351
0.370352
0.370352
0.370352
0.370356
0.370357
0.370357
0.370357
0.370359
0.370360
0.370364
0.370364
0.370363
0.370364
0.370368
0.370370
0.370371
0.370372
0.370375
0.370375
0.370375
0.370376
0.370378
0.370380
0.370380
0.370385
0.370388
0.370389
0.370391
0.370395
0.370399
0.370403
0.370404
0.370407
0.370410
0.370412
0.370412
0.370415
0.370416
0.370417
0.370418
0.370418
0.370419
0.370420
0.370422
0.370424
0.370425
0.370426
0.370428
0.370431
0.370433
0.370434
0.370433
0.370434
0.370435
0.370438
0.370439
0.370440
0.370441
0.370442
0.370444
0.370447
0.370450
0.370452
0.370452
0.370454
0.370458
0.370459
0.370462
0.370463
0.370463
0.370463
0.370464
0.370465
0.370466
0.370466
0.370468
0.370473
0.370474
0.370475
0.370475
0.370476
0.370478
0.370478
0.370481
0.370483
0.370486
0.370486
0.370489
0.370492
0.370493
0.370495
0.370498
0.370499
0.370500
0.370500
0.370500
0.370502
0.370503
0.370503
0.370505
0.370508
0.370509
0.370512
0.370515
0.370517
0.370518
0.370518
0.370524
0.370525
0.370527
0.370530
0.370531
0.370532
0.370532
0.370536
0.370539
0.370539
0.370540
0.370542
0.370543
0.370544
0.370547
0.370549
0.370550
0.370553
0.370555
0.370555
0.370562
0.370563
0.370563
0.370565
0.370565
0.370565
0.370568
0.370569
0.370569
0.370570
0.370572
0.370573
0.370574
0.370575
0.370575
0.370577
0.370577
0.370580
0.370581
0.370582
0.370582
0.370583
0.370583
0.370586
0.370597
0.370598
0.370602
0.370605
0.370606
0.370606
0.370607
0.370607
0.370606
0.370607
0.370612
0.370614
0.370615
0.370616
0.370618
0.370619
0.370619
0.370618
0.370618
0.370619
0.370620
0.370622
0.370623
0.370623
0.370624
0.370628
0.370629
0.370630
0.370632
0.370634
0.370636
0.370637
0.370638
0.370638
0.370639
0.370646
0.370647
0.370648
0.370651
0.370652
0.370659
0.370658
0.370663
0.370667
0.370671
0.370673
0.370675
0.370678
0.370680
0.370680
0.370681
0.370682
0.370684
0.370684
0.370685
0.370687
0.370688
0.370688
0.370690
0.370691
0.370692
0.370695
0.370697
0.370697
0.370698
0.370702
0.370703
0.370703
0.370704
0.370708
0.370717
0.370717
0.370720
0.370720
0.370721
0.370722
0.370724
0.370723
0.370725
0.370726
0.370726
0.370730
0.370732
0.370732
0.370732
0.370737
0.370737
0.370737
0.370738
0.370739
0.370744
0.370745
0.370746
0.370748
0.370748
0.370753
0.370754
0.370754
0.370754
0.370756
0.370757
0.370762
0.370762
0.370765
0.370766
0.370766
0.370767
0.370768
0.370768
0.370769
0.370769
0.370771
0.370772
0.370772
0.370772
0.370772
0.370773
0.370773
0.370774
0.370775
0.370777
0.370778
0.370782
0.370782
0.370782
0.370783
0.370782
0.370782
0.370784
0.370788
0.370791
0.370793
0.370794
0.370795
0.370795
0.370797
0.370799
0.370802
0.370805
0.370808
0.370810
0.370810
0.370810
0.370811
0.370813
0.370815
0.370817
0.370817
0.370820
0.370824
0.370827
0.370828
0.370828
0.370836
0.370836
0.370836
0.370838
0.370839
0.370841
0.370841
0.370842
0.370843
0.370845
0.370846
0.370850
0.370851
0.370851
0.370854
0.370854
0.370857
0.370867
0.370867
0.370868
0.370869
0.370870
0.370870
0.370876
0.370877
0.370881
0.370881
0.370884
0.370884
0.370884
0.370884
0.370889
0.370891
0.370892
0.370892
0.370893
0.370893
0.370894
0.370895
0.370896
0.370897
0.370902
0.370906
0.370908
0.370909
0.370910
0.370911
0.370913
0.370916
0.370919
0.370921
0.370923
0.370923
0.370925
0.370927
0.370931
0.370933
0.370934
0.370935
0.370936
0.370936
0.370936
0.370938
0.370940
0.370941
0.370944
0.370947
0.370948
0.370948
0.370949
0.370951
0.370954
0.370954
0.370952
0.370952
0.370953
0.370957
0.370960
0.370961
0.370963
0.370965
0.370966
0.370968
0.370969
0.370969
0.370969
0.370970
0.370971
0.370976
0.370980
0.370982
0.370983
0.370984
0.370986
0.370986
0.370988
0.370990
0.370993
0.370994
0.370994
0.370995
0.370998
0.370998
0.370998
0.371000
0.371002
0.371006
0.371006
0.371006
0.371008
0.371008
0.371010
0.371010
0.371012
0.371013
0.371014
0.371016
0.371016
0.371016
0.371017
0.371018
0.371019
0.371019
0.371018
0.371019
0.371021
0.371022
0.371024
0.371029
0.371029
0.371029
0.371031
0.371036
0.371037
0.371038
0.371039
0.371040
0.371042
0.371041
0.371043
0.371046
0.371046
0.371047
0.371049
0.371049
0.371051
0.371055
0.371058
0.371063
0.371065
0.371066
0.371070
0.371070
0.371073
0.371075
0.371076
0.371078
0.371083
0.371084
0.371082
0.371083
0.371087
0.371087
0.371088
0.371092
0.371094
0.371100
0.371101
0.371104
0.371105
0.371107
0.371106
0.371106
0.371110
0.371114
0.371118
0.371121
0.371128
0.371129
0.371133
0.371135
0.371136
0.371137
0.371148
0.371155
0.371156
0.371162
0.371166
0.371170
0.371171
0.371172
0.371173
0.371176
0.371177
0.371179
0.371178
0.371183
0.371184
0.371197
0.371198
0.371199
0.371199
0.371201
0.371201
0.371202
0.371207
0.371210
0.371212
0.371212
0.371213
0.371214
0.371216
0.371219
0.371219
0.371220
0.371220
0.371221
0.371222
0.371222
0.371224
0.371226
0.371226
0.371227
0.371228
0.371228
0.371228
0.371234
0.371235
0.371236
0.371237
0.371241
0.371246
0.371247
0.371247
0.371249
0.371251
0.371254
0.371254
0.371257
0.371258
0.371259
0.371262
0.371263
0.371264
0.371266
0.371267
0.371268
0.371267
0.371267
0.371269
0.371269
0.371269
0.371269
0.371273
0.371274
0.371275
0.371276
0.371278
0.371278
0.371281
0.371285
0.371286
0.371286
0.371288
0.371292
0.371293
0.371295
0.371297
0.371299
0.371301
0.371303
0.371307
0.371309
0.371309
0.371309
0.371310
0.371311
0.371314
0.371315
0.371314
0.371315
0.371315
0.371315
0.371317
0.371320
0.371321
0.371322
0.371324
0.371324
0.371331
0.371331
0.371333
0.371335
0.371337
0.371337
0.371339
0.371340
0.371344
0.371342
0.371346
0.371346
0.371347
0.371347
0.371347
0.371349
0.371351
0.371354
0.371358
0.371361
0.371363
0.371363
0.371364
0.371365
0.371365
0.371365
0.371368
0.371369
0.371373
0.371373
0.371374
0.371378
0.371378
0.371380
0.371380
0.371380
0.371383
0.371383
0.371385
0.371387
0.371392
0.371393
0.371396
0.371397
0.371397
0.371399
0.371399
0.371399
0.371399
0.371403
0.371403
0.371404
0.371404
0.371407
0.371412
0.371413
0.371413
0.371414
0.371417
0.371418
0.371420
0.371421
0.371422
0.371425
0.371426
0.371427
0.371428
0.371430
0.371431
0.371434
0.371435
0.371438
0.371441
0.371447
0.371448
0.371448
0.371449
0.371449
0.371452
0.371453
0.371456
0.371457
0.371458
0.371459
0.371460
0.371461
0.371463
0.371463
0.371466
0.371467
0.371467
0.371468
0.371474
0.371474
0.371477
0.371478
0.371478
0.371480
0.371480
0.371481
0.371481
0.371485
0.371488
0.371490
0.371493
0.371500
0.371500
0.371504
0.371507
0.371507
0.371508
0.371511
0.371511
0.371513
0.371514
0.371517
0.371517
0.371517
0.371520
0.371525
0.371529
0.371532
0.371534
0.371535
0.371542
0.371542
0.371544
0.371544
0.371545
0.371547
0.371547
0.371547
0.371548
0.371548
0.371550
0.371552
0.371553
0.371554
0.371554
0.371555
0.371557
0.371557
0.371558
0.371559
0.371560
0.371562
0.371564
0.371564
0.371565
0.371567
0.371569
0.371571
0.371572
0.371572
0.371576
0.371577
0.371578
0.371581
0.371582
0.371583
0.371590
0.371594
0.371595
0.371594
0.371598
0.371599
0.371604
0.371606
0.371609
0.371614
0.371616
0.371616
0.371617
0.371618
0.371621
0.371623
0.371624
0.371624
0.371625
0.371628
0.371632
0.371632
0.371634
0.371635
0.371636
0.371638
0.371642
0.371644
0.371644
0.371647
0.371648
0.371650
0.371653
0.371654
0.371657
0.371658
0.371662
0.371663
0.371664
0.371668
0.371676
0.371682
0.371684
0.371685
0.371689
0.371689
0.371692
0.371694
0.371695
0.371696
0.371697
0.371703
0.371703
0.371703
0.371703
0.371703
0.371704
0.371704
0.371706
0.371707
0.371708
0.371718
0.371718
0.371718
0.371719
0.371721
0.371721
0.371724
0.371726
0.371727
0.371729
0.371729
0.371731
0.371732
0.371732
0.371734
0.371735
0.371736
0.371736
0.371737
0.371737
0.371738
0.371746
0.371746
0.371749
0.371749
0.371749
0.371751
0.371752
0.371754
0.371755
0.371760
0.371761
0.371764
0.371766
0.371767
0.371768
0.371772
0.371772
0.371774
0.371780
0.371781
0.371782
0.371786
0.371787
0.371788
0.371785
0.371792
0.371793
0.371800
0.371801
0.371804
0.371804
0.371804
0.371809
0.371811
0.371813
0.371814
0.371815
0.371815
0.371815
0.371817
0.371818
0.371820
0.371820
0.371821
0.371822
0.371823
0.371826
0.371830
0.371831
0.371833
0.371837
0.371838
0.371838
0.371845
0.371846
0.371848
0.371848
0.371850
0.371852
0.371852
0.371852
0.371853
0.371855
0.371856
0.371863
0.371863
0.371863
0.371863
0.371863
0.371866
0.371866
0.371868
0.371868
0.371869
0.371871
0.371871
0.371872
0.371874
0.371874
0.371875
0.371876
0.371877
0.371880
0.371880
0.371882
0.371882
0.371887
0.371889
0.371893
0.371894
0.371897
0.371898
0.371902
0.371901
0.371905
0.371908
0.371909
0.371910
0.371910
0.371911
0.371921
0.371923
0.371924
0.371924
0.371929
0.371928
0.371930
0.371931
0.371934
0.371938
0.371940
0.371943
0.371944
0.371946
0.371950
0.371950
0.371952
0.371958
0.371958
0.371959
0.371961
0.371964
0.371964
0.371966
0.371969
0.371970
0.371971
0.371972
0.371972
0.371973
0.371974
0.371977
0.371979
0.371980
0.371984
0.371986
0.371987
0.371988
0.371989
0.371994
0.371994
0.371994
0.371996
0.372000
0.372002
0.372002
0.372004
0.372004
0.372005
0.372005
0.372011
0.372011
0.372011
0.372015
0.372017
0.372020
0.372021
0.372025
0.372025
0.372026
0.372027
0.372027
0.372027
0.372029
0.372032
0.372036
0.372036
0.372038
0.372040
0.372044
0.372046
0.372046
0.372047
0.372047
0.372049
0.372050
0.372053
0.372055
0.372056
0.372057
0.372059
0.372060
0.372061
0.372065
0.372065
0.372066
0.372067
0.372070
0.372074
0.372076
0.372077
0.372080
0.372086
0.372088
0.372089
0.372091
0.372091
0.372094
0.372095
0.372098
0.372098
0.372102
0.372102
0.372102
0.372103
0.372103
0.372113
0.372113
0.372113
0.372115
0.372115
0.372116
0.372116
0.372118
0.372122
0.372122
0.372122
0.372123
0.372124
0.372123
0.372123
0.372123
0.372123
0.372126
0.372126
0.372126
0.372128
0.372128
0.372130
0.372134
0.372139
0.372139
0.372142
0.372145
0.372149
0.372150
0.372150
0.372150
0.372150
0.372152
0.372153
0.372154
0.372158
0.372160
0.372161
0.372161
0.372163
0.372168
0.372174
0.372175
0.372176
0.372178
0.372180
0.372180
0.372181
0.372182
0.372183
0.372184
0.372189
0.372189
0.372190
0.372191
0.372193
0.372193
0.372193
0.372195
0.372195
0.372196
0.372198
0.372200
0.372201
0.372203
0.372203
0.372203
0.372204
0.372205
0.372205
0.372205
0.372205
0.372207
0.372210
0.372212
0.372216
0.372216
0.372216
0.372217
0.372218
0.372217
0.372220
0.372220
0.372221
0.372222
0.372222
0.372226
0.372229
0.372229
0.372230
0.372230
0.372230
0.372234
0.372234
0.372235
0.372236
0.372237
0.372240
0.372241
0.372241
0.372250
0.372249
0.372249
0.372252
0.372254
0.372256
0.372258
0.372259
0.372264
0.372264
0.372268
0.372268
0.372270
0.372270
0.372273
0.372276
0.372276
0.372283
0.372286
0.372288
0.372292
0.372296
0.372297
0.372299
0.372299
0.372299
0.372303
0.372307
0.372308
0.372310
0.372311
0.372313
0.372313
0.372313
0.372314
0.372316
0.372317
0.372318
0.372321
0.372324
0.372327
0.372329
0.372329
0.372331
0.372333
0.372334
0.372336
0.372337
0.372338
0.372339
0.372339
0.372340
0.372340
0.372340
0.372340
0.372343
0.372343
0.372346
0.372346
0.372347
0.372348
0.372349
0.372348
0.372349
0.372353
0.372358
0.372358
0.372360
0.372361
0.372363
0.372363
0.372367
0.372369
0.372370
0.372371
0.372373
0.372376
0.372375
0.372376
0.372378
0.372380
0.372382
0.372384
0.372386
0.372387
0.372392
0.372395
0.372395
0.372396
0.372397
0.372402
0.372403
0.372403
0.372403
0.372403
0.372404
0.372404
0.372405
0.372405
0.372407
0.372409
0.372411
0.372412
0.372412
0.372411
0.372412
0.372411
0.372411
0.372413
0.372415
0.372417
0.372418
0.372424
0.372425
0.372426
0.372426
0.372426
0.372427
0.372430
0.372431
0.372433
0.372433
0.372433
0.372433
0.372435
0.372436
0.372437
0.372438
0.372438
0.372440
0.372443
0.372444
0.372448
0.372451
0.372452
0.372453
0.372460
0.372467
0.372467
0.372467
0.372473
0.372476
0.372476
0.372479
0.372479
0.372482
0.372482
0.372483
0.372485
0.372485
0.372490
0.372491
0.372492
0.372495
0.372496
0.372496
0.372500
0.372500
0.372502
0.372506
0.372508
0.372510
0.372510
0.372510
0.372514
0.372518
0.372522
0.372524
0.372525
0.372528
0.372528
0.372531
0.372531
0.372536
0.372537
0.372536
0.372538
0.372539
0.372540
0.372540
0.372544
0.372545
0.372545
0.372545
0.372545
0.372545
0.372548
0.372548
0.372550
0.372554
0.372555
0.372557
0.372559
0.372560
0.372560
0.372561
0.372561
0.372563
0.372563
0.372565
0.372567
0.372567
0.372570
0.372571
0.372573
0.372573
0.372573
0.372575
0.372575
0.372575
0.372578
0.372578
0.372578
0.372577
0.372578
0.372581
0.372582
0.372582
0.372583
0.372583
0.372583
0.372586
0.372586
0.372586
0.372587
0.372590
0.372592
0.372593
0.372596
0.372599
0.372599
0.372599
0.372599
0.372602
0.372604
0.372604
0.372604
0.372605
0.372605
0.372605
0.372604
0.372604
0.372607
0.372608
0.372610
0.372610
0.372611
0.372612
0.372614
0.372617
0.372617
0.372617
0.372620
0.372625
0.372627
0.372628
0.372629
0.372629
0.372633
0.372634
0.372634
0.372634
0.372638
0.372639
0.372641
0.372642
0.372644
0.372644
0.372645
0.372646
0.372656
0.372657
0.372657
0.372658
0.372658
0.372660
0.372660
0.372665
0.372665
0.372667
0.372670
0.372671
0.372672
0.372675
0.372676
0.372679
0.372679
0.372681
0.372681
0.372684
0.372688
0.372689
0.372689
0.372691
0.372691
0.372691
0.372691
0.372700
0.372706
0.372709
0.372708
0.372711
0.372713
0.372721
0.372722
0.372723
0.372726
0.372730
0.372731
0.372733
0.372734
0.372735
0.372737
0.372738
0.372742
0.372743
0.372744
0.372744
0.372746
0.372747
0.372748
0.372748
0.372751
0.372753
0.372757
0.372758
0.372757
0.372760
0.372762
0.372763
0.372765
0.372765
0.372766
0.372771
0.372772
0.372774
0.372775
0.372782
0.372784
0.372784
0.372784
0.372785
0.372786
0.372787
0.372788
0.372789
0.372789
0.372793
0.372795
0.372796
0.372800
0.372805
0.372811
0.372813
0.372815
0.372816
0.372817
0.372818
0.372818
0.372818
0.372819
0.372820
0.372820
0.372824
0.372824
0.372826
0.372826
0.372826
0.372828
0.372828
0.372829
0.372830
0.372833
0.372834
0.372834
0.372845
0.372845
0.372855
0.372856
0.372857
0.372859
0.372866
0.372867
0.372868
0.372871
0.372871
0.372871
0.372873
0.372877
0.372876
0.372877
0.372877
0.372878
0.372879
0.372880
0.372880
0.372881
0.372882
0.372885
0.372885
0.372885
0.372887
0.372887
0.372888
0.372888
0.372889
0.372891
0.372896
0.372897
0.372898
0.372898
0.372899
0.372900
0.372900
0.372900
0.372902
0.372902
0.372902
0.372906
0.372908
0.372908
0.372909
0.372913
0.372915
0.372916
0.372917
0.372917
0.372923
0.372924
0.372924
0.372924
0.372926
0.372926
0.372928
0.372928
0.372930
0.372931
0.372932
0.372933
0.372933
0.372933
0.372933
0.372936
0.372936
0.372939
0.372941
0.372945
0.372945
0.372947
0.372948
0.372948
0.372950
0.372952
0.372963
0.372964
0.372966
0.372966
0.372966
0.372968
0.372976
0.372977
0.372979
0.372981
0.372981
0.372983
0.372990
0.372991
0.372991
0.372991
0.372994
0.372999
0.372999
0.373001
0.373004
0.373006
0.373008
0.373010
0.373011
0.373014
0.373015
0.373015
0.373016
0.373017
0.373017
0.373018
0.373021
0.373026
0.373026
0.373029
0.373029
0.373029
0.373033
0.373035
0.373036
0.373038
0.373040
0.373041
0.373042
0.373046
0.373047
0.373049
0.373050
0.373052
0.373052
0.373053
0.373053
0.373054
0.373056
0.373058
0.373058
0.373058
0.373058
0.373061
0.373062
0.373063
0.373064
0.373065
0.373066
0.373065
0.373066
0.373068
0.373071
0.373072
0.373077
0.373077
0.373075
0.373077
0.373077
0.373080
0.373086
0.373086
0.373087
0.373087
0.373091
0.373096
0.373096
0.373095
0.373095
0.373095
0.373095
0.373096
0.373099
0.373102
0.373103
0.373103
0.373105
0.373105
0.373106
0.373108
0.373109
0.373109
0.373110
0.373113
0.373114
0.373114
0.373120
0.373120
0.373122
0.373123
0.373124
0.373125
0.373125
0.373125
0.373127
0.373125
0.373128
0.373140
0.373144
0.373147
0.373150
0.373150
0.373153
0.373157
0.373156
0.373157
0.373160
0.373162
0.373164
0.373168
0.373169
0.373170
0.373172
0.373173
0.373173
0.373174
0.373174
0.373175
0.373175
0.373176
0.373176
0.373180
0.373182
0.373183
0.373183
0.373186
0.373189
0.373189
0.373191
0.373191
0.373191
0.373192
0.373195
0.373196
0.373198
0.373199
0.373200
0.373200
0.373204
0.373204
0.373205
0.373205
0.373208
0.373208
0.373211
0.373212
0.373212
0.373216
0.373218
0.373219
0.373221
0.373220
0.373221
0.373223
0.373225
0.373226
0.373226
0.373228
0.373228
0.373231
0.373231
0.373233
0.373237
0.373238
0.373242
0.373244
0.373250
0.373251
0.373254
0.373254
0.373261
0.373264
0.373265
0.373266
0.373268
0.373272
0.373276
0.373276
0.373278
0.373278
0.373279
0.373281
0.373283
0.373283
0.373285
0.373286
0.373287
0.373289
0.373291
0.373291
0.373291
0.373291
0.373292
0.373294
0.373294
0.373295
0.373295
0.373295
0.373299
0.373299
0.373300
0.373303
0.373303
0.373304
0.373305
0.373305
0.373305
0.373307
0.373308
0.373308
0.373314
0.373315
0.373319
0.373323
0.373324
0.373328
0.373329
0.373329
0.373333
0.373334
0.373336
0.373337
0.373339
0.373341
0.373342
0.373348
0.373349
0.373349
0.373349
0.373349
0.373352
0.373353
0.373353
0.373354
0.373355
0.373357
0.373358
0.373359
0.373359
0.373358
0.373359
0.373360
0.373360
0.373361
0.373362
0.373363
0.373366
0.373367
0.373368
0.373369
0.373368
0.373373
0.373376
0.373380
0.373384
0.373385
0.373386
0.373387
0.373387
0.373388
0.373389
0.373389
0.373390
0.373391
0.373391
0.373392
0.373393
0.373395
0.373401
0.373409
0.373409
0.373410
0.373414
0.373415
0.373415
0.373415
0.373415
0.373416
0.373417
0.373419
0.373420
0.373420
0.373419
0.373422
0.373422
0.373424
0.373426
0.373428
0.373432
0.373432
0.373432
0.373436
0.373437
0.373438
0.373439
0.373440
0.373441
0.373442
0.373443
0.373444
0.373444
0.373447
0.373448
0.373448
0.373448
0.373451
0.373451
0.373453
0.373453
0.373458
0.373458
0.373460
0.373462
0.373462
0.373460
0.373461
0.373463
0.373463
0.373463
0.373466
0.373466
0.373468
0.373467
0.373469
0.373469
0.373469
0.373469
0.373470
0.373477
0.373478
0.373478
0.373481
0.373482
0.373483
0.373485
0.373487
0.373487
0.373487
0.373488
0.373489
0.373489
0.373490
0.373492
0.373492
0.373493
0.373494
0.373495
0.373496
0.373496
0.373498
0.373498
0.373499
0.373502
0.373504
0.373505
0.373507
0.373507
0.373510
0.373511
0.373512
0.373518
0.373519
0.373519
0.373521
0.373522
0.373525
0.373527
0.373530
0.373532
0.373533
0.373533
0.373534
0.373535
0.373535
0.373538
0.373540
0.373540
0.373542
0.373543
0.373543
0.373544
0.373546
0.373547
0.373549
0.373549
0.373553
0.373553
0.373554
0.373556
0.373558
0.373559
0.373560
0.373562
0.373562
0.373563
0.373564
0.373565
0.373566
0.373567
0.373570
0.373570
0.373572
0.373574
0.373574
0.373577
0.373577
0.373580
0.373580
0.373581
0.373581
0.373581
0.373582
0.373582
0.373583
0.373584
0.373584
0.373586
0.373586
0.373589
0.373591
0.373594
0.373594
0.373596
0.373597
0.373599
0.373603
0.373605
0.373607
0.373606
0.373611
0.373612
0.373612
0.373613
0.373615
0.373617
0.373623
0.373623
0.373625
0.373627
0.373629
0.373629
0.373629
0.373629
0.373634
0.373636
0.373639
0.373646
0.373649
0.373652
0.373653
0.373654
0.373659
0.373660
0.373661
0.373661
0.373661
0.373664
0.373666
0.373667
0.373669
0.373670
0.373671
0.373675
0.373676
0.373675
0.373676
0.373677
0.373677
0.373677
0.373677
0.373678
0.373680
0.373681
0.373681
0.373681
0.373682
0.373682
0.373688
0.373691
0.373692
0.373693
0.373695
0.373698
0.373700
0.373701
0.373702
0.373703
0.373704
0.373707
0.373709
0.373711
0.373711
0.373712
0.373713
0.373713
0.373715
0.373716
0.373716
0.373716
0.373717
0.373717
0.373718
0.373719
0.373720
0.373722
0.373724
0.373725
0.373728
0.373743
0.373743
0.373743
0.373743
0.373748
0.373748
0.373748
0.373751
0.373754
0.373754
0.373754
0.373755
0.373755
0.373756
0.373759
0.373760
0.373761
0.373761
0.373762
0.373762
0.373763
0.373764
0.373765
0.373767
0.373768
0.373768
0.373770
0.373770
0.373770
0.373770
0.373773
0.373773
0.373773
0.373773
0.373777
0.373777
0.373779
0.373779
0.373780
0.373782
0.373785
0.373786
0.373786
0.373787
0.373787
0.373787
0.373788
0.373789
0.373790
0.373790
0.373793
0.373793
0.373793
0.373793
0.373794
0.373795
0.373795
0.373797
0.373798
0.373799
0.373799
0.373801
0.373803
0.373804
0.373804
0.373805
0.373807
0.373807
0.373810
0.373811
0.373813
0.373818
0.373819
0.373821
0.373821
0.373823
0.373823
0.373826
0.373829
0.373831
0.373832
0.373833
0.373834
0.373835
0.373835
0.373838
0.373838
0.373842
0.373844
0.373847
0.373847
0.373848
0.373855
0.373856
0.373858
0.373859
0.373860
0.373862
0.373862
0.373863
0.373863
0.373865
0.373866
0.373869
0.373869
0.373869
0.373870
0.373871
0.373871
0.373872
0.373872
0.373875
0.373875
0.373876
0.373876
0.373877
0.373878
0.373879
0.373879
0.373882
0.373884
0.373885
0.373888
0.373889
0.373890
0.373890
0.373891
0.373891
0.373894
0.373896
0.373898
0.373899
0.373900
0.373900
0.373900
0.373900
0.373904
0.373905
0.373907
0.373909
0.373912
0.373912
0.373913
0.373913
0.373917
0.373919
0.373919
0.373921
0.373922
0.373922
0.373922
0.373926
0.373932
0.373932
0.373932
0.373934
0.373935
0.373937
0.373938
0.373939
0.373939
0.373939
0.373939
0.373939
0.373939
0.373943
0.373944
0.373945
0.373943
0.373945
0.373946
0.373947
0.373947
0.373947
0.373948
0.373950
0.373951
0.373961
0.373967
0.373968
0.373968
0.373972
0.373973
0.373973
0.373967
0.373967
0.373969
0.373974
0.373976
0.373975
0.373978
0.373978
0.373982
0.373983
0.373984
0.373987
0.373990
0.373991
0.373993
0.373993
0.373998
0.373999
0.374000
0.374001
0.374001
0.374002
0.374005
0.374007
0.374008
0.374009
0.374009
0.374010
0.374010
0.374014
0.374013
0.374013
0.374013
0.374014
0.374019
0.374020
0.374021
0.374022
0.374023
0.374022
0.374023
0.374023
0.374026
0.374026
0.374029
0.374030
0.374030
0.374031
0.374031
0.374031
0.374034
0.374035
0.374035
0.374035
0.374036
0.374037
0.374038
0.374038
0.374038
0.374041
0.374041
0.374041
0.374042
0.374043
0.374043
0.374043
0.374044
0.374044
0.374047
0.374048
0.374048
0.374048
0.374054
0.374055
0.374057
0.374056
0.374056
0.374057
0.374057
0.374057
0.374057
0.374057
0.374059
0.374071
0.374078
0.374079
0.374079
0.374085
0.374086
0.374087
0.374087
0.374090
0.374091
0.374093
0.374096
0.374102
0.374105
0.374105
0.374106
0.374108
0.374110
0.374109
0.374109
0.374110
0.374110
0.374111
0.374112
0.374116
0.374116
0.374116
0.374117
0.374121
0.374122
0.374122
0.374125
0.374125
0.374127
0.374132
0.374135
0.374135
0.374135
0.374135
0.374135
0.374136
0.374137
0.374137
0.374138
0.374138
0.374138
0.374138
0.374138
0.374139
0.374141
0.374142
0.374142
0.374142
0.374142
0.374143
0.374144
0.374146
0.374148
0.374149
0.374152
0.374155
0.374155
0.374160
0.374164
0.374165
0.374166
0.374168
0.374169
0.374170
0.374170
0.374170
0.374171
0.374171
0.374172
0.374176
0.374176
0.374177
0.374178
0.374180
0.374184
0.374185
0.374187
0.374188
0.374191
0.374191
0.374195
0.374197
0.374200
0.374200
0.374201
0.374202
0.374201
0.374202
0.374202
0.374202
0.374203
0.374203
0.374203
0.374204
0.374204
0.374211
0.374212
0.374213
0.374214
0.374218
0.374219
0.374219
0.374221
0.374221
0.374224
0.374225
0.374228
0.374229
0.374229
0.374232
0.374231
0.374231
0.374233
0.374234
0.374234
0.374239
0.374240
0.374241
0.374241
0.374242
0.374242
0.374244
0.374244
0.374245
0.374246
0.374246
0.374246
0.374246
0.374247
0.374248
0.374248
0.374249
0.374249
0.374249
0.374250
0.374252
0.374253
0.374254
0.374254
0.374254
0.374256
0.374256
