0.0010586678981781006 0.36954307556152344
0.0010586678981781006 0.36954307556152344
-0.17221391201019287 0.38415905833244324
0.19040697813034058 0.3619753122329712
0.21164453029632568 0.3598596155643463
-0.07458323240280151 0.3764209449291229
0.24919012188911438 0.35393068194389343
-0.015146970748901367 0.37201881408691406
0.0625433623790741 0.36662909388542175
0.21741187572479248 0.35899266600608826
-0.12827110290527344 0.3829117715358734
0.16080346703529358 0.3638975918292999
-0.13738346099853516 0.38318631052970886
0.24406564235687256 0.3553428649902344
0.25396728515625 0.3512875735759735
-0.02876150608062744 0.3731279969215393
0.11941176652908325 0.36512821912765503
0.0019950270652770996 0.369234174489975
-0.06734156608581543 0.3756023049354553
-0.17946279048919678 0.38571178913116455
-0.03588491678237915 0.3733707070350647
0.1683870553970337 0.3638096749782562
-0.17265868186950684 0.3841758966445923
-0.08678030967712402 0.38044223189353943
-0.011561810970306396 0.37139612436294556
0.07159149646759033 0.366097092628479
0.17711573839187622 0.36327359080314636
0.23523655533790588 0.3567173182964325
-0.004307925701141357 0.3706056773662567
-0.006757795810699463 0.370831698179245
-0.13910436630249023 0.3838145434856415
0.019678980112075806 0.36831051111221313
0.25214365124702454 0.3520433008670807
-0.06352674961090088 0.3746563196182251
0.2104446291923523 0.36046460270881653
0.22589972615242004 0.3579590618610382
-0.11834418773651123 0.38196033239364624
0.21537458896636963 0.35942474007606506
0.006415367126464844 0.3685905337333679
0.1508771777153015 0.36453068256378174
0.24989503622055054 0.3529130816459656
-0.09823858737945557 0.3807007372379303
0.12242138385772705 0.3649561107158661
-0.0839536190032959 0.376701682806015
0.20579731464385986 0.36108243465423584
-0.11250448226928711 0.3810325264930725
-0.021122276782989502 0.372485488653183
0.15785521268844604 0.36427995562553406
0.09631478786468506 0.36572694778442383
-0.0631643533706665 0.374377578496933
0.027973026037216187 0.3672918975353241
0.23185449838638306 0.35788530111312866
0.20313656330108643 0.3617999851703644
-0.17860478162765503 0.38522592186927795
-0.11834418773651123 0.38196033239364624
0.1872013509273529 0.3626394271850586
-0.11834418773651123 0.38196033239364624
0.021570414304733276 0.36812838912010193
0.24563336372375488 0.3543170392513275
-0.022884845733642578 0.37265387177467346
0.05772891640663147 0.36685794591903687
-0.0022495388984680176 0.36991462111473083
0.25529247522354126 0.34832391142845154
-0.11510241031646729 0.38149961829185486
0.18401890993118286 0.3629366159439087
0.19024020433425903 0.3624122738838196
-0.04267382621765137 0.373573362827301
-0.12391579151153564 0.382524698972702
0.12555325031280518 0.3645874261856079
0.0625433623790741 0.36662909388542175
-0.07091754674911499 0.3758726418018341
0.22485575079917908 0.35882338881492615
0.08389225602149963 0.3658422529697418
0.23737823963165283 0.3557722270488739
-0.18145930767059326 0.386121928691864
0.05640411376953125 0.3669266104698181
0.1052333414554596 0.3655957877635956
0.06582033634185791 0.36643436551094055
-0.17946279048919678 0.38571178913116455
-0.022051692008972168 0.3725716173648834
0.1601683497428894 0.3640870749950409
