-0.3494912385940552 0.38508522510528564
-0.3534039258956909 0.39632898569107056
-0.3522215485572815 0.3945740759372711
-0.3455953598022461 0.372944712638855
-0.34770476818084717 0.3757007122039795
-0.349723219871521 0.3894098103046417
-0.35244566202163696 0.3950541615486145
-0.3491508960723877 0.3823813199996948
-0.34719884395599365 0.37527137994766235
-0.3465191125869751 0.3750093877315521
-0.3551718592643738 0.3985324800014496
-0.35719597339630127 0.4003913402557373
-0.3551718592643738 0.3985324800014496
-0.3465191125869751 0.3750093877315521
-0.3491508960723877 0.3823813199996948
-0.3455953598022461 0.372944712638855
-0.35339683294296265 0.39614829421043396
-0.346027672290802 0.3740793466567993
-0.34770476818084717 0.3757007122039795
-0.349723219871521 0.3894098103046417
-0.3455718755722046 0.372607558965683
-0.3494912385940552 0.38508522510528564
-0.346027672290802 0.3740793466567993
-0.35017532110214233 0.3909440338611603
-0.35017532110214233 0.3909440338611603
-0.3491508960723877 0.3823813199996948
-0.35017532110214233 0.3909440338611603
-0.35017532110214233 0.3909440338611603
-0.345780611038208 0.3734387755393982
0.02650710940361023 0.328390896320343
-0.3487693667411804 0.37668997049331665
-0.3464217185974121 0.37452420592308044
-0.349723219871521 0.3894098103046417
-0.3455718755722046 0.372607558965683
0.0746222734451294 0.32725656032562256
-0.34958910942077637 0.3884695768356323
-0.3494912385940552 0.38508522510528564
-0.35017532110214233 0.3909440338611603
-0.3547396659851074 0.39786016941070557
-0.3547396659851074 0.39786016941070557
-0.3569071292877197 0.39939600229263306
-0.3547396659851074 0.39786016941070557
-0.3475229740142822 0.3754996359348297
-0.3455718755722046 0.372607558965683
-0.24077916145324707 0.3601815402507782
-0.3494912385940552 0.38508522510528564
-0.3488757014274597 0.37723904848098755
-0.3511289358139038 0.3933211863040924
-0.3547396659851074 0.39786016941070557
-0.35259395837783813 0.3953838050365448
-0.34958910942077637 0.3884695768356323
-0.36031943559646606 0.40087395906448364
-0.3491508960723877 0.3823813199996948
-0.35165703296661377 0.394269198179245
-0.349723219871521 0.3894098103046417
-0.35158753395080566 0.3941301107406616
-0.23160338401794434 0.35658031702041626
-0.34983187913894653 0.39044389128685
0.09640437364578247 0.3251282572746277
0.10434284806251526 0.32291752099990845
0.02650710940361023 0.328390896320343
-0.3463503122329712 0.3744737207889557
-0.35539937019348145 0.3985794484615326
-0.20642411708831787 0.3425786793231964
-0.23882627487182617 0.3596813380718231
-0.35539937019348145 0.3985794484615326
-0.23160338401794434 0.35658031702041626
-0.35029250383377075 0.39165017008781433
-0.3511289358139038 0.3933211863040924
-0.345780611038208 0.3734387755393982
0.09887462854385376 0.3246554136276245
-0.35284125804901123 0.39583176374435425
-0.3477522134780884 0.3764384686946869
0.08129462599754333 0.3271641433238983
0.07273614406585693 0.3276337683200836
0.07647138833999634 0.32724156975746155
-0.3509013056755066 0.3930242359638214
-0.3017452359199524 0.3662005364894867
-0.3503589630126953 0.3916742503643036
-0.24248147010803223 0.3606176972389221
0.05617591738700867 0.32811927795410156
0.09455978870391846 0.3256012499332428
0.08129462599754333 0.3271641433238983
-0.35229599475860596 0.3950117528438568
-0.3535161018371582 0.39665791392326355
0.10218167304992676 0.32384443283081055
-0.2274215817451477 0.35642892122268677
0.09001880884170532 0.32621538639068604
0.09240609407424927 0.3259284198284149
0.07273614406585693 0.3276337683200836
-0.3455718755722046 0.372607558965683
0.10124397277832031 0.32412800192832947
0.07019445300102234 0.32772183418273926
-0.20642411708831787 0.3425786793231964
-0.23389530181884766 0.35870733857154846
0.09001880884170532 0.32621538639068604
-0.21726465225219727 0.3461262881755829
-0.3509013056755066 0.3930242359638214
-0.3512778878211975 0.3936604857444763
-0.3494912385940552 0.38508522510528564
-0.24467134475708008 0.36127886176109314
-0.3505760431289673 0.39236173033714294
-0.35704922676086426 0.39991262555122375
-0.349723219871521 0.3894098103046417
-0.23694145679473877 0.35963374376296997
-0.36170947551727295 0.4015936851501465
-0.34958910942077637 0.3884695768356323
-0.22497010231018066 0.3521237373352051
-0.3491508960723877 0.3823813199996948
0.084572434425354 0.3269077241420746
0.09640437364578247 0.3251282572746277
-0.2188023328781128 0.3469465374946594
0.08717203140258789 0.32660508155822754
-0.23517483472824097 0.3593156933784485
-0.3498953580856323 0.390512615442276
0.09887462854385376 0.3246554136276245
-0.3578507900238037 0.4005580544471741
-0.2532789707183838 0.3621427118778229
-0.3548462390899658 0.3980965316295624
0.10218167304992676 0.32384443283081055
0.10218167304992676 0.32384443283081055
-0.3509013056755066 0.3930242359638214
-0.30572962760925293 0.3688866198062897
-0.21201956272125244 0.3459218442440033
-0.22307860851287842 0.3488949239253998
-0.34738248586654663 0.37548530101776123
-0.3558295965194702 0.3992454707622528
-0.3105431795120239 0.37015461921691895
-0.20891022682189941 0.342928946018219
-0.3503589630126953 0.3916742503643036
0.07273614406585693 0.3276337683200836
-0.3297837972640991 0.3723384439945221
-0.35165703296661377 0.394269198179245
-0.23160338401794434 0.35658031702041626
-0.3463503122329712 0.3744737207889557
0.10124397277832031 0.32412800192832947
-0.3607407212257385 0.4009977877140045
-0.21948707103729248 0.3479877710342407
-0.209844708442688 0.3439524173736572
-0.24077916145324707 0.3601815402507782
0.02650710940361023 0.328390896320343
-0.23160338401794434 0.35658031702041626
-0.21022868156433105 0.3450518548488617
0.10559239983558655 0.31817302107810974
0.10434284806251526 0.32291752099990845
-0.3488757014274597 0.37723904848098755
-0.3541696071624756 0.39740699529647827
-0.23170214891433716 0.35816457867622375
0.043527454137802124 0.3282821476459503
