-0.32782500982284546 0.3555746376514435
-0.05272781848907471 0.31792986392974854
-0.23734283447265625 0.33301544189453125
-0.29229021072387695 0.34933218359947205
-0.2814145088195801 0.348795622587204
-0.2733893394470215 0.3473186194896698
-0.31729382276535034 0.35475048422813416
-0.27349424362182617 0.34758180379867554
-0.32782500982284546 0.3555746376514435
-0.2586742639541626 0.34355804324150085
-0.24335706233978271 0.3398454785346985
-0.2468317747116089 0.3415306508541107
-0.26068150997161865 0.3440788686275482
-0.2912135720252991 0.3491256833076477
-0.2618008852005005 0.3443314731121063
-0.2418045997619629 0.3382206857204437
-0.05272781848907471 0.31792986392974854
-0.257724404335022 0.3434428572654724
-0.23868823051452637 0.33617904782295227
-0.2952654957771301 0.3496645987033844
-0.252602219581604 0.3428480327129364
-0.24646174907684326 0.3403678834438324
-0.2772231101989746 0.34855732321739197
-0.23868823051452637 0.33617904782295227
-0.2698194980621338 0.34674426913261414
-0.26315027475357056 0.3445356786251068
-0.2648491859436035 0.34461891651153564
-0.3271327018737793 0.3550889194011688
-0.29673290252685547 0.35035908222198486
-0.06591665744781494 0.321951299905777
-0.2690887451171875 0.34654703736305237
-0.3029613494873047 0.3512113094329834
-0.30600059032440186 0.35269302129745483
-0.23734283447265625 0.33301544189453125
-0.2774771451950073 0.34873467683792114
-0.3034997582435608 0.3515843152999878
-0.2720988392829895 0.34690728783607483
-0.3163858652114868 0.3537978231906891
-0.23868823051452637 0.33617904782295227
-0.27409249544143677 0.34786635637283325
-0.2925668954849243 0.3495076596736908
-0.24665725231170654 0.34108805656433105
-0.2675056457519531 0.34597814083099365
-0.2406102418899536 0.3376588225364685
-0.25132834911346436 0.3423837721347809
-0.31655633449554443 0.35405901074409485
-0.265039324760437 0.34535154700279236
-0.26777660846710205 0.3462928533554077
-0.3045843243598938 0.3523111939430237
-0.2962944507598877 0.35004937648773193
-0.24278748035430908 0.33879852294921875
-0.3040385842323303 0.3518621027469635
-0.30771517753601074 0.3532240688800812
-0.06388962268829346 0.32189106941223145
-0.10801190137863159 0.3261232078075409
-0.1453622579574585 0.32701390981674194
-0.19615179300308228 0.3294639587402344
-0.30663633346557617 0.35272905230522156
-0.27712178230285645 0.3482639193534851
-0.25671929121017456 0.3432624936103821
-0.2406102418899536 0.3376588225364685
-0.2658615708351135 0.34582725167274475
-0.0556560754776001 0.3209145665168762
-0.27349424362182617 0.34758180379867554
-0.24815106391906738 0.3420657515525818
-0.25965702533721924 0.3437590003013611
-0.24031966924667358 0.33746519684791565
-0.2399250864982605 0.3363582491874695
-0.29843950271606445 0.3509993255138397
-0.27572858333587646 0.34802794456481934
-0.23868823051452637 0.33617904782295227
-0.24815106391906738 0.3420657515525818
-0.32770025730133057 0.35544273257255554
-0.2548733949661255 0.3428744971752167
-0.24815106391906738 0.3420657515525818
-0.24518752098083496 0.3400142788887024
-0.25602084398269653 0.343094140291214
-0.3269926905632019 0.35494351387023926
-0.24815106391906738 0.3420657515525818
-0.24552613496780396 0.34021350741386414
-0.25053542852401733 0.3421441316604614
-0.06794452667236328 0.3250018060207367
-0.23791956901550293 0.3356628119945526
