-0.1669299602508545 0.3880251348018646
-0.12893319129943848 0.36600393056869507
-0.1669299602508545 0.3880251348018646
-0.1689661741256714 0.3923781216144562
-0.1671813726425171 0.3894777297973633
-0.1671813726425171 0.3894777297973633
-0.1671813726425171 0.3894777297973633
-0.1669299602508545 0.3880251348018646
-0.1669299602508545 0.3880251348018646
-0.1689661741256714 0.3923781216144562
-0.1671813726425171 0.3894777297973633
-0.17274117469787598 0.39867427945137024
-0.1677790880203247 0.3917649984359741
-0.16620999574661255 0.38739773631095886
-0.15048223733901978 0.3709079623222351
0.015029102563858032 0.3385964334011078
-0.17007392644882202 0.3952016532421112
-0.12944746017456055 0.36682742834091187
-0.1671813726425171 0.3894777297973633
0.03922456502914429 0.3370233178138733
-0.0013988614082336426 0.3417291045188904
-0.12819147109985352 0.3659064471721649
-0.14581477642059326 0.3706989288330078
0.144228994846344 0.3254231810569763
-0.17109620571136475 0.39675694704055786
0.13952979445457458 0.3270654082298279
-0.15493303537368774 0.3748612105846405
0.05150356888771057 0.3352741599082947
-0.17027884721755981 0.3956623673439026
-0.1671813726425171 0.3894777297973633
-0.15435999631881714 0.3744245171546936
0.13171660900115967 0.3272631764411926
-0.1659744381904602 0.3840976655483246
0.13115006685256958 0.3282075524330139
-0.15224683284759521 0.3728426396846771
-0.1433122158050537 0.3701799213886261
-0.16620999574661255 0.38739773631095886
0.10537678003311157 0.3308729827404022
-0.17133748531341553 0.39756467938423157
-0.12129402160644531 0.360821932554245
-0.034886300563812256 0.34325358271598816
0.11821144819259644 0.3299199342727661
-0.16803395748138428 0.3921447992324829
0.1587323546409607 0.3235059678554535
-0.1524057388305664 0.37358415126800537
0.09167447686195374 0.3314163386821747
-0.1671813726425171 0.3894777297973633
0.17920684814453125 0.322192519903183
-0.04474043846130371 0.343872994184494
-0.15515434741973877 0.3749188184738159
0.18121284246444702 0.32139095664024353
-0.03781086206436157 0.34352776408195496
-0.12281358242034912 0.36314231157302856
-0.058664023876190186 0.3456476926803589
-0.12575381994247437 0.36510249972343445
-0.06796598434448242 0.3466428220272064
0.11381781101226807 0.33022111654281616
-0.07351922988891602 0.34692081809043884
-0.17826056480407715 0.3991122841835022
-0.06306791305541992 0.34626877307891846
-0.12176144123077393 0.3620346188545227
0.006422519683837891 0.3413313627243042
0.08811545372009277 0.3320736289024353
-0.1671813726425171 0.3894777297973633
0.0542980432510376 0.3346441686153412
-0.05235457420349121 0.3448147475719452
-0.17274117469787598 0.39867427945137024
0.1721159815788269 0.32283270359039307
0.0355890691280365 0.3376767039299011
-0.16910481452941895 0.3944767415523529
0.13115006685256958 0.3282075524330139
0.144228994846344 0.3254231810569763
-0.16602212190628052 0.38593029975891113
-0.13931453227996826 0.3682672083377838
0.13521414995193481 0.32717105746269226
0.030285418033599854 0.33843865990638733
-0.17048418521881104 0.39617615938186646
-0.12060558795928955 0.3593123257160187
-0.0013988614082336426 0.3417291045188904
-0.15048223733901978 0.3709079623222351
-0.14238113164901733 0.37001869082450867
0.15749579668045044 0.32352688908576965
-0.03229635953903198 0.3420935571193695
-0.1671813726425171 0.3894777297973633
0.10954940319061279 0.3305182158946991
0.06560048460960388 0.3342733681201935
0.14754223823547363 0.32447072863578796
-0.150870680809021 0.37234076857566833
-0.14063650369644165 0.3687382936477661
-0.12422412633895874 0.36421969532966614
-0.08432972431182861 0.34718891978263855
0.010099411010742188 0.3407362997531891
-0.1659744381904602 0.3840976655483246
-0.1273059844970703 0.3658984303474426
-0.1675282120704651 0.39084434509277344
-0.04908335208892822 0.3441546857357025
0.11381781101226807 0.33022111654281616
0.04199087619781494 0.3362056612968445
-0.1671813726425171 0.3894777297973633
0.05046874284744263 0.3356623649597168
-0.1297869086265564 0.3670593500137329
0.16642826795578003 0.323432981967926
-0.1671813726425171 0.3894777297973633
0.09907063841819763 0.33112236857414246
-0.12060558795928955 0.3593123257160187
-0.06306791305541992 0.34626877307891846
0.1426447331905365 0.32661208510398865
0.17791295051574707 0.32268211245536804
0.015029102563858032 0.3385964334011078
0.08410999178886414 0.3330020606517792
0.03922456502914429 0.3370233178138733
-0.11997812986373901 0.3565134108066559
-0.17133748531341553 0.39756467938423157
0.12409451603889465 0.3290407359600067
-0.12422412633895874 0.36421969532966614
0.011261463165283203 0.33941492438316345
