-0.35660016536712646 0.38086631894111633
-0.25737524032592773 0.33721718192100525
-0.3613925576210022 0.386312335729599
-0.35660016536712646 0.38086631894111633
-0.2942911386489868 0.36172038316726685
-0.3613925576210022 0.386312335729599
-0.35660016536712646 0.38086631894111633
-0.3591300845146179 0.38427451252937317
-0.141892671585083 0.3091619312763214
-0.3604394197463989 0.3857008218765259
-0.3597651720046997 0.3848293721675873
-0.25737524032592773 0.33721718192100525
-0.29697734117507935 0.36464735865592957
-0.35714948177337646 0.381731778383255
-0.3613925576210022 0.386312335729599
-0.3591300845146179 0.38427451252937317
-0.35977721214294434 0.3851196765899658
-0.3008697032928467 0.36637768149375916
-0.3207179307937622 0.36992210149765015
-0.2948571443557739 0.36301612854003906
-0.2697051763534546 0.3460015654563904
-0.2942911386489868 0.36172038316726685
-0.3613925576210022 0.386312335729599
-0.36580991744995117 0.3879818022251129
-0.2959275245666504 0.3640782833099365
-0.21353352069854736 0.3323141932487488
-0.36580991744995117 0.3879818022251129
-0.3426998257637024 0.37145766615867615
-0.23551464080810547 0.3347635567188263
-0.27482616901397705 0.3469504415988922
-0.19293546676635742 0.32915112376213074
-0.23757052421569824 0.33558353781700134
-0.3071855902671814 0.36794161796569824
-0.25737524032592773 0.33721718192100525
-0.26271575689315796 0.34552255272865295
-0.3706492781639099 0.388553649187088
-0.324809193611145 0.37053653597831726
-0.2959275245666504 0.3640782833099365
-0.3577871322631836 0.38266488909721375
-0.35884565114974976 0.38398295640945435
-0.3046237826347351 0.36745157837867737
-0.18197274208068848 0.3266424834728241
-0.1814400553703308 0.3263603150844574
-0.3577871322631836 0.38266488909721375
-0.3613925576210022 0.386312335729599
-0.2948571443557739 0.36301612854003906
-0.2959275245666504 0.3640782833099365
-0.3071855902671814 0.36794161796569824
-0.35714948177337646 0.381731778383255
-0.2996026277542114 0.3656947612762451
-0.2593773603439331 0.34265047311782837
-0.3207179307937622 0.36992210149765015
-0.35660016536712646 0.38086631894111633
-0.1625986099243164 0.3217158019542694
-0.3034442663192749 0.3668869435787201
-0.30982446670532227 0.36878204345703125
-0.19341564178466797 0.3295452296733856
-0.141892671585083 0.3091619312763214
-0.29697734117507935 0.36464735865592957
-0.3602542281150818 0.3852272629737854
-0.3577871322631836 0.38266488909721375
-0.1794777512550354 0.3239347040653229
-0.2872653007507324 0.3589050769805908
-0.3706492781639099 0.388553649187088
-0.36580991744995117 0.3879818022251129
-0.3634788393974304 0.387278288602829
-0.3617856502532959 0.38632211089134216
-0.2959275245666504 0.3640782833099365
-0.3634788393974304 0.387278288602829
-0.3634788393974304 0.387278288602829
-0.1807599663734436 0.32565316557884216
-0.141892671585083 0.3091619312763214
-0.33164161443710327 0.37089160084724426
-0.25737524032592773 0.33721718192100525
-0.18554985523223877 0.32715845108032227
-0.27112913131713867 0.3468643128871918
-0.14531368017196655 0.3177431523799896
-0.3577871322631836 0.38266488909721375
-0.3010762929916382 0.36641255021095276
-0.264468789100647 0.34570130705833435
-0.19237756729125977 0.3288811445236206
-0.36580991744995117 0.3879818022251129
-0.3426998257637024 0.37145766615867615
-0.3617856502532959 0.38632211089134216
-0.3207179307937622 0.36992210149765015
-0.33689796924591064 0.37122634053230286
-0.3207179307937622 0.36992210149765015
-0.3560621738433838 0.3783259689807892
-0.35660016536712646 0.38086631894111633
-0.15390419960021973 0.3202879726886749
-0.2872222065925598 0.35664910078048706
-0.3046237826347351 0.36745157837867737
-0.29827195405960083 0.3652842044830322
-0.2959275245666504 0.3640782833099365
-0.2942911386489868 0.36172038316726685
-0.3577871322631836 0.38266488909721375
-0.21408849954605103 0.3332252502441406
-0.28215956687927246 0.3490041494369507
-0.315559983253479 0.36991286277770996
-0.3108631372451782 0.36955568194389343
-0.15290629863739014 0.3186763525009155
-0.3577871322631836 0.38266488909721375
-0.15390419960021973 0.3202879726886749
-0.23757052421569824 0.33558353781700134
-0.36580991744995117 0.3879818022251129
-0.18226587772369385 0.3269941508769989
-0.3046237826347351 0.36745157837867737
-0.2796242833137512 0.3487866520881653
-0.3207179307937622 0.36992210149765015
-0.3577871322631836 0.38266488909721375
-0.16629350185394287 0.321919709444046
-0.2593773603439331 0.34265047311782837
-0.324809193611145 0.37053653597831726
-0.2829272747039795 0.35203346610069275
-0.3577871322631836 0.38266488909721375
-0.15002959966659546 0.3177514970302582
-0.36580991744995117 0.3879818022251129
-0.3085002303123474 0.36827853322029114
-0.3617856502532959 0.38632211089134216
-0.3617856502532959 0.38632211089134216
-0.23543024063110352 0.3346206843852997
-0.14401811361312866 0.31538742780685425
-0.20077836513519287 0.3306213617324829
-0.21067965030670166 0.3321896493434906
-0.16039621829986572 0.3209490478038788
-0.3046237826347351 0.36745157837867737
-0.35536038875579834 0.37547561526298523
-0.3634788393974304 0.387278288602829
-0.257530152797699 0.3408242464065552
-0.3577871322631836 0.38266488909721375
-0.3602542281150818 0.3852272629737854
-0.2612299919128418 0.3442522883415222
-0.33689796924591064 0.37122634053230286
-0.19582700729370117 0.33016183972358704
-0.36580991744995117 0.3879818022251129
-0.36580991744995117 0.3879818022251129
-0.3577871322631836 0.38266488909721375
-0.2755330801010132 0.3477705717086792
