-0.24464750289916992 0.3816758990287781
-0.24475479125976562 0.3818839192390442
-0.24500226974487305 0.38235899806022644
-0.24464750289916992 0.3816758990287781
-0.24479401111602783 0.3820306956768036
-0.24475479125976562 0.3818839192390442
-0.24479401111602783 0.3820306956768036
-0.24479401111602783 0.3820306956768036
-0.24619585275650024 0.38733962178230286
-0.2446666955947876 0.3818565607070923
0.1459103226661682 0.3560672998428345
-0.2446666955947876 0.3818565607070923
-0.24496793746948242 0.3822794556617737
-0.24464750289916992 0.3816758990287781
-0.24651741981506348 0.3882471024990082
-0.24873435497283936 0.3907763659954071
-0.24479401111602783 0.3820306956768036
0.14432209730148315 0.3566121757030487
-0.2466108798980713 0.38873374462127686
-0.20609819889068604 0.3770595192909241
-0.1867990493774414 0.37316182255744934
-0.2459583282470703 0.3868577182292938
0.1459103226661682 0.3560672998428345
-0.23990613222122192 0.3802652060985565
-0.24652886390686035 0.3883064389228821
0.044835060834884644 0.3694891929626465
-0.20263820886611938 0.37674400210380554
-0.24505555629730225 0.38284221291542053
-0.24873435497283936 0.3907763659954071
-0.23887860774993896 0.37944328784942627
-0.2471158504486084 0.3894871175289154
-0.1867990493774414 0.37316182255744934
-0.2466108798980713 0.38873374462127686
-0.23210155963897705 0.37813976407051086
-0.2459583282470703 0.3868577182292938
0.14432209730148315 0.3566121757030487
-0.24696099758148193 0.3892779052257538
-0.24464750289916992 0.3816758990287781
-0.24853730201721191 0.3902778625488281
-0.186126708984375 0.37264740467071533
0.13110291957855225 0.36250486969947815
0.10834276676177979 0.36645612120628357
0.1242591142654419 0.36407092213630676
-0.24070560932159424 0.3803253173828125
0.14878752827644348 0.35543692111968994
0.13935869932174683 0.35909172892570496
-0.23937606811523438 0.37968453764915466
-0.20263820886611938 0.37674400210380554
0.13597747683525085 0.3621196150779724
-0.2458246946334839 0.3861444890499115
0.117281973361969 0.3654944598674774
-0.18788206577301025 0.3738587498664856
-0.2472989559173584 0.3898400068283081
-0.2458246946334839 0.3861444890499115
-0.22071176767349243 0.3775125741958618
-0.24618053436279297 0.38725075125694275
-0.2336471676826477 0.3790338337421417
-0.20263820886611938 0.37674400210380554
-0.2458246946334839 0.3861444890499115
0.04727065563201904 0.36933380365371704
0.10352104902267456 0.36660662293434143
-0.15415191650390625 0.3718172311782837
0.12225756049156189 0.3650284707546234
-0.19085687398910522 0.3760897219181061
0.038654983043670654 0.36972662806510925
-0.2458246946334839 0.3861444890499115
-0.2458246946334839 0.3861444890499115
-0.2322806715965271 0.37862926721572876
-0.20263820886611938 0.37674400210380554
0.13110291957855225 0.36250486969947815
0.11371958255767822 0.36610957980155945
0.1459103226661682 0.3560672998428345
-0.2458246946334839 0.3861444890499115
-0.13587349653244019 0.3708881735801697
0.10027295351028442 0.3669329583644867
-0.24853730201721191 0.3902778625488281
-0.24464750289916992 0.3816758990287781
-0.1818360686302185 0.37259921431541443
-0.16116571426391602 0.37192684412002563
-0.24488437175750732 0.3822740912437439
-0.2458246946334839 0.3861444890499115
-0.23446476459503174 0.3793512284755707
-0.2458246946334839 0.3861444890499115
-0.2458246946334839 0.3861444890499115
0.14365261793136597 0.35795530676841736
-0.2458246946334839 0.3861444890499115
0.07650589942932129 0.3689296543598175
-0.19928443431854248 0.37644872069358826
-0.2458246946334839 0.3861444890499115
-0.2458246946334839 0.3861444890499115
0.04326891899108887 0.36954420804977417
-0.19053471088409424 0.3750562369823456
-0.23191344738006592 0.37784913182258606
0.04727065563201904 0.36933380365371704
-0.18616414070129395 0.372955858707428
-0.13815677165985107 0.371128648519516
0.0789499282836914 0.3680463433265686
0.14302125573158264 0.35846400260925293
0.11371958255767822 0.36610957980155945
0.13726812601089478 0.3591196537017822
-0.18616414070129395 0.372955858707428
-0.2453126311302185 0.38553616404533386
-0.2458246946334839 0.3861444890499115
-0.24508702754974365 0.3828558623790741
-0.2458246946334839 0.3861444890499115
-0.14508211612701416 0.37180885672569275
0.11371958255767822 0.36610957980155945
0.11532860994338989 0.3656558692455292
-0.24636852741241455 0.3879808485507965
-0.13238781690597534 0.37001165747642517
-0.20703935623168945 0.37725022435188293
-0.24514025449752808 0.38449087738990784
-0.24873435497283936 0.3907763659954071
0.09505194425582886 0.3673357367515564
0.04937344789505005 0.3690398931503296
-0.2458246946334839 0.3861444890499115
0.14432209730148315 0.3566121757030487
0.12630242109298706 0.3640393912792206
