-0.2704300880432129 0.39422544836997986
-0.2586632966995239 0.39169010519981384
-0.26934051513671875 0.39397868514060974
-0.26829731464385986 0.3937920033931732
-0.25950467586517334 0.3921852707862854
-0.07934260368347168 0.37276843190193176
-0.03321892023086548 0.36337944865226746
-0.1892361044883728 0.38599300384521484
-0.034960806369781494 0.36357828974723816
-0.2704581022262573 0.3942743241786957
-0.19246184825897217 0.38727498054504395
-0.0732114315032959 0.3701879680156708
-0.26052021980285645 0.3926580250263214
-0.2537814974784851 0.3906691372394562
-0.07228004932403564 0.3700388967990875
-0.010204553604125977 0.3587722182273865
-0.19557476043701172 0.387675940990448
-0.2704581022262573 0.3942743241786957
-0.023151516914367676 0.3611198663711548
0.03099176287651062 0.3500661849975586
-0.26829731464385986 0.3937920033931732
-0.2613334655761719 0.3930455446243286
0.025558769702911377 0.35206469893455505
-0.19371557235717773 0.38737839460372925
-0.07415652275085449 0.3703100383281708
-0.12425881624221802 0.3796214759349823
-0.09422945976257324 0.37372085452079773
-0.19229578971862793 0.38659578561782837
-0.005783736705780029 0.35735344886779785
-0.02227729558944702 0.36090636253356934
-0.1526244878768921 0.38500338792800903
-0.0948113203048706 0.37418684363365173
-0.0626826286315918 0.36623260378837585
-0.015426933765411377 0.3588913679122925
-0.019214928150177002 0.3599981963634491
-0.25854265689849854 0.3911239504814148
-0.10036015510559082 0.3746630847454071
-0.05853545665740967 0.36520931124687195
-0.26036930084228516 0.39250028133392334
-0.031982481479644775 0.362897127866745
-0.05532050132751465 0.3650646507740021
-0.12585222721099854 0.38006508350372314
-0.25276386737823486 0.389710396528244
-0.05933952331542969 0.3658013343811035
-0.19156372547149658 0.38641640543937683
0.026645302772521973 0.35189756751060486
-0.25327426195144653 0.3897971510887146
-0.021408677101135254 0.360700398683548
-0.008853614330291748 0.35830235481262207
-0.12087106704711914 0.37715741991996765
-0.2586632966995239 0.39169010519981384
-0.03216606378555298 0.36320674419403076
-0.07780957221984863 0.3718484044075012
-0.07916897535324097 0.3724765479564667
-0.0750998854637146 0.3705997169017792
-0.020264744758605957 0.3603828549385071
-0.129563570022583 0.3804795444011688
0.025423526763916016 0.3532314896583557
-0.25854265689849854 0.3911239504814148
-0.15383052825927734 0.38515999913215637
-0.26934051513671875 0.39397868514060974
-0.18960785865783691 0.3859972655773163
-0.1270613670349121 0.38015878200531006
0.027761846780776978 0.3512522280216217
-0.009047210216522217 0.35864588618278503
-0.124378502368927 0.37974533438682556
0.023139923810958862 0.3533910810947418
-0.14936208724975586 0.3847866952419281
-0.07038283348083496 0.3694741725921631
-0.06636607646942139 0.3663574159145355
-0.03139978647232056 0.36138370633125305
0.029441148042678833 0.3506065011024475
-0.1977882981300354 0.38789981603622437
-0.2591920495033264 0.3919730484485626
-0.07990944385528564 0.37323081493377686
-0.07184088230133057 0.36983349919319153
-0.01164013147354126 0.3588656783103943
-0.25950300693511963 0.3921767771244049
-0.25854265689849854 0.3911239504814148
-0.097048819065094 0.3746008276939392
-0.07526355981826782 0.3711473047733307
0.028918206691741943 0.3510783910751343
-0.0619504451751709 0.36595213413238525
-0.07833588123321533 0.37220463156700134
-0.25854265689849854 0.3911239504814148
