-0.333670973777771 0.38487309217453003
-0.33390092849731445 0.38735517859458923
-0.14087998867034912 0.36471036076545715
-0.3337538242340088 0.3867337703704834
-0.333670973777771 0.38487309217453003
-0.32554203271865845 0.3818189799785614
-0.3265591859817505 0.38249000906944275
-0.14087998867034912 0.36471036076545715
-0.34149497747421265 0.3961963355541229
-0.1435038447380066 0.365981787443161
-0.333670973777771 0.38487309217453003
-0.2079911231994629 0.37695929408073425
-0.33445239067077637 0.3896462619304657
-0.2473732829093933 0.3813129663467407
-0.32554203271865845 0.3818189799785614
-0.3337538242340088 0.3867337703704834
-0.3269105553627014 0.38325273990631104
-0.3339172601699829 0.38754141330718994
-0.341910719871521 0.39706528186798096
-0.15745890140533447 0.372707337141037
-0.33458536863327026 0.39019104838371277
-0.20872950553894043 0.3771974742412567
-0.3255985975265503 0.382394015789032
-0.23325365781784058 0.3799700140953064
-0.3339560031890869 0.3876623213291168
-0.3346294164657593 0.3909054398536682
-0.33450424671173096 0.389728307723999
-0.33507734537124634 0.3918612599372864
-0.3346294164657593 0.3909054398536682
-0.22380363941192627 0.37899404764175415
-0.21759408712387085 0.37885531783103943
-0.14935636520385742 0.3716520667076111
-0.16448700428009033 0.3737916052341461
-0.3353426456451416 0.3935604989528656
-0.2094634771347046 0.37771186232566833
-0.1814936399459839 0.376088947057724
-0.34566986560821533 0.4021690785884857
-0.1435038447380066 0.365981787443161
-0.3348831534385681 0.3916442394256592
-0.3482024669647217 0.404177188873291
-0.2079911231994629 0.37695929408073425
-0.15745890140533447 0.372707337141037
-0.3440704941749573 0.40154385566711426
-0.33741772174835205 0.39569684863090515
-0.33674073219299316 0.39502406120300293
-0.3354668617248535 0.3939379155635834
-0.32554203271865845 0.3818189799785614
-0.34221744537353516 0.39746952056884766
-0.21310925483703613 0.37875571846961975
-0.15745890140533447 0.372707337141037
-0.34646695852279663 0.40370115637779236
-0.32736635208129883 0.38390955328941345
-0.34149497747421265 0.3961963355541229
-0.3352985382080078 0.3928408622741699
-0.333670973777771 0.38487309217453003
-0.34505248069763184 0.4015909731388092
-0.3429644703865051 0.3984805941581726
-0.22936415672302246 0.37995827198028564
-0.3337538242340088 0.3867337703704834
-0.34277963638305664 0.3980056941509247
-0.23325365781784058 0.3799700140953064
-0.1658790111541748 0.37415993213653564
-0.33409208059310913 0.3882888853549957
-0.15745890140533447 0.372707337141037
-0.3361186981201172 0.394615113735199
-0.3356962203979492 0.39444372057914734
-0.14087998867034912 0.36471036076545715
-0.341910719871521 0.39706528186798096
-0.15793025493621826 0.3734065592288971
-0.1878138780593872 0.37689635157585144
-0.3342463970184326 0.3890666961669922
-0.14696389436721802 0.37022528052330017
-0.14504331350326538 0.36773881316185
-0.23401284217834473 0.3801094889640808
-0.3265591859817505 0.38249000906944275
-0.33509552478790283 0.3923127353191376
-0.1878138780593872 0.37689635157585144
-0.3392282724380493 0.396012544631958
-0.2398325800895691 0.3805851638317108
-0.3339172601699829 0.38754141330718994
-0.17774248123168945 0.37607645988464355
-0.22744333744049072 0.37952324748039246
-0.23962658643722534 0.38021498918533325
-0.34335029125213623 0.4004484713077545
-0.1442757248878479 0.3671838939189911
-0.3341789245605469 0.38879114389419556
-0.33509552478790283 0.3923127353191376
-0.2473732829093933 0.3813129663467407
-0.14566302299499512 0.3689303398132324
-0.32736635208129883 0.38390955328941345
-0.14956670999526978 0.3718871772289276
-0.17664754390716553 0.3751525282859802
-0.16621965169906616 0.3750087022781372
-0.22380363941192627 0.37899404764175415
-0.32910823822021484 0.3848649859428406
-0.3270196318626404 0.3835907280445099
-0.14344072341918945 0.36504629254341125
-0.14879858493804932 0.3703514039516449
