-0.37459641695022583 0.39232879877090454
-0.31144797801971436 0.36966487765312195
-0.34540754556655884 0.3794471323490143
-0.37459641695022583 0.39232879877090454
-0.3631300926208496 0.3839910626411438
-0.3143191337585449 0.3719903230667114
-0.3203333616256714 0.3736060559749603
-0.3118712902069092 0.3706328570842743
-0.40638232231140137 0.3985871374607086
-0.4245855212211609 0.40845510363578796
-0.40691983699798584 0.39897260069847107
-0.282572865486145 0.35619041323661804
-0.4254223108291626 0.4103330075740814
-0.40556442737579346 0.39733681082725525
-0.37796252965927124 0.3962533473968506
-0.4244813323020935 0.40721797943115234
-0.41152423620224 0.40308475494384766
-0.35346609354019165 0.3805299997329712
-0.3631300926208496 0.3839910626411438
-0.30914783477783203 0.36778923869132996
-0.3083137273788452 0.36154642701148987
-0.29471278190612793 0.36016908288002014
-0.3013496994972229 0.3610166013240814
-0.3013496994972229 0.3610166013240814
-0.36550605297088623 0.38666051626205444
-0.37192827463150024 0.39013704657554626
-0.32060861587524414 0.3749864995479584
-0.3643396496772766 0.3842046558856964
-0.3643396496772766 0.3842046558856964
-0.32567304372787476 0.37523916363716125
-0.37440061569213867 0.3914623260498047
-0.29213011264801025 0.358987033367157
-0.36663293838500977 0.3875810503959656
-0.3102003335952759 0.3686225116252899
-0.31144797801971436 0.36966487765312195
-0.36775147914886475 0.38874194025993347
-0.3203333616256714 0.3736060559749603
-0.33760929107666016 0.37715864181518555
-0.3118712902069092 0.3706328570842743
-0.28678733110427856 0.3580821752548218
-0.40695881843566895 0.3998851478099823
-0.2845309376716614 0.35734447836875916
-0.40833330154418945 0.4005415141582489
-0.3418780565261841 0.37764328718185425
-0.3128095269203186 0.37151727080345154
-0.33456945419311523 0.3770432770252228
-0.4245855212211609 0.40845510363578796
-0.3429054617881775 0.3784653842449188
-0.34045714139938354 0.3772372901439667
-0.4092642664909363 0.4012311100959778
-0.37482893466949463 0.3933275640010834
-0.2883216142654419 0.35861024260520935
-0.4065793752670288 0.39887917041778564
-0.3697451949119568 0.3894762694835663
-0.37459641695022583 0.39232879877090454
-0.3276445269584656 0.3756798207759857
-0.3442420959472656 0.37886083126068115
-0.351443350315094 0.38036224246025085
-0.4058654308319092 0.3982383906841278
-0.4058654308319092 0.3982383906841278
-0.4058654308319092 0.3982383906841278
-0.37532973289489746 0.39413347840309143
-0.4250301122665405 0.4091342091560364
-0.3287760019302368 0.3760337233543396
-0.4097024202346802 0.40211859345436096
-0.34540754556655884 0.3794471323490143
-0.29059314727783203 0.35871413350105286
-0.3183025121688843 0.3733782470226288
-0.3183025121688843 0.3733782470226288
-0.3140537738800049 0.3719603419303894
-0.332744836807251 0.3768640160560608
-0.41144001483917236 0.40227100253105164
-0.30380702018737793 0.36128589510917664
-0.30380702018737793 0.36128589510917664
-0.34692907333374023 0.37970253825187683
-0.2849271893501282 0.35756629705429077
-0.31700944900512695 0.3730955123901367
-0.3499947786331177 0.3799176514148712
-0.30594420433044434 0.3614107072353363
-0.33052730560302734 0.37647584080696106
-0.3694477677345276 0.3890281021595001
-0.3158160448074341 0.3727285861968994
-0.31507205963134766 0.3723696172237396
-0.37736207246780396 0.3955768048763275
-0.37736207246780396 0.3955768048763275
-0.3487434983253479 0.37979501485824585
-0.4253110885620117 0.4100721478462219
-0.3760111331939697 0.3947862982749939
-0.3313524127006531 0.37655943632125854
-0.3047062158584595 0.3613969683647156
-0.3765662908554077 0.3953864872455597
