-0.18820041418075562 0.39890536665916443
-0.18892014026641846 0.4003031849861145
-0.18820041418075562 0.39890536665916443
-0.13939368724822998 0.3905119299888611
-0.18892014026641846 0.4003031849861145
-0.1731353998184204 0.3960733115673065
-0.18892014026641846 0.4003031849861145
0.31700074672698975 0.3388412892818451
-0.18820041418075562 0.39890536665916443
-0.1287916898727417 0.38679781556129456
-0.16920411586761475 0.39499184489250183
-0.13939368724822998 0.3905119299888611
-0.1582404375076294 0.39408060908317566
-0.1893402338027954 0.4045870304107666
0.07917028665542603 0.3616604208946228
-0.15062165260314941 0.3923492133617401
-0.1893402338027954 0.4045870304107666
-0.03201162815093994 0.36566275358200073
-0.193913996219635 0.4110822379589081
-0.193913996219635 0.4110822379589081
-0.1799556016921997 0.3975776135921478
-0.18820041418075562 0.39890536665916443
0.21099084615707397 0.34421858191490173
-0.11779004335403442 0.38340815901756287
0.18001341819763184 0.3533232808113098
-0.13246691226959229 0.38865384459495544
-0.18924498558044434 0.40084272623062134
0.31700074672698975 0.3388412892818451
-0.19154006242752075 0.4089803397655487
-0.03992664813995361 0.3660314083099365
0.3124714195728302 0.3398013710975647
-0.193913996219635 0.4110822379589081
-0.193913996219635 0.4110822379589081
0.3058667778968811 0.3406662344932556
-0.15878534317016602 0.3946385085582733
-0.1537189483642578 0.39356619119644165
0.16701287031173706 0.3552993834018707
0.15906012058258057 0.3566643297672272
-0.193913996219635 0.4110822379589081
0.15906012058258057 0.3566643297672272
-0.1909293532371521 0.40650874376296997
-0.09455734491348267 0.3762320578098297
-0.18924498558044434 0.40084272623062134
-0.1357661485671997 0.39009544253349304
-0.09583592414855957 0.37841492891311646
-0.026605606079101562 0.36442163586616516
0.06631749868392944 0.36313971877098083
-0.19154006242752075 0.4089803397655487
0.3124714195728302 0.3398013710975647
-0.18996691703796387 0.40614429116249084
0.23875856399536133 0.34385544061660767
0.21099084615707397 0.34421858191490173
-0.194757342338562 0.41171032190322876
0.2109573483467102 0.34546759724617004
0.10903948545455933 0.36119183897972107
-0.12488430738449097 0.38657820224761963
0.07827329635620117 0.3624975085258484
-0.19378459453582764 0.4104413092136383
0.2726815640926361 0.3430091440677643
0.36407679319381714 0.3071882426738739
0.08818313479423523 0.361481636762619
0.34593576192855835 0.30976834893226624
-0.18924498558044434 0.40084272623062134
-0.18924498558044434 0.40084272623062134
-0.06341350078582764 0.36860212683677673
-0.12193155288696289 0.3859803378582001
-0.1357661485671997 0.39009544253349304
0.3606775403022766 0.30918264389038086
-0.18924498558044434 0.40084272623062134
-0.18924498558044434 0.40084272623062134
0.14312291145324707 0.35873302817344666
0.034586548805236816 0.3641968369483948
0.15194392204284668 0.3583531379699707
-0.16946077346801758 0.39562317728996277
-0.17349004745483398 0.397095650434494
0.18431544303894043 0.3531343340873718
-0.18924498558044434 0.40084272623062134
0.07827329635620117 0.3624975085258484
-0.1009976863861084 0.37992629408836365
0.06631749868392944 0.36313971877098083
-0.0780455470085144 0.3694925010204315
0.15538209676742554 0.3577166795730591
0.07827329635620117 0.3624975085258484
0.0444675087928772 0.3633781969547272
0.3058667778968811 0.3406662344932556
-0.028322875499725342 0.36491745710372925
0.11504766345024109 0.36082544922828674
0.16529691219329834 0.35575518012046814
0.2960970401763916 0.3423853814601898
-0.180880606174469 0.3982307016849518
-0.13246691226959229 0.38865384459495544
0.26389947533607483 0.3435775935649872
0.20147129893302917 0.34672221541404724
0.17547589540481567 0.3552019000053406
-0.1923755407333374 0.40916863083839417
0.2470366358757019 0.34374701976776123
-0.12944334745407104 0.387622594833374
-0.15351277589797974 0.39341437816619873
-0.18996691703796387 0.40614429116249084
0.1887393593788147 0.3514725863933563
0.12638378143310547 0.35973432660102844
-0.16206026077270508 0.3947516679763794
-0.04155576229095459 0.36662593483924866
-0.1407850980758667 0.39094242453575134
0.3027615547180176 0.34160366654396057
0.10304117202758789 0.3614652454853058
-0.11308878660202026 0.3830793797969818
-0.145077645778656 0.3919236660003662
0.3586023449897766 0.309624582529068
-0.09455734491348267 0.3762320578098297
-0.08033919334411621 0.37036892771720886
-0.18924498558044434 0.40084272623062134
-0.18924498558044434 0.40084272623062134
-0.18924498558044434 0.40084272623062134
0.31700074672698975 0.3388412892818451
-0.18924498558044434 0.40084272623062134
0.1594451665878296 0.3566237986087799
0.1347208321094513 0.35937997698783875
-0.10899436473846436 0.3817957639694214
-0.059787631034851074 0.3670026957988739
0.2853918671607971 0.34298235177993774
-0.18820041418075562 0.39890536665916443
0.17682555317878723 0.3537299335002899
-0.1893402338027954 0.4045870304107666
