-0.32761824131011963 0.39018526673316956
-0.1589069366455078 0.3217456340789795
-0.142836332321167 0.31533271074295044
-0.24670982360839844 0.36355236172676086
-0.21926003694534302 0.3446333110332489
-0.14523768424987793 0.31763482093811035
-0.18716341257095337 0.3426832854747772
-0.14388632774353027 0.31717342138290405
-0.25633126497268677 0.3699095547199249
-0.2468671202659607 0.36370548605918884
-0.251257061958313 0.36821696162223816
-0.32566022872924805 0.3891066014766693
-0.23865151405334473 0.35081642866134644
-0.3292500376701355 0.3947787582874298
-0.24885618686676025 0.36642536520957947
-0.14690732955932617 0.3186020851135254
-0.2422635555267334 0.35129791498184204
-0.14741557836532593 0.3189913034439087
-0.14966106414794922 0.3198973834514618
-0.2991316318511963 0.37951722741127014
-0.334541916847229 0.3974335789680481
-0.2600463032722473 0.37112781405448914
-0.3287374973297119 0.3942532241344452
-0.23721355199813843 0.3499070703983307
-0.27848297357559204 0.37410521507263184
-0.3234562873840332 0.38895896077156067
-0.32935380935668945 0.3954299986362457
-0.245813250541687 0.3632037341594696
-0.142836332321167 0.31533271074295044
-0.2575383186340332 0.37021389603614807
-0.2531704902648926 0.368914932012558
-0.2642955780029297 0.3725056052207947
-0.26222264766693115 0.3722133934497833
-0.18203383684158325 0.3413861393928528
-0.2685428857803345 0.37347257137298584
-0.2642955780029297 0.3725056052207947
-0.33209049701690674 0.39599165320396423
-0.25082337856292725 0.36747056245803833
-0.1431485414505005 0.3166339099407196
-0.32761824131011963 0.39018526673316956
-0.2827702760696411 0.37851598858833313
-0.24690967798233032 0.3647316098213196
-0.2552293539047241 0.369194895029068
-0.319174587726593 0.38523250818252563
-0.2865155339241028 0.3788635730743408
-0.24440795183181763 0.3523801565170288
-0.18385016918182373 0.34247642755508423
-0.15107619762420654 0.320072740316391
-0.3172038793563843 0.38438108563423157
-0.24553537368774414 0.3598967492580414
-0.2784246802330017 0.3738953769207001
-0.3218322992324829 0.3870769441127777
-0.2363896369934082 0.3484434485435486
-0.14523768424987793 0.31763482093811035
-0.24784642457962036 0.3654116988182068
-0.20183038711547852 0.3445483446121216
-0.19848984479904175 0.34442588686943054
-0.14966106414794922 0.3198973834514618
-0.252208948135376 0.36865463852882385
-0.24784642457962036 0.3654116988182068
-0.18090999126434326 0.3399730920791626
-0.2584960460662842 0.37101277709007263
-0.21926003694534302 0.3446333110332489
-0.1480603814125061 0.31926730275154114
-0.1828761100769043 0.3419733941555023
-0.24784642457962036 0.3654116988182068
-0.33008962869644165 0.39596086740493774
-0.28081846237182617 0.3743521273136139
-0.3203763961791992 0.38665640354156494
-0.32801008224487305 0.3934743106365204
-0.19848984479904175 0.34442588686943054
-0.3326314687728882 0.39690345525741577
-0.26601719856262207 0.37301406264305115
-0.2642955780029297 0.3725056052207947
-0.29067498445510864 0.37891685962677
-0.26121604442596436 0.371694415807724
-0.3221886157989502 0.3882337808609009
-0.2480694055557251 0.3659702241420746
-0.18945008516311646 0.3435928225517273
-0.24523699283599854 0.359056293964386
-0.2495359182357788 0.3668125867843628
-0.1589069366455078 0.3217456340789795
-0.2432050108909607 0.35194286704063416
-0.2814229130744934 0.37622925639152527
-0.24784642457962036 0.3654116988182068
-0.24690967798233032 0.3647316098213196
