-0.16739583015441895 0.40105658769607544
-0.18684124946594238 0.406210720539093
-0.13218367099761963 0.38375237584114075
-0.1800903081893921 0.4047431945800781
-0.1484363079071045 0.39219406247138977
-0.16634106636047363 0.3987959027290344
-0.13337862491607666 0.3843807578086853
0.02491086721420288 0.3568746745586395
-0.18726682662963867 0.4064672589302063
-0.1343907117843628 0.3850969970226288
-0.18726682662963867 0.4064672589302063
-0.0441780686378479 0.37475794553756714
-0.13337862491607666 0.3843807578086853
-0.1684061884880066 0.4016633629798889
-0.1544920802116394 0.3968141973018646
-0.1343907117843628 0.3850969970226288
-0.2092069387435913 0.40854278206825256
-0.1582326889038086 0.39875876903533936
-0.0374186635017395 0.37081822752952576
-0.21960246562957764 0.4173436164855957
-0.030202627182006836 0.370272159576416
0.02491086721420288 0.3568746745586395
-0.056136131286621094 0.37640050053596497
-0.22126740217208862 0.41875115036964417
-0.10397177934646606 0.3814391791820526
-0.16634106636047363 0.3987959027290344
-0.2229292392730713 0.4197712540626526
-0.14996552467346191 0.394335001707077
-0.14526963233947754 0.3913348913192749
-0.1343907117843628 0.3850969970226288
-0.058429837226867676 0.37687262892723083
-0.16739583015441895 0.40105658769607544
-0.06310921907424927 0.3780321478843689
-0.15439802408218384 0.39530453085899353
-0.14179569482803345 0.3887389600276947
-0.052165865898132324 0.37577617168426514
-0.23148393630981445 0.42213892936706543
-0.22065246105194092 0.417802095413208
-0.14912694692611694 0.39326032996177673
-0.22065246105194092 0.417802095413208
-0.03777438402175903 0.3737064301967621
-0.059958815574645996 0.3773657977581024
-0.04695272445678711 0.37498942017555237
-0.14354240894317627 0.3892558515071869
-0.1484363079071045 0.39219406247138977
-0.13218367099761963 0.38375237584114075
-0.17174053192138672 0.4023396670818329
-0.1558171510696411 0.39771655201911926
-0.14009487628936768 0.38805168867111206
-0.1446494460105896 0.39021164178848267
-0.06310921907424927 0.3780321478843689
-0.04085648059844971 0.3742552399635315
-0.22302746772766113 0.41989293694496155
-0.13442182540893555 0.38578370213508606
-0.1357022523880005 0.38721510767936707
-0.2194417119026184 0.4159052073955536
-0.1582326889038086 0.39875876903533936
-0.1427062749862671 0.38879603147506714
-0.17001676559448242 0.40204450488090515
0.016813725233078003 0.36090990900993347
-0.0948108434677124 0.38035282492637634
-0.13442182540893555 0.38578370213508606
0.025722205638885498 0.3523148000240326
0.026393622159957886 0.34003162384033203
-0.0437389612197876 0.3746563196182251
-0.2194417119026184 0.4159052073955536
-0.09906721115112305 0.3809778392314911
-0.06707191467285156 0.3794655501842499
-0.05674135684967041 0.3764694631099701
-0.13883399963378906 0.3874128758907318
-0.20829296112060547 0.4080914556980133
-0.23148393630981445 0.42213892936706543
-0.13442182540893555 0.38578370213508606
-0.2194417119026184 0.4159052073955536
-0.16668862104415894 0.3998556435108185
-0.15071654319763184 0.39460358023643494
-0.0634613037109375 0.37866637110710144
-0.2132740616798401 0.40993744134902954
-0.21994918584823608 0.4174850881099701
-0.13442182540893555 0.38578370213508606
-0.15071654319763184 0.39460358023643494
-0.17001676559448242 0.40204450488090515
-0.21812176704406738 0.4116518497467041
-0.05282580852508545 0.3759896457195282
-0.06066983938217163 0.37770703434944153
-0.18327778577804565 0.40608057379722595
-0.14791858196258545 0.3919465243816376
0.020042002201080322 0.3600653409957886
-0.09385025501251221 0.38010334968566895
-0.21812176704406738 0.4116518497467041
-0.10397177934646606 0.3814391791820526
-0.1796189546585083 0.4042907655239105
0.022217512130737305 0.3581688106060028
-0.16825610399246216 0.4015699326992035
-0.13218367099761963 0.38375237584114075
-0.14515364170074463 0.3906007707118988
-0.144057035446167 0.38942259550094604
-0.07147538661956787 0.3800290822982788
-0.1728583574295044 0.4033121168613434
-0.13442182540893555 0.38578370213508606
-0.13883399963378906 0.3874128758907318
-0.1405678391456604 0.38824915885925293
0.011575639247894287 0.3613562285900116
-0.18107855319976807 0.40519005060195923
0.025722205638885498 0.3523148000240326
-0.13338446617126465 0.38483819365501404
-0.03592044115066528 0.3706130385398865
-0.1405678391456604 0.38824915885925293
-0.13883399963378906 0.3874128758907318
-0.04695272445678711 0.37498942017555237
-0.2186293601989746 0.41307878494262695
-0.03777438402175903 0.3737064301967621
0.02491086721420288 0.3568746745586395
-0.2094717025756836 0.4093954265117645
-0.16634106636047363 0.3987959027290344
-0.22126740217208862 0.41875115036964417
-0.22925055027008057 0.42049655318260193
-0.13442182540893555 0.38578370213508606
-0.0374186635017395 0.37081822752952576
-0.1427062749862671 0.38879603147506714
-0.18726682662963867 0.4064672589302063
-0.20110976696014404 0.40758949518203735
-0.04085648059844971 0.3742552399635315
-0.030202627182006836 0.370272159576416
-0.21935880184173584 0.4150555729866028
0.022217512130737305 0.3581688106060028
-0.1405678391456604 0.38824915885925293
-0.15439802408218384 0.39530453085899353
