-0.13955694437026978 0.3592456877231598
-0.13573390245437622 0.35759493708610535
-0.13573390245437622 0.35759493708610535
-0.13955694437026978 0.3592456877231598
-0.14272809028625488 0.3599584400653839
-0.04859662055969238 0.3532847464084625
-0.13955694437026978 0.3592456877231598
-0.13573390245437622 0.35759493708610535
-0.06113475561141968 0.35635146498680115
-0.16149425506591797 0.36277830600738525
-0.22033929824829102 0.39839988946914673
0.0245857834815979 0.33454152941703796
-0.13573390245437622 0.35759493708610535
0.044522613286972046 0.329772412776947
-0.1502143144607544 0.3611946702003479
-0.03801167011260986 0.35199329257011414
-0.16149425506591797 0.36277830600738525
-0.043409645557403564 0.3527076244354248
0.1855274736881256 0.2950628995895386
-0.04859662055969238 0.3532847464084625
-0.1502143144607544 0.3611946702003479
0.005783975124359131 0.3408835828304291
-0.007079482078552246 0.34407904744148254
-0.19688493013381958 0.39570578932762146
-0.19452118873596191 0.39358440041542053
-0.13950932025909424 0.35890987515449524
-0.043409645557403564 0.3527076244354248
-0.04195338487625122 0.35208144783973694
0.043087542057037354 0.33207806944847107
0.0245857834815979 0.33454152941703796
0.16752472519874573 0.3022714853286743
0.03158533573150635 0.3343951404094696
-0.24825549125671387 0.42035600543022156
-0.14555126428604126 0.360479474067688
-0.18227076530456543 0.39012500643730164
0.17286387085914612 0.3011229932308197
-0.19452118873596191 0.39358440041542053
0.14916262030601501 0.30291762948036194
0.043087542057037354 0.33207806944847107
0.03596729040145874 0.33369916677474976
-0.030110418796539307 0.3509833514690399
-0.019254565238952637 0.344864159822464
0.07717227935791016 0.30568182468414307
0.1574057936668396 0.30243489146232605
0.005783975124359131 0.3408835828304291
-0.006206870079040527 0.3435019254684448
-0.22040122747421265 0.39901524782180786
-0.05182850360870361 0.35367879271507263
-0.15455859899520874 0.362337201833725
-0.17924624681472778 0.38832899928092957
-0.026434600353240967 0.3494280278682709
-0.2231878638267517 0.4052024781703949
-0.22329574823379517 0.40540462732315063
-0.2407326102256775 0.4173341393470764
-0.1852017045021057 0.3918711245059967
-0.2226462960243225 0.40462526679039
-0.1415882110595703 0.35963597893714905
0.10859817266464233 0.3056311309337616
-0.05709517002105713 0.355095237493515
-0.1502143144607544 0.3611946702003479
0.044522613286972046 0.329772412776947
-0.17101144790649414 0.3632567226886749
-0.13573390245437622 0.35759493708610535
-0.17852330207824707 0.3871253728866577
-0.0336456298828125 0.3512575626373291
0.1855274736881256 0.2950628995895386
-0.02270948886871338 0.3492003381252289
-0.06594812870025635 0.3567449748516083
-0.19498980045318604 0.39505258202552795
-0.2308063507080078 0.4127975106239319
-0.015186548233032227 0.3442436456680298
-0.16149425506591797 0.36277830600738525
0.03982490301132202 0.33306849002838135
0.17286387085914612 0.3011229932308197
-0.06113475561141968 0.35635146498680115
-0.22190499305725098 0.4026440680027008
0.008826613426208496 0.3392866551876068
0.12619152665138245 0.30482321977615356
0.14714449644088745 0.3042633831501007
-0.1860806941986084 0.3924165666103363
0.002829909324645996 0.3416232764720917
-0.17840725183486938 0.38515397906303406
-0.16149425506591797 0.36277830600738525
0.03596729040145874 0.33369916677474976
-0.22701174020767212 0.41114717721939087
-0.13839399814605713 0.35867172479629517
-0.17940855026245117 0.38957399129867554
-0.17852330207824707 0.3871253728866577
0.1481178104877472 0.303438276052475
-0.17852330207824707 0.3871253728866577
-0.2486613392829895 0.42207470536231995
-0.1491708755493164 0.36090612411499023
-0.007079482078552246 0.34407904744148254
-0.03801167011260986 0.35199329257011414
-0.1973111629486084 0.39678171277046204
0.00018233060836791992 0.3422932028770447
-0.2265399694442749 0.40667101740837097
-0.04859662055969238 0.3532847464084625
-0.1502143144607544 0.3611946702003479
-0.0727033019065857 0.35695844888687134
-0.2422175407409668 0.419474333524704
-0.1415882110595703 0.35963597893714905
-0.15084487199783325 0.3614142835140228
-0.23784732818603516 0.4147805869579315
-0.00348818302154541 0.3433484733104706
