-0.1587435007095337 0.38826784491539
-0.024436116218566895 0.3630301058292389
-0.15884912014007568 0.38826900720596313
-0.026566028594970703 0.36471816897392273
-0.030016064643859863 0.3658892810344696
-0.0285494327545166 0.36540788412094116
-0.15924721956253052 0.38903293013572693
-0.1587435007095337 0.38826784491539
-0.030016064643859863 0.3658892810344696
-0.1591910719871521 0.3888683617115021
-0.1575911045074463 0.38625216484069824
-0.026566028594970703 0.36471816897392273
-0.0362018346786499 0.36721429228782654
-0.15228474140167236 0.38085994124412537
-0.03047645092010498 0.36618736386299133
-0.03786802291870117 0.36840999126434326
-0.039857447147369385 0.36841508746147156
-0.041461944580078125 0.3696598708629608
-0.15848791599273682 0.3881242871284485
-0.0362018346786499 0.36721429228782654
-0.03270441293716431 0.3666151463985443
-0.15799158811569214 0.38725417852401733
-0.041461944580078125 0.3696598708629608
-0.024436116218566895 0.3630301058292389
-0.15799158811569214 0.38725417852401733
-0.14990651607513428 0.37565284967422485
-0.1313716173171997 0.3725663125514984
-0.0362018346786499 0.36721429228782654
-0.0362018346786499 0.36721429228782654
-0.13301753997802734 0.37272390723228455
0.03557810187339783 0.3604724109172821
-0.052047133445739746 0.3718704283237457
0.07038837671279907 0.35517334938049316
0.0585254430770874 0.35862478613853455
-0.0028200149536132812 0.3630228638648987
0.015149444341659546 0.36208435893058777
-0.030811309814453125 0.3663193881511688
0.06492096185684204 0.358275830745697
-0.0362018346786499 0.36721429228782654
0.023014843463897705 0.3614589273929596
0.04976755380630493 0.3603167235851288
-0.1603575348854065 0.39246493577957153
-0.17981451749801636 0.39491915702819824
-0.18085330724716187 0.39675986766815186
-0.04925650358200073 0.3715014159679413
-0.1644512414932251 0.3940008878707886
0.0563582181930542 0.35890600085258484
-0.1507919430732727 0.37910130620002747
-0.033046722412109375 0.36675846576690674
-0.18219661712646484 0.398947149515152
-0.024436116218566895 0.3630301058292389
0.06926357746124268 0.35706135630607605
-0.04813385009765625 0.3711830675601959
-0.15249615907669067 0.3810439705848694
0.07703471183776855 0.3537853956222534
-0.16000020503997803 0.39184775948524475
0.06401598453521729 0.35843849182128906
-0.043486952781677246 0.37032410502433777
0.05585777759552002 0.35949480533599854
-0.15815246105194092 0.38800516724586487
-0.18468093872070312 0.4001348614692688
0.06926357746124268 0.35706135630607605
-0.16000020503997803 0.39184775948524475
-0.039857447147369385 0.36841508746147156
-0.04523986577987671 0.37079349160194397
0.0585254430770874 0.35862478613853455
-0.18312495946884155 0.39972013235092163
-0.15980589389801025 0.391100138425827
-0.153092622756958 0.3834129869937897
-0.15281963348388672 0.3823726177215576
0.05189123749732971 0.35983988642692566
-0.025552093982696533 0.36404797434806824
-0.15026754140853882 0.37785571813583374
0.01977860927581787 0.3616670072078705
0.02757224440574646 0.36109504103660583
0.02757224440574646 0.36109504103660583
-0.0362018346786499 0.36721429228782654
-0.15156733989715576 0.3802739977836609
0.07152637839317322 0.35416972637176514
-0.15462970733642578 0.3856239318847656
-0.15281963348388672 0.3823726177215576
-0.15938478708267212 0.39014914631843567
-0.1576250195503235 0.3869752585887909
-0.1570456624031067 0.38614341616630554
0.06492096185684204 0.358275830745697
-0.1351136565208435 0.37352150678634644
0.01977860927581787 0.3616670072078705
-0.026814401149749756 0.3649163246154785
-0.1588730812072754 0.3888196647167206
-0.15026754140853882 0.37785571813583374
-0.16169321537017822 0.3932914137840271
-0.041461944580078125 0.3696598708629608
-0.18168985843658447 0.39783868193626404
0.01977860927581787 0.3616670072078705
0.029872119426727295 0.36081838607788086
-0.05537205934524536 0.37196022272109985
-0.15387839078903198 0.3837340772151947
-0.02832019329071045 0.3653428256511688
0.08029305934906006 0.35112643241882324
0.06563836336135864 0.3570668697357178
0.007861554622650146 0.36247873306274414
-0.041461944580078125 0.3696598708629608
-0.18081223964691162 0.39642858505249023
