-0.3223884105682373 0.3872029483318329
-0.3239932656288147 0.39073020219802856
-0.3242158889770508 0.3926350772380829
-0.1907883882522583 0.37232401967048645
-0.21573370695114136 0.3757563829421997
-0.3250526189804077 0.3929615616798401
-0.3239932656288147 0.39073020219802856
-0.28439849615097046 0.3834613561630249
-0.14453303813934326 0.3647879362106323
-0.16560637950897217 0.3706740736961365
-0.20514225959777832 0.37504416704177856
-0.341654896736145 0.3986392021179199
-0.13573229312896729 0.35907596349716187
-0.15292763710021973 0.3673451840877533
-0.1607898473739624 0.3695618510246277
-0.25992023944854736 0.38154998421669006
-0.08020013570785522 0.33540353178977966
-0.0980406403541565 0.3371868133544922
-0.25678855180740356 0.38069137930870056
-0.19912201166152954 0.37395644187927246
-0.3409816026687622 0.39781710505485535
-0.3254244327545166 0.3943180739879608
-0.06269311904907227 0.32852646708488464
-0.2838935852050781 0.3832913339138031
-0.22055339813232422 0.3771266043186188
-0.33199048042297363 0.39685142040252686
-0.044097185134887695 0.3279639780521393
-0.34214067459106445 0.39882585406303406
-0.07011240720748901 0.3287520408630371
-0.12683367729187012 0.3569120168685913
-0.23601210117340088 0.378970742225647
-0.3119962215423584 0.3858930468559265
-0.2332749366760254 0.37857046723365784
-0.17163372039794922 0.37121543288230896
-0.1742258071899414 0.37155163288116455
-0.06018185615539551 0.32821130752563477
-0.1637868881225586 0.3700493574142456
-0.21727705001831055 0.37601298093795776
-0.0980406403541565 0.3371868133544922
-0.2578408718109131 0.381069153547287
-0.0980406403541565 0.3371868133544922
-0.30984604358673096 0.3846312463283539
-0.2823324203491211 0.38162678480148315
-0.1063191294670105 0.33825626969337463
-0.16901803016662598 0.3709775507450104
-0.20293152332305908 0.3745332658290863
-0.22215425968170166 0.3773193955421448
-0.3106660842895508 0.38549020886421204
-0.0980406403541565 0.3371868133544922
-0.040608763694763184 0.32676467299461365
-0.23177337646484375 0.37793394923210144
-0.14382010698318481 0.36449429392814636
-0.15668463706970215 0.3693372309207916
-0.21891999244689941 0.3770800828933716
-0.09576272964477539 0.3364916741847992
-0.19256889820098877 0.3738836348056793
-0.34040582180023193 0.3972482681274414
-0.10058736801147461 0.33758795261383057
-0.1081005334854126 0.3386279344558716
-0.14242947101593018 0.36035189032554626
-0.16901803016662598 0.3709775507450104
-0.3233027458190918 0.38995790481567383
-0.23935270309448242 0.3792038559913635
-0.2142934799194336 0.37532803416252136
-0.21768474578857422 0.3766487240791321
-0.10347962379455566 0.3379072844982147
-0.12982940673828125 0.35810133814811707
-0.09747034311294556 0.3368273973464966
-0.2854654788970947 0.3843477666378021
-0.3223884105682373 0.3872029483318329
-0.32656073570251465 0.3961368501186371
-0.2253568172454834 0.3777400851249695
-0.3255355954170227 0.3954925537109375
-0.15623259544372559 0.36750927567481995
-0.14725655317306519 0.36677730083465576
-0.14087671041488647 0.36031800508499146
-0.25613933801651 0.3793816566467285
