0.4609096050262451 0.3774743378162384
0.737789511680603 0.35836800932884216
0.7328351736068726 0.3594762682914734
0.7745624780654907 0.35649216175079346
0.4512914717197418 0.38804227113723755
0.7762500047683716 0.3541721999645233
0.4227124750614166 0.3972582519054413
0.7788220643997192 0.35404202342033386
0.4591529965400696 0.3823096752166748
0.4140512943267822 0.39995428919792175
0.43200233578681946 0.39322489500045776
0.705113410949707 0.35992589592933655
0.44116872549057007 0.39239251613616943
0.45153361558914185 0.38730764389038086
0.4240272641181946 0.39694103598594666
0.4440431296825409 0.3913516104221344
0.45564961433410645 0.38544902205467224
0.6036638617515564 0.3715781271457672
0.41497939825057983 0.39834675192832947
0.4508640170097351 0.3881171941757202
0.45564961433410645 0.38544902205467224
0.732968807220459 0.3592931032180786
0.6833783388137817 0.3603620231151581
0.6586177349090576 0.36088165640830994
0.4106478691101074 0.3999800980091095
0.4513413608074188 0.38792723417282104
0.44833076000213623 0.390178918838501
0.7908657193183899 0.3530585467815399
0.7745624780654907 0.35649216175079346
0.5948120355606079 0.37274572253227234
0.6586177349090576 0.36088165640830994
0.4508640170097351 0.3881171941757202
0.4514703154563904 0.38764721155166626
0.4591529965400696 0.3823096752166748
0.705113410949707 0.35992589592933655
0.6106733083724976 0.369008868932724
0.4265579581260681 0.39546340703964233
0.6756443381309509 0.3606318533420563
0.45086318254470825 0.38912734389305115
0.40967410802841187 0.40212392807006836
0.6140621900558472 0.36619770526885986
0.732968807220459 0.3592931032180786
0.41918760538101196 0.398088276386261
0.7357819080352783 0.35848119854927063
0.5868504643440247 0.37403929233551025
0.6463326215744019 0.3617963194847107
0.4609096050262451 0.3774743378162384
0.6055137515068054 0.36931076645851135
0.7347545027732849 0.3587128221988678
0.7566161155700684 0.35812902450561523
0.44116872549057007 0.39239251613616943
0.42694616317749023 0.3945649266242981
0.4533747732639313 0.38681545853614807
