-0.2857522964477539 0.3815855383872986
-0.2857522964477539 0.3815855383872986
-0.29157793521881104 0.38697513937950134
-0.2916434407234192 0.38701093196868896
-0.285802960395813 0.38206905126571655
-0.285802960395813 0.38206905126571655
-0.30015695095062256 0.390169233083725
-0.2857522964477539 0.3815855383872986
-0.29623210430145264 0.3895817995071411
-0.285802960395813 0.38206905126571655
-0.10182631015777588 0.37878865003585815
-0.29623210430145264 0.3895817995071411
-0.28596246242523193 0.38525277376174927
-0.2857522964477539 0.3815855383872986
-0.28755056858062744 0.38620051741600037
-0.2859609127044678 0.38276100158691406
-0.3008701801300049 0.39208492636680603
-0.2891133427619934 0.38670024275779724
-0.3001229763031006 0.3900359272956848
-0.0671655535697937 0.3749106526374817
-0.0671655535697937 0.3749106526374817
-0.29224085807800293 0.38848039507865906
-0.05879080295562744 0.3742690980434418
-0.0650932788848877 0.37470123171806335
-0.09554636478424072 0.37841445207595825
-0.04000508785247803 0.37192150950431824
-0.29247409105300903 0.38848087191581726
-0.027197659015655518 0.3683468699455261
-0.07966339588165283 0.3774026930332184
-0.04401332139968872 0.3722536563873291
-0.043063461780548096 0.37212198972702026
-0.03618454933166504 0.3715064227581024
-0.28833693265914917 0.386406272649765
-0.10053026676177979 0.37855997681617737
-0.020101547241210938 0.36398765444755554
-0.2865331172943115 0.38580501079559326
-0.05114060640335083 0.3739085793495178
-0.287678062915802 0.3863149881362915
-0.06478714942932129 0.37461790442466736
-0.04235672950744629 0.37209635972976685
-0.2857522964477539 0.3815855383872986
-0.046494483947753906 0.37321794033050537
-0.029891908168792725 0.3696185350418091
-0.08458232879638672 0.3780452311038971
-0.05082547664642334 0.37345874309539795
-0.020101547241210938 0.36398765444755554
-0.052863478660583496 0.3739500939846039
-0.2891133427619934 0.38670024275779724
-0.044176697731018066 0.37248340249061584
-0.07451093196868896 0.3757365643978119
-0.2869744300842285 0.38612091541290283
-0.285802960395813 0.38206905126571655
-0.020153343677520752 0.3642304837703705
-0.3001229763031006 0.3900359272956848
-0.021282315254211426 0.3643335998058319
-0.2863631248474121 0.38572797179222107
-0.28743767738342285 0.38619205355644226
-0.29202258586883545 0.3880229890346527
-0.2859609127044678 0.38276100158691406
-0.024126648902893066 0.36543574929237366
-0.05879080295562744 0.3742690980434418
-0.2867295742034912 0.3859831690788269
-0.06256139278411865 0.3742836117744446
-0.03460127115249634 0.3697323501110077
-0.07031285762786865 0.3754929304122925
-0.2936784029006958 0.3893910050392151
-0.0951337218284607 0.3780859410762787
-0.029891908168792725 0.3696185350418091
-0.02198702096939087 0.3647296726703644
-0.06421852111816406 0.3745358884334564
-0.0625835657119751 0.37451961636543274
-0.2888108491897583 0.38657495379447937
-0.2877352237701416 0.3863987922668457
-0.2877352237701416 0.3863987922668457
-0.29623210430145264 0.3895817995071411
-0.2886252999305725 0.3865203559398651
-0.06421852111816406 0.3745358884334564
-0.3008701801300049 0.39208492636680603
-0.0560343861579895 0.3742162883281708
-0.28989917039871216 0.38683104515075684
-0.08230417966842651 0.377431720495224
-0.29169660806655884 0.3876338005065918
-0.10182631015777588 0.37878865003585815
-0.02503836154937744 0.36792296171188354
-0.28588175773620605 0.38250550627708435
-0.287678062915802 0.3863149881362915
-0.04993712902069092 0.3733328580856323
-0.024716317653656006 0.3669778108596802
-0.10182631015777588 0.37878865003585815
-0.28596246242523193 0.38525277376174927
