0.26404041051864624 0.3384036421775818
0.2602907419204712 0.34269702434539795
-0.028792619705200195 0.38330551981925964
-0.06881582736968994 0.4048103392124176
0.26404041051864624 0.3384036421775818
0.1422969400882721 0.34936586022377014
0.2521757483482361 0.34298428893089294
-0.061081647872924805 0.40008774399757385
-0.049410343170166016 0.39053142070770264
-0.02290356159210205 0.3803779184818268
0.026091426610946655 0.3799203336238861
0.026091426610946655 0.3799203336238861
0.2602907419204712 0.34269702434539795
-0.06464779376983643 0.4036044776439667
-0.033809781074523926 0.3880709707736969
0.14146381616592407 0.3528561592102051
0.13612490892410278 0.35504433512687683
0.10444295406341553 0.36765608191490173
0.10616669058799744 0.3657328486442566
-0.025868654251098633 0.38179144263267517
-0.04596912860870361 0.38844725489616394
-0.04596912860870361 0.38844725489616394
0.1117430329322815 0.3651033341884613
0.1403481364250183 0.3535018265247345
-0.03137695789337158 0.3860493004322052
0.03960779309272766 0.3783186078071594
0.08563017845153809 0.37095895409584045
0.03252694010734558 0.3790273368358612
-0.02886223793029785 0.38423988223075867
0.13437414169311523 0.35680732131004333
0.09556388854980469 0.36766692996025085
0.12991619110107422 0.3595990836620331
0.07627975940704346 0.3735751211643219
-0.030215978622436523 0.3856501281261444
0.12794607877731323 0.3605460524559021
0.12794607877731323 0.3605460524559021
0.0862511396408081 0.36959752440452576
0.06186094880104065 0.3764438033103943
0.08363944292068481 0.37201127409935
-0.02866584062576294 0.3828187882900238
0.07040336728096008 0.3750360906124115
0.11398434638977051 0.3638237416744232
-0.06855833530426025 0.4047664701938629
0.09271150827407837 0.36906927824020386
0.042761802673339844 0.37812352180480957
0.09464958310127258 0.36820024251937866
0.13309550285339355 0.3580983579158783
0.0666605532169342 0.3757469058036804
0.11952519416809082 0.36335283517837524
0.11952519416809082 0.36335283517837524
0.04855066537857056 0.3780750036239624
0.1197274923324585 0.3619920015335083
0.07359975576400757 0.3741624057292938
0.030131816864013672 0.37920787930488586
0.12473052740097046 0.3607504069805145
0.12473052740097046 0.3607504069805145
0.07892295718193054 0.37291276454925537
0.057835936546325684 0.37717920541763306
0.053952425718307495 0.37773653864860535
0.13410139083862305 0.3571535050868988
0.060405731201171875 0.3766702115535736
0.026114702224731445 0.37949761748313904
0.07217586040496826 0.3745318055152893
-0.028792619705200195 0.38330551981925964
0.06675943732261658 0.37552663683891296
0.051393210887908936 0.378044456243515
0.08204472064971924 0.3723539412021637
0.13052982091903687 0.35862109065055847
0.05705729126930237 0.3776206970214844
0.12079602479934692 0.36182698607444763
0.11795923113822937 0.36348602175712585
0.0801427960395813 0.372708261013031
-0.046791672706604004 0.38897404074668884
0.11423826217651367 0.36355382204055786
0.09003138542175293 0.36930832266807556
0.08898159861564636 0.3694441020488739
0.12257879972457886 0.3612937033176422
0.13098371028900146 0.3584546148777008
0.1229574978351593 0.36121639609336853
-0.04869043827056885 0.3902488648891449
-0.04792982339859009 0.3898683488368988
-0.04738509654998779 0.3893032968044281
-0.04748260974884033 0.38953542709350586
