-0.07699108123779297 0.35523179173469543
0.009637594223022461 0.34086063504219055
-0.08408641815185547 0.35830920934677124
-0.018364310264587402 0.347931444644928
0.0065739452838897705 0.3441565930843353
0.009637594223022461 0.34086063504219055
-0.08119338750839233 0.35780659317970276
-0.17041891813278198 0.3914108872413635
-0.08408641815185547 0.35830920934677124
0.023627281188964844 0.3355059325695038
-0.07650196552276611 0.3550266921520233
-0.17041891813278198 0.3914108872413635
-0.010722815990447998 0.34502100944519043
0.00883936882019043 0.34359869360923767
-0.013398170471191406 0.3474336564540863
-0.07650196552276611 0.3550266921520233
0.005225867033004761 0.34434106945991516
0.00883936882019043 0.34359869360923767
-0.17043036222457886 0.39187049865722656
-0.1695343255996704 0.39083632826805115
-0.07339739799499512 0.3539193272590637
-0.07210332155227661 0.3525550067424774
-0.018364310264587402 0.347931444644928
-0.014486908912658691 0.3475731909275055
-0.17128252983093262 0.3927590548992157
0.018800318241119385 0.3372195363044739
-0.1735684871673584 0.39459577202796936
0.02239289879798889 0.33594557642936707
-0.18150544166564941 0.4012312889099121
-0.08119338750839233 0.35780659317970276
-0.011826872825622559 0.34685245156288147
-0.07339739799499512 0.3539193272590637
0.009637594223022461 0.34086063504219055
-0.06781363487243652 0.3512881398200989
-0.03558766841888428 0.3496696650981903
-0.037241220474243164 0.3504638969898224
-0.03971666097640991 0.3507547974586487
-0.1758531928062439 0.396471232175827
-0.17882215976715088 0.39917150139808655
-0.011826872825622559 0.34685245156288147
-0.1722002625465393 0.3935101330280304
-0.011826872825622559 0.34685245156288147
-0.1735684871673584 0.39459577202796936
-0.08619284629821777 0.35946059226989746
-0.00845038890838623 0.34485703706741333
-0.1735684871673584 0.39459577202796936
-0.1735684871673584 0.39459577202796936
-0.014486908912658691 0.3475731909275055
-0.08408641815185547 0.35830920934677124
-0.014486908912658691 0.3475731909275055
-0.16889441013336182 0.38935744762420654
0.007320016622543335 0.34412023425102234
-0.09181499481201172 0.359900563955307
-0.09181499481201172 0.359900563955307
-0.17393463850021362 0.3949975371360779
-0.03971666097640991 0.3507547974586487
-0.17959386110305786 0.3995204567909241
-0.1831182837486267 0.40174004435539246
-0.1735684871673584 0.39459577202796936
-0.17613005638122559 0.3970041275024414
-0.16889441013336182 0.38935744762420654
0.023767322301864624 0.3354620039463043
0.009637594223022461 0.34086063504219055
-0.176943838596344 0.3976534307003021
-0.16298484802246094 0.37230557203292847
-0.1735684871673584 0.39459577202796936
-0.09181499481201172 0.359900563955307
-0.17959386110305786 0.3995204567909241
-0.1735684871673584 0.39459577202796936
0.027714431285858154 0.3352753221988678
-0.18249928951263428 0.4013284146785736
-0.018364310264587402 0.347931444644928
-0.17534512281417847 0.3963613510131836
-0.06781363487243652 0.3512881398200989
-0.17393463850021362 0.3949975371360779
-0.10669851303100586 0.36245855689048767
0.005225867033004761 0.34434106945991516
-0.032876789569854736 0.348864883184433
-0.176943838596344 0.3976534307003021
-0.1735684871673584 0.39459577202796936
-0.1766265630722046 0.39738327264785767
-0.12004923820495605 0.36663663387298584
-0.1709633469581604 0.39207932353019714
-0.07795727252960205 0.3565426766872406
-0.17489147186279297 0.395934134721756
-0.17959386110305786 0.3995204567909241
-0.176943838596344 0.3976534307003021
-0.18009018898010254 0.3998243510723114
-0.1806519627571106 0.40029487013816833
-0.17248481512069702 0.39370498061180115
-0.07448649406433105 0.35444375872612
-0.1735684871673584 0.39459577202796936
-0.1831182837486267 0.40174004435539246
-0.00845038890838623 0.34485703706741333
-0.1856594681739807 0.4034123122692108
-0.19193315505981445 0.4075797498226166
0.030991464853286743 0.33401280641555786
-0.16298484802246094 0.37230557203292847
-0.12506747245788574 0.3680841624736786
-0.06781363487243652 0.3512881398200989
-0.03971666097640991 0.3507547974586487
-0.16420447826385498 0.3796643912792206
-0.16420447826385498 0.3796643912792206
-0.10669851303100586 0.36245855689048767
0.009637594223022461 0.34086063504219055
-0.032876789569854736 0.348864883184433
-0.00845038890838623 0.34485703706741333
0.018483102321624756 0.33795472979545593
-0.018364310264587402 0.347931444644928
0.005225867033004761 0.34434106945991516
-0.11305177211761475 0.36547186970710754
-0.07448649406433105 0.35444375872612
0.027714431285858154 0.3352753221988678
-0.16457104682922363 0.3811902701854706
-0.07795727252960205 0.3565426766872406
-0.18957734107971191 0.405997097492218
-0.18957734107971191 0.405997097492218
-0.0993800163269043 0.3608176112174988
-0.12223362922668457 0.36679163575172424
-0.12223362922668457 0.36679163575172424
-0.12223362922668457 0.36679163575172424
-0.12223362922668457 0.36679163575172424
-0.1652699112892151 0.38420742750167847
-0.09187781810760498 0.3605348467826843
0.021779119968414307 0.33598217368125916
-0.1171255111694336 0.36635836958885193
-0.036368489265441895 0.3499177396297455
-0.18711507320404053 0.40463557839393616
-0.18711507320404053 0.40463557839393616
-0.010912656784057617 0.34676697850227356
-0.18399643898010254 0.4027777314186096
-0.18399643898010254 0.4027777314186096
-0.08475375175476074 0.3584230840206146
-0.08475375175476074 0.3584230840206146
0.021510779857635498 0.3372034728527069
-0.17271196842193604 0.39455166459083557
-0.16656506061553955 0.3861296474933624
-0.1857999563217163 0.4038013517856598
-0.1857999563217163 0.4038013517856598
-0.09908103942871094 0.36055752635002136
-0.16702115535736084 0.3876335322856903
-0.0800674557685852 0.3571840226650238
-0.17423003911972046 0.3956936299800873
-0.17423003911972046 0.3956936299800873
-0.18289899826049805 0.40160608291625977
-0.18289899826049805 0.40160608291625977
-0.17739605903625488 0.39812782406806946
-0.17739605903625488 0.39812782406806946
-0.16564369201660156 0.3850953280925751
-0.1780468225479126 0.39910879731178284
-0.16730576753616333 0.388588011264801
-0.11389094591140747 0.3660704791545868
-0.171764075756073 0.39349377155303955
-0.18049991130828857 0.4002174437046051
-0.17616528272628784 0.3973085880279541
-0.03817462921142578 0.3505852222442627
-0.17965781688690186 0.39964815974235535
-0.17139089107513428 0.39287030696868896
-0.1697360873222351 0.3911777436733246
-0.17508864402770996 0.39630696177482605
