-0.21305203437805176 0.37858352065086365
-0.1870889663696289 0.376333087682724
-0.12248861789703369 0.362954705953598
-0.21305203437805176 0.37858352065086365
0.010709106922149658 0.33230140805244446
0.009658962488174438 0.3327808082103729
-0.12231528759002686 0.36284303665161133
-0.0348052978515625 0.33779776096343994
-0.1870889663696289 0.376333087682724
-0.0653647780418396 0.34819296002388
-0.0820000171661377 0.3542971611022949
-0.18105792999267578 0.37488964200019836
-0.13203006982803345 0.36430811882019043
-0.015211224555969238 0.33753570914268494
-0.13245952129364014 0.3643192946910858
0.0013490021228790283 0.33497050404548645
-0.1870889663696289 0.376333087682724
-0.07664662599563599 0.35403868556022644
-0.17161405086517334 0.36897706985473633
-0.061414361000061035 0.34689658880233765
-0.008193612098693848 0.3366636037826538
-0.1717478632926941 0.3697974383831024
-0.0032581090927124023 0.33593377470970154
-0.12410694360733032 0.36371561884880066
-0.17502403259277344 0.37186846137046814
-0.1741950511932373 0.37159058451652527
-0.17590177059173584 0.3726596534252167
0.010709106922149658 0.33230140805244446
0.004288464784622192 0.3344978988170624
-0.0348052978515625 0.33779776096343994
-0.1870889663696289 0.376333087682724
-0.1326911449432373 0.36510729789733887
-0.21305203437805176 0.37858352065086365
0.010709106922149658 0.33230140805244446
-0.17713665962219238 0.37337157130241394
-0.06330883502960205 0.3474052846431732
-0.1741950511932373 0.37159058451652527
-0.21824270486831665 0.37869876623153687
-0.12353551387786865 0.3633062243461609
0.010709106922149658 0.33230140805244446
-0.1844543218612671 0.37573128938674927
-0.1906457543373108 0.37718209624290466
-0.08298474550247192 0.354628324508667
-0.17834877967834473 0.3736904561519623
-0.17590177059173584 0.3726596534252167
-0.06358575820922852 0.3479258716106415
0.011656522750854492 0.3319019675254822
-0.06199830770492554 0.34739479422569275
-0.19154095649719238 0.3775234520435333
-0.18918752670288086 0.37694495916366577
-0.13203006982803345 0.36430811882019043
0.006920576095581055 0.33436962962150574
-0.17845851182937622 0.3737890422344208
-0.0348052978515625 0.33779776096343994
-0.015211224555969238 0.33753570914268494
-0.07090377807617188 0.3521939814090729
-0.11667871475219727 0.3619438707828522
-0.17161405086517334 0.36897706985473633
-0.05930811166763306 0.34683918952941895
-0.06541109085083008 0.34826213121414185
0.009031951427459717 0.3330645263195038
-0.09918844699859619 0.35937243700027466
-0.1756730079650879 0.3726411759853363
-0.11402648687362671 0.3602677285671234
0.00015014410018920898 0.3353419601917267
0.0032871365547180176 0.33487817645072937
-0.04632878303527832 0.34344178438186646
-0.21824270486831665 0.37869876623153687
-0.1166067123413086 0.36165839433670044
-0.1717478632926941 0.3697974383831024
-0.05677330493927002 0.345985472202301
-0.21174240112304688 0.37819287180900574
0.010709106922149658 0.33230140805244446
0.01455998420715332 0.326924592256546
-0.09307247400283813 0.35708367824554443
-0.07722234725952148 0.3541501760482788
-0.11462438106536865 0.3611520528793335
0.011999905109405518 0.3314606547355652
-0.05930811166763306 0.34683918952941895
-0.09306001663208008 0.35497570037841797
-0.17713665962219238 0.37337157130241394
-0.10248821973800659 0.35985562205314636
0.004288464784622192 0.3344978988170624
-0.21305203437805176 0.37858352065086365
-0.16948413848876953 0.36740773916244507
-0.12068843841552734 0.3628232479095459
0.00015014410018920898 0.3353419601917267
0.007290750741958618 0.3336115777492523
-0.12443310022354126 0.36371877789497375
0.010709106922149658 0.33230140805244446
-0.05468618869781494 0.3448396623134613
-0.0043010711669921875 0.3364120423793793
-0.18511438369750977 0.37588655948638916
-0.1726846694946289 0.3705143630504608
-0.06917202472686768 0.35133904218673706
-0.009136557579040527 0.33722636103630066
-0.18232274055480957 0.37515270709991455
-0.18232274055480957 0.37515270709991455
-0.12921637296676636 0.36409884691238403
-0.1870889663696289 0.376333087682724
-0.0009130239486694336 0.3358534276485443
-0.07622724771499634 0.3538569211959839
-0.17389976978302002 0.3714926540851593
-0.1694808006286621 0.36732402443885803
-0.1870889663696289 0.376333087682724
-0.05677330493927002 0.345985472202301
-0.07365310192108154 0.3535598814487457
-0.17713665962219238 0.37337157130241394
-0.0950050950050354 0.3573831021785736
-0.1351180076599121 0.3653998076915741
-0.1375213861465454 0.36616453528404236
0.014079093933105469 0.3303636610507965
-0.1751844882965088 0.37191852927207947
-0.06692343950271606 0.35105571150779724
0.0032871365547180176 0.33487817645072937
-0.08298474550247192 0.354628324508667
-0.18016237020492554 0.37443140149116516
-0.06651735305786133 0.3494625985622406
-0.16937220096588135 0.3668266832828522
-0.03067183494567871 0.3376390039920807
-0.07278627157211304 0.35292714834213257
-0.09618163108825684 0.3582739233970642
-0.0077683329582214355 0.33656632900238037
0.010709106922149658 0.33230140805244446
-0.05468618869781494 0.3448396623134613
