-0.15630799531936646 0.38838085532188416
-0.15010714530944824 0.3819631040096283
-0.15235549211502075 0.38382554054260254
-0.15630799531936646 0.38838085532188416
-0.15205609798431396 0.3831094801425934
-0.1552584171295166 0.3851582109928131
-0.14966648817062378 0.37958601117134094
-0.14746224880218506 0.37773141264915466
-0.15630799531936646 0.38838085532188416
-0.14808237552642822 0.37845465540885925
-0.15032941102981567 0.38252970576286316
-0.14980673789978027 0.3812001645565033
-0.15235549211502075 0.38382554054260254
-0.1552584171295166 0.3851582109928131
-0.15630799531936646 0.38838085532188416
-0.1590656042098999 0.3980119824409485
-0.15032941102981567 0.38252970576286316
-0.15268874168395996 0.38398319482803345
-0.149680495262146 0.3802393078804016
-0.14855647087097168 0.3786226212978363
-0.15986990928649902 0.4030534327030182
-0.05033862590789795 0.34110912680625916
-0.15630799531936646 0.38838085532188416
-0.158419668674469 0.396605908870697
-0.04233032464981079 0.3402565121650696
-0.158419668674469 0.396605908870697
-0.1386934518814087 0.3635288178920746
-0.15706157684326172 0.3929879069328308
-0.05431473255157471 0.344733327627182
-0.1434839963912964 0.37212327122688293
-0.16089165210723877 0.4086640775203705
-0.1603187918663025 0.40663549304008484
-0.158419668674469 0.396605908870697
-0.15884077548980713 0.3977189064025879
0.034248292446136475 0.3198820948600769
-0.1474049687385559 0.37751445174217224
-0.16016864776611328 0.4040962755680084
-0.03696930408477783 0.33988913893699646
-0.1554262638092041 0.38521963357925415
-0.060138821601867676 0.34634026885032654
-0.15975844860076904 0.40265774726867676
-0.1583346724510193 0.39492544531822205
-0.15268874168395996 0.38398319482803345
-0.1597505807876587 0.4017944037914276
-0.15670287609100342 0.388881653547287
-0.1583346724510193 0.39492544531822205
0.034248292446136475 0.3198820948600769
-0.05431473255157471 0.344733327627182
-0.14507174491882324 0.374812513589859
-0.14297956228256226 0.3711106479167938
-0.14297956228256226 0.3711106479167938
-0.15751171112060547 0.39435872435569763
-0.14976119995117188 0.38034459948539734
-0.15692883729934692 0.39229652285575867
-0.13978886604309082 0.3650408387184143
-0.1583346724510193 0.39492544531822205
0.034248292446136475 0.3198820948600769
-0.15692883729934692 0.39229652285575867
-0.15630799531936646 0.38838085532188416
-0.0373837947845459 0.3401062786579132
-0.15751171112060547 0.39435872435569763
-0.05169939994812012 0.3424118459224701
-0.14665567874908447 0.37690579891204834
-0.05599236488342285 0.34607550501823425
-0.030630826950073242 0.33625710010528564
-0.1602666974067688 0.4064512252807617
-0.15041685104370117 0.38289520144462585
-0.05431473255157471 0.344733327627182
-0.14983832836151123 0.38144540786743164
-0.1567080020904541 0.3904586732387543
-0.05324709415435791 0.3437016010284424
-0.147843599319458 0.3781612515449524
-0.08446288108825684 0.3485036790370941
-0.15268874168395996 0.38398319482803345
-0.1413540244102478 0.3685248792171478
-0.1407991647720337 0.3673520088195801
-0.1495438814163208 0.3794614374637604
-0.14297956228256226 0.3711106479167938
-0.0338214635848999 0.33946770429611206
-0.13968276977539062 0.3648959994316101
-0.1495438814163208 0.3794614374637604
-0.14297956228256226 0.3711106479167938
-0.1495438814163208 0.3794614374637604
-0.1386934518814087 0.3635288178920746
-0.027386963367462158 0.3352741599082947
-0.030630826950073242 0.33625710010528564
-0.09566307067871094 0.3488515317440033
-0.16089165210723877 0.4086640775203705
-0.1424347162246704 0.36959150433540344
-0.031936466693878174 0.338105171918869
-0.08249104022979736 0.34802013635635376
-0.15614044666290283 0.38539114594459534
-0.16018176078796387 0.40540215373039246
0.034248292446136475 0.3198820948600769
-0.143707275390625 0.37256333231925964
-0.04233032464981079 0.3402565121650696
-0.1379779577255249 0.3588829040527344
-0.1407991647720337 0.3673520088195801
-0.1495438814163208 0.3794614374637604
-0.158552348613739 0.396624356508255
-0.05431473255157471 0.344733327627182
-0.14537310600280762 0.3754541873931885
-0.1554262638092041 0.38521963357925415
0.034248292446136475 0.3198820948600769
-0.16089165210723877 0.4086640775203705
0.034248292446136475 0.3198820948600769
-0.1379779577255249 0.3588829040527344
-0.09571683406829834 0.3492211401462555
-0.060597896575927734 0.3474659323692322
-0.08558535575866699 0.3488411009311676
-0.1386934518814087 0.3635288178920746
0.01455223560333252 0.3295239210128784
-0.15630799531936646 0.38838085532188416
-0.15268874168395996 0.38398319482803345
-0.07445794343948364 0.34768590331077576
0.0043182373046875 0.33015549182891846
-0.01936185359954834 0.33510634303092957
0.03157472610473633 0.3233126699924469
-0.04931783676147461 0.34104102849960327
-0.005822181701660156 0.3322383165359497
0.017192840576171875 0.3276278078556061
0.0020517706871032715 0.3316751718521118
0.02326446771621704 0.32674676179885864
0.02326446771621704 0.32674676179885864
-0.04233032464981079 0.3402565121650696
-0.027386963367462158 0.3352741599082947
-0.0772174596786499 0.3479880690574646
-0.013286888599395752 0.3342304527759552
-0.14261871576309204 0.3699985146522522
-0.1605614423751831 0.40666380524635315
-0.051706910133361816 0.3430858552455902
-0.15998637676239014 0.403097540140152
-0.05599236488342285 0.34607550501823425
-0.00961923599243164 0.3334202170372009
-0.15918046236038208 0.398854523897171
-0.14435327053070068 0.37415215373039246
-0.14036905765533447 0.36657652258872986
-0.14036905765533447 0.36657652258872986
-0.158552348613739 0.396624356508255
-0.09566307067871094 0.3488515317440033
-0.14359337091445923 0.372457355260849
-0.05431473255157471 0.344733327627182
-0.05431473255157471 0.344733327627182
-0.030630826950073242 0.33625710010528564
-0.030630826950073242 0.33625710010528564
-0.15797829627990723 0.39440372586250305
-0.031936466693878174 0.338105171918869
-0.0373837947845459 0.3401062786579132
-0.15927016735076904 0.40137943625450134
-0.1567080020904541 0.3904586732387543
-0.0338214635848999 0.33946770429611206
-0.1495438814163208 0.3794614374637604
-0.1495438814163208 0.3794614374637604
-0.1495438814163208 0.3794614374637604
-0.1495438814163208 0.3794614374637604
0.026626765727996826 0.32533082365989685
0.02819916605949402 0.32456228137016296
-0.14748221635818481 0.3780439794063568
-0.15041685104370117 0.38289520144462585
-0.15041685104370117 0.38289520144462585
-0.15041685104370117 0.38289520144462585
-0.15041685104370117 0.38289520144462585
-0.15041685104370117 0.38289520144462585
-0.15041685104370117 0.38289520144462585
-0.15041685104370117 0.38289520144462585
-0.15041685104370117 0.38289520144462585
-0.15041685104370117 0.38289520144462585
-0.15041685104370117 0.38289520144462585
-0.15041685104370117 0.38289520144462585
-0.15041685104370117 0.38289520144462585
-0.15041685104370117 0.38289520144462585
-0.15041685104370117 0.38289520144462585
-0.15041685104370117 0.38289520144462585
-0.15041685104370117 0.38289520144462585
-0.15041685104370117 0.38289520144462585
-0.15041685104370117 0.38289520144462585
-0.15041685104370117 0.38289520144462585
-0.14983832836151123 0.38144540786743164
-0.14983832836151123 0.38144540786743164
-0.14983832836151123 0.38144540786743164
-0.14587032794952393 0.3764936923980713
