-0.30661970376968384 0.37102851271629333
-0.30592799186706543 0.36962348222732544
-0.014458894729614258 0.31763699650764465
-0.020977258682250977 0.31864917278289795
-0.310580849647522 0.37749147415161133
-0.3065045475959778 0.3707760274410248
-0.30857008695602417 0.37477466464042664
-0.31050264835357666 0.37714684009552
-0.30952727794647217 0.3760187327861786
-0.30908286571502686 0.3753381073474884
-0.30661970376968384 0.37102851271629333
-0.30908286571502686 0.3753381073474884
-0.30745506286621094 0.37311699986457825
-0.30976808071136475 0.37644651532173157
-0.3107243776321411 0.37767788767814636
-0.02674579620361328 0.3199104368686676
-0.30908286571502686 0.3753381073474884
-0.30592799186706543 0.36962348222732544
-0.3109259009361267 0.37863683700561523
-0.30724942684173584 0.37265536189079285
-0.0782158374786377 0.3356560468673706
-0.3067448139190674 0.3719627857208252
-0.3006855249404907 0.3556717038154602
-0.027361273765563965 0.32008111476898193
-0.1669994592666626 0.34521421790122986
-0.21823298931121826 0.34951335191726685
-0.31093645095825195 0.37867632508277893
-0.0832211971282959 0.33781298995018005
-0.045769453048706055 0.3320857286453247
-0.2903428077697754 0.3536897301673889
-0.1379203200340271 0.3442290723323822
-0.2856217622756958 0.3515353202819824
-0.04940611124038696 0.33315178751945496
-0.217970073223114 0.3491166830062866
-0.02951645851135254 0.3208030164241791
-0.05373960733413696 0.3338024616241455
-0.17224854230880737 0.34544745087623596
-0.3067448139190674 0.3719627857208252
-0.28928661346435547 0.35335153341293335
-0.12295496463775635 0.3414486050605774
-0.07874321937561035 0.3369081914424896
-0.12066537141799927 0.3411547839641571
-0.18501198291778564 0.3469756543636322
-0.1943150758743286 0.3488839566707611
-0.1677074432373047 0.34521615505218506
-0.16463851928710938 0.34465309977531433
-0.17998749017715454 0.34613391757011414
-0.3015856146812439 0.36650025844573975
-0.19871485233306885 0.3490479588508606
-0.2943528890609741 0.3539784848690033
-0.3048774003982544 0.3686871826648712
-0.03999364376068115 0.32459816336631775
-0.30724942684173584 0.37265536189079285
-0.07874321937561035 0.3369081914424896
-0.047141194343566895 0.33282554149627686
-0.08041751384735107 0.3375963866710663
-0.020977258682250977 0.31864917278289795
-0.3060172200202942 0.36998361349105835
-0.0832211971282959 0.33781298995018005
-0.08934640884399414 0.3398551344871521
-0.3051559329032898 0.3692183792591095
-0.18862783908843994 0.347805380821228
-0.19471657276153564 0.3489990830421448
-0.031111955642700195 0.3221445083618164
-0.18862783908843994 0.347805380821228
-0.309256911277771 0.37571027874946594
-0.022884666919708252 0.31911560893058777
-0.023687005043029785 0.31984707713127136
-0.14137768745422363 0.34453141689300537
-0.3074915409088135 0.37316393852233887
-0.3031080365180969 0.3681747317314148
-0.3065045475959778 0.3707760274410248
-0.014458894729614258 0.31763699650764465
-0.0782158374786377 0.3356560468673706
-0.04346287250518799 0.3248310983181
-0.22027289867401123 0.3500669002532959
-0.13360381126403809 0.3428972363471985
-0.0832211971282959 0.33781298995018005
-0.22310030460357666 0.35039329528808594
-0.04449617862701416 0.3302084803581238
-0.30809128284454346 0.3739796280860901
-0.30976808071136475 0.37644651532173157
-0.3023289442062378 0.36741235852241516
-0.08620071411132812 0.33869484066963196
-0.19229239225387573 0.34862568974494934
-0.309256911277771 0.37571027874946594
-0.30857008695602417 0.37477466464042664
-0.18241488933563232 0.34664076566696167
-0.12530255317687988 0.34197476506233215
-0.08408081531524658 0.33850064873695374
-0.3031080365180969 0.3681747317314148
-0.13502109050750732 0.3433385491371155
-0.05614674091339111 0.33415040373802185
-0.3107243776321411 0.37767788767814636
-0.08739602565765381 0.339234322309494
-0.05739641189575195 0.3345005512237549
-0.28928661346435547 0.35335153341293335
-0.09068584442138672 0.340408593416214
-0.13125228881835938 0.34243106842041016
-0.051792919635772705 0.33336469531059265
-0.016339004039764404 0.31838032603263855
-0.13632750511169434 0.3436209559440613
