-0.19547879695892334 0.3625195026397705
-0.13632506132125854 0.3514383137226105
-0.17755156755447388 0.36155474185943604
-0.15769058465957642 0.35966479778289795
-0.17493778467178345 0.36131736636161804
0.10035824775695801 0.337489515542984
-0.20001530647277832 0.37001800537109375
0.12470504641532898 0.33493345975875854
-0.055680155754089355 0.34342384338378906
-0.22766709327697754 0.37447792291641235
-0.13585388660430908 0.35005509853363037
-0.1965775489807129 0.36562228202819824
0.12155935168266296 0.33519670367240906
-0.051473796367645264 0.34281498193740845
-0.20070409774780273 0.3702732026576996
0.0036534667015075684 0.34272637963294983
-0.22784531116485596 0.37686726450920105
0.15089666843414307 0.32850465178489685
-0.19547879695892334 0.3625195026397705
-0.1959437131881714 0.36403152346611023
-0.13632506132125854 0.3514383137226105
-0.07985413074493408 0.34561920166015625
0.13382571935653687 0.3341699540615082
-0.09526729583740234 0.3486282527446747
0.034331679344177246 0.3409084677696228
-0.22946715354919434 0.37816759943962097
-0.19989830255508423 0.36968618631362915
0.12368372082710266 0.33506616950035095
0.012920528650283813 0.3422955870628357
-0.20203840732574463 0.37225738167762756
-0.2300499677658081 0.37861892580986023
0.016573190689086914 0.34165990352630615
-0.13742601871490479 0.3569045066833496
-0.19583570957183838 0.36390221118927
-0.19832146167755127 0.36829814314842224
-0.055680155754089355 0.34342384338378906
0.13809260725975037 0.3327643573284149
-0.10486137866973877 0.34891897439956665
-0.15018045902252197 0.3591425120830536
-0.13693970441818237 0.3539595305919647
-0.19686996936798096 0.3663088381290436
-0.20506930351257324 0.3729439377784729
-0.22766709327697754 0.37447792291641235
0.07045650482177734 0.3385767340660095
0.1516163945198059 0.3278089463710785
-0.14237499237060547 0.35736212134361267
-0.22784531116485596 0.37686726450920105
0.13602152466773987 0.3333703279495239
-0.1962507963180542 0.3651755750179291
-0.18315386772155762 0.36216336488723755
0.12929028272628784 0.33467838168144226
-0.07612621784210205 0.3442487120628357
-0.1987122893333435 0.36935049295425415
0.058643728494644165 0.3398675322532654
-0.20180761814117432 0.370502233505249
-0.08663022518157959 0.34745851159095764
0.11416584253311157 0.336556613445282
-0.17562800645828247 0.3615000545978546
-0.15081119537353516 0.35952579975128174
-0.13634896278381348 0.35302573442459106
-0.13585388660430908 0.35005509853363037
0.15038719773292542 0.33114147186279297
-0.14898240566253662 0.358480304479599
-0.19750475883483887 0.36734339594841003
0.0036534667015075684 0.34272637963294983
-0.16182029247283936 0.3605652153491974
-0.08450347185134888 0.34653764963150024
0.16284501552581787 0.32622501254081726
0.10425108671188354 0.33734771609306335
0.027790963649749756 0.34165069460868835
0.012920528650283813 0.3422955870628357
0.15089666843414307 0.32850465178489685
0.08252707123756409 0.33831143379211426
-0.20572805404663086 0.3735073506832123
-0.09112423658370972 0.34810423851013184
0.10879221558570862 0.33701881766319275
-0.1442025899887085 0.3580804765224457
0.06769347190856934 0.338680237531662
-0.07416415214538574 0.3434373736381531
-0.051473796367645264 0.34281498193740845
-0.17562800645828247 0.3615000545978546
0.012920528650283813 0.3422955870628357
-0.19547879695892334 0.3625195026397705
0.0990397036075592 0.3376603424549103
0.05414426326751709 0.3401297330856323
0.06628066301345825 0.33930596709251404
0.04645863175392151 0.34062230587005615
0.11416584253311157 0.336556613445282
-0.15793228149414062 0.35998979210853577
-0.13534009456634521 0.34978926181793213
0.14015454053878784 0.33216574788093567
0.11981970071792603 0.3360348641872406
-0.2275683879852295 0.37353312969207764
-0.10710811614990234 0.34956905245780945
0.0929153561592102 0.3379391133785248
0.009986162185668945 0.3425144851207733
-0.13695186376571655 0.35544270277023315
-0.19346106052398682 0.3623153567314148
-0.17325985431671143 0.36088234186172485
-0.0789116621017456 0.34475141763687134
