-0.2783687114715576 0.3469119966030121
-0.3312259316444397 0.3575506806373596
0.02110224962234497 0.3277643620967865
-0.2591346502304077 0.3404068648815155
-0.32850706577301025 0.3545840084552765
-0.281235933303833 0.34710103273391724
-0.29028481245040894 0.34761419892311096
-0.3278144598007202 0.352525919675827
-0.33345746994018555 0.3619263470172882
0.195625901222229 0.30181750655174255
-0.33253490924835205 0.3586118817329407
-0.06837630271911621 0.33488449454307556
-0.0336686372756958 0.33299118280410767
0.15168046951293945 0.30898818373680115
-0.33309924602508545 0.36059173941612244
0.15168046951293945 0.30898818373680115
0.11599814891815186 0.31484538316726685
0.1328427791595459 0.3134562075138092
0.018333226442337036 0.32863420248031616
-0.33345746994018555 0.3619263470172882
0.07129091024398804 0.3185068666934967
0.1073836088180542 0.31503400206565857
0.018208354711532593 0.32916486263275146
-0.3294246196746826 0.3562583923339844
0.08232209086418152 0.31815096735954285
0.15661722421646118 0.308185338973999
0.018073439598083496 0.32916808128356934
0.1963633894920349 0.301468163728714
-0.3269156813621521 0.3511325418949127
-0.3345659375190735 0.3632366955280304
-0.3338181972503662 0.3622228801250458
-0.2620208263397217 0.3451184332370758
0.1626475751399994 0.3074150085449219
-0.33296483755111694 0.3604678809642792
-0.26262688636779785 0.3451416790485382
-0.3306450843811035 0.35678499937057495
0.10113340616226196 0.3161756694316864
0.20755624771118164 0.30126953125
0.0908295214176178 0.31697332859039307
0.017046749591827393 0.3295491635799408
-0.022538423538208008 0.3327607810497284
0.09304863214492798 0.31655916571617126
0.06960558891296387 0.32006192207336426
0.1490776538848877 0.3103451728820801
0.06050217151641846 0.3213505148887634
0.0908295214176178 0.31697332859039307
-0.32897019386291504 0.3558306396007538
0.013708770275115967 0.3300321698188782
0.195625901222229 0.30181750655174255
0.05109143257141113 0.3254198133945465
-0.06837630271911621 0.33488449454307556
0.03750842809677124 0.32665425539016724
-0.2596587538719177 0.34406307339668274
0.02110224962234497 0.3277643620967865
0.01116567850112915 0.33102309703826904
0.06557440757751465 0.32041385769844055
-0.26303350925445557 0.34661754965782166
-0.0336686372756958 0.33299118280410767
0.05537259578704834 0.321501225233078
0.14580881595611572 0.31258121132850647
0.08548563718795776 0.3175589144229889
-0.06601059436798096 0.3341437876224518
-0.33160412311553955 0.3578743636608124
0.11963465809822083 0.3148374855518341
0.1931617558002472 0.30491381883621216
0.17267733812332153 0.30709049105644226
-0.2909386157989502 0.3482411205768585
0.12244686484336853 0.3144894540309906
-0.3310542702674866 0.3570997416973114
-0.07424461841583252 0.3351537883281708
0.07261326909065247 0.31819722056388855
-0.29124557971954346 0.34945106506347656
-0.3272864818572998 0.35220643877983093
-0.3331286311149597 0.3610827326774597
0.1323797106742859 0.31373053789138794
0.12325608730316162 0.3142412006855011
0.029804080724716187 0.3268071711063385
0.047200173139572144 0.32664594054222107
0.05109143257141113 0.3254198133945465
0.053898632526397705 0.32399895787239075
-0.01971876621246338 0.33234208822250366
-0.3326612710952759 0.35931551456451416
-0.29028481245040894 0.34761419892311096
-0.281235933303833 0.34710103273391724
-0.3278144598007202 0.352525919675827
0.14472687244415283 0.31329843401908875
0.018208354711532593 0.32916486263275146
0.1875775158405304 0.3059034049510956
-0.0179903507232666 0.3310268521308899
0.12749704718589783 0.3140278458595276
-0.2591346502304077 0.3404068648815155
-0.3278436064720154 0.35400280356407166
-0.25958144664764404 0.34233927726745605
-0.3328903317451477 0.3602568805217743
-0.32837480306625366 0.3542647063732147
