-0.21422696113586426 0.3837514817714691
-0.2174593210220337 0.3878607749938965
-0.2113472819328308 0.3809008300304413
-0.2174593210220337 0.3878607749938965
0.17038556933403015 0.32900184392929077
-0.11069381237030029 0.36982810497283936
-0.04794204235076904 0.3642171621322632
-0.11368292570114136 0.3708301782608032
-0.20672893524169922 0.3801186978816986
-0.21074914932250977 0.380170613527298
-0.04300194978713989 0.36245569586753845
-0.21438086032867432 0.38568052649497986
-0.0024167299270629883 0.35912662744522095
0.1696629524230957 0.33346137404441833
0.1500016450881958 0.3438163697719574
-0.11368292570114136 0.3708301782608032
-0.15806996822357178 0.37940430641174316
0.05527997016906738 0.3546331822872162
0.15366148948669434 0.34258803725242615
0.16469311714172363 0.33566877245903015
-0.22072255611419678 0.39012405276298523
0.14080533385276794 0.34499385952949524
0.17038556933403015 0.32900184392929077
0.08588528633117676 0.34892603754997253
0.0585484504699707 0.35348600149154663
-0.198921799659729 0.37948814034461975
-0.011289834976196289 0.3595738112926483
-0.21074914932250977 0.380170613527298
-0.21795034408569336 0.3883427083492279
0.05633458495140076 0.35446059703826904
-0.04625749588012695 0.36361759901046753
0.08160284161567688 0.3490711748600006
0.053801894187927246 0.35493627190589905
0.1296195387840271 0.346096396446228
-0.11801254749298096 0.37263941764831543
-0.21424239873886108 0.38487836718559265
-0.20321089029312134 0.3799903094768524
-0.11917638778686523 0.37312623858451843
0.16402074694633484 0.3411463499069214
0.004887938499450684 0.35749661922454834
0.0008063912391662598 0.35862311720848083
-0.21653717756271362 0.38682982325553894
-0.10599565505981445 0.36908158659935
0.051003456115722656 0.3552844822406769
0.15291589498519897 0.3427371084690094
-0.21210724115371704 0.38220080733299255
0.1644039750099182 0.33932608366012573
0.13770681619644165 0.3454558551311493
-0.11380243301391602 0.37145742774009705
-0.20672893524169922 0.3801186978816986
0.10503000020980835 0.3470700681209564
-0.11100959777832031 0.37070298194885254
0.08160284161567688 0.3490711748600006
-0.2153226137161255 0.38620734214782715
-0.21460062265396118 0.38611456751823425
0.002558499574661255 0.3579990565776825
-0.21804624795913696 0.3893584609031677
0.07862606644630432 0.3494337499141693
0.16447365283966064 0.3362230956554413
0.050412148237228394 0.35560643672943115
-0.09571278095245361 0.3670736849308014
-0.21422696113586426 0.3837514817714691
-0.0453830361366272 0.3630386292934418
-0.10293340682983398 0.3686623275279999
-0.04153907299041748 0.36157286167144775
0.14080533385276794 0.34499385952949524
-0.21349245309829712 0.38328608870506287
-0.2110985517501831 0.38080447912216187
-0.21700429916381836 0.3877047002315521
0.08160284161567688 0.3490711748600006
-0.11069381237030029 0.36982810497283936
-0.15250885486602783 0.37651532888412476
0.050412148237228394 0.35560643672943115
0.05851322412490845 0.3535672128200531
0.06304380297660828 0.35310718417167664
-0.11723655462265015 0.37185853719711304
0.12503084540367126 0.34625205397605896
0.0570492148399353 0.35442987084388733
-0.22057175636291504 0.39010974764823914
-0.20047521591186523 0.3799862563610077
0.05728432536125183 0.3542109727859497
-0.21286725997924805 0.3828676640987396
-0.2188946008682251 0.3897339403629303
0.14006966352462769 0.3450080454349518
-0.04794204235076904 0.3642171621322632
-0.13505005836486816 0.3749254643917084
