-0.23307639360427856 0.38431820273399353
-0.269956111907959 0.39780521392822266
-0.23243701457977295 0.3826002776622772
-0.06375014781951904 0.3226747512817383
-0.26922351121902466 0.3974345326423645
-0.14356201887130737 0.3649185299873352
-0.06613469123840332 0.3229171931743622
-0.24775665998458862 0.3900420069694519
-0.23248189687728882 0.3830861449241638
-0.23248189687728882 0.3830861449241638
-0.23248189687728882 0.3830861449241638
-0.23307639360427856 0.38431820273399353
-0.24135315418243408 0.3884204626083374
-0.23484212160110474 0.3851936161518097
-0.24170315265655518 0.3885730803012848
-0.14616739749908447 0.36505183577537537
-0.06375014781951904 0.3226747512817383
-0.26178455352783203 0.39490506052970886
-0.22662848234176636 0.38013145327568054
-0.24775665998458862 0.3900420069694519
-0.23248189687728882 0.3830861449241638
-0.23248189687728882 0.3830861449241638
-0.23307639360427856 0.38431820273399353
-0.26922351121902466 0.3974345326423645
-0.23248189687728882 0.3830861449241638
-0.18178993463516235 0.37582921981811523
-0.23248189687728882 0.3830861449241638
-0.11925584077835083 0.3303784728050232
-0.2398390769958496 0.3878258168697357
-0.17014431953430176 0.37261804938316345
-0.18041253089904785 0.3746654689311981
-0.14043426513671875 0.3623228371143341
-0.14356201887130737 0.3649185299873352
-0.22880840301513672 0.38203927874565125
-0.23856806755065918 0.3876073360443115
-0.24201488494873047 0.38951605558395386
-0.23589134216308594 0.38604164123535156
-0.27153652906417847 0.40030309557914734
-0.24410080909729004 0.38964101672172546
-0.06375014781951904 0.3226747512817383
-0.13222599029541016 0.3587223291397095
-0.19637185335159302 0.37833377718925476
-0.13338619470596313 0.35961729288101196
-0.11350500583648682 0.3292821943759918
-0.27029138803482056 0.3991122841835022
-0.11925584077835083 0.3303784728050232
-0.23652100563049316 0.38683971762657166
-0.15736627578735352 0.3714595139026642
-0.23382383584976196 0.3851574957370758
-0.13827919960021973 0.36165186762809753
-0.2704342007637024 0.3998374044895172
-0.15196263790130615 0.3697349727153778
-0.16121894121170044 0.3721667528152466
-0.23800408840179443 0.3869786858558655
-0.2501756548881531 0.392011433839798
-0.18754082918167114 0.3778805434703827
-0.1792055368423462 0.3740023374557495
-0.23589134216308594 0.38604164123535156
-0.13222599029541016 0.3587223291397095
-0.13167691230773926 0.35820791125297546
-0.13944631814956665 0.3621719181537628
-0.26967501640319824 0.3977067172527313
-0.22757816314697266 0.38017094135284424
-0.06993794441223145 0.32489389181137085
-0.2600417137145996 0.3947029113769531
-0.14885538816452026 0.36866605281829834
-0.14648187160491943 0.36557480692863464
-0.15007132291793823 0.3691582679748535
-0.16396409273147583 0.372268408536911
-0.11121022701263428 0.32865387201309204
-0.07389330863952637 0.32601895928382874
-0.2525579333305359 0.3930816054344177
-0.06819760799407959 0.32454419136047363
-0.1472904086112976 0.3671901524066925
-0.25332629680633545 0.39359936118125916
-0.16396409273147583 0.372268408536911
-0.12892019748687744 0.35686078667640686
-0.26961851119995117 0.39758846163749695
-0.17557138204574585 0.37336912751197815
-0.2570970058441162 0.3946598172187805
-0.15658855438232422 0.3714512586593628
-0.1914081573486328 0.37792322039604187
-0.07587534189224243 0.32657966017723083
-0.14578455686569214 0.36497947573661804
-0.14821118116378784 0.36793074011802673
-0.15513861179351807 0.37012311816215515
-0.2495959997177124 0.3914569914340973
-0.11583179235458374 0.3299049735069275
-0.18754082918167114 0.3778805434703827
-0.0712435245513916 0.32544711232185364
-0.26203274726867676 0.39737769961357117
-0.2012462615966797 0.3789849579334259
-0.07587534189224243 0.32657966017723083
-0.2016770839691162 0.3792363703250885
-0.22823715209960938 0.38128459453582764
-0.06648671627044678 0.32427510619163513
-0.13106238842010498 0.35764428973197937
-0.13645416498184204 0.3611588478088379
-0.1958497166633606 0.3781362473964691
-0.14075332880020142 0.3632860481739044
-0.13827919960021973 0.36165186762809753
-0.08065855503082275 0.32738223671913147
-0.11051046848297119 0.32741278409957886
-0.18352901935577393 0.37699049711227417
-0.13479697704315186 0.36038169264793396
-0.24943363666534424 0.39055782556533813
-0.25629723072052 0.3936644196510315
-0.17457813024520874 0.37298905849456787
-0.2525491714477539 0.3924766778945923
