-0.19662010669708252 0.38852864503860474
-0.07555937767028809 0.35254913568496704
-0.19662010669708252 0.38852864503860474
-0.17306065559387207 0.37686726450920105
-0.19662010669708252 0.38852864503860474
-0.07672035694122314 0.35370928049087524
-0.17362916469573975 0.37721532583236694
-0.07759809494018555 0.3541308641433716
-0.07555937767028809 0.35254913568496704
-0.07592421770095825 0.3531420826911926
-0.19306063652038574 0.3864266872406006
-0.18948733806610107 0.38284534215927124
-0.07592421770095825 0.3531420826911926
-0.09238326549530029 0.3608649969100952
-0.07731139659881592 0.35401013493537903
-0.010717630386352539 0.30213987827301025
-0.10451531410217285 0.364988774061203
-0.17409098148345947 0.3778296411037445
-0.19049566984176636 0.38394418358802795
-0.17306065559387207 0.37686726450920105
-0.07938569784164429 0.3554665744304657
-0.1750859022140503 0.3786584734916687
-0.0783151388168335 0.3548314869403839
-0.19721674919128418 0.3887217938899994
-0.19306063652038574 0.3864266872406006
-0.19186151027679443 0.3855007290840149
-0.07555937767028809 0.35254913568496704
-0.015836119651794434 0.3059465289115906
-0.1750859022140503 0.3786584734916687
-0.19354259967803955 0.3874618709087372
-0.0993959903717041 0.3645518720149994
-0.13962924480438232 0.3759666383266449
-0.11154758930206299 0.36573562026023865
-0.19889295101165771 0.38990482687950134
-0.10324877500534058 0.3647575378417969
-0.09748715162277222 0.3638138473033905
-0.01643228530883789 0.3060525357723236
-0.01134568452835083 0.30436331033706665
-0.11838054656982422 0.36882075667381287
-0.1954655647277832 0.3880869150161743
-0.19244301319122314 0.3861330449581146
-0.010717630386352539 0.30213987827301025
-0.10494452714920044 0.36550450325012207
-0.06537258625030518 0.3144964277744293
-0.01134568452835083 0.30436331033706665
-0.01134568452835083 0.30436331033706665
-0.013765096664428711 0.30587172508239746
-0.19354259967803955 0.3874618709087372
-0.01643228530883789 0.3060525357723236
-0.05493044853210449 0.3125131130218506
-0.11638236045837402 0.36632081866264343
-0.11698806285858154 0.36860737204551697
-0.17306065559387207 0.37686726450920105
-0.01643228530883789 0.3060525357723236
-0.19244301319122314 0.3861330449581146
-0.08069467544555664 0.3566208779811859
-0.19244301319122314 0.3861330449581146
-0.01134568452835083 0.30436331033706665
-0.08888876438140869 0.35981419682502747
-0.08232533931732178 0.3576478362083435
-0.13366520404815674 0.3733099699020386
-0.1217728853225708 0.3703984320163727
-0.19049566984176636 0.38394418358802795
-0.09238326549530029 0.3608649969100952
-0.12354743480682373 0.37146708369255066
-0.11920452117919922 0.3696814179420471
-0.1542721390724182 0.3762674033641815
-0.19244301319122314 0.3861330449581146
-0.19244301319122314 0.3861330449581146
-0.19244301319122314 0.3861330449581146
-0.19244301319122314 0.3861330449581146
-0.017597436904907227 0.30719172954559326
-0.059117913246154785 0.31447842717170715
-0.18948733806610107 0.38284534215927124
-0.17409098148345947 0.3778296411037445
-0.09529620409011841 0.3632912337779999
-0.05753868818283081 0.313314288854599
-0.01643228530883789 0.3060525357723236
-0.19244301319122314 0.3861330449581146
-0.01643228530883789 0.3060525357723236
-0.1766752004623413 0.3800215423107147
-0.07923746109008789 0.3553633689880371
-0.027909040451049805 0.3095088601112366
-0.04943877458572388 0.31185147166252136
-0.13706332445144653 0.3754189610481262
-0.01643228530883789 0.3060525357723236
-0.19244301319122314 0.3861330449581146
-0.1912745237350464 0.38493606448173523
-0.01643228530883789 0.3060525357723236
-0.03548073768615723 0.31182536482810974
-0.1766752004623413 0.3800215423107147
-0.022632837295532227 0.30929234623908997
-0.030170917510986328 0.3101652264595032
-0.08604979515075684 0.3589008152484894
-0.09498947858810425 0.36190497875213623
-0.07555937767028809 0.35254913568496704
-0.1954655647277832 0.3880869150161743
-0.05493044853210449 0.3125131130218506
-0.19354259967803955 0.3874618709087372
-0.19354259967803955 0.3874618709087372
-0.01643228530883789 0.3060525357723236
-0.018352985382080078 0.30846843123435974
-0.13566625118255615 0.37468478083610535
-0.013765096664428711 0.30587172508239746
-0.17526382207870483 0.37924742698669434
-0.17526382207870483 0.37924742698669434
-0.19354259967803955 0.3874618709087372
-0.07731139659881592 0.35401013493537903
