-0.38369929790496826 0.38803213834762573
-0.385802686214447 0.3938792645931244
-0.1468307375907898 0.35529825091362
-0.383070707321167 0.38527193665504456
-0.1696041226387024 0.362215518951416
-0.1696041226387024 0.362215518951416
-0.39235931634902954 0.40499910712242126
-0.3868294358253479 0.39762336015701294
-0.3873021602630615 0.3990625739097595
-0.3873021602630615 0.3990625739097595
-0.3883911967277527 0.4019598066806793
-0.3883911967277527 0.4019598066806793
-0.3877904415130615 0.4006156921386719
-0.393140971660614 0.4050912857055664
-0.38599979877471924 0.39582860469818115
-0.15115457773208618 0.3570704162120819
-0.38599979877471924 0.39582860469818115
-0.3868294358253479 0.39762336015701294
-0.3911922574043274 0.4036502540111542
-0.15115457773208618 0.3570704162120819
-0.15608978271484375 0.35879507660865784
-0.3826509714126587 0.3824108839035034
-0.15934133529663086 0.3598562777042389
-0.1468307375907898 0.35529825091362
-0.3845937252044678 0.39173731207847595
-0.3851783275604248 0.393748015165329
-0.38400328159332275 0.38964423537254333
-0.3826509714126587 0.3824108839035034
-0.38269442319869995 0.3834306001663208
-0.3877904415130615 0.4006156921386719
-0.38967370986938477 0.40251389145851135
-0.3851783275604248 0.393748015165329
-0.395336389541626 0.4069250524044037
-0.15115457773208618 0.3570704162120819
-0.15608978271484375 0.35879507660865784
-0.15115457773208618 0.3570704162120819
-0.1990390419960022 0.36857256293296814
-0.22053128480911255 0.37234577536582947
-0.38599979877471924 0.39582860469818115
-0.15115457773208618 0.3570704162120819
-0.15115457773208618 0.3570704162120819
-0.383051335811615 0.3848874270915985
-0.38822054862976074 0.4007016122341156
-0.18637526035308838 0.36646291613578796
-0.3831441402435303 0.38792502880096436
-0.2964177131652832 0.3792390525341034
-0.23039889335632324 0.37365514039993286
-0.3869444727897644 0.3982338607311249
-0.17281925678253174 0.36414098739624023
-0.15115457773208618 0.3570704162120819
-0.38489770889282227 0.39237314462661743
-0.32600927352905273 0.38132545351982117
-0.1468307375907898 0.35529825091362
-0.15115457773208618 0.3570704162120819
-0.15115457773208618 0.3570704162120819
-0.15115457773208618 0.3570704162120819
-0.11195695400238037 0.34211039543151855
-0.18071722984313965 0.36522623896598816
-0.15115457773208618 0.3570704162120819
-0.3869444727897644 0.3982338607311249
-0.38400328159332275 0.38964423537254333
0.03848898410797119 0.32538577914237976
-0.3826509714126587 0.3824108839035034
-0.3826509714126587 0.3824108839035034
-0.21238315105438232 0.3709011971950531
-0.15608978271484375 0.35879507660865784
-0.17028337717056274 0.3631243407726288
-0.20365434885025024 0.3697322905063629
-0.15115457773208618 0.3570704162120819
-0.395336389541626 0.4069250524044037
-0.008326888084411621 0.3346184194087982
-0.045960426330566406 0.33826500177383423
-0.008326888084411621 0.3346184194087982
-0.38599979877471924 0.39582860469818115
-0.1645357608795166 0.36219891905784607
-0.18974721431732178 0.36746853590011597
-0.17679864168167114 0.36442384123802185
-0.3963475227355957 0.40875038504600525
0.040794551372528076 0.3215441405773163
0.040794551372528076 0.3215441405773163
-0.11703217029571533 0.34293341636657715
-0.14630097150802612 0.3552318513393402
-0.10550141334533691 0.3408939242362976
-0.05475890636444092 0.34001851081848145
-0.35738134384155273 0.3818979859352112
-0.32676923274993896 0.38137534260749817
-0.2535139322280884 0.3785628378391266
-0.2535139322280884 0.3785628378391266
-0.29625219106674194 0.3790377676486969
-0.3826509714126587 0.3824108839035034
-0.3826509714126587 0.3824108839035034
-0.38400328159332275 0.38964423537254333
-0.30312132835388184 0.3812847435474396
-0.15118932723999023 0.3574215769767761
0.0350039005279541 0.32961249351501465
-0.1570102572441101 0.35899993777275085
-0.1570102572441101 0.35899993777275085
-0.3850301504135132 0.39287588000297546
0.03843250870704651 0.32607704401016235
-0.2190535068511963 0.37149950861930847
-0.23484086990356445 0.37458536028862
-0.23484086990356445 0.37458536028862
-0.16204893589019775 0.3608894646167755
-0.2107614278793335 0.37043190002441406
0.030447661876678467 0.3302830457687378
0.030447661876678467 0.3302830457687378
-0.1995202898979187 0.36896848678588867
-0.008955717086791992 0.3348195254802704
-0.24793744087219238 0.37776413559913635
0.013455212116241455 0.33252114057540894
0.013455212116241455 0.33252114057540894
0.013455212116241455 0.33252114057540894
-5.143880844116211e-05 0.3341606855392456
0.019359350204467773 0.3310430943965912
-0.19295400381088257 0.3678494691848755
-0.23911160230636597 0.37601372599601746
0.04065215587615967 0.32368218898773193
-0.30038440227508545 0.3796347677707672
-0.22723603248596191 0.3730875551700592
-0.39418017864227295 0.40688782930374146
-0.24514394998550415 0.37619876861572266
-0.24514394998550415 0.37619876861572266
-0.17146682739257812 0.3633166551589966
-0.025931835174560547 0.3377780616283417
-0.025931835174560547 0.3377780616283417
-0.22535467147827148 0.37288030982017517
-0.03942441940307617 0.33801624178886414
-0.18028336763381958 0.365175724029541
-0.04872751235961914 0.33925843238830566
-0.018793702125549316 0.3375117778778076
-0.012824416160583496 0.33574575185775757
-0.04735219478607178 0.3383101522922516
-0.017104744911193848 0.3363640010356903
-0.033128559589385986 0.3379558026790619
-0.39333343505859375 0.4057982563972473
-0.1889035701751709 0.36735281348228455
0.0395071804523468 0.32493844628334045
0.00860452651977539 0.33376604318618774
0.01750558614730835 0.3315081298351288
0.01750558614730835 0.3315081298351288
