-0.15696561336517334 0.38843879103660583
-0.15696561336517334 0.38843879103660583
-0.13284432888031006 0.38441428542137146
-0.15902602672576904 0.3951912522315979
-0.16650784015655518 0.39883479475975037
-0.13696712255477905 0.38664960861206055
-0.15758973360061646 0.3925701081752777
-0.1586512327194214 0.3947446644306183
-0.16543430089950562 0.39798158407211304
-0.16768747568130493 0.39972424507141113
-0.15696561336517334 0.38843879103660583
-0.15758973360061646 0.3925701081752777
-0.16811102628707886 0.4039997160434723
-0.13361811637878418 0.3856554925441742
-0.15836560726165771 0.39463260769844055
-0.15967869758605957 0.3953958749771118
-0.17025220394134521 0.4072246253490448
0.4450516104698181 0.3405178189277649
-0.1679246425628662 0.400332510471344
-0.16102170944213867 0.39585137367248535
-0.17204773426055908 0.40761691331863403
-0.1719820499420166 0.4075922966003418
0.32919687032699585 0.34634870290756226
-0.15758973360061646 0.3925701081752777
0.06349194049835205 0.3643144965171814
-0.16093343496322632 0.3955851197242737
-0.04876279830932617 0.37417393922805786
-0.15836560726165771 0.39463260769844055
-0.15696561336517334 0.38843879103660583
-0.01700294017791748 0.36813247203826904
-0.1721746325492859 0.40838709473609924
-0.09531497955322266 0.38118448853492737
-0.11356902122497559 0.38127490878105164
0.3832613229751587 0.34413525462150574
0.00015941262245178223 0.36515501141548157
-0.0796734094619751 0.37969738245010376
-0.026170015335083008 0.3699909746646881
-0.06200242042541504 0.3784359395503998
-0.157906174659729 0.39377957582473755
-0.003624141216278076 0.3657560348510742
-0.0070459842681884766 0.3660491704940796
0.3569258749485016 0.3454090356826782
-0.08237236738204956 0.37979522347450256
-0.16510248184204102 0.3976684510707855
0.38166436553001404 0.34452876448631287
-0.16038435697555542 0.3954041600227356
-0.16216742992401123 0.39634719491004944
-0.14378780126571655 0.38823023438453674
-0.16248202323913574 0.39674681425094604
0.3708570599555969 0.34521177411079407
-0.03119450807571411 0.3711707592010498
0.44654014706611633 0.3320856988430023
-0.1678212285041809 0.40024158358573914
-0.1621364951133728 0.3960157632827759
-0.00835198163986206 0.36611542105674744
-0.16724252700805664 0.39968177676200867
-0.13595640659332275 0.38619717955589294
0.4459269344806671 0.3394618332386017
-0.16575080156326294 0.3981930613517761
-0.1593378186225891 0.3952835202217102
-0.13862484693527222 0.38750773668289185
-0.024784564971923828 0.36965176463127136
-0.0425947904586792 0.37333211302757263
-0.05640298128128052 0.37524765729904175
0.011207878589630127 0.3643258512020111
0.06574440002441406 0.36277803778648376
0.3610442578792572 0.3453325927257538
-0.07220840454101562 0.3793163299560547
-0.1638484001159668 0.3974078595638275
-0.016406536102294922 0.3673374056816101
-0.04105794429779053 0.3714592158794403
-0.1663045883178711 0.39846691489219666
-0.16300326585769653 0.3970704972743988
-0.13361811637878418 0.3856554925441742
-0.02315068244934082 0.3694412112236023
0.08139818906784058 0.351511687040329
-0.09531497955322266 0.38118448853492737
-0.12686622142791748 0.3821997344493866
-0.16811102628707886 0.4039997160434723
0.4450516104698181 0.3405178189277649
0.35481271147727966 0.34553754329681396
-0.01700294017791748 0.36813247203826904
-0.08690810203552246 0.3806585669517517
0.4095321297645569 0.34407418966293335
-0.08560717105865479 0.3806152045726776
0.4356365203857422 0.3423362970352173
-0.157906174659729 0.39377957582473755
-0.1304224133491516 0.38438138365745544
-0.018108665943145752 0.3687734603881836
-0.12776142358779907 0.3839573860168457
0.2879451811313629 0.3467775285243988
