-0.1168140172958374 0.3692037761211395
-0.2661803960800171 0.3910481929779053
-0.2631804943084717 0.3886944353580475
-0.2480393648147583 0.3722032606601715
-0.11972057819366455 0.3694242238998413
-0.2621551752090454 0.38785824179649353
-0.27498769760131836 0.3936413824558258
-0.24744218587875366 0.3714141547679901
-0.1168140172958374 0.3692037761211395
-0.10493111610412598 0.3667011260986328
-0.2621551752090454 0.38785824179649353
-0.10493111610412598 0.3667011260986328
-0.27191162109375 0.39301788806915283
-0.2516474723815918 0.37916240096092224
0.20572257041931152 0.35486170649528503
-0.26393795013427734 0.38944342732429504
-0.2755676507949829 0.3941139280796051
-0.2483959197998047 0.37287387251853943
-0.1113748550415039 0.36856141686439514
-0.27191162109375 0.39301788806915283
-0.24862384796142578 0.37345072627067566
-0.25631868839263916 0.3845003545284271
-0.11972057819366455 0.3694242238998413
-0.09745627641677856 0.3663517236709595
-0.24972903728485107 0.37670162320137024
0.1688433289527893 0.3585232198238373
0.18868780136108398 0.3568069636821747
-0.2483959197998047 0.37287387251853943
-0.2678173780441284 0.3914729654788971
-0.24940407276153564 0.37508103251457214
-0.25253021717071533 0.38094475865364075
-0.256900429725647 0.3850981891155243
-0.2483959197998047 0.37287387251853943
-0.258992075920105 0.38638100028038025
0.1932096779346466 0.3553595244884491
-0.25581657886505127 0.38386812806129456
-0.2483959197998047 0.37287387251853943
-0.2622755169868469 0.3882578909397125
0.1799742579460144 0.3570192754268646
0.15872728824615479 0.3598734438419342
-0.24984800815582275 0.37704452872276306
0.17520010471343994 0.35759735107421875
-0.25457847118377686 0.3831755816936493
-0.269431471824646 0.39255234599113464
-0.26120662689208984 0.3877899944782257
-0.2661803960800171 0.3910481929779053
-0.269431471824646 0.39255234599113464
-0.10493111610412598 0.3667011260986328
-0.2604776620864868 0.3871881663799286
-0.25094282627105713 0.37892788648605347
-0.2622755169868469 0.3882578909397125
0.15872728824615479 0.3598734438419342
-0.2604776620864868 0.3871881663799286
0.17520010471343994 0.35759735107421875
-0.10493111610412598 0.3667011260986328
0.01121431589126587 0.3635469377040863
0.17780888080596924 0.3573320508003235
0.02943730354309082 0.3624939024448395
0.1653280258178711 0.3589634299278259
-0.2622862458229065 0.38869377970695496
0.1550406813621521 0.36009618639945984
0.14228618144989014 0.36092013120651245
0.14829418063163757 0.3603193163871765
-0.2480393648147583 0.3722032606601715
-0.2483959197998047 0.37287387251853943
0.019299417734146118 0.36325788497924805
-0.26815569400787354 0.39202356338500977
-0.2495802640914917 0.3758593797683716
-0.2517772912979126 0.3803231418132782
0.16180121898651123 0.35943540930747986
0.18868780136108398 0.3568069636821747
-0.11467248201370239 0.368944376707077
-0.25046342611312866 0.37775543332099915
0.03661435842514038 0.3617667257785797
0.15872728824615479 0.3598734438419342
-0.2489302158355713 0.3744092285633087
0.0336185097694397 0.36206674575805664
0.17161870002746582 0.3580998182296753
-0.269431471824646 0.39255234599113464
0.024323582649230957 0.3629387617111206
-0.2483959197998047 0.37287387251853943
-0.19341272115707397 0.37030139565467834
0.13855823874473572 0.3611977994441986
-0.24744218587875366 0.3714141547679901
-0.26393795013427734 0.38944342732429504
-0.25813567638397217 0.3855208158493042
-0.2647494077682495 0.3902249038219452
-0.27436327934265137 0.3935996890068054
-0.10549962520599365 0.368157297372818
0.17520010471343994 0.35759735107421875
-0.2542644143104553 0.3817679286003113
-0.26815569400787354 0.39202356338500977
