-0.11956429481506348 0.38343045115470886
-0.05686897039413452 0.3652127683162689
-0.07054823637008667 0.37723055481910706
-0.05686897039413452 0.3652127683162689
0.07167065143585205 0.3486216366291046
0.02201738953590393 0.35769400000572205
-0.0553097128868103 0.3647756278514862
-0.11957156658172607 0.3839584290981293
-0.11922860145568848 0.3831121027469635
0.06275397539138794 0.3490748107433319
-0.06006956100463867 0.37471896409988403
-0.06446981430053711 0.3767218291759491
-0.12250638008117676 0.3893323838710785
-0.09264910221099854 0.38198742270469666
-0.07054823637008667 0.37723055481910706
0.09438812732696533 0.3387030065059662
-0.07754671573638916 0.3796423375606537
0.031056106090545654 0.35271334648132324
-0.15931421518325806 0.40138888359069824
0.09438812732696533 0.3387030065059662
-0.15934979915618896 0.40215402841567993
-0.05102318525314331 0.36091357469558716
-0.003398299217224121 0.3604055941104889
-0.06006956100463867 0.37471896409988403
-0.0595095157623291 0.3662976026535034
-0.09264910221099854 0.38198742270469666
0.09436354041099548 0.3431837856769562
-0.1172633171081543 0.3820991814136505
0.012029826641082764 0.35810235142707825
0.02457749843597412 0.3560926616191864
0.04225504398345947 0.35069313645362854
0.031056106090545654 0.35271334648132324
0.02201738953590393 0.35769400000572205
0.003535926342010498 0.3603498637676239
0.08915084600448608 0.34541141986846924
0.02772846817970276 0.3534771203994751
-0.11957156658172607 0.3839584290981293
-0.07054823637008667 0.37723055481910706
-0.11974364519119263 0.387057900428772
-0.051067471504211426 0.3628638684749603
-0.051067471504211426 0.3628638684749603
-0.051067471504211426 0.3628638684749603
-0.08691167831420898 0.3813605010509491
-0.14456063508987427 0.40049195289611816
0.0541955828666687 0.3500833213329315
0.08484002947807312 0.346871942281723
0.05563688278198242 0.3491402268409729
0.04826241731643677 0.3505820035934448
-0.06446981430053711 0.3767218291759491
-0.15807867050170898 0.4011746048927307
-0.08136850595474243 0.3810964524745941
0.08336231112480164 0.3477264642715454
0.08336231112480164 0.3477264642715454
-0.07108938694000244 0.37892207503318787
-0.07754671573638916 0.3796423375606537
0.06764763593673706 0.34890052676200867
0.07761657238006592 0.3478223979473114
0.07761657238006592 0.3478223979473114
-0.15262579917907715 0.4008554518222809
0.08831560611724854 0.3460254371166229
-0.052674174308776855 0.36425527930259705
-0.052674174308776855 0.36425527930259705
-0.052674174308776855 0.36425527930259705
0.07167065143585205 0.3486216366291046
-0.11922860145568848 0.3831121027469635
-0.07962727546691895 0.3804178535938263
-0.07210946083068848 0.37958580255508423
-0.060142338275909424 0.375823974609375
-0.12116926908493042 0.3885609805583954
0.07635998725891113 0.3486195206642151
-0.12250638008117676 0.3893323838710785
-0.14128196239471436 0.3985211253166199
-0.12369239330291748 0.39018717408180237
-0.05720561742782593 0.36586499214172363
-0.05591088533401489 0.36515510082244873
-0.06292092800140381 0.37632301449775696
-0.12476366758346558 0.3909367024898529
-0.11978006362915039 0.387724369764328
-0.12650048732757568 0.391427218914032
-0.1273769736289978 0.3921316862106323
0.061775922775268555 0.34911176562309265
-0.14277148246765137 0.3999407887458801
-0.14176225662231445 0.3993963599205017
0.001107335090637207 0.3603544235229492
-0.1401076316833496 0.3976210355758667
-0.13157165050506592 0.3942444622516632
-0.13592487573623657 0.396548867225647
-0.05355024337768555 0.36476507782936096
-0.13530957698822021 0.3957585394382477
-0.1341201663017273 0.3945619463920593
-0.15286767482757568 0.40097472071647644
0.06275397539138794 0.3490748107433319
-0.1303134560585022 0.3937849700450897
0.04530695080757141 0.3506927490234375
0.030734777450561523 0.35333046317100525
-0.13722598552703857 0.3969919979572296
-0.12848353385925293 0.3927794396877289
-0.1344277262687683 0.39522454142570496
-0.12905144691467285 0.3932183086872101
