-0.15070945024490356 0.37366461753845215
-0.154577374458313 0.37465330958366394
-0.14958792924880981 0.37303534150123596
-0.09654116630554199 0.36678990721702576
-0.15070945024490356 0.37366461753845215
-0.22427117824554443 0.39020514488220215
0.0724952220916748 0.3308611512184143
0.11976879835128784 0.32441866397857666
-0.0703582763671875 0.3638494908809662
-0.21814429759979248 0.3885701894760132
-0.09659469127655029 0.3680398762226105
0.1159639060497284 0.32703912258148193
-0.1747729778289795 0.3817281723022461
0.013352513313293457 0.3484293222427368
0.031067222356796265 0.33933576941490173
0.1180901825428009 0.32667359709739685
-0.17042934894561768 0.38116106390953064
-0.20578479766845703 0.38312679529190063
-0.06403481960296631 0.3623006343841553
-0.0644189715385437 0.3628982603549957
-0.21956515312194824 0.39002251625061035
0.08905845880508423 0.32895612716674805
-0.06559485197067261 0.3632757365703583
-0.10162210464477539 0.3693668842315674
-0.09067761898040771 0.36518174409866333
0.025954246520996094 0.3455619513988495
0.11903756856918335 0.326278418302536
-0.061988115310668945 0.36147603392601013
-0.2104099988937378 0.3869553208351135
-0.10140109062194824 0.3683032691478729
-0.06724238395690918 0.3636656105518341
-0.0644189715385437 0.3628982603549957
-0.12623584270477295 0.370762437582016
-0.10394740104675293 0.3696429133415222
-0.16538310050964355 0.37927380204200745
-0.21340328454971313 0.3883318603038788
-0.09267783164978027 0.36641398072242737
0.013259857892990112 0.34975486993789673
-0.06002497673034668 0.3613238036632538
-0.03136724233627319 0.3569087088108063
0.1082802414894104 0.32791268825531006
-0.21271485090255737 0.3879243731498718
-0.21340328454971313 0.3883318603038788
0.07903015613555908 0.33027371764183044
-0.07315629720687866 0.3642822206020355
-0.14958792924880981 0.37303534150123596
0.05789017677307129 0.33264678716659546
-0.20639866590499878 0.38404229283332825
-0.03158295154571533 0.35715505480766296
0.11903756856918335 0.326278418302536
-0.17042934894561768 0.38116106390953064
0.005992233753204346 0.3502447307109833
-0.040035247802734375 0.35866501927375793
-0.1257522702217102 0.370562881231308
-0.20762234926223755 0.38608404994010925
0.0051114559173583984 0.3509256839752197
-0.07617497444152832 0.3644351065158844
-0.2091299295425415 0.3866238296031952
-0.154577374458313 0.37465330958366394
0.09875842928886414 0.3287108838558197
-0.09654116630554199 0.36678990721702576
-0.04255521297454834 0.35919106006622314
0.1159639060497284 0.32703912258148193
-0.10394740104675293 0.3696429133415222
-0.12919461727142334 0.37163013219833374
-0.17026448249816895 0.3804300129413605
-0.16410982608795166 0.37876853346824646
-0.1773751974105835 0.3819733262062073
0.10918557643890381 0.32787856459617615
-0.16780388355255127 0.380153626203537
0.08423510193824768 0.32999879121780396
0.010277658700942993 0.3498234748840332
-0.023193359375 0.355654239654541
-0.00022494792938232422 0.35155001282691956
-0.180067241191864 0.3828493356704712
0.0724952220916748 0.3308611512184143
0.028061598539352417 0.3446806073188782
0.06017547845840454 0.33121004700660706
-0.20716780424118042 0.38410574197769165
0.030960381031036377 0.3440660834312439
-0.07315629720687866 0.3642822206020355
-0.15479660034179688 0.3767774999141693
-0.21212607622146606 0.3873213529586792
