-0.3081294298171997 0.34848424792289734
-0.30796027183532715 0.34582072496414185
-0.30848121643066406 0.3488493859767914
-0.30983513593673706 0.35513320565223694
-0.3081294298171997 0.34848424792289734
-0.3063175082206726 0.3452763855457306
-0.307039737701416 0.345488578081131
-0.3081270456314087 0.3481717109680176
-0.32525157928466797 0.3757288157939911
-0.3259127140045166 0.37933894991874695
-0.15893393754959106 0.33590421080589294
-0.3320837616920471 0.38275229930877686
-0.15501123666763306 0.32741430401802063
-0.3114454746246338 0.3632582724094391
-0.3063175082206726 0.3452763855457306
-0.322876513004303 0.370399534702301
-0.30983513593673706 0.35513320565223694
-0.16006457805633545 0.3360821604728699
-0.31451213359832764 0.36735841631889343
-0.32244330644607544 0.36781075596809387
-0.30829286575317383 0.3485543429851532
-0.19355684518814087 0.3410079777240753
-0.2005908489227295 0.3420925438404083
-0.31255149841308594 0.36552879214286804
-0.30848121643066406 0.3488493859767914
-0.31042981147766113 0.3603489100933075
-0.31134581565856934 0.36293160915374756
-0.307039737701416 0.345488578081131
-0.3114454746246338 0.3632582724094391
-0.3279033899307251 0.37968680262565613
-0.19562840461730957 0.3415364921092987
-0.20871984958648682 0.3423110246658325
-0.30610162019729614 0.34424591064453125
-0.15829455852508545 0.3353996276855469
-0.31184250116348267 0.36419984698295593
-0.19442158937454224 0.3412015438079834
-0.31208062171936035 0.36454224586486816
-0.3286481499671936 0.3806105852127075
-0.32304859161376953 0.3714446723461151
-0.3131605386734009 0.36625373363494873
-0.1909264326095581 0.33987411856651306
-0.31408095359802246 0.3670057952404022
-0.1909264326095581 0.33987411856651306
-0.19260627031326294 0.3406701982021332
-0.3086656332015991 0.3490822911262512
-0.21690011024475098 0.34287378191947937
-0.30922091007232666 0.3499041497707367
-0.16751635074615479 0.33632585406303406
-0.31291407346725464 0.36608704924583435
-0.3227311968803406 0.36996132135391235
-0.3114454746246338 0.3632582724094391
-0.326973557472229 0.37958264350891113
-0.32293105125427246 0.3706493079662323
-0.16128748655319214 0.33619654178619385
-0.15893393754959106 0.33590421080589294
-0.3081270456314087 0.3481717109680176
-0.15717828273773193 0.3353610336780548
-0.30796027183532715 0.34582072496414185
-0.31342554092407227 0.36670488119125366
-0.31154561042785645 0.36373472213745117
-0.3123828172683716 0.36509940028190613
-0.18783032894134521 0.3366478383541107
-0.1847018003463745 0.33649155497550964
-0.3110542893409729 0.3619029223918915
-0.33443641662597656 0.38280415534973145
-0.30799400806427 0.3476221263408661
-0.1786501407623291 0.33648180961608887
-0.3106229305267334 0.36059489846229553
-0.1916254758834839 0.3402847945690155
-0.3114454746246338 0.3632582724094391
-0.32525157928466797 0.3757288157939911
-0.21604490280151367 0.3426702916622162
-0.32258743047714233 0.3694872260093689
-0.3110595941543579 0.3624030351638794
-0.3254503607749939 0.37880605459213257
-0.3227311968803406 0.36996132135391235
-0.33476853370666504 0.3844006359577179
-0.1916254758834839 0.3402847945690155
-0.31217455863952637 0.36483362317085266
-0.31071263551712036 0.36175861954689026
-0.2278444766998291 0.3429480493068695
-0.20968735218048096 0.34265777468681335
-0.19022691249847412 0.3388839066028595
-0.3370004892349243 0.3850245475769043
-0.3098773956298828 0.36017265915870667
-0.3235677480697632 0.371737003326416
-0.3089545965194702 0.3494761288166046
-0.3151325583457947 0.3677954375743866
-0.3254503607749939 0.37880605459213257
