-0.2243902087211609 0.37274906039237976
-0.2235492467880249 0.36969172954559326
-0.2235492467880249 0.36969172954559326
-0.07014119625091553 0.3438555598258972
-0.22490012645721436 0.37292423844337463
-0.25993120670318604 0.39505502581596375
-0.04134774208068848 0.3270188570022583
-0.14683735370635986 0.348980188369751
-0.22280466556549072 0.36900660395622253
-0.11385440826416016 0.34837162494659424
-0.22657901048660278 0.3820653557777405
-0.22623223066329956 0.37415120005607605
-0.04221123456954956 0.33185794949531555
-0.22865456342697144 0.38453325629234314
-0.09395980834960938 0.34764084219932556
-0.10806882381439209 0.3483153283596039
-0.10071426630020142 0.34792789816856384
-0.045542120933532715 0.33373957872390747
-0.2528064250946045 0.3941546082496643
-0.08138424158096313 0.3463625907897949
-0.10307908058166504 0.34815171360969543
-0.0500035285949707 0.3378926217556
-0.08521485328674316 0.3466172516345978
-0.07871097326278687 0.3457944095134735
-0.07630228996276855 0.3453000783920288
-0.07630228996276855 0.3453000783920288
-0.045826077461242676 0.33593520522117615
-0.0914069414138794 0.3471417725086212
-0.0914069414138794 0.3471417725086212
-0.24418377876281738 0.39293766021728516
-0.24418377876281738 0.39293766021728516
-0.24965381622314453 0.39354923367500305
-0.24965381622314453 0.39354923367500305
-0.25658291578292847 0.3946223556995392
-0.05890077352523804 0.34145689010620117
-0.06172013282775879 0.3417387902736664
-0.08833920955657959 0.34684327244758606
-0.22981691360473633 0.38533538579940796
-0.22358012199401855 0.3710564076900482
-0.06371349096298218 0.3424120843410492
-0.2243902087211609 0.37274906039237976
-0.05705302953720093 0.3407277464866638
-0.05705302953720093 0.3407277464866638
-0.247022807598114 0.3934386968612671
-0.247022807598114 0.3934386968612671
-0.247022807598114 0.3934386968612671
-0.247022807598114 0.3934386968612671
-0.22309112548828125 0.36968928575515747
-0.05361407995223999 0.3396128714084625
-0.2383527159690857 0.390279620885849
-0.07373899221420288 0.34470370411872864
-0.055672407150268555 0.3401365578174591
-0.23561310768127441 0.38982805609703064
-0.23561310768127441 0.38982805609703064
-0.048100948333740234 0.33740636706352234
-0.2256261110305786 0.3736377954483032
-0.22389060258865356 0.37182605266571045
-0.23416876792907715 0.38862481713294983
-0.23383057117462158 0.3875978887081146
-0.06829112768173218 0.343801349401474
-0.06829112768173218 0.343801349401474
-0.04412358999252319 0.3325138986110687
-0.23024320602416992 0.38643679022789
-0.04716777801513672 0.3366135060787201
-0.07100343704223633 0.3442230522632599
-0.23887205123901367 0.39101848006248474
-0.23887205123901367 0.39101848006248474
-0.05176299810409546 0.33892443776130676
-0.04480689764022827 0.332926481962204
-0.04480689764022827 0.332926481962204
-0.04480689764022827 0.332926481962204
-0.2349967360496521 0.3891570568084717
-0.23170316219329834 0.38747438788414
-0.06535816192626953 0.34297531843185425
-0.2425926923751831 0.39227667450904846
-0.23146426677703857 0.38668230175971985
-0.2588346004486084 0.3947824537754059
-0.23991239070892334 0.39155879616737366
-0.07182234525680542 0.3444906175136566
-0.05186760425567627 0.3390675485134125
-0.06756353378295898 0.3434135615825653
-0.2416532039642334 0.39162617921829224
-0.06625813245773315 0.34326016902923584
-0.04666101932525635 0.33601245284080505
-0.2424602508544922 0.3918994069099426
