-0.3174164295196533 0.3727152943611145
-0.31884539127349854 0.373360276222229
-0.03523111343383789 0.3448680639266968
-0.3053480386734009 0.3678341209888458
-0.2854542136192322 0.35448023676872253
-0.30806148052215576 0.3697173297405243
-0.3244117498397827 0.3749539256095886
-0.29752403497695923 0.36133185029029846
-0.2846444845199585 0.35416722297668457
-0.31106293201446533 0.3710319697856903
-0.28377866744995117 0.35347554087638855
-0.31451690196990967 0.37227877974510193
-0.2846444845199585 0.35416722297668457
-0.19465136528015137 0.350593239068985
-0.18954282999038696 0.35019394755363464
-0.3351322412490845 0.37916961312294006
-0.30389344692230225 0.3675679862499237
-0.3179900646209717 0.3731876313686371
-0.027541816234588623 0.34432563185691833
-0.06322371959686279 0.3466316759586334
-0.28899163007736206 0.35461392998695374
-0.01068127155303955 0.34225839376449585
0.00011113286018371582 0.3351745307445526
-0.001061081886291504 0.3405124843120575
-0.10064637660980225 0.3479965627193451
-0.0006364583969116211 0.3387150466442108
-0.3336130976676941 0.37653443217277527
-0.3340620994567871 0.37751418352127075
-0.0045552849769592285 0.3405517041683197
-0.021916627883911133 0.34375637769699097
-0.0001087188720703125 0.3376055657863617
-0.29752403497695923 0.36133185029029846
-0.013524353504180908 0.3427111506462097
-0.2897087335586548 0.35515567660331726
-0.027541816234588623 0.34432563185691833
-0.31024324893951416 0.37032538652420044
-0.004866480827331543 0.34145310521125793
-0.30839961767196655 0.36978471279144287
-0.0006364583969116211 0.3387150466442108
-0.3010292649269104 0.36625418066978455
-0.29985690116882324 0.3650376796722412
-0.2196594476699829 0.3508196175098419
-0.31106293201446533 0.3710319697856903
-0.0002815127372741699 0.33816730976104736
-0.32756006717681885 0.37574076652526855
-0.1706169843673706 0.34948164224624634
-0.01942920684814453 0.3434707224369049
-0.2939610481262207 0.36089175939559937
-0.3030286431312561 0.3669835031032562
-0.008371472358703613 0.3417675197124481
-0.01068127155303955 0.34225839376449585
-0.30839961767196655 0.36978471279144287
-0.03887653350830078 0.3452666401863098
-0.29985690116882324 0.3650376796722412
-0.07470440864562988 0.34729620814323425
-0.013524353504180908 0.3427111506462097
-0.03662306070327759 0.3450586497783661
-0.334983229637146 0.37815821170806885
-0.3172606825828552 0.37263792753219604
-0.31024324893951416 0.37032538652420044
-0.3070037364959717 0.36915096640586853
-0.2245023250579834 0.3511711061000824
-0.047695696353912354 0.34592536091804504
-0.0690736174583435 0.3470529615879059
-0.19465136528015137 0.350593239068985
-0.03447771072387695 0.34465470910072327
-0.02453237771987915 0.3440219759941101
-0.013524353504180908 0.3427111506462097
-0.2988901138305664 0.36426734924316406
-0.03662306070327759 0.3450586497783661
-0.027541816234588623 0.34432563185691833
-0.2470027208328247 0.35211876034736633
-0.16314643621444702 0.34926146268844604
-0.2599465250968933 0.353336900472641
-0.28377866744995117 0.35347554087638855
-0.2571273446083069 0.3529193699359894
-0.05602681636810303 0.346353679895401
-0.13571953773498535 0.349136084318161
-0.3061736226081848 0.3687039315700531
-0.29794925451278687 0.3636229932308197
-0.3054279088973999 0.36823317408561707
-0.05349123477935791 0.34617993235588074
-0.029324233531951904 0.3446126878261566
-0.32226455211639404 0.37417662143707275
-0.31297528743743896 0.37175077199935913
-0.04333233833312988 0.3456066846847534
-0.016269803047180176 0.34308114647865295
-0.3205249309539795 0.37366029620170593
-0.3054279088973999 0.36823317408561707
-0.3263533115386963 0.37508663535118103
