-0.17909574508666992 0.3786945939064026
-0.12090003490447998 0.35863688588142395
-0.18140822649002075 0.3802361488342285
-0.12090003490447998 0.35863688588142395
-0.17943310737609863 0.3790977895259857
-0.21555006504058838 0.3885017931461334
-0.1346226930618286 0.36822718381881714
-0.1794438362121582 0.37926846742630005
-0.12424182891845703 0.3636678457260132
-0.12547516822814941 0.36509719491004944
-0.18873202800750732 0.38391390442848206
-0.21555006504058838 0.3885017931461334
-0.12644624710083008 0.3658711612224579
-0.12090003490447998 0.35863688588142395
-0.2535635232925415 0.39271923899650574
-0.11577045917510986 0.34289857745170593
-0.12090003490447998 0.35863688588142395
-0.2506498098373413 0.3916637897491455
-0.12162792682647705 0.36126095056533813
-0.21505755186080933 0.38812822103500366
-0.12223935127258301 0.36340177059173584
-0.18095433712005615 0.3802328407764435
-0.18276333808898926 0.3813418745994568
-0.1794438362121582 0.37926846742630005
-0.13179922103881836 0.36772647500038147
-0.13179922103881836 0.36772647500038147
-0.13179922103881836 0.36772647500038147
-0.1346226930618286 0.36822718381881714
-0.1346226930618286 0.36822718381881714
-0.12830406427383423 0.36629289388656616
-0.12830406427383423 0.36629289388656616
-0.12830406427383423 0.36629289388656616
-0.1356217861175537 0.3692137897014618
-0.20559161901474 0.38742709159851074
-0.14438766241073608 0.37170323729515076
-0.1794438362121582 0.37926846742630005
-0.14857125282287598 0.3727104365825653
-0.15887045860290527 0.37525928020477295
-0.16267603635787964 0.3761616051197052
-0.15525329113006592 0.3747219741344452
-0.12443768978118896 0.36487942934036255
-0.1733601689338684 0.378516286611557
-0.21687406301498413 0.3892354667186737
-0.14181602001190186 0.3710402846336365
-0.14639991521835327 0.37230777740478516
-0.16093051433563232 0.37576958537101746
-0.2506498098373413 0.3916637897491455
-0.15085864067077637 0.37305834889411926
-0.12162792682647705 0.36126095056533813
-0.18017089366912842 0.3798016309738159
-0.1382758617401123 0.3699744641780853
-0.14438766241073608 0.37170323729515076
-0.13198232650756836 0.3678710162639618
-0.181582510471344 0.38065287470817566
-0.1397266387939453 0.3705134689807892
-0.12223935127258301 0.36340177059173584
-0.18276333808898926 0.3813418745994568
-0.12090003490447998 0.35863688588142395
-0.21505755186080933 0.38812822103500366
-0.1220514178276062 0.3620662987232208
-0.12706279754638672 0.36621084809303284
-0.13481664657592773 0.3687949776649475
-0.11578613519668579 0.3432103097438812
-0.18017089366912842 0.3798016309738159
-0.167588472366333 0.37756624817848206
-0.11577045917510986 0.34289857745170593
-0.13665854930877686 0.36935025453567505
-0.12554144859313965 0.36522480845451355
-0.16608154773712158 0.37727105617523193
-0.15085864067077637 0.37305834889411926
-0.2535635232925415 0.39271923899650574
-0.13481664657592773 0.3687949776649475
-0.15443265438079834 0.3736470341682434
-0.015679240226745605 0.33147814869880676
-0.12992632389068604 0.36719512939453125
-0.19151830673217773 0.3853641748428345
-0.25690239667892456 0.39508792757987976
-0.015679240226745605 0.33147814869880676
-0.11577045917510986 0.34289857745170593
-0.11640650033950806 0.357810914516449
-0.2430627942085266 0.3912610113620758
-0.2169368863105774 0.3894558250904083
-0.10718750953674316 0.3426712155342102
-0.09192979335784912 0.3423311114311218
-0.03542792797088623 0.3359631597995758
-0.05014467239379883 0.33666422963142395
-0.04656541347503662 0.3363003432750702
-0.21505755186080933 0.38812822103500366
-0.1733601689338684 0.378516286611557
-0.059926390647888184 0.33749720454216003
-0.205816388130188 0.3880460858345032
-0.020321011543273926 0.3326905071735382
-0.020321011543273926 0.3326905071735382
-0.2506498098373413 0.3916637897491455
-0.1794438362121582 0.37926846742630005
-0.16087210178375244 0.3757065236568451
-0.02492755651473999 0.33433088660240173
-0.1369335651397705 0.36964771151542664
-0.1369335651397705 0.36964771151542664
-0.0737033486366272 0.3404251039028168
-0.16875720024108887 0.37789207696914673
-0.1635274887084961 0.37695935368537903
-0.25386202335357666 0.39323222637176514
-0.12077456712722778 0.3582800030708313
-0.03303951025009155 0.33497145771980286
-0.062355220317840576 0.3389565050601959
-0.19455665349960327 0.3869550824165344
-0.19455665349960327 0.3869550824165344
-0.06740695238113403 0.33998075127601624
-0.021842777729034424 0.3333679735660553
-0.12120044231414795 0.3595549762248993
-0.14004051685333252 0.37052837014198303
-0.19195568561553955 0.38630393147468567
-0.13481664657592773 0.3687949776649475
-0.02841705083847046 0.3348146975040436
-0.14639991521835327 0.37230777740478516
-0.14986395835876465 0.3728545010089874
-0.12142717838287354 0.36093670129776
-0.1220514178276062 0.3620662987232208
-0.2562054991722107 0.39426061511039734
-0.1994088888168335 0.3873121440410614
-0.18676292896270752 0.3836407959461212
-0.18882262706756592 0.38469550013542175
-0.1325685977935791 0.36799928545951843
-0.15850615501403809 0.3750327527523041
-0.19062155485153198 0.3851816952228546
-0.07929712533950806 0.3416978120803833
-0.20281261205673218 0.3874063491821289
-0.2510416507720947 0.3926088809967041
-0.2510416507720947 0.3926088809967041
-0.12706279754638672 0.36621084809303284
-0.06583672761917114 0.3395513594150543
-0.15285444259643555 0.3733489215373993
-0.14390718936920166 0.371660977602005
-0.14390718936920166 0.371660977602005
-0.1662701964378357 0.3773271441459656
-0.12223935127258301 0.36340177059173584
-0.08450531959533691 0.3420827090740204
-0.08549857139587402 0.34229397773742676
-0.142059326171875 0.37111684679985046
-0.142059326171875 0.37111684679985046
-0.18040502071380615 0.38010552525520325
-0.18212425708770752 0.3807026743888855
-0.15525329113006592 0.3747219741344452
-0.06123316287994385 0.33776912093162537
-0.18490231037139893 0.38312381505966187
-0.12895512580871582 0.36695584654808044
-0.07647085189819336 0.3407002389431
-0.18323904275894165 0.3814981281757355
-0.18323904275894165 0.3814981281757355
-0.18419373035430908 0.3822272717952728
-0.12568753957748413 0.3654368221759796
-0.15523910522460938 0.37377309799194336
-0.13036799430847168 0.36741623282432556
-0.07892602682113647 0.3411236107349396
-0.12443768978118896 0.36487942934036255
