-0.13393330574035645 0.37980732321739197
-0.13393330574035645 0.37980732321739197
-0.13255608081817627 0.3762957751750946
-0.13339483737945557 0.3784164786338806
-0.13421624898910522 0.3802575170993805
-0.13255608081817627 0.3762957751750946
-0.13339483737945557 0.3784164786338806
-0.13253772258758545 0.3762591779232025
-0.1350780725479126 0.38096752762794495
-0.13513994216918945 0.38103359937667847
-0.13513994216918945 0.38103359937667847
-0.13339483737945557 0.3784164786338806
-0.13421624898910522 0.3802575170993805
-0.13339483737945557 0.3784164786338806
-0.1251702904701233 0.37581631541252136
-0.1350780725479126 0.38096752762794495
-0.08770978450775146 0.36605626344680786
-0.08075559139251709 0.3620953857898712
-0.08183920383453369 0.36266380548477173
-0.1504751443862915 0.3905757963657379
-0.13769817352294922 0.3832426369190216
-0.13647878170013428 0.38259875774383545
-0.076107919216156 0.35769373178482056
-0.14299631118774414 0.38592079281806946
-0.12951058149337769 0.37610670924186707
-0.08000612258911133 0.3608536124229431
-0.11869299411773682 0.3743916451931
-0.11995458602905273 0.3750605285167694
-0.025142669677734375 0.3216552436351776
-0.08000612258911133 0.3608536124229431
-0.00992286205291748 0.30893975496292114
-0.057096242904663086 0.34039661288261414
-0.0899207592010498 0.3674463927745819
-0.13647878170013428 0.38259875774383545
-0.060753583908081055 0.3413972556591034
-0.08474278450012207 0.36458858847618103
-0.09270554780960083 0.3689846098423004
-0.060222327709198 0.34118908643722534
-0.13956016302108765 0.38469672203063965
-0.153603196144104 0.39139026403427124
-0.14971530437469482 0.39020565152168274
-0.10191631317138672 0.37083980441093445
-0.08618998527526855 0.3654741048812866
-0.04946523904800415 0.33878979086875916
-0.11297369003295898 0.37204983830451965
-0.13956016302108765 0.38469672203063965
-0.08618998527526855 0.3654741048812866
-0.13253772258758545 0.3762591779232025
-0.13263380527496338 0.3780428469181061
-0.13647878170013428 0.38259875774383545
-0.13769817352294922 0.3832426369190216
-0.08618998527526855 0.3654741048812866
-0.09270554780960083 0.3689846098423004
-0.07812321186065674 0.359647274017334
-0.14832603931427002 0.3891628384590149
-0.08474278450012207 0.36458858847618103
-0.03773277997970581 0.3375793397426605
-0.09270554780960083 0.3689846098423004
-0.09568452835083008 0.37020429968833923
-0.08673584461212158 0.3657270669937134
-0.03201484680175781 0.336189866065979
-0.09449160099029541 0.36956629157066345
-0.0887908935546875 0.36695924401283264
-0.14347600936889648 0.38647836446762085
-0.08996701240539551 0.3674823045730591
-0.1345580816268921 0.3805425465106964
-0.027939796447753906 0.3262007236480713
-0.17380112409591675 0.39264795184135437
-0.03799790143966675 0.3379666805267334
-0.05863392353057861 0.3409962058067322
-0.12106764316558838 0.37531909346580505
-0.07926535606384277 0.3604339063167572
-0.12751591205596924 0.37604084610939026
-0.08151030540466309 0.3621269464492798
-0.01458728313446045 0.31977108120918274
-0.17380112409591675 0.39264795184135437
-0.0182114839553833 0.3207595944404602
-0.09270554780960083 0.3689846098423004
-0.1345580816268921 0.3805425465106964
-0.12410628795623779 0.3757949769496918
-0.05025285482406616 0.3388198912143707
-0.13263380527496338 0.3780428469181061
-0.0182114839553833 0.3207595944404602
-0.0887908935546875 0.36695924401283264
-0.13359147310256958 0.3793433606624603
-0.13554644584655762 0.3816308379173279
-0.13841897249221802 0.3840849995613098
-0.1345580816268921 0.3805425465106964
-0.13359147310256958 0.3793433606624603
-0.02540045976638794 0.3217843770980835
-0.021616220474243164 0.3212214410305023
-0.16901415586471558 0.3914842903614044
-0.09902918338775635 0.37081384658813477
-0.13554644584655762 0.3816308379173279
-0.01145017147064209 0.3182894289493561
-0.057096242904663086 0.34039661288261414
-0.13554644584655762 0.3816308379173279
-0.13253772258758545 0.3762591779232025
-0.01145017147064209 0.3182894289493561
-0.14613306522369385 0.3872760534286499
-0.08001816272735596 0.36146214604377747
-0.030332326889038086 0.3360852301120758
-0.10207653045654297 0.37166306376457214
-0.1345580816268921 0.3805425465106964
-0.12951058149337769 0.37610670924186707
-0.08001816272735596 0.36146214604377747
-0.076107919216156 0.35769373178482056
-0.12751591205596924 0.37604084610939026
-0.060753583908081055 0.3413972556591034
-0.09136348962783813 0.3682960867881775
-0.13956016302108765 0.38469672203063965
-0.08001816272735596 0.36146214604377747
-0.017116069793701172 0.32023462653160095
-0.03493314981460571 0.33645209670066833
-0.11869299411773682 0.3743916451931
-0.05284416675567627 0.33891671895980835
-0.04100281000137329 0.3387849032878876
-0.11452233791351318 0.3726828098297119
-0.11640727519989014 0.3736187219619751
-0.17063331604003906 0.39195847511291504
-0.027637064456939697 0.32261499762535095
-0.1519021987915039 0.39090201258659363
-0.14134365320205688 0.3855777680873871
-0.08401566743850708 0.36395615339279175
-0.11277353763580322 0.3718340992927551
-0.153603196144104 0.39139026403427124
-0.14745235443115234 0.3882436454296112
-0.00992286205291748 0.30893975496292114
-0.08226120471954346 0.363116592168808
-0.13554644584655762 0.3816308379173279
-0.08001816272735596 0.36146214604377747
-0.1345580816268921 0.3805425465106964
