-0.3399442434310913 0.40292248129844666
-0.18501943349838257 0.3947494924068451
-0.18277782201766968 0.39454182982444763
-0.18501943349838257 0.3947494924068451
-0.014910876750946045 0.37207281589508057
-0.36397016048431396 0.4092521667480469
-0.022599637508392334 0.3779701590538025
-0.20957869291305542 0.3990343511104584
-0.2585636377334595 0.3996700644493103
-0.3209724426269531 0.40279459953308105
-0.029248356819152832 0.3808102309703827
-0.34455156326293945 0.40812769532203674
-0.1427539587020874 0.39360278844833374
-0.1427539587020874 0.39360278844833374
-0.1427539587020874 0.39360278844833374
-0.028652429580688477 0.3789403438568115
-0.07226341962814331 0.3860848844051361
-0.2949787378311157 0.402775377035141
-0.15676695108413696 0.393978089094162
-0.15676695108413696 0.393978089094162
-0.26349496841430664 0.4002130627632141
-0.28358733654022217 0.40028879046440125
-0.34174585342407227 0.4063645303249359
-0.07698702812194824 0.3873845040798187
-0.03541630506515503 0.3822665214538574
-0.3399442434310913 0.40292248129844666
-0.0989980697631836 0.3904603123664856
-0.35845786333084106 0.40862494707107544
-0.10584193468093872 0.3912773132324219
-0.10584193468093872 0.3912773132324219
-0.12962126731872559 0.3932991623878479
-0.06363320350646973 0.3853066563606262
-0.1769479513168335 0.3940902352333069
-0.1769479513168335 0.3940902352333069
-0.16543936729431152 0.39406728744506836
-0.12470102310180664 0.3924250900745392
-0.29223865270614624 0.4011991024017334
-0.11160749197006226 0.39223650097846985
-0.2848641872406006 0.40073680877685547
-0.07944631576538086 0.3880790174007416
-0.0554010272026062 0.3844371438026428
-0.062207579612731934 0.3847903907299042
-0.09531843662261963 0.3898191750049591
-0.10929250717163086 0.3918701708316803
-0.29306459426879883 0.40206170082092285
-0.18277782201766968 0.39454182982444763
-0.08305448293685913 0.38853663206100464
-0.3405267000198364 0.40411120653152466
-0.1277867555618286 0.3927477300167084
-0.050429344177246094 0.38426631689071655
-0.04899907112121582 0.3837216794490814
-0.09283721446990967 0.3894193768501282
-0.088550865650177 0.3892025053501129
-0.04529350996017456 0.38344916701316833
-0.1858919858932495 0.395376056432724
-0.03603583574295044 0.38284018635749817
-0.08432048559188843 0.38900694251060486
-0.3401334285736084 0.4034155011177063
-0.19979310035705566 0.39793533086776733
-0.20218682289123535 0.39824768900871277
-0.34106260538101196 0.40572434663772583
-0.3602108359336853 0.4089963436126709
-0.18501943349838257 0.3947494924068451
-0.18501943349838257 0.3947494924068451
-0.34075307846069336 0.40479573607444763
-0.26079660654067993 0.3998727798461914
-0.19430327415466309 0.39710375666618347
-0.03884482383728027 0.3831699788570404
-0.040050625801086426 0.38338351249694824
-0.3409355878829956 0.40522727370262146
-0.18813765048980713 0.39570146799087524
-0.2945557236671448 0.4025062620639801
-0.20705580711364746 0.3986126482486725
-0.19136536121368408 0.3965885043144226
-0.19136536121368408 0.3965885043144226
-0.19136536121368408 0.3965885043144226
-0.19136536121368408 0.3965885043144226
-0.20573657751083374 0.39852771162986755
-0.19016176462173462 0.3962709903717041
-0.19300925731658936 0.39686864614486694
-0.19300925731658936 0.39686864614486694
-0.18925076723098755 0.39594322443008423
-0.19714736938476562 0.39755335450172424
-0.19714736938476562 0.39755335450172424
