-0.3715142011642456 0.4005778729915619
-0.15919864177703857 0.3391992747783661
-0.36334824562072754 0.3873898983001709
-0.3743112087249756 0.40385475754737854
-0.30957794189453125 0.3630269169807434
-0.363167405128479 0.3873593807220459
-0.15919864177703857 0.3391992747783661
-0.26948094367980957 0.34924331307411194
-0.36708295345306396 0.3954305946826935
-0.3662525415420532 0.3924127519130707
-0.3743112087249756 0.40385475754737854
-0.36890459060668945 0.3984230160713196
-0.3715142011642456 0.4005778729915619
-0.3588293790817261 0.3807009160518646
-0.3592984080314636 0.3818953335285187
-0.35829079151153564 0.3785708248615265
-0.36814451217651367 0.396249920129776
-0.37220025062561035 0.40225353837013245
-0.36468493938446045 0.3909600079059601
-0.36053478717803955 0.3843613564968109
-0.15057551860809326 0.3082336485385895
-0.17087578773498535 0.34151649475097656
-0.17778635025024414 0.34294646978378296
-0.27744317054748535 0.3510688543319702
-0.3191533088684082 0.36718347668647766
-0.36355888843536377 0.3884133994579315
-0.2844843864440918 0.3541404902935028
-0.363167405128479 0.3873593807220459
-0.1810903549194336 0.34345680475234985
-0.3148655891418457 0.36598122119903564
-0.3655889630317688 0.3915867805480957
-0.3697713017463684 0.3998371660709381
-0.15408003330230713 0.33792421221733093
-0.14159244298934937 0.30762922763824463
-0.35015976428985596 0.3752675950527191
-0.359325647354126 0.38201460242271423
-0.3585609197616577 0.3800634741783142
-0.3723466396331787 0.4026446044445038
-0.16134697198867798 0.3395726680755615
-0.3148655891418457 0.36598122119903564
-0.2904731035232544 0.36262020468711853
-0.3611009120941162 0.38535767793655396
-0.16264349222183228 0.3399650752544403
-0.36890459060668945 0.3984230160713196
-0.29287493228912354 0.36280590295791626
-0.27744317054748535 0.3510688543319702
-0.3715142011642456 0.4005778729915619
-0.36708295345306396 0.3954305946826935
-0.37179136276245117 0.4015856683254242
-0.15919864177703857 0.3391992747783661
-0.36691761016845703 0.39378196001052856
-0.2890523076057434 0.3609473705291748
-0.27744317054748535 0.3510688543319702
-0.3118472099304199 0.36549603939056396
-0.3294268846511841 0.36900004744529724
-0.14913439750671387 0.3077913224697113
-0.17288410663604736 0.34179818630218506
-0.1682431697845459 0.34137243032455444
-0.360467791557312 0.3842359185218811
-0.3268570899963379 0.36764955520629883
-0.16264349222183228 0.3399650752544403
-0.3599836230278015 0.38318026065826416
-0.17574739456176758 0.342879980802536
-0.36468493938446045 0.3909600079059601
-0.22662919759750366 0.34657835960388184
-0.16134697198867798 0.3395726680755615
-0.37546998262405396 0.4043343663215637
-0.37310171127319336 0.4034155309200287
-0.35340261459350586 0.37647438049316406
-0.19884002208709717 0.34543928503990173
-0.1634054183959961 0.3410618007183075
-0.13789117336273193 0.30716606974601746
-0.1851036548614502 0.3439224064350128
-0.3521727919578552 0.37613630294799805
-0.14159244298934937 0.30762922763824463
-0.2698777914047241 0.35014399886131287
-0.16635984182357788 0.3411218523979187
-0.36890459060668945 0.3984230160713196
-0.37179136276245117 0.4015856683254242
-0.35647934675216675 0.3782612681388855
-0.2760120630264282 0.3502947986125946
-0.36708295345306396 0.3954305946826935
-0.3662525415420532 0.3924127519130707
-0.2441960573196411 0.3488684594631195
-0.26861393451690674 0.34910792112350464
-0.22276681661605835 0.3460315763950348
-0.36388760805130005 0.3895803987979889
-0.3164694309234619 0.36650413274765015
-0.27744317054748535 0.3510688543319702
-0.35829079151153564 0.3785708248615265
-0.36818933486938477 0.3971273601055145
-0.3589904308319092 0.3811904489994049
-0.2848852872848511 0.3587499260902405
-0.16134697198867798 0.3395726680755615
-0.28853535652160645 0.35880765318870544
-0.3210177421569824 0.3673601448535919
-0.30996668338775635 0.3648469150066376
-0.17485332489013672 0.3421406149864197
-0.36310791969299316 0.3859728276729584
