0.14793139696121216 0.37791237235069275
0.15320062637329102 0.37669143080711365
0.15320062637329102 0.37669143080711365
-0.04717874526977539 0.4159621298313141
0.11350911855697632 0.39479556679725647
0.1324114203453064 0.38024505972862244
0.0376431941986084 0.4119632840156555
-0.009935081005096436 0.4150218963623047
-0.0424385666847229 0.41513368487358093
0.004899471998214722 0.4121242165565491
0.06515282392501831 0.40910935401916504
0.14793139696121216 0.37791237235069275
0.13641250133514404 0.3796006739139557
0.04992467164993286 0.4094417095184326
0.0734458863735199 0.4083397090435028
0.11170029640197754 0.3959939479827881
0.15075328946113586 0.37763360142707825
0.09074968099594116 0.4023866355419159
0.0903249979019165 0.4036766588687897
0.0020596683025360107 0.4126124382019043
0.11084109544754028 0.3968522250652313
-0.00298994779586792 0.41352638602256775
0.040183454751968384 0.4117185175418854
0.040183454751968384 0.4117185175418854
-0.004778027534484863 0.4141508638858795
-0.0023728609085083008 0.41276198625564575
0.10979321599006653 0.39733433723449707
0.04189842939376831 0.4113597869873047
0.04783019423484802 0.40955400466918945
0.0851902961730957 0.40557533502578735
0.13371112942695618 0.3799707889556885
0.0930885374546051 0.40215182304382324
-0.046795010566711426 0.41572481393814087
0.004496514797210693 0.4122389256954193
-0.044042110443115234 0.4155263900756836
0.108599454164505 0.39766520261764526
0.0468328595161438 0.41001319885253906
0.1071617603302002 0.3986920118331909
-0.008325457572937012 0.41475605964660645
0.08751165866851807 0.40455910563468933
0.08865633606910706 0.40390118956565857
0.0864855945110321 0.40495195984840393
0.10162311792373657 0.40035390853881836
0.07668983936309814 0.4076385498046875
0.10426777601242065 0.3994707465171814
0.07829546928405762 0.40753990411758423
0.07545644044876099 0.4079504609107971
0.1062895655632019 0.3990783393383026
0.13590753078460693 0.37979844212532043
0.08408716320991516 0.40604519844055176
-0.0024775266647338867 0.41303911805152893
0.10272049903869629 0.40005064010620117
0.10355126857757568 0.39984768629074097
0.10355126857757568 0.39984768629074097
0.08792179822921753 0.40421539545059204
0.08556950092315674 0.40518471598625183
0.10066622495651245 0.4006226062774658
-0.005825161933898926 0.4143916666507721
-0.006827712059020996 0.41460996866226196
0.04332238435745239 0.41110140085220337
0.10778927803039551 0.39833351969718933
0.1083829402923584 0.3981008231639862
0.08209264278411865 0.40640518069267273
0.09823238849639893 0.4013485610485077
0.0459500253200531 0.41022536158561707
0.09573313593864441 0.4019138813018799
0.09904056787490845 0.4010699391365051
0.10532096028327942 0.3992418348789215
0.07459089159965515 0.4081486761569977
0.10008478164672852 0.4009213149547577
0.0451849102973938 0.4105021059513092
0.09412351250648499 0.4019637703895569
0.08381396532058716 0.4062042832374573
0.07893148064613342 0.40715011954307556
-0.04391390085220337 0.41524538397789
0.09658795595169067 0.40164992213249207
0.0799369215965271 0.4071166217327118
0.04496359825134277 0.4107951819896698
0.04349315166473389 0.4108195900917053
0.09760582447052002 0.4016016125679016
0.08090758323669434 0.40686312317848206
0.0817720890045166 0.4066248834133148
