-0.2833278179168701 0.37259042263031006
-0.28337252140045166 0.3735591471195221
-0.28365516662597656 0.37528347969055176
-0.052887558937072754 0.36194273829460144
-0.3248502016067505 0.38728582859039307
-0.02044212818145752 0.3557995855808258
-0.30336666107177734 0.3850409686565399
-0.1255507469177246 0.37014076113700867
-0.2919210195541382 0.38285455107688904
-0.30874985456466675 0.3851570785045624
-0.10901129245758057 0.36776024103164673
-0.2872084975242615 0.3793077766895294
-0.036836206912994385 0.36149320006370544
-0.02187812328338623 0.3561267554759979
-0.29775142669677734 0.3838678300380707
-0.2979351282119751 0.38403549790382385
-0.2872084975242615 0.3793077766895294
-0.037766098976135254 0.36162659525871277
-0.05604732036590576 0.3644377589225769
-0.2954975366592407 0.3833654522895813
-0.05376386642456055 0.3633711040019989
-0.28760242462158203 0.37966859340667725
-0.0798991322517395 0.3650749921798706
-0.05511748790740967 0.36374354362487793
-0.2833278179168701 0.37259042263031006
-0.28848034143447876 0.381941556930542
-0.032297372817993164 0.3602902591228485
-0.0827559232711792 0.3670371174812317
-0.28382474184036255 0.3782699704170227
-0.28337252140045166 0.3735591471195221
-0.08052241802215576 0.36656972765922546
-0.03406405448913574 0.36140644550323486
-0.05333423614501953 0.36213332414627075
-0.28481221199035645 0.3787344694137573
-0.016440272331237793 0.3548409640789032
-0.08566296100616455 0.3673551082611084
-0.12032163143157959 0.36979326605796814
-0.10980838537216187 0.3684528172016144
-0.022507131099700928 0.357860803604126
-0.06690263748168945 0.3647400736808777
-0.023464202880859375 0.3583233654499054
-0.053728699684143066 0.3622802793979645
-0.01722872257232666 0.3557858169078827
-0.05333423614501953 0.36213332414627075
-0.3459351062774658 0.38772737979888916
-0.0624614953994751 0.36444005370140076
-0.02364933490753174 0.3587729036808014
-0.2872084975242615 0.3793077766895294
-0.05350637435913086 0.3622189462184906
-0.02174055576324463 0.356002539396286
-0.0642627477645874 0.36468732357025146
-0.28365516662597656 0.37528347969055176
-0.052793145179748535 0.36180728673934937
-0.28801465034484863 0.3817492127418518
-0.2872084975242615 0.3793077766895294
-0.07871741056442261 0.36476704478263855
-0.29352033138275146 0.3830101788043976
-0.28770899772644043 0.3810521364212036
-0.2875741720199585 0.3795764446258545
-0.2872084975242615 0.3793077766895294
-0.055359482765197754 0.3642835319042206
-0.03517162799835205 0.3614489436149597
-0.2998781204223633 0.3847338855266571
-0.3186757564544678 0.38590726256370544
-0.055158138275146484 0.364032119512558
-0.05511748790740967 0.36374354362487793
-0.29177606105804443 0.3822072446346283
-0.027592182159423828 0.35909244418144226
-0.32286977767944336 0.3871096074581146
