-0.27515220642089844 0.3786803185939789
-0.27515220642089844 0.3786803185939789
-0.27268433570861816 0.37691283226013184
-0.274885356426239 0.37847790122032166
-0.27297091484069824 0.37692949175834656
-0.2740086317062378 0.37788698077201843
-0.27515220642089844 0.3786803185939789
-0.27586400508880615 0.37921658158302307
-0.2738603353500366 0.3778139650821686
-0.27248311042785645 0.3766663372516632
-0.27248311042785645 0.3766663372516632
-0.27194881439208984 0.3762666881084442
-0.2742425203323364 0.37807831168174744
-0.2745019793510437 0.3781943917274475
-0.274885356426239 0.37847790122032166
-0.03231608867645264 0.3531380891799927
-0.2740824818611145 0.3779299259185791
-0.2764524221420288 0.3797059953212738
-0.2756851315498352 0.3791365325450897
-0.009224891662597656 0.35066279768943787
-0.11905938386917114 0.3709554672241211
-0.027933597564697266 0.3526543378829956
-0.024406909942626953 0.3524358570575714
-0.27521395683288574 0.3788502812385559
-0.08696401119232178 0.3663434088230133
-0.2875932455062866 0.3817565143108368
-0.0022596120834350586 0.34920206665992737
-0.2808510661125183 0.38094934821128845
-0.2754644751548767 0.37902355194091797
-0.2866367697715759 0.381462037563324
-0.08913218975067139 0.3667069673538208
-0.28843533992767334 0.3818454444408417
-0.11542999744415283 0.3707996904850006
-0.011624038219451904 0.3509327173233032
-0.1201598048210144 0.3714136779308319
-0.12686514854431152 0.37177830934524536
-0.27194881439208984 0.3762666881084442
0.003873378038406372 0.34620246291160583
-0.2781655788421631 0.3800252377986908
-0.014459967613220215 0.3512623906135559
-0.015679359436035156 0.3513518273830414
-0.08474946022033691 0.36583295464515686
-0.27248311042785645 0.3766663372516632
-0.12494629621505737 0.371583491563797
-0.11264222860336304 0.37056973576545715
-0.009224891662597656 0.35066279768943787
-0.0022596120834350586 0.34920206665992737
-0.13097262382507324 0.3722899854183197
-0.006993770599365234 0.3499591052532196
-0.007337510585784912 0.35035356879234314
-0.27479326725006104 0.3784294128417969
-0.1292879581451416 0.37185993790626526
-0.022301673889160156 0.352254718542099
-0.12449818849563599 0.3714560270309448
-0.06615620851516724 0.35725492238998413
-0.16563796997070312 0.37498313188552856
-0.03231608867645264 0.3531380891799927
-0.27413469552993774 0.3779355585575104
-0.023519277572631836 0.3523293733596802
-0.13071930408477783 0.37205514311790466
-0.08494448661804199 0.3659411370754242
0.0035701990127563477 0.3481998145580292
-0.2781912684440613 0.3806157410144806
-0.14515787363052368 0.3748709261417389
-0.2745019793510437 0.3781943917274475
-0.2737816572189331 0.37756508588790894
-0.292028546333313 0.3823224604129791
-0.07910037040710449 0.3656836748123169
-0.13531839847564697 0.37318935990333557
-0.022301673889160156 0.352254718542099
-0.12494629621505737 0.371583491563797
-0.13398975133895874 0.3724054992198944
-0.11904442310333252 0.3708471953868866
-0.02161431312561035 0.3520623445510864
-0.013510167598724365 0.3511626422405243
-0.08696401119232178 0.3663434088230133
-0.2754644751548767 0.37902355194091797
-0.1292879581451416 0.37185993790626526
-0.14224272966384888 0.3745073080062866
-0.01930081844329834 0.3518233001232147
-0.10914123058319092 0.3704770803451538
-0.2750226855278015 0.37859004735946655
-0.005461275577545166 0.34976261854171753
-0.09458017349243164 0.3679876923561096
-0.27297091484069824 0.37692949175834656
-0.2764524221420288 0.3797059953212738
-0.016618549823760986 0.3514983057975769
-0.013510167598724365 0.3511626422405243
-0.2844221591949463 0.38137826323509216
-0.27248311042785645 0.3766663372516632
-0.10091578960418701 0.36972296237945557
-0.017284393310546875 0.35163405537605286
-0.2736004590988159 0.37727150321006775
-0.08993613719940186 0.3677137792110443
-0.29362452030181885 0.38294097781181335
