-0.06659877300262451 0.39838555455207825
-0.06512022018432617 0.3981148600578308
-0.06305563449859619 0.39721357822418213
-0.06659877300262451 0.39838555455207825
-0.06381142139434814 0.3977813422679901
-0.06313300132751465 0.3973871171474457
-0.06265562772750854 0.397195428609848
-0.06659877300262451 0.39838555455207825
-0.06512022018432617 0.3981148600578308
-0.06659877300262451 0.39838555455207825
-0.061646342277526855 0.39617255330085754
-0.06313300132751465 0.3973871171474457
-0.061646342277526855 0.39617255330085754
-0.062243878841400146 0.3967369794845581
-0.06376528739929199 0.39755144715309143
-0.06508433818817139 0.39793139696121216
-0.06659877300262451 0.39838555455207825
-0.06253790855407715 0.39705538749694824
-0.061507582664489746 0.39587703347206116
-0.06223231554031372 0.39673468470573425
-0.06508433818817139 0.39793139696121216
-0.06181138753890991 0.39636877179145813
-0.06508433818817139 0.39793139696121216
0.041946977376937866 0.3925515115261078
-0.06659877300262451 0.39838555455207825
-0.06551432609558105 0.3981631100177765
0.041973233222961426 0.39246517419815063
-0.06659877300262451 0.39838555455207825
-0.06167018413543701 0.39622220396995544
-0.06167018413543701 0.39622220396995544
0.041946977376937866 0.3925515115261078
-0.06608402729034424 0.3982650935649872
-0.06659877300262451 0.39838555455207825
-0.06202656030654907 0.39653417468070984
-0.061507582664489746 0.39587703347206116
0.024631023406982422 0.39568907022476196
-0.06253790855407715 0.39705538749694824
-0.062281131744384766 0.3968121111392975
-0.06608402729034424 0.3982650935649872
0.14272934198379517 0.37366434931755066
0.04346710443496704 0.3924255967140198
0.1435886025428772 0.3728366196155548
-0.06356430053710938 0.39741310477256775
-0.06167018413543701 0.39622220396995544
0.047751545906066895 0.38973551988601685
0.04730457067489624 0.3906562030315399
-0.06202656030654907 0.39653417468070984
0.14892631769180298 0.36862096190452576
0.04439753293991089 0.3922632336616516
0.04360908269882202 0.3923957943916321
-0.06478631496429443 0.39783981442451477
-0.06167018413543701 0.39622220396995544
0.14295148849487305 0.373075932264328
-0.06202656030654907 0.39653417468070984
0.028494030237197876 0.3956199586391449
0.04751908779144287 0.3902035653591156
0.14700573682785034 0.3717261552810669
0.04496470093727112 0.39175376296043396
0.03177475929260254 0.39439162611961365
0.04876738786697388 0.38795897364616394
0.13033422827720642 0.3744284212589264
0.13179251551628113 0.3743003308773041
0.14700573682785034 0.3717261552810669
0.0313282310962677 0.3949222266674042
-0.06598186492919922 0.3982391059398651
0.04184594750404358 0.39288750290870667
-0.06659877300262451 0.39838555455207825
0.12195426225662231 0.3749055862426758
0.11932802200317383 0.37503939867019653
0.12195426225662231 0.3749055862426758
0.1435886025428772 0.3728366196155548
0.040567755699157715 0.3931715488433838
-0.06478631496429443 0.39783981442451477
0.12291887402534485 0.3748297393321991
-0.06167018413543701 0.39622220396995544
-0.06167018413543701 0.39622220396995544
0.11393725872039795 0.3769443929195404
0.11932802200317383 0.37503939867019653
0.035869061946868896 0.39437416195869446
0.04679962992668152 0.3914477825164795
0.11932802200317383 0.37503939867019653
0.04158639907836914 0.39296165108680725
0.13702529668807983 0.3742211163043976
0.12909549474716187 0.3747955858707428
-0.06659877300262451 0.39838555455207825
-0.06167018413543701 0.39622220396995544
0.024631023406982422 0.39568907022476196
0.04813551902770996 0.38872605562210083
0.041946977376937866 0.3925515115261078
0.04443192481994629 0.3920047879219055
0.04716560244560242 0.3909548223018646
-0.061507582664489746 0.39587703347206116
0.12291887402534485 0.3748297393321991
-0.06608402729034424 0.3982650935649872
-0.06167018413543701 0.39622220396995544
0.04443192481994629 0.3920047879219055
0.045362234115600586 0.39150890707969666
0.041607022285461426 0.3929138481616974
0.13742512464523315 0.37412598729133606
-0.06356430053710938 0.39741310477256775
0.04801452159881592 0.3897246718406677
0.1479654610157013 0.37162384390830994
0.04909363389015198 0.38524675369262695
0.14544808864593506 0.3724488615989685
