-0.32501959800720215 0.39128759503364563
-0.32501959800720215 0.39128759503364563
-0.32237696647644043 0.3797614574432373
-0.32237696647644043 0.3797614574432373
-0.3297739028930664 0.40668487548828125
-0.32192301750183105 0.3790726065635681
-0.3262696862220764 0.39325785636901855
-0.32707202434539795 0.3934839367866516
-0.18825173377990723 0.3296346962451935
-0.32707202434539795 0.3934839367866516
-0.32323360443115234 0.38603675365448
-0.3245793581008911 0.3905493915081024
-0.3228660821914673 0.38100504875183105
-0.3297739028930664 0.40668487548828125
-0.32237696647644043 0.3797614574432373
-0.32237696647644043 0.3797614574432373
-0.3233473300933838 0.3864101469516754
-0.32192301750183105 0.3790726065635681
-0.28466856479644775 0.36914196610450745
-0.3245793581008911 0.3905493915081024
-0.32309818267822266 0.38521572947502136
-0.33021342754364014 0.4087483584880829
-0.15755856037139893 0.3285380005836487
-0.32380759716033936 0.38825204968452454
-0.3196312189102173 0.3742792308330536
-0.3228660821914673 0.38100504875183105
-0.32237696647644043 0.3797614574432373
-0.32707202434539795 0.3934839367866516
-0.2735198736190796 0.3594970405101776
-0.3233473300933838 0.3864101469516754
-0.21840018033981323 0.3405400812625885
-0.19062256813049316 0.33228012919425964
-0.1576213836669922 0.328682541847229
-0.33274155855178833 0.4124818444252014
-0.32508814334869385 0.3916260600090027
-0.3241721987724304 0.3895283639431
-0.32237696647644043 0.3797614574432373
-0.32237696647644043 0.3797614574432373
-0.16171562671661377 0.3289504647254944
-0.2281280755996704 0.341994047164917
-0.16175544261932373 0.3291919231414795
-0.32237696647644043 0.3797614574432373
-0.18825173377990723 0.3296346962451935
-0.32508814334869385 0.3916260600090027
-0.32876110076904297 0.40384823083877563
-0.3332797884941101 0.41394177079200745
-0.15246379375457764 0.32246023416519165
-0.2500673532485962 0.3429422080516815
-0.2723543643951416 0.35486316680908203
-0.18825173377990723 0.3296346962451935
-0.16175544261932373 0.3291919231414795
-0.29645174741744995 0.3720339238643646
-0.29645174741744995 0.3720339238643646
-0.3182469606399536 0.3729623258113861
-0.23048627376556396 0.3421988785266876
-0.3277190923690796 0.3985220789909363
-0.272683322429657 0.3583916127681732
-0.19401651620864868 0.33804625272750854
-0.3273813724517822 0.39364466071128845
-0.19062256813049316 0.33228012919425964
-0.3196312189102173 0.3742792308330536
-0.2027684450149536 0.3393103778362274
-0.27425050735473633 0.3616798520088196
-0.3281720280647278 0.40277162194252014
-0.19955122470855713 0.3381945788860321
-0.3197716474533081 0.3782784640789032
-0.33096563816070557 0.4123593270778656
-0.20809650421142578 0.33990514278411865
-0.20809650421142578 0.33990514278411865
-0.1547369360923767 0.325422078371048
-0.1547369360923767 0.325422078371048
-0.3289436101913452 0.40632364153862
-0.3300531506538391 0.4080648124217987
-0.3304314613342285 0.41035929322242737
-0.1566234827041626 0.32728585600852966
-0.29425907135009766 0.3705501854419708
-0.215537428855896 0.3404483497142792
-0.1576213836669922 0.328682541847229
-0.22415637969970703 0.3416857123374939
-0.3233473300933838 0.3864101469516754
-0.27667415142059326 0.364685982465744
-0.21068161725997925 0.3403301537036896
-0.19325339794158936 0.33504125475883484
-0.27525782585144043 0.3630015254020691
-0.15321087837219238 0.3241395652294159
-0.32305049896240234 0.38397830724716187
-0.32305049896240234 0.38397830724716187
-0.32305049896240234 0.38397830724716187
-0.32305049896240234 0.38397830724716187
-0.32876110076904297 0.40384823083877563
-0.2799645662307739 0.3678313195705414
-0.2281280755996704 0.341994047164917
-0.27779847383499146 0.3661614656448364
-0.2844247817993164 0.36826714873313904
-0.2207539677619934 0.34124043583869934
-0.32436347007751465 0.39018329977989197
-0.2185128927230835 0.34100618958473206
-0.2904437780380249 0.37040573358535767
-0.2904437780380249 0.37040573358535767
-0.2904437780380249 0.37040573358535767
-0.32508814334869385 0.3916260600090027
-0.32508814334869385 0.3916260600090027
-0.32508814334869385 0.3916260600090027
-0.19166362285614014 0.33402180671691895
-0.3228660821914673 0.38100504875183105
-0.32293397188186646 0.3825523555278778
-0.32237696647644043 0.3797614574432373
-0.32237696647644043 0.3797614574432373
-0.32237696647644043 0.3797614574432373
-0.32237696647644043 0.3797614574432373
-0.32237696647644043 0.3797614574432373
-0.32237696647644043 0.3797614574432373
-0.32237696647644043 0.3797614574432373
-0.32237696647644043 0.3797614574432373
-0.32237696647644043 0.3797614574432373
-0.32237696647644043 0.3797614574432373
-0.2877185344696045 0.36954131722450256
-0.28466856479644775 0.36914196610450745
-0.32133686542510986 0.3787177503108978
-0.2795194983482361 0.3669525980949402
-0.3237023949623108 0.3881309926509857
-0.32387417554855347 0.3887661397457123
-0.2891453504562378 0.3698374330997467
-0.3256584405899048 0.3927586078643799
-0.19284260272979736 0.33437660336494446
