-0.32448315620422363 0.41128990054130554
-0.3273094892501831 0.4164920747280121
-0.3210735321044922 0.400687038898468
-0.32124149799346924 0.401477575302124
-0.3273094892501831 0.4164920747280121
-0.3210735321044922 0.400687038898468
-0.32434654235839844 0.41123589873313904
-0.32725465297698975 0.4163580536842346
-0.2962283492088318 0.383799284696579
-0.3213311433792114 0.40158113837242126
-0.11007678508758545 0.3320904076099396
-0.3279765844345093 0.41849657893180847
-0.3210735321044922 0.400687038898468
-0.32453829050064087 0.4119016230106354
-0.3214057683944702 0.4036079943180084
-0.3213311433792114 0.40158113837242126
-0.32434654235839844 0.41123589873313904
-0.3210735321044922 0.400687038898468
-0.32139158248901367 0.40258368849754333
-0.24380826950073242 0.3765234053134918
-0.32483941316604614 0.41408011317253113
-0.23697978258132935 0.3632553517818451
-0.30571234226226807 0.3908756673336029
-0.23939675092697144 0.36765366792678833
-0.23956477642059326 0.37188538908958435
-0.29673922061920166 0.38473835587501526
-0.130764901638031 0.33536189794540405
-0.11007678508758545 0.3320904076099396
-0.3140794038772583 0.39610525965690613
-0.3213311433792114 0.40158113837242126
-0.25434374809265137 0.3780824840068817
-0.3227735161781311 0.4078190326690674
-0.325836181640625 0.4151168465614319
-0.3157072067260742 0.39683711528778076
-0.2962283492088318 0.383799284696579
-0.30392247438430786 0.3885316550731659
-0.3110619783401489 0.39188051223754883
-0.3274775743484497 0.41716551780700684
-0.29786086082458496 0.3862553834915161
-0.29756051301956177 0.3852551281452179
-0.32468265295028687 0.41306009888648987
-0.31100207567214966 0.39088568091392517
-0.3172226548194885 0.3995343744754791
-0.31147730350494385 0.3926323652267456
-0.32245922088623047 0.4067721366882324
-0.26891088485717773 0.3801240622997284
-0.2665361166000366 0.3800051510334015
-0.2873004674911499 0.3822573721408844
-0.3028677701950073 0.3872814476490021
-0.24316275119781494 0.3761192262172699
-0.3276868462562561 0.4181654155254364
-0.3230350613594055 0.4080992639064789
-0.2560819387435913 0.37823545932769775
-0.3117525577545166 0.39344191551208496
-0.24265611171722412 0.373809278011322
-0.23956477642059326 0.37188538908958435
-0.32167863845825195 0.4042201638221741
-0.3284482955932617 0.4190412163734436
-0.30453217029571533 0.3887280225753784
-0.25830572843551636 0.3786103129386902
-0.2452681064605713 0.37708142399787903
-0.28931182622909546 0.38308772444725037
-0.321846067905426 0.40485715866088867
-0.3213311433792114 0.40158113837242126
-0.11258852481842041 0.3339326083660126
-0.3048095107078552 0.38955843448638916
-0.2612966299057007 0.379145085811615
-0.3210735321044922 0.400687038898468
-0.3160712718963623 0.39767909049987793
-0.32370907068252563 0.41021186113357544
-0.3137468099594116 0.3949318528175354
-0.3123483657836914 0.39445602893829346
-0.24058514833450317 0.3725143373012543
-0.3210735321044922 0.400687038898468
-0.3209439516067505 0.3998701870441437
-0.3243025541305542 0.411093145608902
-0.24708962440490723 0.37748366594314575
-0.32197684049606323 0.4057922959327698
-0.3286014795303345 0.41979169845581055
-0.30295997858047485 0.38792702555656433
-0.3260369896888733 0.4161956012248993
-0.2418830394744873 0.37332460284233093
-0.2857990264892578 0.38182276487350464
-0.29673922061920166 0.38473835587501526
-0.2916204333305359 0.38349777460098267
-0.3232477903366089 0.40940624475479126
-0.24832499027252197 0.3776901960372925
-0.3166203498840332 0.3986999988555908
-0.2853868007659912 0.38095325231552124
-0.3053854703903198 0.3902674615383148
-0.11041635274887085 0.33369144797325134
-0.2986193895339966 0.3868308961391449
-0.2880585193634033 0.38277468085289
-0.26385533809661865 0.37963011860847473
-0.2629004716873169 0.3792688548564911
-0.32522690296173096 0.4141002595424652
