-0.2410430908203125 0.3547142446041107
-0.19180411100387573 0.3480992913246155
-0.19400179386138916 0.34940579533576965
-0.18391954898834229 0.3441179692745209
-0.24303585290908813 0.35882094502449036
-0.24229902029037476 0.3579677939414978
-0.19400179386138916 0.34940579533576965
-0.19275975227355957 0.34883615374565125
-0.1900721788406372 0.34803375601768494
-0.03737163543701172 0.329881876707077
-0.19180411100387573 0.3480992913246155
-0.2427912950515747 0.35841989517211914
-0.18441545963287354 0.34457340836524963
-0.24229902029037476 0.3579677939414978
-0.1978374719619751 0.3503909111022949
-0.08682811260223389 0.34055712819099426
-0.24194931983947754 0.3569488823413849
-0.24205172061920166 0.357503205537796
-0.1954771876335144 0.34970757365226746
-0.1871536374092102 0.3459038734436035
-0.04674637317657471 0.33760738372802734
-0.04877972602844238 0.3378901183605194
-0.02892446517944336 0.329720139503479
-0.24126601219177246 0.35565611720085144
-0.0015555620193481445 0.32729026675224304
-0.1897982954978943 0.3473195731639862
-0.019820213317871094 0.3292634189128876
-0.19400179386138916 0.34940579533576965
-0.20396184921264648 0.35150644183158875
-0.1997302770614624 0.3507504463195801
-0.1983080506324768 0.3505156636238098
-0.04507088661193848 0.3372499346733093
-0.0015555620193481445 0.32729026675224304
-0.013439357280731201 0.32858577370643616
-0.24827218055725098 0.36200323700904846
-0.04106032848358154 0.3371346890926361
-0.06505942344665527 0.3395873010158539
-0.24138343334197998 0.3565158545970917
-0.04674637317657471 0.33760738372802734
-0.19400179386138916 0.34940579533576965
-0.06505942344665527 0.3395873010158539
-0.06505942344665527 0.3395873010158539
-0.204093337059021 0.3528662323951721
-0.18391954898834229 0.3441179692745209
-0.19329500198364258 0.3489017188549042
-0.18557631969451904 0.34533023834228516
-0.19329500198364258 0.3489017188549042
-0.06505942344665527 0.3395873010158539
-0.24695086479187012 0.36131662130355835
-0.08414041996002197 0.340196818113327
-0.009668350219726562 0.32794302701950073
-0.24138343334197998 0.3565158545970917
-0.1861584186553955 0.34566670656204224
-0.053205788135528564 0.3384282886981964
-0.009668350219726562 0.32794302701950073
-0.18763947486877441 0.3464214503765106
-0.18247032165527344 0.34273192286491394
-0.24300158023834229 0.35872283577919006
-0.2434619665145874 0.35926058888435364
-0.19653522968292236 0.35027262568473816
-0.0257718563079834 0.32941314578056335
-0.24368607997894287 0.3598611652851105
-0.07880139350891113 0.34019404649734497
-0.03831750154495239 0.3340303599834442
-0.18851780891418457 0.3470202088356018
-0.017971515655517578 0.32911422848701477
-0.24138343334197998 0.3565158545970917
-0.24194931983947754 0.3569488823413849
-0.19329500198364258 0.3489017188549042
-0.04877972602844238 0.3378901183605194
-0.04032027721405029 0.3362114131450653
-0.07395237684249878 0.3401319980621338
-0.07395237684249878 0.3401319980621338
-0.05432021617889404 0.33927682042121887
-0.18317896127700806 0.3432178199291229
-0.04877972602844238 0.3378901183605194
-0.24205172061920166 0.357503205537796
-0.24300158023834229 0.35872283577919006
-0.022481024265289307 0.3293601870536804
-0.18319594860076904 0.3437435030937195
-0.2410430908203125 0.3547142446041107
-0.03737163543701172 0.329881876707077
-0.07184505462646484 0.3397602140903473
-0.06219911575317383 0.3393697142601013
-0.06505942344665527 0.3395873010158539
-0.24248939752578735 0.358090877532959
-0.08682811260223389 0.34055712819099426
-0.18732154369354248 0.3460489511489868
-0.06505942344665527 0.3395873010158539
-0.05136978626251221 0.33805590867996216
-0.01689612865447998 0.32869037985801697
-0.20097744464874268 0.3510507047176361
-0.1900721788406372 0.34803375601768494
-0.19248032569885254 0.34837624430656433
-0.24556922912597656 0.3607570230960846
-0.009890556335449219 0.32816725969314575
-0.009890556335449219 0.32816725969314575
-0.24399137496948242 0.3603259027004242
-0.18441545963287354 0.34457340836524963
