-0.1155129075050354 0.4063265919685364
0.2749965786933899 0.33795037865638733
0.20259767770767212 0.354827880859375
0.2618591785430908 0.34300196170806885
-0.10693955421447754 0.3971969187259674
0.22965610027313232 0.3469480276107788
-0.11627620458602905 0.4087189733982086
0.2464921474456787 0.34537774324417114
-0.07034385204315186 0.38374781608581543
-0.11176514625549316 0.4037264883518219
0.2749965786933899 0.33795037865638733
0.16350823640823364 0.36638909578323364
-0.013577818870544434 0.37858161330223083
0.17086338996887207 0.36520883440971375
-0.04250633716583252 0.37992051243782043
-0.11430197954177856 0.40629369020462036
0.12132558226585388 0.37269696593284607
-0.11201369762420654 0.4047609865665436
-0.07815796136856079 0.388828307390213
-0.11627620458602905 0.4087189733982086
-0.07014644145965576 0.38338521122932434
0.24451589584350586 0.34549984335899353
-0.11566030979156494 0.4076201915740967
0.1577780842781067 0.3679531514644623
-0.08126318454742432 0.39127692580223083
-0.10617488622665405 0.39518970251083374
-0.08486688137054443 0.3924025595188141
-0.10681617259979248 0.39571747183799744
-0.10859620571136475 0.4024217128753662
-0.06667143106460571 0.3827444016933441
-0.06667143106460571 0.3827444016933441
-0.08846116065979004 0.39350101351737976
0.20259767770767212 0.354827880859375
-0.1077723503112793 0.4014545977115631
0.012398362159729004 0.3767651915550232
-0.10752594470977783 0.40017959475517273
0.2618591785430908 0.34300196170806885
0.24043238162994385 0.34615859389305115
-0.10693955421447754 0.3971969187259674
0.018742382526397705 0.37560245394706726
0.12292283773422241 0.37266895174980164
0.014787793159484863 0.37655243277549744
0.1478365957736969 0.36905956268310547
0.18018501996994019 0.36397266387939453
-0.12383091449737549 0.41337457299232483
0.14567285776138306 0.37038499116897583
0.17701691389083862 0.3651650846004486
0.258334755897522 0.344523549079895
0.20259767770767212 0.354827880859375
-0.003265857696533203 0.3782552182674408
0.25434499979019165 0.3449835479259491
-0.07137131690979004 0.3855437934398651
0.15613412857055664 0.36810970306396484
0.12550634145736694 0.3717856705188751
-0.10771489143371582 0.40136247873306274
-0.07405984401702881 0.38722628355026245
-0.11755168437957764 0.41010937094688416
-0.06541061401367188 0.3823206126689911
-0.11616671085357666 0.40867453813552856
0.13530313968658447 0.3717404901981354
-0.08100306987762451 0.3904721438884735
-0.10693955421447754 0.3971969187259674
0.19060489535331726 0.36217138171195984
0.018455415964126587 0.3758511245250702
0.19638115167617798 0.35780638456344604
0.23460355401039124 0.34661778807640076
0.1478365957736969 0.36905956268310547
0.14078980684280396 0.37068697810173035
-0.10771489143371582 0.40136247873306274
0.10734868049621582 0.3733939230442047
0.22787180542945862 0.3486664295196533
0.2662651538848877 0.3428524434566498
0.16631990671157837 0.3662653863430023
0.1616716980934143 0.36725661158561707
-0.07524335384368896 0.3881223201751709
0.009761512279510498 0.3775569200515747
-0.045027315616607666 0.38054317235946655
0.19301146268844604 0.3592539429664612
-0.04593956470489502 0.38135284185409546
0.16631990671157837 0.3662653863430023
-0.11211228370666504 0.4048368036746979
-0.017932534217834473 0.3797336220741272
0.24043238162994385 0.34615859389305115
0.19800066947937012 0.35694420337677
0.22922152280807495 0.34709808230400085
0.16940343379974365 0.36560672521591187
0.22460365295410156 0.34904083609580994
0.1616716980934143 0.36725661158561707
0.26917707920074463 0.3415631651878357
-0.013577818870544434 0.37858161330223083
-0.11373472213745117 0.4058285653591156
-0.056421101093292236 0.38144806027412415
-0.1070108413696289 0.39941978454589844
0.1539154052734375 0.368632435798645
-0.07014644145965576 0.38338521122932434
0.24582505226135254 0.3454667925834656
-0.09367430210113525 0.394782155752182
0.17701691389083862 0.3651650846004486
0.26163145899772644 0.3438846468925476
-0.04593956470489502 0.38135284185409546
-0.02302473783493042 0.37987878918647766
0.0973241925239563 0.3734961152076721
0.1892068088054657 0.3629310131072998
-0.11566030979156494 0.4076201915740967
-0.11965209245681763 0.4116221070289612
0.16631990671157837 0.3662653863430023
-0.1070108413696289 0.39941978454589844
-0.0782315731048584 0.3891212046146393
0.13767588138580322 0.3710601329803467
0.11371779441833496 0.37316063046455383
0.09503772854804993 0.3749638497829437
-0.0005790591239929199 0.3781471252441406
0.272919237613678 0.34092870354652405
0.2749965786933899 0.33795037865638733
-0.10675019025802612 0.3951960802078247
-0.08846116065979004 0.39350101351737976
0.16631990671157837 0.3662653863430023
-0.11029398441314697 0.40354347229003906
-0.0823817253112793 0.39207950234413147
