-0.3482785224914551 0.3729665279388428
-0.31999850273132324 0.36074692010879517
-0.35459673404693604 0.37518104910850525
-0.35640037059783936 0.3762825131416321
-0.35459673404693604 0.37518104910850525
-0.3458995819091797 0.37224623560905457
-0.3176601529121399 0.3606065809726715
-0.31999850273132324 0.36074692010879517
0.07298043370246887 0.3259734809398651
-0.34290504455566406 0.37105950713157654
-0.3482785224914551 0.3729665279388428
-0.32375460863113403 0.36424171924591064
-0.3485170602798462 0.3737388253211975
-0.3437824249267578 0.3716714084148407
-0.028127431869506836 0.34722891449928284
-0.04561448097229004 0.35017848014831543
0.046751439571380615 0.3388789892196655
-0.09803217649459839 0.35642382502555847
-0.32035142183303833 0.3618200719356537
-0.3482785224914551 0.3729665279388428
-0.018013477325439453 0.3459445834159851
-0.05567526817321777 0.3510604798793793
-0.010860204696655273 0.3458603322505951
-0.002704441547393799 0.3448048532009125
-0.06262218952178955 0.3519710302352905
-0.11964213848114014 0.35838809609413147
-0.34897392988204956 0.3739737868309021
-0.321441650390625 0.36266908049583435
0.05695688724517822 0.3382513225078583
0.022626519203186035 0.341480016708374
-0.026905953884124756 0.34662577509880066
-0.35640037059783936 0.3762825131416321
0.046751439571380615 0.3388789892196655
-0.31999850273132324 0.36074692010879517
-0.09092092514038086 0.35583969950675964
-0.3355715870857239 0.36887314915657043
-0.10788750648498535 0.3569532036781311
0.020665466785430908 0.34252840280532837
-0.05372905731201172 0.3502805829048157
-0.33212143182754517 0.3671289384365082
0.011822998523712158 0.3432731330394745
-0.05777180194854736 0.3519243001937866
-0.33896172046661377 0.3704647123813629
-0.3390040993690491 0.37094423174858093
0.01765263080596924 0.342635840177536
0.042015790939331055 0.34034299850463867
-0.10588681697845459 0.3564441204071045
0.008434951305389404 0.3438064455986023
0.09574350714683533 0.32533761858940125
-0.36673974990844727 0.3762923777103424
-0.33212143182754517 0.3671289384365082
-0.06360751390457153 0.3522256314754486
-0.05705702304840088 0.3516402840614319
-0.3332498073577881 0.36785873770713806
-0.10694926977157593 0.3568669855594635
-0.08558070659637451 0.35485324263572693
-0.08538687229156494 0.3547917306423187
-0.023654699325561523 0.34623754024505615
0.030211955308914185 0.3414433002471924
0.03505539894104004 0.3407157063484192
-0.11138856410980225 0.3583584725856781
0.06664079427719116 0.33526188135147095
-0.0894397497177124 0.3553248941898346
-0.06945192813873291 0.35321709513664246
-0.0007131695747375488 0.3439083993434906
-0.03973877429962158 0.34962889552116394
-0.006386816501617432 0.34522905945777893
0.022263705730438232 0.34196439385414124
-0.32453787326812744 0.3654825985431671
-0.032211482524871826 0.34954485297203064
0.07298043370246887 0.3259734809398651
0.05808442831039429 0.335663765668869
-0.10988485813140869 0.3573353886604309
-0.35459673404693604 0.37518104910850525
-0.3233608603477478 0.3638932406902313
-0.022368550300598145 0.3462044894695282
-0.06773579120635986 0.35260704159736633
-0.34290504455566406 0.37105950713157654
-0.3332498073577881 0.36785873770713806
-0.32939159870147705 0.36710217595100403
0.06796568632125854 0.3317148685455322
-0.3176601529121399 0.3606065809726715
-0.08528053760528564 0.3541408181190491
-0.3458995819091797 0.37224623560905457
-0.31714069843292236 0.35889241099357605
-0.05567526817321777 0.3510604798793793
0.010683059692382812 0.34361371397972107
-0.3261685371398926 0.36652180552482605
0.022263705730438232 0.34196439385414124
-0.3223835229873657 0.36322110891342163
0.07181248068809509 0.3299092948436737
