0.2886503040790558 0.31853318214416504
0.2886503040790558 0.31853318214416504
0.2886503040790558 0.31853318214416504
-0.13267964124679565 0.39095139503479004
-0.129017174243927 0.3901400864124298
0.2886503040790558 0.31853318214416504
-0.12741798162460327 0.38876214623451233
-0.13267964124679565 0.39095139503479004
-0.129017174243927 0.3901400864124298
-0.129017174243927 0.3901400864124298
-0.13267964124679565 0.39095139503479004
0.2886503040790558 0.31853318214416504
0.08696004748344421 0.3778296411037445
0.27693888545036316 0.35995882749557495
-0.1253758668899536 0.3799703121185303
0.1551704704761505 0.3775447905063629
0.1832987666130066 0.3769582211971283
0.15610012412071228 0.37729403376579285
-0.12541282176971436 0.3845297396183014
0.2691715955734253 0.36161530017852783
0.2685152292251587 0.36484503746032715
-0.12614518404006958 0.38740718364715576
-0.1260242462158203 0.3848525881767273
0.27279984951019287 0.3610343933105469
0.22058984637260437 0.37470388412475586
0.22058984637260437 0.37470388412475586
0.21153563261032104 0.3749161660671234
0.1879059076309204 0.37628182768821716
0.1996208131313324 0.37592095136642456
0.20593169331550598 0.375810831785202
0.22796016931533813 0.37373483180999756
0.19599679112434387 0.37623175978660583
0.2244710922241211 0.37425777316093445
-0.12741798162460327 0.38876214623451233
0.18668192625045776 0.37670257687568665
0.20746096968650818 0.3753514289855957
0.24139311909675598 0.3719533383846283
0.243901789188385 0.3710278570652008
0.248327374458313 0.3705190122127533
0.2451273798942566 0.37072473764419556
0.2451273798942566 0.37072473764419556
0.2654283940792084 0.36634474992752075
0.26638758182525635 0.3654893934726715
0.2701656222343445 0.36126527190208435
0.255931556224823 0.36940810084342957
0.26440563797950745 0.3669344484806061
0.26440563797950745 0.3669344484806061
0.22892025113105774 0.3731328845024109
0.21058160066604614 0.3752264678478241
0.22183948755264282 0.3742635250091553
-0.129017174243927 0.3901400864124298
-0.129017174243927 0.3901400864124298
-0.129017174243927 0.3901400864124298
0.23683682084083557 0.3720285892486572
-0.12777060270309448 0.38955432176589966
0.23411506414413452 0.3724699914455414
0.26615792512893677 0.3659828007221222
0.2670980989933014 0.36490026116371155
0.2621789574623108 0.3673493266105652
0.2543621063232422 0.369599312543869
0.25956982374191284 0.3683445453643799
0.2609562575817108 0.3677468001842499
0.2609562575817108 0.3677468001842499
0.25689801573753357 0.3688321113586426
0.229829341173172 0.3729036748409271
0.19701874256134033 0.37620800733566284
0.23668399453163147 0.3721950948238373
-0.12637561559677124 0.38807615637779236
0.2431522011756897 0.37167614698410034
-0.12687146663665771 0.38817456364631653
0.25005215406417847 0.37029385566711426
0.23189058899879456 0.37270599603652954
0.23189058899879456 0.37270599603652954
-0.13085776567459106 0.3908654451370239
-0.13085776567459106 0.3908654451370239
0.26073968410491943 0.36805498600006104
0.26073968410491943 0.36805498600006104
0.26073968410491943 0.36805498600006104
0.25151437520980835 0.3696291148662567
0.25151437520980835 0.3696291148662567
-0.12800490856170654 0.3896992802619934
0.2629138231277466 0.3670973777770996
0.2583469748497009 0.36860448122024536
0.23307248950004578 0.3725990355014801
0.25010812282562256 0.3699624836444855
-0.12968260049819946 0.3904944062232971
0.24274396896362305 0.37171274423599243
0.2509496808052063 0.36983129382133484
0.2509496808052063 0.36983129382133484
-0.1298764944076538 0.3905813694000244
