-0.15717685222625732 0.3763127326965332
-0.15717685222625732 0.3763127326965332
-0.1752312183380127 0.3970088064670563
-0.1696690320968628 0.39453598856925964
-0.15717685222625732 0.3763127326965332
-0.16474127769470215 0.3908582031726837
-0.17355841398239136 0.39643433690071106
0.2325040102005005 0.3540416955947876
0.16251406073570251 0.36295512318611145
0.21854496002197266 0.35779115557670593
0.22897258400917053 0.35674676299095154
0.23203319311141968 0.3558556139469147
-0.16887527704238892 0.3938988745212555
-0.16887527704238892 0.3938988745212555
-0.1823432445526123 0.4010551869869232
-0.16474127769470215 0.3908582031726837
-0.17140984535217285 0.39491939544677734
-0.15717685222625732 0.3763127326965332
-0.16658830642700195 0.39243489503860474
0.15647640824317932 0.3631064295768738
-0.1783839464187622 0.3986983597278595
-0.04041862487792969 0.3713250756263733
0.1554933786392212 0.36341139674186707
-0.16495561599731445 0.39144283533096313
-0.16495561599731445 0.39144283533096313
-0.16887527704238892 0.3938988745212555
-0.2558435797691345 0.41218623518943787
-0.0765380859375 0.3744746148586273
0.21854496002197266 0.35779115557670593
-0.19456756114959717 0.40308427810668945
0.18706843256950378 0.3601628243923187
-0.16887527704238892 0.3938988745212555
0.01644572615623474 0.3705664575099945
0.2325040102005005 0.3540416955947876
-0.16679686307907104 0.3927237391471863
-0.16071277856826782 0.38703790307044983
-0.034499526023864746 0.370736300945282
0.19818371534347534 0.3596021831035614
-0.060282111167907715 0.3724155128002167
-0.1978597640991211 0.4039236605167389
0.21485352516174316 0.35867008566856384
0.07923287153244019 0.36695143580436707
-0.17121291160583496 0.3948462903499603
-0.16495561599731445 0.39144283533096313
0.22463923692703247 0.35745251178741455
-0.15717685222625732 0.3763127326965332
0.1424933671951294 0.3638138771057129
0.19818371534347534 0.3596021831035614
0.16251406073570251 0.36295512318611145
0.22897258400917053 0.35674676299095154
-0.16495561599731445 0.39144283533096313
0.23203319311141968 0.3558556139469147
0.24155598878860474 0.34642502665519714
-0.25914090871810913 0.4144110679626465
0.20827186107635498 0.3591900169849396
-0.05401754379272461 0.3720780313014984
-0.14062881469726562 0.37622496485710144
0.05201488733291626 0.3704335391521454
-0.07748293876647949 0.3745904862880707
-0.15889322757720947 0.3814031779766083
0.12445765733718872 0.36679109930992126
0.07613182067871094 0.36855390667915344
0.17783981561660767 0.36057308316230774
0.13878107070922852 0.36664628982543945
-0.19704198837280273 0.4038635194301605
-0.23374760150909424 0.4040951728820801
-0.15939855575561523 0.38602590560913086
-0.060642242431640625 0.37350067496299744
0.0586736798286438 0.3702352046966553
0.07210433483123779 0.3693976104259491
-0.25014859437942505 0.40728792548179626
-0.2523607611656189 0.40949055552482605
-0.2544664740562439 0.41218215227127075
-0.24505829811096191 0.4057292938232422
-0.1920013427734375 0.40303871035575867
-0.16768336296081543 0.3938311040401459
-0.2542669177055359 0.4108724296092987
-0.24794554710388184 0.4067893922328949
-0.2372223138809204 0.4052164554595947
-0.16086816787719727 0.38807404041290283
-0.2559225559234619 0.41278740763664246
-0.2559225559234619 0.41278740763664246
-0.2564801573753357 0.4135671555995941
-0.1719299554824829 0.39534541964530945
-0.2474873661994934 0.40580201148986816
-0.18630623817443848 0.40216752886772156
-0.2534322738647461 0.4104628562927246
-0.1801164150238037 0.3994075059890747
-0.18119597434997559 0.40004250407218933
-0.2352784276008606 0.40455323457717896
0.0744422972202301 0.3687512278556824
-0.17288756370544434 0.39605912566185
-0.1711965799331665 0.39478036761283875
-0.1647723913192749 0.3913520276546478
-0.1783503293991089 0.3984467387199402
-0.25686001777648926 0.41420218348503113
-0.1793731451034546 0.39886969327926636
-0.18894743919372559 0.40263181924819946
-0.1633029580116272 0.39044424891471863
-0.16290652751922607 0.3898659646511078
-0.18599224090576172 0.4016017019748688
-0.17420268058776855 0.39683210849761963
-0.17420268058776855 0.39683210849761963
-0.17673075199127197 0.398011177778244
-0.17673075199127197 0.398011177778244
-0.2526307702064514 0.40967273712158203
-0.16435325145721436 0.3908534646034241
-0.16103923320770264 0.3886113166809082
-0.16577130556106567 0.3918887674808502
-0.16577130556106567 0.3918887674808502
-0.17547589540481567 0.3973308503627777
-0.17547589540481567 0.3973308503627777
-0.17547589540481567 0.3973308503627777
-0.16245317459106445 0.3893983066082001
-0.16181296110153198 0.3890298306941986
-0.1735742688179016 0.39646175503730774
-0.2366383671760559 0.40510913729667664
-0.1760709285736084 0.3976300358772278
-0.18974697589874268 0.4028944671154022
-0.18974697589874268 0.4028944671154022
-0.1845790147781372 0.40125876665115356
