-0.20986676216125488 0.3870951533317566
-0.22156840562820435 0.39880380034446716
-0.14229756593704224 0.3694159686565399
-0.20986676216125488 0.3870951533317566
-0.22060513496398926 0.3927001357078552
-0.22156840562820435 0.39880380034446716
-0.22156840562820435 0.39880380034446716
-0.22840267419815063 0.40715962648391724
-0.17776358127593994 0.3825814425945282
-0.030084669589996338 0.36008545756340027
-0.14229756593704224 0.3694159686565399
-0.22119760513305664 0.3929049074649811
0.011510074138641357 0.3565368950366974
-0.01721203327178955 0.35895049571990967
-0.030084669589996338 0.36008545756340027
-0.07407832145690918 0.36084842681884766
-0.14229756593704224 0.3694159686565399
-0.22119760513305664 0.3929049074649811
-0.22156840562820435 0.39880380034446716
0.0071465373039245605 0.35700711607933044
-0.19463634490966797 0.3869735300540924
-0.19315695762634277 0.3854176104068756
-0.1699066162109375 0.3802573084831238
-0.01721203327178955 0.35895049571990967
-0.21404170989990234 0.39016595482826233
-0.12158632278442383 0.3679203689098358
-0.11641949415206909 0.3671289384365082
-0.175869882106781 0.3816092610359192
-0.18405300378799438 0.3842359483242035
-0.22704702615737915 0.4067041873931885
-0.014822125434875488 0.3583570718765259
-0.17819160223007202 0.3826765716075897
-0.22349023818969727 0.40235015749931335
-0.22209924459457397 0.4000588357448578
-0.2262313961982727 0.4055328369140625
-0.09279906749725342 0.3630964457988739
-0.175869882106781 0.3816092610359192
-0.16994047164916992 0.3803722858428955
-0.19463634490966797 0.3869735300540924
-0.2240452766418457 0.4033527374267578
-0.22613251209259033 0.40528604388237
-0.14229756593704224 0.3694159686565399
-0.22968387603759766 0.4085237681865692
-0.07067811489105225 0.3607434928417206
-0.15861749649047852 0.3766905963420868
-0.08087623119354248 0.36187049746513367
-0.030084669589996338 0.36008545756340027
-0.10624480247497559 0.3663027882575989
-0.22156840562820435 0.39880380034446716
0.004273772239685059 0.3571438789367676
-0.01721203327178955 0.35895049571990967
-0.213445782661438 0.389567106962204
-0.15829336643218994 0.3719092309474945
-0.22156238555908203 0.39572903513908386
-0.22119760513305664 0.3929049074649811
0.008410066366195679 0.35670751333236694
-0.22808486223220825 0.40710684657096863
-0.18444609642028809 0.38467010855674744
-0.09424352645874023 0.3651999533176422
0.19979363679885864 0.34404706954956055
-0.2279701828956604 0.40705010294914246
0.19228065013885498 0.34522172808647156
0.23890018463134766 0.32766488194465637
0.03168511390686035 0.3552079200744629
0.12506279349327087 0.35114529728889465
-0.07067811489105225 0.3607434928417206
-0.1637340784072876 0.3788850009441376
0.13234764337539673 0.34999698400497437
0.2266864776611328 0.3358917236328125
-0.12668848037719727 0.3681991398334503
-0.16148555278778076 0.37820011377334595
0.22536936402320862 0.3383461833000183
-0.18444609642028809 0.38467010855674744
0.11799278855323792 0.3515302836894989
-0.22441375255584717 0.4040509760379791
0.19864988327026367 0.34445545077323914
-0.1932821273803711 0.3860785663127899
0.12863749265670776 0.3506068289279938
-0.07879340648651123 0.36164727807044983
-0.2153722047805786 0.39205512404441833
-0.19463634490966797 0.3869735300540924
-0.15829336643218994 0.3719092309474945
-0.10776734352111816 0.36651191115379333
-0.2265150547027588 0.40589991211891174
-0.09825718402862549 0.3657624125480652
-0.2256813645362854 0.4050418436527252
0.05932438373565674 0.3525092899799347
-0.0264054536819458 0.3597789406776428
-0.17941701412200928 0.38284537196159363
-0.0932767391204834 0.3633274734020233
-0.18170452117919922 0.3838653266429901
-0.16766077280044556 0.37996822595596313
-0.17462432384490967 0.3814975917339325
-0.0029908418655395508 0.35741350054740906
-0.030084669589996338 0.36008545756340027
0.17530310153961182 0.3458515703678131
-0.08359909057617188 0.3622559607028961
0.13893377780914307 0.3492973744869232
-0.103415846824646 0.36607640981674194
-0.2119067907333374 0.3887641429901123
-0.13733285665512085 0.369064599275589
0.008410066366195679 0.35670751333236694
-0.09424352645874023 0.3651999533176422
-0.08734554052352905 0.36262768507003784
0.08170455694198608 0.35223647952079773
0.04196453094482422 0.35493189096450806
-0.2240452766418457 0.4033527374267578
-0.19256621599197388 0.3851030766963959
-0.103415846824646 0.36607640981674194
-0.22156238555908203 0.39572903513908386
-0.21129381656646729 0.3878299295902252
-0.17720752954483032 0.3822827935218811
0.21726161241531372 0.340505987405777
0.11076736450195312 0.35157057642936707
0.05308222770690918 0.35333627462387085
-0.11501157283782959 0.3670613169670105
0.12863749265670776 0.3506068289279938
0.16021475195884705 0.3480159044265747
-0.01721203327178955 0.35895049571990967
0.013915538787841797 0.35627642273902893
0.13234764337539673 0.34999698400497437
-0.22262394428253174 0.4015159606933594
-0.1717771291732788 0.3809907138347626
-0.22119760513305664 0.3929049074649811
0.21205398440361023 0.34156879782676697
0.21627771854400635 0.34071481227874756
0.04634660482406616 0.3538409173488617
0.23361623287200928 0.3342150151729584
0.023850083351135254 0.35547348856925964
-0.22156840562820435 0.39880380034446716
-0.22968387603759766 0.4085237681865692
-0.15861749649047852 0.3766905963420868
-0.14229756593704224 0.3694159686565399
-0.1275607943534851 0.3689563274383545
0.2048964500427246 0.3421858847141266
0.13990402221679688 0.3485756814479828
