-0.34041827917099 0.3911612927913666
-0.33650803565979004 0.3879424035549164
-0.3378814458847046 0.3893243670463562
-0.33826887607574463 0.3898790776729584
-0.11303293704986572 0.3398447036743164
-0.33824068307876587 0.38971737027168274
-0.33907657861709595 0.3905147314071655
-0.34041827917099 0.3911612927913666
-0.33650803565979004 0.3879424035549164
-0.33717983961105347 0.38886913657188416
-0.11422169208526611 0.3435705900192261
-0.14275825023651123 0.3497747480869293
-0.33907657861709595 0.3905147314071655
-0.11303293704986572 0.3398447036743164
-0.34005308151245117 0.3908848166465759
-0.13790231943130493 0.349076509475708
-0.33717983961105347 0.38886913657188416
-0.3413516879081726 0.39191946387290955
-0.13790231943130493 0.349076509475708
-0.11936533451080322 0.3453230857849121
-0.33824068307876587 0.38971737027168274
-0.33635199069976807 0.38794100284576416
-0.3408440947532654 0.39150580763816833
-0.33824068307876587 0.38971737027168274
-0.3167985677719116 0.38755670189857483
-0.27805328369140625 0.36989399790763855
-0.13237905502319336 0.3485536277294159
-0.1439703106880188 0.35018765926361084
-0.34285247325897217 0.39242038130760193
-0.11772263050079346 0.3449268043041229
-0.12224555015563965 0.34631583094596863
-0.27605485916137695 0.3683423697948456
-0.2551043629646301 0.3566112816333771
-0.3168065547943115 0.3875979483127594
-0.1439703106880188 0.35018765926361084
-0.12762606143951416 0.3475116193294525
-0.2682994604110718 0.3628588020801544
-0.1439703106880188 0.35018765926361084
-0.28327107429504395 0.37312689423561096
-0.1439703106880188 0.35018765926361084
-0.33907657861709595 0.3905147314071655
-0.10962772369384766 0.3300241529941559
-0.27305078506469727 0.3661381006240845
-0.28612303733825684 0.37387681007385254
-0.1439703106880188 0.35018765926361084
-0.27356237173080444 0.36661359667778015
-0.30367159843444824 0.3835843503475189
-0.2507377862930298 0.3560895025730133
-0.27439332008361816 0.3675217926502228
-0.12043511867523193 0.34566250443458557
-0.1585146188735962 0.35366371273994446
-0.11422169208526611 0.3435705900192261
-0.1439703106880188 0.35018765926361084
-0.12224555015563965 0.34631583094596863
-0.2988436222076416 0.3819851577281952
-0.3151546120643616 0.3858456611633301
-0.12224555015563965 0.34631583094596863
-0.29375743865966797 0.38097211718559265
-0.2772753834724426 0.36895498633384705
-0.3150153160095215 0.3841426372528076
-0.33651626110076904 0.3880830407142639
-0.27979129552841187 0.37144526839256287
-0.14275825023651123 0.3497747480869293
-0.2672969698905945 0.3620245158672333
-0.29653483629226685 0.3816816210746765
-0.12224555015563965 0.34631583094596863
-0.12554514408111572 0.34731435775756836
-0.2963140606880188 0.38125118613243103
-0.13803094625473022 0.3494512736797333
-0.11303293704986572 0.3398447036743164
-0.14994549751281738 0.3505748212337494
-0.1439703106880188 0.35018765926361084
-0.14827299118041992 0.3503592908382416
-0.26705408096313477 0.36026352643966675
-0.1439703106880188 0.35018765926361084
-0.29046350717544556 0.3796630799770355
-0.2787761688232422 0.37061771750450134
-0.27035748958587646 0.3648626208305359
-0.2687913179397583 0.3635212182998657
-0.1292041540145874 0.34806108474731445
-0.28136682510375977 0.37231728434562683
-0.33635199069976807 0.38794100284576416
-0.11847138404846191 0.34504780173301697
-0.33737319707870483 0.38897496461868286
-0.28930795192718506 0.3757493197917938
-0.12419378757476807 0.34671637415885925
-0.2585923671722412 0.356845498085022
-0.2890946865081787 0.37481480836868286
-0.13500046730041504 0.3488927185535431
-0.3013482689857483 0.3829158544540405
-0.3058875799179077 0.3841288983821869
-0.11847138404846191 0.34504780173301697
-0.28136682510375977 0.37231728434562683
-0.1439703106880188 0.35018765926361084
-0.26086580753326416 0.35715538263320923
-0.315427303314209 0.38618022203445435
-0.12419378757476807 0.34671637415885925
-0.26548343896865845 0.36023515462875366
-0.2857277989387512 0.3735620677471161
-0.1439703106880188 0.35018765926361084
