-0.36604583263397217 0.38540738821029663
-0.3657078146934509 0.38263168931007385
-0.3639039397239685 0.3781593143939972
-0.3640609383583069 0.37948429584503174
-0.3639223575592041 0.3786044716835022
-0.3658778667449951 0.383846253156662
-0.36436033248901367 0.38099750876426697
-0.3659217357635498 0.38439488410949707
-0.36569178104400635 0.3825964629650116
-0.36635804176330566 0.3877435326576233
-0.26281988620758057 0.37170732021331787
-0.3548166751861572 0.3771926164627075
-0.366810142993927 0.3900125026702881
-0.3665013909339905 0.3885635733604431
-0.3647848963737488 0.38101503252983093
-0.2671969532966614 0.37247395515441895
-0.3665013909339905 0.3885635733604431
-0.3659217357635498 0.38439488410949707
-0.25667619705200195 0.3697027564048767
-0.36701858043670654 0.3907022178173065
-0.36665594577789307 0.38946211338043213
-0.22171247005462646 0.3624749779701233
-0.36428725719451904 0.38077181577682495
-0.3661346435546875 0.38599178194999695
-0.3659808039665222 0.3851289451122284
-0.19583696126937866 0.35234737396240234
-0.2324046492576599 0.3660510182380676
-0.10808175802230835 0.3408893048763275
-0.10324853658676147 0.33792540431022644
-0.2631511688232422 0.3718191981315613
-0.2692253589630127 0.37466245889663696
-0.1315906047821045 0.3453293740749359
-0.20916533470153809 0.3574874699115753
-0.26722246408462524 0.3729884922504425
-0.20545995235443115 0.35285818576812744
-0.18598520755767822 0.35091692209243774
-0.261192262172699 0.3714922070503235
-0.3665013909339905 0.3885635733604431
-0.10758709907531738 0.3389844000339508
-0.13863909244537354 0.3460407555103302
-0.36478734016418457 0.3817729651927948
-0.366810142993927 0.3900125026702881
-0.1514894962310791 0.3473546802997589
-0.11736822128295898 0.3424079120159149
-0.2631511688232422 0.3718191981315613
-0.19522619247436523 0.3517020642757416
-0.2598170042037964 0.37088149785995483
-0.35555922985076904 0.3780694901943207
-0.2963099479675293 0.37702661752700806
-0.15434062480926514 0.34773021936416626
-0.16548919677734375 0.35021236538887024
-0.2647479772567749 0.372423380613327
-0.366810142993927 0.3900125026702881
-0.24159175157546997 0.36673998832702637
-0.12337565422058105 0.34298622608184814
-0.2946985960006714 0.37681853771209717
-0.12776660919189453 0.3449207842350006
-0.23070824146270752 0.36557114124298096
-0.201371967792511 0.3525480031967163
-0.14610981941223145 0.34664347767829895
-0.165230393409729 0.34958896040916443
-0.15651357173919678 0.348227858543396
-0.25667619705200195 0.3697027564048767
-0.21105390787124634 0.3596268594264984
-0.3662377595901489 0.3869882822036743
-0.1208343505859375 0.3426695168018341
-0.3659808039665222 0.3851289451122284
-0.2702634930610657 0.3754079043865204
-0.3661346435546875 0.38599178194999695
-0.1899564266204834 0.3512158989906311
-0.26853638887405396 0.3734684884548187
-0.3659217357635498 0.38439488410949707
-0.24712049961090088 0.36817067861557007
-0.22209841012954712 0.362514466047287
-0.36521828174591064 0.3818967342376709
-0.1161884069442749 0.34205469489097595
-0.17390811443328857 0.350726842880249
-0.12376993894577026 0.3441780209541321
-0.36665594577789307 0.38946211338043213
-0.2354975938796997 0.3666474521160126
-0.20947033166885376 0.3593495786190033
-0.22094988822937012 0.36229580640792847
-0.16980278491973877 0.35035160183906555
-0.1342562437057495 0.34586045145988464
-0.3662377595901489 0.3869882822036743
-0.20880138874053955 0.35300344228744507
-0.36428725719451904 0.38077181577682495
-0.3665013909339905 0.3885635733604431
-0.16167950630187988 0.3494279086589813
-0.14909064769744873 0.34705016016960144
-0.11284065246582031 0.3414444923400879
-0.14223474264144897 0.34622830152511597
-0.366810142993927 0.3900125026702881
-0.16980278491973877 0.35035160183906555
-0.3548166751861572 0.3771926164627075
-0.36572301387786865 0.38339167833328247
-0.2266281247138977 0.3636120557785034
-0.36701858043670654 0.3907022178173065
-0.2937716245651245 0.3759686052799225
-0.27663731575012207 0.3759114742279053
-0.27354633808135986 0.375556617975235
-0.22993159294128418 0.3647724986076355
