-0.20789873600006104 0.34984850883483887
-0.43311333656311035 0.38262519240379333
-0.4324995279312134 0.3809804916381836
-0.20789873600006104 0.34984850883483887
-0.4329277276992798 0.38219109177589417
-0.33238935470581055 0.37657392024993896
-0.4457300901412964 0.3992464244365692
-0.3550756573677063 0.37837380170822144
-0.3840331435203552 0.380119264125824
-0.44524794816970825 0.3979468047618866
-0.44396233558654785 0.39005202054977417
-0.44373762607574463 0.38882943987846375
-0.43265795707702637 0.3817167282104492
-0.3198288679122925 0.3759478032588959
-0.23507952690124512 0.36231622099876404
-0.3848835229873657 0.3803364634513855
-0.3218081593513489 0.37605997920036316
-0.4334031343460083 0.38274189829826355
-0.22294080257415771 0.3611900508403778
-0.2726327180862427 0.36618608236312866
-0.4435768127441406 0.3875390589237213
-0.2846025228500366 0.3705848157405853
-0.3563547134399414 0.37895044684410095
-0.44494569301605225 0.39677757024765015
-0.4444023370742798 0.3929308354854584
-0.28093421459198 0.3682536780834198
-0.27181559801101685 0.36541950702667236
-0.27181559801101685 0.36541950702667236
-0.44370293617248535 0.38839009404182434
-0.44652462005615234 0.40113773941993713
-0.292120099067688 0.3723503649234772
-0.35051602125167847 0.3769087493419647
-0.36018192768096924 0.37932032346725464
-0.23770755529403687 0.3624861538410187
-0.4457937479019165 0.39986687898635864
-0.4329277276992798 0.38219109177589417
-0.4324995279312134 0.3809804916381836
-0.35320305824279785 0.3781905770301819
-0.21077942848205566 0.3589894473552704
-0.3107801079750061 0.3746541738510132
-0.27723896503448486 0.3667326271533966
-0.3150665760040283 0.3749931752681732
-0.22963005304336548 0.36164990067481995
-0.4457937479019165 0.39986687898635864
-0.4435032606124878 0.3866259753704071
-0.44373762607574463 0.38882943987846375
-0.2829119563102722 0.3701293468475342
-0.22963005304336548 0.36164990067481995
-0.43544769287109375 0.38466593623161316
-0.43535542488098145 0.3841612935066223
-0.4437996745109558 0.3895437717437744
-0.23507952690124512 0.36231622099876404
-0.44598352909088135 0.4004015624523163
-0.33238935470581055 0.37657392024993896
-0.3218081593513489 0.37605997920036316
-0.44528430700302124 0.3987515866756439
-0.20789873600006104 0.34984850883483887
-0.2853448987007141 0.3711549937725067
-0.32756859064102173 0.3764819800853729
-0.21041500568389893 0.3583497703075409
-0.4454053044319153 0.39904728531837463
-0.351251482963562 0.3778223991394043
-0.43500375747680664 0.38333603739738464
-0.27529454231262207 0.36659061908721924
-0.44407206773757935 0.39117664098739624
-0.4450925588607788 0.3973396122455597
-0.26878029108047485 0.3626578748226166
-0.311104416847229 0.374865859746933
-0.44483375549316406 0.3937726318836212
-0.3179432153701782 0.3757314383983612
-0.44420909881591797 0.3918135464191437
-0.28824126720428467 0.3722098767757416
-0.32371842861175537 0.37622973322868347
-0.22664874792099 0.36155208945274353
-0.4440157413482666 0.3907674252986908
-0.4454053044319153 0.39904728531837463
-0.38915181159973145 0.38046011328697205
-0.4435032606124878 0.3866259753704071
-0.28723037242889404 0.37152040004730225
-0.27071452140808105 0.36462926864624023
-0.23993074893951416 0.3626122772693634
-0.21732878684997559 0.3604779541492462
-0.444871187210083 0.39598554372787476
-0.3563547134399414 0.37895044684410095
-0.3163532018661499 0.3755090832710266
-0.4435768127441406 0.3875390589237213
-0.23225271701812744 0.3620034158229828
