0.13074374198913574 0.3714487552642822
0.09872370958328247 0.37245193123817444
0.09435975551605225 0.3738042414188385
0.16766676306724548 0.3552210032939911
0.089030921459198 0.37475404143333435
0.04111671447753906 0.37844395637512207
0.08454674482345581 0.3757436275482178
0.09534281492233276 0.3735213577747345
0.089030921459198 0.37475404143333435
0.1764732301235199 0.3465174436569214
0.09849393367767334 0.3725212514400482
0.09079429507255554 0.37462857365608215
0.070567786693573 0.37829118967056274
0.10054916143417358 0.3719565272331238
0.07608968019485474 0.3773958384990692
0.17014098167419434 0.35127806663513184
0.14597851037979126 0.36816078424453735
0.09460103511810303 0.3736933171749115
0.09751805663108826 0.3726957440376282
0.08255815505981445 0.3758290410041809
0.15951865911483765 0.35594484210014343
0.1591472625732422 0.355994313955307
0.13974416255950928 0.36948609352111816
0.150587797164917 0.36616623401641846
0.14190322160720825 0.36834898591041565
0.1590641736984253 0.36138784885406494
0.03043079376220703 0.3789694011211395
0.1449434757232666 0.3683125376701355
0.09108012914657593 0.3743695914745331
0.1856732964515686 0.3373635709285736
0.15311527252197266 0.3634067177772522
0.1528618335723877 0.36503365635871887
0.09224408864974976 0.374027818441391
0.13888394832611084 0.36979517340660095
0.18420594930648804 0.34278449416160583
0.09558555483818054 0.3729057013988495
0.0815693736076355 0.3764077126979828
0.0846075713634491 0.37570101022720337
0.14098864793777466 0.3685469329357147
0.1407625377178192 0.36878353357315063
0.17368024587631226 0.35113805532455444
0.150587797164917 0.36616623401641846
0.08699315786361694 0.3756314218044281
0.13423871994018555 0.37084946036338806
0.1622140109539032 0.3556210994720459
0.0997340977191925 0.3722182512283325
0.08871102333068848 0.3747633993625641
0.14168772101402283 0.3684026002883911
0.14134570956230164 0.36847877502441406
0.1361013948917389 0.3706302344799042
0.1366015076637268 0.37025216221809387
0.1792939007282257 0.34310612082481384
0.09387737512588501 0.3738618791103363
0.08868592977523804 0.3751741349697113
0.09838497638702393 0.37257200479507446
0.1266269087791443 0.37175917625427246
0.1337103247642517 0.37088829278945923
0.14057958126068115 0.36884763836860657
0.07791966199874878 0.37644830346107483
0.13357007503509521 0.37130022048950195
0.1604090929031372 0.35579678416252136
0.1374659538269043 0.36984747648239136
0.13743531703948975 0.3700006902217865
0.14040157198905945 0.36901041865348816
0.09849393367767334 0.3725212514400482
0.03202506899833679 0.37847334146499634
0.13524523377418518 0.3706683814525604
0.07702341675758362 0.3766154944896698
-0.04270070791244507 0.3802134692668915
0.014508485794067383 0.37967613339424133
0.0960424542427063 0.3728503882884979
0.13630825281143188 0.37027937173843384
0.09204435348510742 0.374128520488739
0.1463756561279297 0.3665978014469147
0.16917043924331665 0.3529779314994812
0.08756470680236816 0.3752714693546295
0.137611985206604 0.36981651186943054
