0.174427330493927 0.31204289197921753
0.174427330493927 0.31204289197921753
-0.021312355995178223 0.37798038125038147
0.174427330493927 0.31204289197921753
-0.022599458694458008 0.379050076007843
-0.020360708236694336 0.3759305477142334
0.174427330493927 0.31204289197921753
-0.045018672943115234 0.38234397768974304
-0.03165233135223389 0.3813426196575165
-0.02105081081390381 0.3778481185436249
-0.04760462045669556 0.38356611132621765
-0.022380471229553223 0.37900450825691223
0.05631554126739502 0.36438295245170593
0.10786724090576172 0.35265204310417175
-0.05194234848022461 0.38563546538352966
0.14849403500556946 0.3361760079860687
0.15425056219100952 0.33351975679397583
-0.03165233135223389 0.3813426196575165
-0.00993967056274414 0.3748931884765625
-0.022321462631225586 0.3789050281047821
0.16470524668693542 0.32945966720581055
-0.02105081081390381 0.3778481185436249
0.0009501874446868896 0.3724232316017151
0.174427330493927 0.31204289197921753
0.158074289560318 0.33221980929374695
0.006487071514129639 0.36943790316581726
-0.04892486333847046 0.3846055865287781
0.1569095253944397 0.3322400748729706
-0.04517120122909546 0.3825574815273285
-0.04760462045669556 0.38356611132621765
0.008345186710357666 0.368507444858551
0.00991794466972351 0.36770373582839966
0.01031792163848877 0.36647576093673706
0.003984361886978149 0.3711497485637665
0.07440492510795593 0.3625022768974304
-0.05211156606674194 0.3857133686542511
0.174427330493927 0.31204289197921753
0.16470524668693542 0.32945966720581055
0.02897629141807556 0.36610838770866394
0.10786724090576172 0.35265204310417175
0.10951799154281616 0.34440430998802185
0.04187235236167908 0.3659398853778839
0.01031792163848877 0.36647576093673706
-0.04467630386352539 0.38225728273391724
0.15873301029205322 0.3321717381477356
-0.020481586456298828 0.37655746936798096
0.09930729866027832 0.3595811724662781
0.09343627095222473 0.36034685373306274
0.09343627095222473 0.36034685373306274
0.12269634008407593 0.34396788477897644
-0.010836780071258545 0.3753201961517334
-0.010836780071258545 0.3753201961517334
-0.010836780071258545 0.3753201961517334
0.05564314126968384 0.3655242323875427
-0.03248310089111328 0.3815317749977112
0.11234268546104431 0.3440103828907013
0.07440492510795593 0.3625022768974304
0.08232659101486206 0.3622715175151825
0.08470091223716736 0.36046192049980164
0.12845852971076965 0.34365057945251465
0.12845852971076965 0.34365057945251465
0.1399824619293213 0.34259364008903503
0.09957566857337952 0.3566267192363739
0.1431339979171753 0.3416385054588318
0.0579717755317688 0.36431369185447693
0.07163733243942261 0.363290399312973
0.07163733243942261 0.363290399312973
-0.025351881980895996 0.3813001215457916
0.14626619219779968 0.3389485776424408
0.15425056219100952 0.33351975679397583
0.13405340909957886 0.3436430096626282
0.13449370861053467 0.34261175990104675
-0.02105081081390381 0.3778481185436249
0.008294671773910522 0.3693593442440033
0.0063661932945251465 0.3707920014858246
0.15376901626586914 0.33504387736320496
-0.022321462631225586 0.3789050281047821
0.06758716702461243 0.36363711953163147
0.15656888484954834 0.33289337158203125
0.15656888484954834 0.33289337158203125
0.15656888484954834 0.33289337158203125
0.10638302564620972 0.3539527654647827
-0.006256043910980225 0.3734026849269867
0.00991794466972351 0.36770373582839966
0.06299534440040588 0.3641727864742279
-0.046557843685150146 0.38350680470466614
0.14978817105293274 0.33612826466560364
0.08391129970550537 0.36137712001800537
0.08391129970550537 0.36137712001800537
0.14725136756896973 0.3377055823802948
-0.03165233135223389 0.3813426196575165
-0.0015932917594909668 0.3732444941997528
0.14752605557441711 0.33677688241004944
0.15268391370773315 0.335864782333374
0.15268391370773315 0.335864782333374
-0.009654402732849121 0.37452995777130127
-0.04895681142807007 0.3846471607685089
-0.023176193237304688 0.37999817728996277
-0.00810784101486206 0.3738727569580078
0.008345186710357666 0.368507444858551
0.14489027857780457 0.3406706750392914
0.14490902423858643 0.34003734588623047
0.10200315713882446 0.3555084466934204
0.001527160406112671 0.3721466362476349
-2.3365020751953125e-05 0.37294837832450867
-0.05142951011657715 0.3853623867034912
0.004140377044677734 0.3709230422973633
0.003214210271835327 0.3718457818031311
0.06428983807563782 0.3637300431728363
-0.024294555187225342 0.3805214762687683
0.10586270689964294 0.35476991534233093
0.10405829548835754 0.3552059531211853
0.056042611598968506 0.3653416931629181
0.09979403018951416 0.3559878170490265
-0.04761171340942383 0.3842739462852478
