-0.23236852884292603 0.35127919912338257
-0.3464638590812683 0.3718523383140564
-0.34766894578933716 0.37205618619918823
-0.3426455855369568 0.37014102935791016
-0.2877020239830017 0.36447688937187195
-0.3239743113517761 0.36867931485176086
-0.3426455855369568 0.37014102935791016
-0.3438565731048584 0.37108510732650757
-0.3433929681777954 0.37073132395744324
-0.34489554166793823 0.37164196372032166
-0.22032439708709717 0.348590224981308
-0.22032439708709717 0.348590224981308
-0.20722657442092896 0.3463609218597412
-0.34994298219680786 0.37269243597984314
-0.22554248571395874 0.34945687651634216
-0.2256326675415039 0.34958770871162415
-0.30596786737442017 0.3669908940792084
-0.2538938522338867 0.35450729727745056
-0.2801637649536133 0.36369359493255615
-0.21950769424438477 0.3482784926891327
-0.21084284782409668 0.34690186381340027
-0.3426455855369568 0.37014102935791016
-0.34766894578933716 0.37205618619918823
-0.30158841609954834 0.36638137698173523
-0.30909264087677 0.3671099841594696
-0.2860414385795593 0.3641539514064789
-0.2852882742881775 0.36411914229393005
-0.3433929681777954 0.37073132395744324
-0.19103240966796875 0.3302119970321655
-0.22554248571395874 0.34945687651634216
-0.2636352777481079 0.3603759706020355
-0.22245514392852783 0.34916287660598755
-0.17814677953720093 0.3288435935974121
-0.20196747779846191 0.344866544008255
-0.2681407332420349 0.3618696331977844
-0.30914753675460815 0.3676145672798157
-0.28325778245925903 0.36380645632743835
-0.22032439708709717 0.348590224981308
-0.3257572054862976 0.3690040409564972
-0.20540142059326172 0.3457842469215393
-0.2976260781288147 0.36532607674598694
-0.3426455855369568 0.37014102935791016
-0.27150923013687134 0.3629245460033417
-0.270501971244812 0.3626895844936371
-0.2877020239830017 0.36447688937187195
-0.278151273727417 0.3632816672325134
-0.19103240966796875 0.3302119970321655
-0.20722657442092896 0.3463609218597412
-0.34163981676101685 0.3699967563152313
-0.32857072353363037 0.36930394172668457
-0.291780948638916 0.36475884914398193
-0.29165351390838623 0.36452174186706543
-0.3479830026626587 0.37232574820518494
-0.32128095626831055 0.36862486600875854
-0.2950212359428406 0.3649061620235443
-0.22032439708709717 0.348590224981308
-0.2801637649536133 0.36369359493255615
-0.23236852884292603 0.35127919912338257
-0.26451706886291504 0.3610725402832031
-0.31189680099487305 0.36765894293785095
-0.269550621509552 0.36214566230773926
-0.3244774341583252 0.3689362406730652
-0.26193559169769287 0.35997244715690613
-0.2149571180343628 0.34692856669425964
-0.3224360942840576 0.36865583062171936
-0.2758997678756714 0.3630810081958771
-0.34489554166793823 0.37164196372032166
-0.2292332649230957 0.35024529695510864
-0.3056986927986145 0.3668753504753113
-0.278151273727417 0.3632816672325134
-0.22554248571395874 0.34945687651634216
-0.25668323040008545 0.35959699749946594
-0.2758997678756714 0.3630810081958771
-0.19012963771820068 0.3298351466655731
-0.21571385860443115 0.3478766083717346
-0.31790679693222046 0.36834320425987244
-0.2163769006729126 0.34805580973625183
-0.2149571180343628 0.34692856669425964
-0.278151273727417 0.3632816672325134
-0.3279315233230591 0.36914190649986267
-0.26659202575683594 0.36147433519363403
-0.20087844133377075 0.3309130370616913
-0.29886090755462646 0.3655916750431061
-0.17844104766845703 0.3295021951198578
-0.1740422248840332 0.3283107578754425
-0.18533110618591309 0.3297855854034424
-0.19309484958648682 0.33024299144744873
-0.3438565731048584 0.37108510732650757
-0.3142181634902954 0.36793944239616394
-0.31790679693222046 0.36834320425987244
