-0.1936103105545044 0.37384727597236633
0.09024113416671753 0.34309959411621094
0.09024113416671753 0.34309959411621094
-0.2097766399383545 0.38174352049827576
0.0711006224155426 0.35052257776260376
-0.2097766399383545 0.38174352049827576
0.07308506965637207 0.34965890645980835
-0.11076879501342773 0.37170687317848206
0.056468427181243896 0.35109570622444153
0.08608084917068481 0.34749752283096313
-0.07569354772567749 0.36129847168922424
-0.07971513271331787 0.3648547828197479
-0.01840883493423462 0.3549886643886566
-0.07924461364746094 0.3646622598171234
-0.19777405261993408 0.37734130024909973
-0.11352336406707764 0.37195998430252075
-0.1936103105545044 0.37384727597236633
-0.10976976156234741 0.3711366653442383
-0.11382979154586792 0.3723890781402588
0.056468427181243896 0.35109570622444153
-0.09121185541152954 0.36832156777381897
0.08069342374801636 0.3482730984687805
-0.07986593246459961 0.365345299243927
0.03871220350265503 0.35279566049575806
-0.2000557780265808 0.3780815601348877
-0.10574471950531006 0.36984702944755554
-0.09121185541152954 0.36832156777381897
-0.2015589475631714 0.3786926865577698
0.05512106418609619 0.3516344726085663
0.07115352153778076 0.35030612349510193
0.08400925993919373 0.34765151143074036
-0.20199978351593018 0.37942105531692505
0.012076854705810547 0.3543868362903595
-0.12157082557678223 0.3727438151836395
0.09024113416671753 0.34309959411621094
0.003431260585784912 0.354421466588974
-0.10418999195098877 0.3689914643764496
0.08400925993919373 0.34765151143074036
0.05512106418609619 0.3516344726085663
-0.10808801651000977 0.37070393562316895
0.06707197427749634 0.3506908416748047
-0.08646845817565918 0.36787188053131104
-0.28499364852905273 0.3852534592151642
0.012076854705810547 0.3543868362903595
-0.2000557780265808 0.3780815601348877
0.04520735144615173 0.3526250123977661
0.08651465177536011 0.34657344222068787
-0.21957159042358398 0.3835303783416748
-0.22324883937835693 0.38454779982566833
0.07668429613113403 0.3496493995189667
0.012076854705810547 0.3543868362903595
0.08651465177536011 0.34657344222068787
-0.2064497470855713 0.3806096911430359
-0.20781302452087402 0.3816453814506531
-0.21386557817459106 0.3823337256908417
0.012076854705810547 0.3543868362903595
-0.09892570972442627 0.3688308894634247
0.03329804539680481 0.3533194065093994
0.03329804539680481 0.3533194065093994
-0.07600796222686768 0.3642857074737549
0.07668429613113403 0.3496493995189667
-0.23136663436889648 0.38503989577293396
-0.08646845817565918 0.36787188053131104
-0.21386557817459106 0.3823337256908417
-0.1097826361656189 0.3714095652103424
-0.07569354772567749 0.36129847168922424
0.01842278242111206 0.3540390431880951
0.06707197427749634 0.3506908416748047
-0.19661492109298706 0.3762555420398712
-0.22324883937835693 0.38454779982566833
0.012076854705810547 0.3543868362903595
-0.202872633934021 0.3800745904445648
-0.2000557780265808 0.3780815601348877
-0.07094168663024902 0.3608553111553192
0.03871220350265503 0.35279566049575806
-0.1936103105545044 0.37384727597236633
0.07841619849205017 0.3489442765712738
-0.21555256843566895 0.3831786811351776
-0.2000557780265808 0.3780815601348877
0.06707197427749634 0.3506908416748047
0.08400925993919373 0.34765151143074036
-0.21957159042358398 0.3835303783416748
0.02584683895111084 0.35370954871177673
-0.22324883937835693 0.38454779982566833
0.07668429613113403 0.3496493995189667
0.01842278242111206 0.3540390431880951
-0.08150225877761841 0.3670448660850525
-0.22324883937835693 0.38454779982566833
0.012076854705810547 0.3543868362903595
-0.19777405261993408 0.37734130024909973
0.06254217028617859 0.3510324954986572
-0.0009371042251586914 0.3547475337982178
0.08793601393699646 0.3459874987602234
-0.08081847429275513 0.3663463294506073
-0.01840883493423462 0.3549886643886566
-0.07986593246459961 0.365345299243927
-0.21386557817459106 0.3823337256908417
-0.2000557780265808 0.3780815601348877
0.051979124546051025 0.35213354229927063
