-0.251677930355072 0.39926469326019287
-0.251659631729126 0.3989780843257904
-0.251677930355072 0.39926469326019287
-0.2516554594039917 0.39892593026161194
-0.2516775131225586 0.39899539947509766
-0.251677930355072 0.39926469326019287
-0.2516554594039917 0.39892593026161194
-0.20908522605895996 0.3954448103904724
-0.2528730034828186 0.4010809361934662
-0.25364792346954346 0.40186840295791626
-0.21864312887191772 0.39830687642097473
-0.21096110343933105 0.3961086869239807
-0.20859402418136597 0.3952116072177887
-0.21265113353729248 0.39646926522254944
-0.21181631088256836 0.39636528491973877
-0.25284343957901 0.3999217450618744
-0.041295766830444336 0.3767286241054535
-0.25284343957901 0.3999217450618744
-0.10369324684143066 0.377984881401062
-0.21096158027648926 0.3962820768356323
-0.25364792346954346 0.40186840295791626
-0.036319613456726074 0.3757905960083008
-0.10831695795059204 0.37969809770584106
-0.10724866390228271 0.37929216027259827
-0.21584677696228027 0.3978489637374878
-0.04066264629364014 0.37626194953918457
0.04354745149612427 0.36020171642303467
0.02806684374809265 0.3646610677242279
-0.01738947629928589 0.3713746666908264
0.021134674549102783 0.36559462547302246
-0.003717780113220215 0.36890533566474915
-0.013251006603240967 0.3712272047996521
-0.20701825618743896 0.3946340084075928
0.02806684374809265 0.3646610677242279
0.03145882487297058 0.36447927355766296
-0.09815341234207153 0.37673550844192505
-0.2087259292602539 0.395302951335907
-0.21864312887191772 0.39830687642097473
0.04002639651298523 0.3614145517349243
-0.2134106159210205 0.3966681659221649
-0.20670568943023682 0.39326712489128113
-0.008661270141601562 0.3704145848751068
-0.034142255783081055 0.375287264585495
-0.11457502841949463 0.3800963759422302
0.04107809066772461 0.36088109016418457
-0.2050110101699829 0.3912404477596283
-0.2094762921333313 0.3959064185619354
-0.2516554594039917 0.39892593026161194
-0.20617461204528809 0.39283618330955505
0.018610477447509766 0.36596423387527466
-0.026294410228729248 0.3723026216030121
-0.09936809539794922 0.3772240877151489
0.008089780807495117 0.36823317408561707
-0.20464390516281128 0.3898094594478607
-0.2026243805885315 0.3878450095653534
-0.1060330867767334 0.3789066970348358
-0.2087259292602539 0.395302951335907
0.04247182607650757 0.360329806804657
-0.004077315330505371 0.36922773718833923
-0.023498177528381348 0.37218141555786133
0.035815924406051636 0.3622875213623047
0.03275567293167114 0.3632885813713074
0.04354745149612427 0.36020171642303467
-0.03789067268371582 0.37612974643707275
-0.10528236627578735 0.3785301148891449
0.034128040075302124 0.36255115270614624
-0.02678149938583374 0.37314704060554504
-0.251677930355072 0.39926469326019287
0.04538363218307495 0.35448315739631653
-0.2528730034828186 0.4010809361934662
0.010240048170089722 0.3674486577510834
-0.029739975929260254 0.3736225962638855
-0.2087259292602539 0.395302951335907
0.03698721528053284 0.36177244782447815
-0.21428823471069336 0.3974316418170929
-0.009947776794433594 0.37073418498039246
-0.21584677696228027 0.3978489637374878
0.0228767991065979 0.36532720923423767
-0.20604944229125977 0.39197611808776855
-0.011431515216827393 0.37092506885528564
0.031944096088409424 0.3638525605201721
-0.2087259292602539 0.395302951335907
-0.11105495691299438 0.37984395027160645
-0.006755471229553223 0.3702670633792877
-0.0027747154235839844 0.3684353530406952
-0.2087259292602539 0.395302951335907
-0.005898475646972656 0.3696557879447937
-0.03295034170150757 0.37467727065086365
0.03397572040557861 0.36305350065231323
-0.0304105281829834 0.37418168783187866
-0.10200077295303345 0.37769049406051636
0.044000089168548584 0.35953155159950256
-0.2087259292602539 0.395302951335907
0.015493839979171753 0.36711618304252625
