0.11487162113189697 0.3331044614315033
0.11487162113189697 0.3331044614315033
-0.0944063663482666 0.3786148726940155
-0.09593367576599121 0.3794320225715637
0.11487162113189697 0.3331044614315033
0.035378217697143555 0.3407941460609436
-0.0944063663482666 0.3786148726940155
-0.09593367576599121 0.3794320225715637
-0.0944063663482666 0.3786148726940155
0.035378217697143555 0.3407941460609436
-0.05680382251739502 0.3719274699687958
0.11487162113189697 0.3331044614315033
0.033405303955078125 0.34155702590942383
-0.09593367576599121 0.3794320225715637
-0.1527034044265747 0.39801710844039917
-0.006654620170593262 0.3574713468551636
-0.07904911041259766 0.37813061475753784
-0.041869401931762695 0.3706338703632355
-0.12644541263580322 0.38990670442581177
0.0217629075050354 0.3464308977127075
-0.09943068027496338 0.3829173743724823
0.03152361512184143 0.34418830275535583
-0.04942035675048828 0.37110084295272827
-0.030501484870910645 0.36408621072769165
-0.09943068027496338 0.3829173743724823
0.008801639080047607 0.3531481623649597
-0.019599437713623047 0.3584078848361969
0.033405303955078125 0.34155702590942383
-0.06836426258087158 0.37671080231666565
-0.12644541263580322 0.38990670442581177
-0.12209582328796387 0.3893912136554718
-0.10496699810028076 0.3852708041667938
-0.05680382251739502 0.3719274699687958
-0.0190085768699646 0.3576001226902008
-0.09716296195983887 0.3812539279460907
0.02548849582672119 0.34632956981658936
-0.07141542434692383 0.37708780169487
-0.15630972385406494 0.4065401554107666
-0.15442955493927002 0.40553542971611023
-0.13746881484985352 0.39102447032928467
-0.06039869785308838 0.37209972739219666
-0.1527947187423706 0.4010505676269531
-0.10734069347381592 0.3869395852088928
-0.15299606323242188 0.40425482392311096
-0.07524824142456055 0.37741702795028687
-0.027260422706604004 0.36366692185401917
-0.04039406776428223 0.369843453168869
-0.022153019905090332 0.3610193133354187
-0.046498894691467285 0.37101900577545166
0.01612904667854309 0.35234910249710083
-0.11096048355102539 0.3875713646411896
-0.10335993766784668 0.38446882367134094
-0.09863615036010742 0.38199377059936523
-0.06650340557098389 0.37618231773376465
-0.06347250938415527 0.3742561638355255
-0.061084866523742676 0.37394610047340393
-0.13403242826461792 0.3907995820045471
-0.1230999231338501 0.38957494497299194
-0.12962913513183594 0.39022162556648254
-0.09943068027496338 0.3829173743724823
-0.14851558208465576 0.3950884938240051
0.017755448818206787 0.3468843400478363
-0.03512561321258545 0.36887094378471375
0.029747605323791504 0.3453662097454071
-0.09667664766311646 0.38023316860198975
0.035378217697143555 0.3407941460609436
-0.03450596332550049 0.36797571182250977
-0.15325021743774414 0.4052734375
-0.09593367576599121 0.3794320225715637
-0.11701083183288574 0.38879409432411194
-0.15297985076904297 0.40228748321533203
-0.13933485746383667 0.3913852870464325
0.11487162113189697 0.3331044614315033
0.000544816255569458 0.353684663772583
0.0027622878551483154 0.35340020060539246
0.027055084705352783 0.3454028069972992
-0.1444268822669983 0.3920036256313324
-0.06459915637969971 0.3749029040336609
-0.1204904317855835 0.38912153244018555
-0.1544400453567505 0.4059425890445709
-0.13177359104156494 0.39036232233047485
-0.15175360441207886 0.3959306478500366
-0.11266565322875977 0.3882223665714264
0.027055084705352783 0.3454028069972992
-0.13746881484985352 0.39102447032928467
-0.1418207883834839 0.39173802733421326
-0.03771829605102539 0.3691108524799347
-0.02377372980117798 0.3630146086215973
0.013430774211883545 0.3527803122997284
-0.006613254547119141 0.35645103454589844
-0.1007077693939209 0.3841938078403473
-0.0944063663482666 0.3786148726940155
-0.022153019905090332 0.3610193133354187
-0.1418207883834839 0.39173802733421326
