-0.18002831935882568 0.39957281947135925
-0.1825663447380066 0.4039534628391266
-0.1825663447380066 0.4039534628391266
-0.1804456114768982 0.4017598628997803
0.1254962980747223 0.3413780927658081
-0.1493009328842163 0.37140461802482605
0.12014922499656677 0.34238919615745544
-0.18002831935882568 0.39957281947135925
-0.1804456114768982 0.4017598628997803
-0.10610151290893555 0.3612915575504303
-0.09641915559768677 0.3610096275806427
-0.1431584358215332 0.3705739974975586
-0.1300855278968811 0.3688386380672455
-0.12888789176940918 0.3685213029384613
-0.1446605920791626 0.3708648979663849
-0.01880568265914917 0.3552829325199127
-0.18462532758712769 0.4062136113643646
-0.1816413402557373 0.4032411277294159
-0.18040472269058228 0.4012492597103119
0.12014922499656677 0.34238919615745544
-0.12739789485931396 0.36765238642692566
-0.12384295463562012 0.3651038706302643
-0.09707784652709961 0.3611936867237091
-0.0841798186302185 0.35950392484664917
-0.1826726198196411 0.4047348201274872
-0.12416869401931763 0.3667069375514984
-0.18376469612121582 0.40566134452819824
-0.18040472269058228 0.4012492597103119
0.10885977745056152 0.34561997652053833
0.08405688405036926 0.3512286841869354
-0.18002831935882568 0.39957281947135925
-0.1741729974746704 0.3963579833507538
-0.13900160789489746 0.37017324566841125
-0.13540101051330566 0.3697724938392639
-0.17240244150161743 0.3954484164714813
0.1254962980747223 0.3413780927658081
0.10999834537506104 0.3455445468425751
-0.10610151290893555 0.3612915575504303
-0.1300855278968811 0.3688386380672455
-0.11955535411834717 0.364533007144928
-0.09203231334686279 0.3606902062892914
-0.1493009328842163 0.37140461802482605
-0.13330823183059692 0.36927804350852966
-0.12739789485931396 0.36765238642692566
-0.17137181758880615 0.3942258656024933
-0.08324342966079712 0.35779109597206116
-0.1741729974746704 0.3963579833507538
0.08645278215408325 0.35077500343322754
-0.1446605920791626 0.3708648979663849
0.0793272852897644 0.35168299078941345
-0.18344807624816895 0.4051624834537506
0.09151309728622437 0.35012418031692505
-0.16233211755752563 0.3838658928871155
-0.18462532758712769 0.4062136113643646
-0.1669255495071411 0.39094752073287964
0.07340002059936523 0.3526550233364105
-0.1493009328842163 0.37140461802482605
-0.06240212917327881 0.35649216175079346
0.10580122470855713 0.3465670645236969
-0.16309785842895508 0.3857264220714569
-0.0841798186302185 0.35950392484664917
-0.1657872200012207 0.38980695605278015
-0.0903698205947876 0.3598474860191345
0.11977419257164001 0.34517109394073486
0.09612143039703369 0.3499712646007538
-0.14958059787750244 0.371602863073349
-0.09157651662826538 0.36022070050239563
-0.11431783437728882 0.3635035455226898
-0.14406895637512207 0.3708287179470062
-0.1652470827102661 0.3891466557979584
-0.1238906979560852 0.36529040336608887
0.11265859007835388 0.3454640805721283
0.06315875053405762 0.35328298807144165
-0.14139598608016968 0.370512455701828
-0.10610151290893555 0.3612915575504303
-0.1807347536087036 0.40266019105911255
0.1019265353679657 0.3479442298412323
-0.1300855278968811 0.3688386380672455
0.08109709620475769 0.3516741693019867
0.06570199131965637 0.3526858687400818
-0.16301000118255615 0.3850233256816864
-0.1750108003616333 0.39679744839668274
-0.18008959293365479 0.4005325734615326
-0.09563368558883667 0.3607017695903778
-0.12739789485931396 0.36765238642692566
-0.08324342966079712 0.35779109597206116
-0.1509537696838379 0.3719620406627655
-0.18175983428955078 0.4037187099456787
0.09982222318649292 0.3480948805809021
-0.09707784652709961 0.3611936867237091
-0.10127639770507812 0.36126554012298584
-0.1799929141998291 0.3990992307662964
0.08405688405036926 0.3512286841869354
-0.11747848987579346 0.3637089729309082
-0.01944732666015625 0.3554295003414154
-0.10670197010040283 0.362077921628952
0.10343408584594727 0.34760209918022156
-0.17271578311920166 0.39623764157295227
-0.1657872200012207 0.38980695605278015
-0.16369187831878662 0.387184202671051
-0.17020440101623535 0.39380937814712524
-0.09203231334686279 0.3606902062892914
-0.17157721519470215 0.39529716968536377
-0.17157721519470215 0.39529716968536377
-0.16166549921035767 0.38180050253868103
0.08805561065673828 0.3506946563720703
0.07746440172195435 0.35239091515541077
0.10854896903038025 0.3460295498371124
-0.1610470414161682 0.37593910098075867
-0.10979175567626953 0.36334213614463806
-0.11955535411834717 0.364533007144928
-0.0903698205947876 0.3598474860191345
-0.12739789485931396 0.36765238642692566
-0.1679432988166809 0.39112231135368347
-0.17020440101623535 0.39380937814712524
0.07746440172195435 0.35239091515541077
0.10720187425613403 0.3462372124195099
0.09880203008651733 0.3493362069129944
-0.01567387580871582 0.3545074760913849
-0.12416869401931763 0.3667069375514984
-0.13687825202941895 0.37009161710739136
0.1254962980747223 0.3413780927658081
-0.16162103414535522 0.37735170125961304
0.12014922499656677 0.34238919615745544
0.09982222318649292 0.3480948805809021
-0.16818243265151978 0.3928065896034241
-0.17585915327072144 0.3983864486217499
