-0.23609662055969238 0.3556329309940338
-0.2867767810821533 0.3849162757396698
-0.2867767810821533 0.3849162757396698
-0.22574245929718018 0.3457682430744171
-0.24407291412353516 0.3629375696182251
-0.2744539976119995 0.37910565733909607
-0.27985525131225586 0.3836922347545624
-0.19574451446533203 0.3431325852870941
-0.23722028732299805 0.3578108251094818
-0.23492085933685303 0.35464951395988464
-0.2755155563354492 0.3810862898826599
-0.2374953031539917 0.3585782051086426
-0.26366889476776123 0.3708002269268036
-0.23637616634368896 0.35608139634132385
-0.22574245929718018 0.3457682430744171
-0.23927545547485352 0.36131757497787476
-0.26837772130966187 0.3766663372516632
-0.24140608310699463 0.3621419072151184
-0.2763993740081787 0.3815801441669464
-0.21466964483261108 0.34573623538017273
-0.24407291412353516 0.3629375696182251
-0.20239758491516113 0.34461989998817444
-0.2382373809814453 0.35984623432159424
-0.238730788230896 0.3606807291507721
-0.15058910846710205 0.3361812233924866
-0.15431421995162964 0.33835846185684204
-0.2648506164550781 0.372707724571228
-0.24140608310699463 0.3621419072151184
-0.2639438509941101 0.37182891368865967
-0.2632371783256531 0.37075716257095337
-0.2623647451400757 0.3695259988307953
-0.23722028732299805 0.3578108251094818
-0.24140608310699463 0.3621419072151184
-0.2067946195602417 0.3452177345752716
-0.031158447265625 0.29826831817626953
-0.23534202575683594 0.3555144667625427
-0.27985525131225586 0.3836922347545624
-0.23274290561676025 0.3512808084487915
-0.24752134084701538 0.3666635751724243
-0.2867767810821533 0.3849162757396698
-0.14691317081451416 0.3347878158092499
-0.19839954376220703 0.34346747398376465
-0.26759034395217896 0.37443432211875916
-0.23492085933685303 0.35464951395988464
-0.19574451446533203 0.3431325852870941
-0.2744539976119995 0.37910565733909607
-0.1226799488067627 0.3190186023712158
-0.23772978782653809 0.3589315116405487
-0.23415595293045044 0.3538530468940735
-0.20020031929016113 0.34402546286582947
-0.27948182821273804 0.383281946182251
-0.27497196197509766 0.38068482279777527
-0.2330150008201599 0.3526827394962311
-0.28873634338378906 0.3858964145183563
-0.10106551647186279 0.31771087646484375
-0.031158447265625 0.29826831817626953
-0.20507240295410156 0.3449479639530182
-0.23469269275665283 0.3539918065071106
-0.06565892696380615 0.31523773074150085
-0.20237809419631958 0.34452709555625916
-0.033148765563964844 0.3098643720149994
-0.18344366550445557 0.34266534447669983
-0.1226799488067627 0.3190186023712158
-0.2685016393661499 0.3779987394809723
-0.23637616634368896 0.35608139634132385
-0.04013669490814209 0.31222644448280334
-0.1653451919555664 0.3423179090023041
-0.16772228479385376 0.3424634635448456
-0.2867767810821533 0.3849162757396698
-0.2808946371078491 0.38470762968063354
-0.2385706901550293 0.360185831785202
-0.21049648523330688 0.3455457389354706
-0.03528928756713867 0.3108167052268982
-0.2623647451400757 0.3695259988307953
-0.08773064613342285 0.3174048364162445
-0.26759034395217896 0.37443432211875916
-0.2675786018371582 0.37281933426856995
-0.2639378309249878 0.3712141215801239
-0.16772228479385376 0.3424634635448456
-0.16997623443603516 0.3425348103046417
-0.07817655801773071 0.3165794312953949
-0.2682143449783325 0.37640804052352905
-0.27960777282714844 0.38340049982070923
-0.24754822254180908 0.367063045501709
-0.19574451446533203 0.3431325852870941
-0.23936235904693604 0.361972838640213
-0.16181105375289917 0.3417167365550995
-0.28817272186279297 0.38578078150749207
-0.062384843826293945 0.31443554162979126
-0.1559320092201233 0.3403530716896057
-0.2763993740081787 0.3815801441669464
-0.051282525062561035 0.3142310678958893
-0.14691317081451416 0.3347878158092499
-0.26763248443603516 0.37446507811546326
-0.1520962119102478 0.3379543721675873
-0.24630498886108398 0.3666078746318817
-0.033148765563964844 0.3098643720149994
-0.1653451919555664 0.3423179090023041
-0.06173509359359741 0.31430330872535706
-0.09405732154846191 0.31756117939949036
-0.10578805208206177 0.3181978464126587
-0.21049648523330688 0.3455457389354706
-0.07346606254577637 0.3156886696815491
-0.23913687467575073 0.3609347939491272
-0.23722028732299805 0.3578108251094818
-0.17460370063781738 0.34265372157096863
-0.26901572942733765 0.3780823051929474
-0.1097114086151123 0.3184145390987396
-0.15058910846710205 0.3361812233924866
-0.23274290561676025 0.3512808084487915
-0.26310956478118896 0.3707384765148163
-0.2457391619682312 0.3642508387565613
-0.27791571617126465 0.382196307182312
-0.06856107711791992 0.31565722823143005
-0.2379148006439209 0.3595013916492462
-0.15453225374221802 0.33872172236442566
-0.21049648523330688 0.3455457389354706
-0.03174322843551636 0.309087872505188
-0.22574245929718018 0.3457682430744171
-0.24895519018173218 0.36851999163627625
-0.24407291412353516 0.3629375696182251
-0.15862733125686646 0.34101393818855286
-0.2744539976119995 0.37910565733909607
-0.0846325159072876 0.31699129939079285
-0.21466964483261108 0.34573623538017273
-0.2076472043991089 0.3453996479511261
-0.04607725143432617 0.3134330213069916
-0.2677704095840454 0.37585529685020447
