-0.059633612632751465 0.37211859226226807
-0.05679130554199219 0.3719891607761383
-0.047107160091400146 0.3713756799697876
0.07537293434143066 0.3658106029033661
0.11674892902374268 0.3592097759246826
0.12529167532920837 0.3569903075695038
0.11162319779396057 0.3607025444507599
0.06966522336006165 0.3667003810405731
0.16937929391860962 0.3409949243068695
0.09061110019683838 0.3631901443004608
-0.06514257192611694 0.37248092889785767
0.13307535648345947 0.343927800655365
0.12280988693237305 0.35739049315452576
-0.1233711838722229 0.394111692905426
-0.09112071990966797 0.37705036997795105
-0.1233711838722229 0.394111692905426
0.14779874682426453 0.34371644258499146
0.1280108094215393 0.3563801944255829
-0.11411476135253906 0.3915732502937317
-0.12806779146194458 0.3967307209968567
0.09842327237129211 0.3625890016555786
0.10777094960212708 0.36165866255760193
-0.12883102893829346 0.39777693152427673
-0.08741700649261475 0.37687715888023376
0.04886054992675781 0.36785146594047546
0.11674892902374268 0.3592097759246826
-0.04813086986541748 0.37153008580207825
0.12280988693237305 0.35739049315452576
0.12623250484466553 0.35685667395591736
-0.04813086986541748 0.37153008580207825
0.10474765300750732 0.3620680272579193
0.16126799583435059 0.342446893453598
0.15730297565460205 0.3426969349384308
0.03907686471939087 0.36830809712409973
0.0649561882019043 0.3674635589122772
0.03503796458244324 0.3686753809452057
-0.1311807632446289 0.39806297421455383
-0.10246646404266357 0.38193875551223755
-0.10764682292938232 0.3890322744846344
0.07595467567443848 0.36573734879493713
0.1148160994052887 0.36008352041244507
0.028033733367919922 0.3694863021373749
0.12974578142166138 0.3557163178920746
0.11287465691566467 0.36044958233833313
0.16937929391860962 0.3409949243068695
-0.06514257192611694 0.37248092889785767
0.148082435131073 0.3434107005596161
0.08905798196792603 0.36363184452056885
-0.060895442962646484 0.3723601996898651
0.06846645474433899 0.36697861552238464
-0.12529349327087402 0.3966403007507324
0.03338378667831421 0.3690573573112488
-0.0937926173210144 0.3778097927570343
0.1190527081489563 0.3580615222454071
0.13973796367645264 0.34380120038986206
0.10474765300750732 0.3620680272579193
0.1280108094215393 0.3563801944255829
0.10777094960212708 0.36165866255760193
0.08561643958091736 0.3644317388534546
-0.10171425342559814 0.3779671788215637
0.12022566795349121 0.3578304946422577
0.08737102150917053 0.36423441767692566
0.1857651174068451 0.3395761549472809
-0.08245456218719482 0.3760305643081665
0.17822998762130737 0.3409891724586487
0.015975534915924072 0.3711712062358856
0.0712834894657135 0.36669889092445374
0.08165144920349121 0.3650711178779602
0.058804064989089966 0.3675927519798279
-0.11279624700546265 0.39101746678352356
0.0305996835231781 0.3693564534187317
0.07929754257202148 0.36551329493522644
-0.037449002265930176 0.3711712956428528
-0.08432042598724365 0.37670961022377014
-0.10939371585845947 0.3904847800731659
0.09572497010231018 0.36269694566726685
0.10871410369873047 0.36079472303390503
0.04449409246444702 0.3678542375564575
-0.05335235595703125 0.3716745972633362
-0.10386061668395996 0.3862088620662689
-0.04268217086791992 0.371294766664505
-0.11411476135253906 0.3915732502937317
0.10185551643371582 0.3624463975429535
0.1311464011669159 0.34396985173225403
0.026690006256103516 0.37018513679504395
-0.05679130554199219 0.3719891607761383
0.16561993956565857 0.3416246771812439
-0.07880693674087524 0.37576824426651
-0.11539196968078613 0.39199915528297424
0.1812441647052765 0.3404679298400879
-0.04268217086791992 0.371294766664505
0.07323473691940308 0.36620867252349854
0.05504918098449707 0.36781081557273865
0.09178462624549866 0.3629692494869232
