-0.06094527244567871 0.34266993403434753
-0.06855261325836182 0.3460763394832611
-0.0703878402709961 0.34706583619117737
-0.06094527244567871 0.34266993403434753
-0.07242918014526367 0.34775862097740173
-0.07242918014526367 0.34775862097740173
-0.01693117618560791 0.32550692558288574
-0.19806331396102905 0.40737006068229675
-0.09634560346603394 0.3520212769508362
-0.07513678073883057 0.348590612411499
-0.06094527244567871 0.34266993403434753
-0.15982675552368164 0.38468870520591736
-0.06957507133483887 0.3467986285686493
-0.1793574094772339 0.3989120423793793
-0.17479753494262695 0.3949233591556549
-0.06957507133483887 0.3467986285686493
-0.18531584739685059 0.40285706520080566
-0.18762153387069702 0.4037022292613983
-0.16741430759429932 0.3868555426597595
-0.19829565286636353 0.4079764485359192
0.09950894117355347 0.30809369683265686
-0.15424728393554688 0.38082441687583923
-0.11849761009216309 0.35495901107788086
-0.11849761009216309 0.35495901107788086
-0.11849761009216309 0.35495901107788086
-0.04704219102859497 0.326221227645874
0.0425681471824646 0.31034132838249207
0.08106803894042969 0.3102911412715912
-0.05662691593170166 0.33931636810302734
-0.01693117618560791 0.32550692558288574
0.03937077522277832 0.31962940096855164
-0.17991721630096436 0.3997729420661926
0.03457975387573242 0.32006344199180603
-0.18531584739685059 0.40285706520080566
-0.1784232258796692 0.3984694182872772
-0.0031380653381347656 0.3253016471862793
0.026606857776641846 0.3209984600543976
0.026606857776641846 0.3209984600543976
-0.17596137523651123 0.3955303132534027
-0.1682415008544922 0.38693031668663025
-0.16841363906860352 0.3896660804748535
-0.05939900875091553 0.3419416844844818
-0.10113418102264404 0.3531779944896698
-0.0974435806274414 0.3521898686885834
-0.1061556339263916 0.35379642248153687
0.002823382616043091 0.32498899102211
-0.15827476978302002 0.3843269646167755
-0.1881290078163147 0.4041142165660858
-0.1708756685256958 0.393242210149765
-0.16353154182434082 0.38643112778663635
-0.19732415676116943 0.406684547662735
0.021329104900360107 0.3221298158168793
-0.08335161209106445 0.3505668044090271
-0.09352231025695801 0.3517952561378479
0.01769155263900757 0.3227038085460663
0.02366611361503601 0.32161375880241394
-0.16976559162139893 0.39122626185417175
-0.19459199905395508 0.40609365701675415
-0.15685653686523438 0.38235029578208923
-0.1924869418144226 0.40443381667137146
-0.07617592811584473 0.34940823912620544
-0.17232000827789307 0.3944230079650879
-0.07092815637588501 0.3475280702114105
-0.11066806316375732 0.35386526584625244
-0.06334078311920166 0.3443487882614136
-0.07963895797729492 0.350007027387619
-0.11558091640472412 0.35445135831832886
-0.11558091640472412 0.35445135831832886
0.011653602123260498 0.32406529784202576
0.011653602123260498 0.32406529784202576
-0.06281548738479614 0.3431180715560913
0.0077384114265441895 0.3245398998260498
-0.09072732925415039 0.3514944016933441
-0.1558518409729004 0.38232430815696716
-0.17009180784225464 0.39196398854255676
-0.06713747978210449 0.34544846415519714
-0.06588482856750488 0.3447800278663635
-0.192532479763031 0.4054446220397949
-0.17420756816864014 0.39489057660102844
-0.06094527244567871 0.34266993403434753
-0.0020695924758911133 0.32508227229118347
0.013642340898513794 0.32361966371536255
0.015847444534301758 0.32319340109825134
0.015847444534301758 0.32319340109825134
-0.08812582492828369 0.351192831993103
-0.11362111568450928 0.3539981245994568
-0.08601522445678711 0.35081908106803894
-0.1872241497039795 0.4029657542705536
-0.06867736577987671 0.3462265431880951
-0.06867736577987671 0.3462265431880951
-0.15982675552368164 0.38468870520591736
-0.07320952415466309 0.3484976291656494
-0.06957507133483887 0.3467986285686493
-0.06957507133483887 0.3467986285686493
-0.1607155203819275 0.38562071323394775
0.007797658443450928 0.3242310583591461
-0.0783618688583374 0.3495642840862274
-0.1622483730316162 0.3858051002025604
-0.07272088527679443 0.34845662117004395
