-0.1400313377380371 0.3761795461177826
0.1278499960899353 0.33969831466674805
0.03295299410820007 0.34718963503837585
-0.08770817518234253 0.3484639525413513
-0.0950312614440918 0.35611146688461304
-0.09879863262176514 0.36159253120422363
0.0684046745300293 0.3466193675994873
-0.09414815902709961 0.3512074649333954
-0.09933984279632568 0.3633106052875519
0.10530751943588257 0.34445637464523315
0.0819196105003357 0.34611156582832336
-0.10113203525543213 0.3646620213985443
0.1231849193572998 0.3408001959323883
0.10548079013824463 0.34275689721107483
-0.11971509456634521 0.36963027715682983
-0.11605232954025269 0.36874088644981384
-0.13191336393356323 0.3744131028652191
-0.12077498435974121 0.37014347314834595
0.09970235824584961 0.34495311975479126
0.1211976706981659 0.3410327136516571
-0.09378087520599365 0.3508383333683014
-0.1285475492477417 0.3725672662258148
-0.13061654567718506 0.3733494281768799
-0.12463968992233276 0.3720248341560364
0.11670675873756409 0.34136033058166504
-0.12223321199417114 0.37077268958091736
0.10615405440330505 0.342458575963974
-0.09239137172698975 0.3500153422355652
-0.1273946762084961 0.37238654494285583
0.09372767806053162 0.3451847732067108
-0.13055574893951416 0.3733116090297699
0.09901529550552368 0.34505924582481384
0.11515101790428162 0.3421556055545807
0.11515101790428162 0.3421556055545807
0.08946865797042847 0.3454456925392151
0.11645066738128662 0.34156742691993713
-0.10298144817352295 0.3650889992713928
-0.10569220781326294 0.3664249777793884
-0.08783078193664551 0.3490447998046875
-0.10699641704559326 0.36665841937065125
-0.12395215034484863 0.37165749073028564
0.08428019285202026 0.3459847867488861
-0.13669991493225098 0.3754420280456543
-0.11485004425048828 0.3683967590332031
0.1107819676399231 0.34231844544410706
0.09339815378189087 0.34536874294281006
0.08705303072929382 0.3459406793117523
0.0883857011795044 0.34570547938346863
-0.1075780987739563 0.36711975932121277
-0.09021556377410889 0.3495931625366211
-0.13713908195495605 0.37600383162498474
-0.13713908195495605 0.37600383162498474
-0.12277936935424805 0.371366947889328
-0.13401007652282715 0.3751870393753052
-0.13401007652282715 0.3751870393753052
-0.10558229684829712 0.36589404940605164
-0.10558229684829712 0.36589404940605164
-0.0922079086303711 0.3499390482902527
-0.11275583505630493 0.36806222796440125
-0.13248485326766968 0.3747580945491791
-0.13248485326766968 0.3747580945491791
-0.08867025375366211 0.3492893874645233
0.11388111114501953 0.3422485291957855
-0.12225472927093506 0.3711179792881012
-0.10434544086456299 0.3654507100582123
-0.111477792263031 0.3678174316883087
-0.111477792263031 0.3678174316883087
-0.1337740421295166 0.37485072016716003
-0.1350860595703125 0.3754330575466156
-0.11377131938934326 0.36820706725120544
-0.10492581129074097 0.3657683730125427
-0.11024922132492065 0.36750587821006775
-0.13798165321350098 0.3760623633861542
-0.10327154397964478 0.3653368651866913
-0.08906131982803345 0.3495663106441498
-0.08906131982803345 0.3495663106441498
0.11094558238983154 0.3422684073448181
-0.1107856035232544 0.367690771818161
-0.10882407426834106 0.36737117171287537
-0.10847139358520508 0.3672622740268707
