0.20506322383880615 0.33929240703582764
0.22802817821502686 0.3380696177482605
0.012042790651321411 0.36988362669944763
0.05710369348526001 0.3560100495815277
0.04599475860595703 0.3629765808582306
-0.036381304264068604 0.3736443817615509
-0.00811147689819336 0.37011945247650146
-0.010181844234466553 0.37106314301490784
0.21493160724639893 0.338949590921402
-0.03696262836456299 0.3736717104911804
-0.03704798221588135 0.3737461268901825
0.052988260984420776 0.35801050066947937
-0.037315964698791504 0.373827189207077
0.21711471676826477 0.3387504518032074
-0.03573387861251831 0.3735317289829254
0.014497578144073486 0.3691909909248352
0.05250513553619385 0.3597557842731476
0.012244701385498047 0.3695565164089203
0.03866282105445862 0.36357370018959045
-0.038160085678100586 0.3738848567008972
0.23796415328979492 0.33684998750686646
-0.014498710632324219 0.37246498465538025
0.06715881824493408 0.3410273492336273
0.17635732889175415 0.34066787362098694
0.05124706029891968 0.36257404088974
-0.010237693786621094 0.3714125454425812
-0.00824272632598877 0.37039875984191895
0.04531300067901611 0.3629913628101349
0.19364160299301147 0.3406250774860382
-0.0359797477722168 0.3735434114933014
-0.03280603885650635 0.3733625113964081
0.03332597017288208 0.3635958433151245
-0.038049519062042236 0.37386608123779297
0.05862632393836975 0.350289911031723
0.017424315214157104 0.36738014221191406
-0.049569010734558105 0.37583214044570923
-0.03523755073547363 0.3734557330608368
0.05402183532714844 0.3579495847225189
-0.04114866256713867 0.3751324713230133
-0.006835579872131348 0.3698999583721161
-0.04626035690307617 0.37527400255203247
-0.03821462392807007 0.37391817569732666
0.03282809257507324 0.36661189794540405
0.03008529543876648 0.36728885769844055
-0.010115742683410645 0.37101444602012634
0.05470931529998779 0.35698771476745605
-0.010312497615814209 0.3718429207801819
0.05555456876754761 0.35672876238822937
0.017095208168029785 0.36776068806648254
0.19477170705795288 0.3401961028575897
0.05289888381958008 0.3589334189891815
-0.008520007133483887 0.37092891335487366
-0.01535654067993164 0.3733074963092804
0.2463567554950714 0.32878947257995605
0.043890416622161865 0.3635057806968689
-0.03704798221588135 0.3737461268901825
