-0.020443320274353027 0.3847508728504181
-0.02992624044418335 0.38740119338035583
-0.02992624044418335 0.38740119338035583
-0.028403639793395996 0.3869422674179077
-0.01936817169189453 0.38398808240890503
-0.04045301675796509 0.3887495994567871
-0.017615079879760742 0.3829491138458252
-0.023790717124938965 0.38565829396247864
-0.0275537371635437 0.3868209719657898
-0.02233022451400757 0.38479864597320557
-0.03378582000732422 0.3879508674144745
-0.02233022451400757 0.38479864597320557
-0.017615079879760742 0.3829491138458252
-0.012660622596740723 0.37772706151008606
-0.025604307651519775 0.38637852668762207
-0.017615079879760742 0.3829491138458252
-0.118369460105896 0.3997184634208679
0.14352786540985107 0.3700389564037323
-0.08864939212799072 0.3909623622894287
-0.02437913417816162 0.38586804270744324
-0.013683915138244629 0.3793821632862091
-0.02731776237487793 0.38665586709976196
-0.043663859367370605 0.38926437497138977
-0.037287116050720215 0.3886374533176422
-0.09244680404663086 0.3927174210548401
0.1348278820514679 0.3711223900318146
-0.015020608901977539 0.38090023398399353
0.07421240210533142 0.37195780873298645
0.2618284821510315 0.36148881912231445
-0.02731776237487793 0.38665586709976196
0.21291765570640564 0.36641520261764526
-0.10882502794265747 0.3979763984680176
0.25359228253364563 0.36250749230384827
-0.03378582000732422 0.3879508674144745
0.23823046684265137 0.36327457427978516
0.25933441519737244 0.36200425028800964
-0.01917743682861328 0.3837164640426636
0.1975817084312439 0.3678409159183502
0.24511724710464478 0.36302825808525085
-0.017615079879760742 0.3829491138458252
0.22065496444702148 0.3661811947822571
0.2058461308479309 0.36748799681663513
0.22907227277755737 0.36495667695999146
-0.04954338073730469 0.38950225710868835
-0.013683915138244629 0.3793821632862091
-0.02437913417816162 0.38586804270744324
0.05302894115447998 0.3729686141014099
-0.11157190799713135 0.3986108899116516
-0.01413041353225708 0.37990427017211914
-0.043663859367370605 0.38926437497138977
-0.02437913417816162 0.38586804270744324
-0.012660622596740723 0.37772706151008606
-0.01917743682861328 0.3837164640426636
-0.10683107376098633 0.3971148431301117
-0.016400516033172607 0.3819752335548401
0.23539215326309204 0.364104688167572
-0.02731776237487793 0.38665586709976196
0.21912413835525513 0.3663898706436157
0.21274900436401367 0.36682426929473877
-0.11851382255554199 0.3997340202331543
0.20298901200294495 0.3677264153957367
0.2969895899295807 0.34976860880851746
-0.017615079879760742 0.3829491138458252
-0.013333320617675781 0.37884482741355896
-0.016400516033172607 0.3819752335548401
0.2615007758140564 0.36188143491744995
-0.026044845581054688 0.3863903880119324
0.29415497183799744 0.35151347517967224
0.05302894115447998 0.3729686141014099
0.27571338415145874 0.36026880145072937
-0.09971046447753906 0.39636820554733276
0.1559656858444214 0.3690326511859894
0.2791179418563843 0.3597533106803894
0.28444498777389526 0.3583891689777374
0.22754716873168945 0.3654636740684509
0.06365680694580078 0.3726915121078491
0.13158181309700012 0.37146100401878357
-0.017615079879760742 0.3829491138458252
-0.02378213405609131 0.38564738631248474
0.18516755104064941 0.36896392703056335
-0.015187621116638184 0.3810597062110901
0.22278738021850586 0.3658547103404999
-0.10687708854675293 0.3973391056060791
-0.03561890125274658 0.3881806433200836
-0.10882502794265747 0.3979763984680176
0.23593124747276306 0.36383411288261414
0.2854212522506714 0.35776033997535706
-0.09029018878936768 0.3912585973739624
0.2800050675868988 0.35881707072257996
-0.0291978120803833 0.38706254959106445
0.28926968574523926 0.35704928636550903
0.2726776599884033 0.3607691824436188
-0.09446227550506592 0.39449256658554077
0.2615007758140564 0.36188143491744995
-0.014204859733581543 0.37998974323272705
-0.0291978120803833 0.38706254959106445
0.29224687814712524 0.3561728298664093
-0.03139376640319824 0.38761696219444275
-0.09244680404663086 0.3927174210548401
-0.012660622596740723 0.37772706151008606
0.23823046684265137 0.36327457427978516
0.15035468339920044 0.36960723996162415
0.25625425577163696 0.36238202452659607
0.2064821720123291 0.3670600354671478
0.13630196452140808 0.3710210621356964
-0.02378213405609131 0.38564738631248474
0.268332302570343 0.36136138439178467
-0.017615079879760742 0.3829491138458252
-0.020148158073425293 0.3840066194534302
0.27571338415145874 0.36026880145072937
-0.09623414278030396 0.39574816823005676
-0.02378213405609131 0.38564738631248474
0.2497245967388153 0.36276936531066895
0.29370999336242676 0.35508963465690613
0.2615007758140564 0.36188143491744995
-0.02378213405609131 0.38564738631248474
-0.0866195559501648 0.390297532081604
0.14116311073303223 0.370640367269516
-0.020148158073425293 0.3840066194534302
0.2800050675868988 0.35881707072257996
0.14352786540985107 0.3700389564037323
0.0688977837562561 0.37233442068099976
0.29224687814712524 0.3561728298664093
-0.11514586210250854 0.3993370532989502
0.07421240210533142 0.37195780873298645
0.12871825695037842 0.3718695342540741
-0.05285048484802246 0.3900417685508728
0.2325383424758911 0.36459097266197205
-0.016400516033172607 0.3819752335548401
-0.0461881160736084 0.3894707262516022
-0.11157190799713135 0.3986108899116516
0.19509580731391907 0.3683581054210663
0.24366939067840576 0.3630424737930298
-0.09446227550506592 0.39449256658554077
-0.10468053817749023 0.3968132734298706
