-0.07629811763763428 0.3527403771877289
-0.16746437549591064 0.3931884467601776
-0.0937490463256836 0.35439661145210266
-0.10045260190963745 0.35623782873153687
-0.020977139472961426 0.3371327221393585
-0.25711357593536377 0.4038386046886444
-0.06550300121307373 0.35031574964523315
-0.020977139472961426 0.3371327221393585
-0.25311219692230225 0.40332159399986267
-0.16639602184295654 0.39141619205474854
-0.022620081901550293 0.3382866084575653
-0.05865907669067383 0.33952900767326355
-0.019800841808319092 0.33676791191101074
-0.018720269203186035 0.3365882635116577
-0.05515998601913452 0.3392696976661682
-0.09768021106719971 0.3549533486366272
-0.15340173244476318 0.39118269085884094
-0.09942173957824707 0.355214387178421
-0.11180633306503296 0.35830414295196533
-0.025188148021697998 0.3387286961078644
-0.25072598457336426 0.4021362364292145
-0.2486324906349182 0.3985055387020111
-0.02096700668334961 0.33710500597953796
-0.10163223743438721 0.3567482531070709
-0.021039962768554688 0.3377193212509155
-0.020771026611328125 0.3370290994644165
-0.09932458400726318 0.35509246587753296
-0.08218604326248169 0.3537636697292328
-0.020977139472961426 0.3371327221393585
-0.18385857343673706 0.3951936364173889
-0.13377368450164795 0.3823256194591522
-0.13289177417755127 0.36587414145469666
-0.1780436635017395 0.39384689927101135
-0.16935813426971436 0.3937356472015381
-0.08677691221237183 0.35420671105384827
-0.07518237829208374 0.35210758447647095
-0.09286022186279297 0.3543941378593445
-0.09878730773925781 0.3550674021244049
-0.024161100387573242 0.3385767936706543
-0.025188148021697998 0.3387286961078644
-0.11524808406829834 0.3597079813480377
-0.2525901198387146 0.40284988284111023
-0.24898207187652588 0.4009409546852112
-0.02045261859893799 0.3370118737220764
-0.08505243062973022 0.3539960980415344
-0.17969459295272827 0.39406999945640564
-0.019800841808319092 0.33676791191101074
-0.25072598457336426 0.4021362364292145
-0.07629811763763428 0.3527403771877289
-0.12020182609558105 0.3604543209075928
-0.07723510265350342 0.35323968529701233
-0.14818263053894043 0.3892407715320587
-0.2034238576889038 0.39524784684181213
-0.18111836910247803 0.3941790759563446
-0.10481488704681396 0.35800328850746155
-0.14147412776947021 0.3892163336277008
-0.09279525279998779 0.35426485538482666
-0.25072598457336426 0.4021362364292145
-0.12165915966033936 0.360762357711792
-0.18251043558120728 0.3942386209964752
-0.10011088848114014 0.3553447127342224
-0.09655880928039551 0.35465073585510254
-0.0798109769821167 0.3535119593143463
-0.25311219692230225 0.40332159399986267
-0.11191368103027344 0.35864323377609253
-0.2525901198387146 0.40284988284111023
-0.017218172550201416 0.3361823856830597
-0.25142771005630493 0.4026137888431549
-0.2511322498321533 0.40243783593177795
-0.0784408450126648 0.3533167541027069
-0.11180633306503296 0.35830414295196533
-0.022479474544525146 0.3380918800830841
-0.07995718717575073 0.353545218706131
-0.019870519638061523 0.33686551451683044
