-0.1709863543510437 0.39024847745895386
-0.20528173446655273 0.41048464179039
-0.17252826690673828 0.39051350951194763
-0.05319923162460327 0.3736899495124817
-0.20499324798583984 0.41001877188682556
-0.20612865686416626 0.4113675653934479
-0.22035431861877441 0.42180776596069336
-0.17252826690673828 0.39051350951194763
-0.1709703803062439 0.3900401294231415
-0.05319923162460327 0.3736899495124817
-0.2021242380142212 0.4080456793308258
-0.1709703803062439 0.3900401294231415
-0.1940191388130188 0.3964090347290039
-0.21951234340667725 0.42165422439575195
-0.1977967619895935 0.40289708971977234
-0.17993003129959106 0.3915855586528778
-0.21543532609939575 0.4208453595638275
-0.15373015403747559 0.38928624987602234
-0.021306276321411133 0.3598036468029022
-0.18150728940963745 0.39243993163108826
-0.05551338195800781 0.3771122395992279
-0.11311167478561401 0.3883381187915802
-0.20051777362823486 0.4067917764186859
-0.20925617218017578 0.4164895713329315
-0.20786285400390625 0.41503167152404785
-0.21076303720474243 0.4176223874092102
-0.1988247036933899 0.40488967299461365
-0.05435311794281006 0.37586307525634766
-0.1768360733985901 0.3912791311740875
-0.20642715692520142 0.41335707902908325
-0.19351261854171753 0.3925979733467102
-0.22314339876174927 0.4223479926586151
-0.1768360733985901 0.3912791311740875
-0.20925617218017578 0.4164895713329315
-0.012767672538757324 0.3520697057247162
-0.20355844497680664 0.40903693437576294
-0.17993003129959106 0.3915855586528778
-0.20051777362823486 0.4067917764186859
-0.20579874515533447 0.4113013744354248
-0.1988247036933899 0.40488967299461365
-0.0759209394454956 0.3845004141330719
-0.0653160810470581 0.38084015250205994
-0.1988247036933899 0.40488967299461365
-0.1988247036933899 0.40488967299461365
-0.2083645462989807 0.4153667092323303
3.507733345031738e-05 0.3484136462211609
-0.2043716311454773 0.40977659821510315
-0.20710647106170654 0.41386085748672485
-0.19665074348449707 0.4019639194011688
-0.05551338195800781 0.3771122395992279
-0.05435311794281006 0.37586307525634766
-0.1942560076713562 0.3980773091316223
-0.17288953065872192 0.39087241888046265
0.012360364198684692 0.34098735451698303
-0.011419415473937988 0.352059543132782
-0.046040892601013184 0.3685109615325928
-0.026006579399108887 0.3613126277923584
-0.19665074348449707 0.4019639194011688
-0.006055712699890137 0.3512497544288635
-0.19500833749771118 0.3990822732448578
-0.04559123516082764 0.3678056597709656
-0.22314339876174927 0.4223479926586151
-0.06728482246398926 0.381977915763855
-0.009016931056976318 0.3515695035457611
-0.08661186695098877 0.3855559527873993
-0.2021242380142212 0.4080456793308258
-0.020306110382080078 0.3571068346500397
0.002062976360321045 0.3473357558250427
-0.20627659559249878 0.41279301047325134
-0.06265562772750854 0.38061949610710144
-0.026977956295013428 0.36267614364624023
-0.21543532609939575 0.4208453595638275
-0.002398371696472168 0.34916236996650696
-0.004127085208892822 0.35025209188461304
-0.08820724487304688 0.3865339756011963
-0.0221482515335083 0.36011090874671936
-0.03149747848510742 0.36447393894195557
-0.2053471803665161 0.41127443313598633
-0.19373559951782227 0.39631399512290955
-0.05319923162460327 0.3736899495124817
-0.17768943309783936 0.39158138632774353
-0.08329278230667114 0.38474902510643005
3.507733345031738e-05 0.3484136462211609
-0.15606772899627686 0.38981950283050537
-0.05768561363220215 0.37802329659461975
-0.19629275798797607 0.40166211128234863
-0.0371478796005249 0.36706265807151794
-0.01321101188659668 0.3547157347202301
-0.013205349445343018 0.35286757349967957
-0.06885659694671631 0.3827616274356842
-0.0699816346168518 0.3832570016384125
-0.15373015403747559 0.38928624987602234
-0.1951366662979126 0.40000706911087036
-0.11311167478561401 0.3883381187915802
-0.19992250204086304 0.40550753474235535
-0.2105238437652588 0.4174613058567047
0.00881725549697876 0.34431278705596924
0.003770381212234497 0.34609782695770264
-0.0596613883972168 0.3794674575328827
-0.21951234340667725 0.42165422439575195
0.009917914867401123 0.3436752259731293
-0.09961497783660889 0.38758838176727295
-0.020378172397613525 0.35880690813064575
-0.21269923448562622 0.4192925989627838
0.002062976360321045 0.3473357558250427
-0.18150728940963745 0.39243993163108826
0.006496161222457886 0.345018595457077
-0.19799864292144775 0.4031299650669098
0.004884898662567139 0.3460504412651062
-0.050147294998168945 0.3689406216144562
-0.19351261854171753 0.3925979733467102
-0.12543272972106934 0.38923823833465576
-0.1988247036933899 0.40488967299461365
-0.09388625621795654 0.38742801547050476
-0.21194028854370117 0.418262779712677
-0.07310974597930908 0.38393229246139526
