-0.4110185503959656 0.374627947807312
-0.41063815355300903 0.3737329840660095
-0.4110185503959656 0.374627947807312
-0.4120658040046692 0.3760627806186676
-0.22999393939971924 0.3042040467262268
-0.2533308267593384 0.35943979024887085
-0.24414598941802979 0.35310235619544983
-0.24540305137634277 0.35388442873954773
-0.28116732835769653 0.36550721526145935
-0.41052180528640747 0.37363800406455994
-0.41408199071884155 0.3787248134613037
-0.4110185503959656 0.374627947807312
-0.4110185503959656 0.374627947807312
-0.25448906421661377 0.35991427302360535
-0.4120658040046692 0.3760627806186676
-0.4137387275695801 0.3782128095626831
-0.24558979272842407 0.35413476824760437
-0.4150158762931824 0.37906062602996826
-0.4155387878417969 0.37963399291038513
-0.4150158762931824 0.37906062602996826
-0.23755139112472534 0.3061322867870331
-0.2989492416381836 0.3702392280101776
-0.38271939754486084 0.37310007214546204
-0.24217462539672852 0.35237061977386475
-0.41232895851135254 0.3772890865802765
-0.4109717607498169 0.37456536293029785
-0.3654273748397827 0.3724985718727112
-0.3278234601020813 0.37155428528785706
-0.3433524966239929 0.37187233567237854
-0.41078877449035645 0.3742290437221527
-0.25549912452697754 0.36036184430122375
-0.24126660823822021 0.349968820810318
-0.259454607963562 0.36218175292015076
-0.28506314754486084 0.36868733167648315
-0.2843247652053833 0.3682878613471985
-0.2348310947418213 0.3059757947921753
-0.42027413845062256 0.3813638389110565
-0.25605088472366333 0.3611273467540741
-0.250629186630249 0.3574170172214508
-0.2424735426902771 0.3527531623840332
-0.23076796531677246 0.30568358302116394
-0.2714735269546509 0.365043967962265
-0.41296160221099854 0.37792617082595825
-0.21981346607208252 0.30232900381088257
-0.24157869815826416 0.35086339712142944
-0.28582823276519775 0.3689546287059784
-0.28201067447662354 0.3667331635951996
-0.27132654190063477 0.3639563024044037
-0.41078877449035645 0.3742290437221527
-0.41078877449035645 0.3742290437221527
-0.2933464050292969 0.36931368708610535
-0.4207289218902588 0.38255301117897034
-0.2523946166038513 0.35788360238075256
-0.3438815474510193 0.37234294414520264
-0.25892889499664307 0.3616437613964081
-0.4202294945716858 0.3808039724826813
-0.41078877449035645 0.3742290437221527
-0.29747748374938965 0.36941733956336975
-0.2610703110694885 0.36279019713401794
-0.4206462502479553 0.38225674629211426
-0.2502524256706238 0.35724326968193054
-0.2301015853881836 0.3043327331542969
-0.23755139112472534 0.3061322867870331
-0.411173939704895 0.37590253353118896
-0.2533308267593384 0.35943979024887085
-0.41115355491638184 0.37489593029022217
-0.4150158762931824 0.37906062602996826
-0.27468615770339966 0.36522623896598816
-0.41078877449035645 0.3742290437221527
-0.29888272285461426 0.37022700905799866
-0.41761326789855957 0.3803611397743225
-0.4139098525047302 0.3782321512699127
-0.24126660823822021 0.349968820810318
-0.41050755977630615 0.3735397756099701
-0.22687256336212158 0.30352330207824707
-0.29254674911499023 0.36909040808677673
-0.2581867575645447 0.36150452494621277
-0.2515450716018677 0.35783103108406067
-0.41115355491638184 0.37489593029022217
-0.2826140522956848 0.36710789799690247
-0.41050755977630615 0.3735397756099701
-0.22808051109313965 0.3040100336074829
-0.2458675503730774 0.35558900237083435
-0.41630810499191284 0.3798518776893616
-0.24947047233581543 0.3567608892917633
-0.41213834285736084 0.37629008293151855
-0.2546043395996094 0.36032649874687195
-0.25309109687805176 0.35817989706993103
-0.2515450716018677 0.35783103108406067
-0.28190767765045166 0.36581388115882874
-0.4150158762931824 0.37906062602996826
-0.2976897954940796 0.36980757117271423
-0.31312429904937744 0.37138423323631287
-0.24746400117874146 0.3563963770866394
-0.4150158762931824 0.37906062602996826
-0.24524223804473877 0.3538650572299957
-0.4168551564216614 0.38011640310287476
-0.24003136157989502 0.3473886549472809
