-0.06503784656524658 0.3703400492668152
-0.036104023456573486 0.3614839017391205
-0.03310561180114746 0.3594079911708832
0.04065150022506714 0.33317604660987854
-0.181460440158844 0.37813594937324524
-0.022566795349121094 0.3464718163013458
0.01760554313659668 0.33601826429367065
-0.11368227005004883 0.37638458609580994
-0.18088948726654053 0.3777380883693695
-0.06999760866165161 0.3737235963344574
-0.09101057052612305 0.373788446187973
-0.02841871976852417 0.3540441393852234
-0.10192275047302246 0.37477532029151917
-0.024554133415222168 0.34890833497047424
-0.11011028289794922 0.3754229247570038
-0.02776545286178589 0.351889431476593
-0.02865469455718994 0.355548620223999
-0.02865469455718994 0.355548620223999
-0.02865469455718994 0.355548620223999
-0.05476498603820801 0.366487592458725
0.02632439136505127 0.3359138071537018
0.03204536437988281 0.3351577818393707
0.03428897261619568 0.3340848386287689
0.03428897261619568 0.3340848386287689
-0.05706298351287842 0.3676813542842865
-0.09526181221008301 0.37476861476898193
-0.048384785652160645 0.36508259177207947
-0.029476165771484375 0.35665154457092285
-0.038469791412353516 0.36179161071777344
-0.03890293836593628 0.3626457154750824
-0.11195975542068481 0.37605512142181396
-0.060277581214904785 0.36918386816978455
-0.053794801235198975 0.36526304483413696
-0.06083214282989502 0.37003251910209656
-0.06023287773132324 0.3685026466846466
-0.05425679683685303 0.3654894530773163
-0.040431976318359375 0.3631114363670349
-0.06647294759750366 0.37188011407852173
0.03676760196685791 0.3333369195461273
-0.02502232789993286 0.34949204325675964
-0.036104023456573486 0.3614839017391205
-0.06752139329910278 0.3725239932537079
-0.06334424018859863 0.37015479803085327
-0.06524986028671265 0.37044522166252136
-0.04266238212585449 0.36386963725090027
-0.03130209445953369 0.3585587441921234
-0.03130209445953369 0.3585587441921234
-0.06998074054718018 0.3730444014072418
-0.06998074054718018 0.3730444014072418
-0.04191392660140991 0.36343514919281006
-0.046006083488464355 0.3649655878543854
-0.027444124221801758 0.3512890934944153
-0.04382753372192383 0.36432695388793945
-0.03429853916168213 0.3599618375301361
-0.05863797664642334 0.3680651783943176
-0.0299452543258667 0.35711678862571716
-0.0299452543258667 0.35711678862571716
-0.06552529335021973 0.37101003527641296
-0.026768803596496582 0.35090455412864685
0.027691543102264404 0.3357239067554474
-0.09208875894546509 0.3741561770439148
-0.09208875894546509 0.3741561770439148
-0.025372743606567383 0.35007891058921814
-0.025777459144592285 0.35045912861824036
-0.030694127082824707 0.35787490010261536
-0.044575512409210205 0.3646666705608368
-0.03345656394958496 0.35951510071754456
-0.06600606441497803 0.3714628219604492
-0.06860053539276123 0.37277549505233765
-0.0353313684463501 0.3603174090385437
-0.032534122467041016 0.35924652218818665
-0.0320625901222229 0.3588496446609497
-0.0320625901222229 0.3588496446609497
-0.03023594617843628 0.35766884684562683
-0.035880088806152344 0.3609839677810669
0.02995234727859497 0.3355114459991455
0.03632473945617676 0.3340417444705963
0.03657543659210205 0.33370670676231384
-0.0354313850402832 0.36074742674827576
0.03035515546798706 0.3354150354862213
-0.09362071752548218 0.37452659010887146
-0.05821877717971802 0.3677375018596649
-0.09331375360488892 0.3744526505470276
