-0.2833254337310791 0.3735775947570801
-0.2833254337310791 0.3735775947570801
0.04269254207611084 0.358384907245636
0.04269254207611084 0.358384907245636
-0.36050355434417725 0.38565534353256226
-0.3381391763687134 0.37574562430381775
-0.3507857322692871 0.3834856450557709
-0.3381950855255127 0.37622350454330444
-0.3381391763687134 0.37574562430381775
-0.2962455153465271 0.3756706714630127
-0.2833254337310791 0.3735775947570801
-0.2833254337310791 0.3735775947570801
-0.36050355434417725 0.38565534353256226
-0.34071576595306396 0.3789447844028473
0.000993579626083374 0.3722206950187683
-0.00177842378616333 0.37240085005760193
0.033293724060058594 0.3641524016857147
0.01867818832397461 0.36978480219841003
0.031013011932373047 0.36660492420196533
-0.288832426071167 0.37490588426589966
-0.3607500195503235 0.3864060044288635
0.015321195125579834 0.3703538775444031
-0.2833254337310791 0.3735775947570801
-0.2833254337310791 0.3735775947570801
-0.3588925004005432 0.38565418124198914
-0.34572088718414307 0.3827047049999237
-0.0036031603813171387 0.3727448284626007
-0.3627610206604004 0.38702577352523804
-0.3381391763687134 0.37574562430381775
0.03317040205001831 0.3661254644393921
-0.3477407693862915 0.38333579897880554
-0.29056811332702637 0.374961793422699
-0.34074991941452026 0.3800900876522064
0.0296037495136261 0.36733561754226685
-0.015387773513793945 0.3734996020793915
0.04237595200538635 0.35981497168540955
-0.2833254337310791 0.3735775947570801
0.020895451307296753 0.36953312158584595
0.02342003583908081 0.36888495087623596
0.010496854782104492 0.3711220622062683
-0.36440324783325195 0.38750001788139343
0.007520020008087158 0.3713706433773041
-0.35885608196258545 0.3845583200454712
-0.36050355434417725 0.38565534353256226
0.04162555932998657 0.36246025562286377
-0.34494197368621826 0.3816852569580078
0.010832071304321289 0.37091392278671265
0.011478662490844727 0.3708493411540985
-0.012628793716430664 0.37307754158973694
-0.2833254337310791 0.3735775947570801
-0.36538058519363403 0.38803696632385254
0.043814897537231445 0.3581012189388275
-0.29056811332702637 0.374961793422699
0.005150020122528076 0.37166187167167664
-0.35885608196258545 0.3845583200454712
-0.33835625648498535 0.37798431515693665
-0.3394649624824524 0.37857186794281006
-0.3409026861190796 0.38047489523887634
-0.3381391763687134 0.37574562430381775
-0.3381950855255127 0.37622350454330444
0.014224767684936523 0.3704436421394348
0.01867818832397461 0.36978480219841003
-0.35307228565216064 0.38450074195861816
-0.2833254337310791 0.3735775947570801
-0.2833254337310791 0.3735775947570801
-0.34174853563308716 0.3811269700527191
0.015321195125579834 0.3703538775444031
0.026101112365722656 0.36832720041275024
0.034794628620147705 0.36309361457824707
-0.007012128829956055 0.3728496730327606
-0.3409879207611084 0.38053733110427856
0.013881027698516846 0.37058237195014954
0.022406071424484253 0.36912307143211365
-0.2833254337310791 0.3735775947570801
-0.28873175382614136 0.3744363486766815
0.026101112365722656 0.36832720041275024
-0.33953315019607544 0.3789021372795105
-0.33953315019607544 0.3789021372795105
-0.34569060802459717 0.38199383020401
0.023836404085159302 0.3684318959712982
-0.2962455153465271 0.3756706714630127
-0.3409879207611084 0.38053733110427856
-0.28566181659698486 0.37372803688049316
0.020895451307296753 0.36953312158584595
0.01616165041923523 0.3702733516693115
-0.28586798906326294 0.3743094205856323
-0.2833254337310791 0.3735775947570801
-0.3524479269981384 0.38375917077064514
-0.35885608196258545 0.3845583200454712
0.04269254207611084 0.358384907245636
-0.3507857322692871 0.3834856450557709
0.02837449312210083 0.3677304685115814
0.011478662490844727 0.3708493411540985
0.017530620098114014 0.37005874514579773
