-0.1951935887336731 0.37401166558265686
-0.1951935887336731 0.37401166558265686
0.08166146278381348 0.3646107017993927
0.08087688684463501 0.3650552034378052
-0.23147296905517578 0.38672950863838196
0.0777173638343811 0.3664080798625946
0.07556673884391785 0.3668828010559082
0.05400624871253967 0.37220343947410583
-0.021563410758972168 0.3723669946193695
0.08442997932434082 0.36343148350715637
0.08633720874786377 0.36229556798934937
0.0859830379486084 0.3623138964176178
0.07902321219444275 0.3658025860786438
0.0759468674659729 0.36677438020706177
0.0831051766872406 0.36452481150627136
-0.19527006149291992 0.3766431510448456
-0.208692729473114 0.3798206150531769
0.08116674423217773 0.36472806334495544
0.06676691770553589 0.3698280453681946
-0.1951935887336731 0.37401166558265686
0.08825096487998962 0.3601016402244568
0.08128252625465393 0.3647245168685913
0.06324118375778198 0.3705030381679535
0.07990336418151855 0.3654664158821106
0.08745485544204712 0.36164936423301697
0.07649677991867065 0.3664570152759552
0.0761164128780365 0.36664247512817383
0.07568985223770142 0.366781622171402
0.06323990225791931 0.37120088934898376
-0.1951935887336731 0.37401166558265686
-0.20011579990386963 0.3771807849407196
-0.23519617319107056 0.3870043456554413
0.07117778062820435 0.36867889761924744
0.08654385805130005 0.36214694380760193
0.07866552472114563 0.36596983671188354
-0.21078336238861084 0.3815242350101471
0.07990336418151855 0.3654664158821106
0.07285931706428528 0.3680076599121094
0.08688881993293762 0.36199676990509033
0.08058720827102661 0.3654620051383972
0.08688881993293762 0.36199676990509033
-0.0820665955543518 0.37291932106018066
0.0797690749168396 0.36579644680023193
0.08885806798934937 0.3595116436481476
0.07727810740470886 0.36643892526626587
0.08325278759002686 0.3640618324279785
0.07866552472114563 0.36596983671188354
-0.21758246421813965 0.3832077980041504
-0.22041159868240356 0.38448816537857056
-0.23532062768936157 0.38702642917633057
0.08442997932434082 0.36343148350715637
0.08633720874786377 0.36229556798934937
-0.006888747215270996 0.3723123371601105
0.0842636227607727 0.363634318113327
0.0739041268825531 0.3671557605266571
-0.08755373954772949 0.37342995405197144
-0.08011102676391602 0.3724346160888672
0.08174329996109009 0.36460691690444946
0.08810317516326904 0.3612602651119232
-0.21414363384246826 0.38279977440834045
-0.2268686294555664 0.3859044313430786
-0.08825135231018066 0.37395355105400085
-0.08443880081176758 0.37339699268341064
-0.21078336238861084 0.3815242350101471
0.06354117393493652 0.3702801465988159
-0.2091919183731079 0.3811184763908386
0.08103930950164795 0.36495935916900635
0.0739041268825531 0.3671557605266571
0.06888210773468018 0.3694130778312683
0.07566732168197632 0.36682841181755066
0.06446570158004761 0.3701492249965668
-0.21510517597198486 0.3831323981285095
0.07329690456390381 0.3677816390991211
-0.08755373954772949 0.37342995405197144
-0.22379016876220703 0.3851340711116791
-0.23547601699829102 0.38704830408096313
0.08585906028747559 0.3633584678173065
0.0780310332775116 0.36615410447120667
-0.22602665424346924 0.38548144698143005
-0.24261319637298584 0.38711848855018616
0.06676691770553589 0.3698280453681946
-0.22239840030670166 0.3848191499710083
