-0.41914093494415283 0.3930545449256897
-0.0675044059753418 0.36096394062042236
-0.41914093494415283 0.3930545449256897
-0.1460658311843872 0.372665673494339
-0.4191945791244507 0.39355477690696716
-0.41914093494415283 0.3930545449256897
-0.0675044059753418 0.36096394062042236
-0.17084592580795288 0.37909775972366333
-0.41959935426712036 0.3950222134590149
-0.4193013906478882 0.3939947187900543
-0.17926514148712158 0.3843420743942261
-0.10268688201904297 0.36924275755882263
-0.0675044059753418 0.36096394062042236
-0.2221769094467163 0.38998943567276
-0.42921358346939087 0.4031532406806946
-0.11573237180709839 0.37056705355644226
-0.09801167249679565 0.3688680827617645
-0.42701172828674316 0.4017329812049866
-0.2087404727935791 0.38927924633026123
-0.35849225521087646 0.39098605513572693
-0.17084592580795288 0.37909775972366333
-0.23744457960128784 0.3905608654022217
-0.18579483032226562 0.3865639865398407
-0.419700562953949 0.3950711190700531
-0.07943922281265259 0.36675751209259033
-0.14105230569839478 0.37245967984199524
-0.18411004543304443 0.38627925515174866
-0.19184917211532593 0.38706284761428833
-0.4202900528907776 0.3960409164428711
-0.423276424407959 0.3979191184043884
-0.17992806434631348 0.38515621423721313
-0.17957007884979248 0.38483723998069763
-0.121734619140625 0.37208449840545654
-0.15359175205230713 0.37279364466667175
-0.11115783452987671 0.3699420988559723
-0.13839352130889893 0.3722390830516815
-0.42694711685180664 0.4013965129852295
-0.1460658311843872 0.372665673494339
-0.4229552745819092 0.3965986669063568
-0.1829032301902771 0.38545331358909607
-0.41099870204925537 0.39175066351890564
-0.1514190435409546 0.37275421619415283
-0.1438542604446411 0.37254685163497925
-0.1043701171875 0.36982443928718567
-0.1835564374923706 0.3858887851238251
-0.425850510597229 0.3983422815799713
-0.08220374584197998 0.3669709861278534
-0.11579346656799316 0.3709888458251953
-0.18108105659484863 0.3853703737258911
-0.1027299165725708 0.3695535659790039
-0.23130148649215698 0.3902488350868225
-0.1829032301902771 0.38545331358909607
-0.07943922281265259 0.36675751209259033
-0.35672521591186523 0.39081257581710815
-0.09411996603012085 0.36882317066192627
-0.11798709630966187 0.3717104196548462
-0.4230921268463135 0.3966996669769287
-0.419700562953949 0.3950711190700531
-0.4191945791244507 0.39355477690696716
-0.08604860305786133 0.3679758906364441
-0.20048344135284424 0.3881046772003174
-0.0835714340209961 0.36788734793663025
-0.4288793206214905 0.4026373326778412
-0.19659632444381714 0.38718074560165405
-0.18579483032226562 0.3865639865398407
-0.09378141164779663 0.36873072385787964
-0.17808127403259277 0.3838678300380707
-0.4194568991661072 0.39459335803985596
-0.17266631126403809 0.381077378988266
-0.21160626411437988 0.389507919549942
-0.41914093494415283 0.3930545449256897
-0.3626711368560791 0.3911648392677307
-0.4229552745819092 0.3965986669063568
-0.13687485456466675 0.3721189796924591
-0.23211216926574707 0.3904631733894348
-0.4287949800491333 0.4023262560367584
-0.42087477445602417 0.3961876332759857
-0.21618199348449707 0.38987109065055847
-0.4197953939437866 0.3956080973148346
-0.16710984706878662 0.37547430396080017
-0.06975477933883667 0.3647812306880951
-0.4109436273574829 0.39122164249420166
-0.20421195030212402 0.3889051675796509
-0.1879468560218811 0.3867940604686737
-0.2221769094467163 0.38998943567276
-0.4193013906478882 0.3939947187900543
-0.4262475371360779 0.40113845467567444
-0.11361277103424072 0.37037521600723267
-0.17790955305099487 0.38201361894607544
-0.11230146884918213 0.3701724410057068
