0.024188339710235596 0.3644365966320038
-0.18379592895507812 0.38785240054130554
0.10075587034225464 0.3579311966896057
0.09094151854515076 0.3610118329524994
-0.16915851831436157 0.3866349160671234
-0.1233673095703125 0.3866048753261566
-0.04459834098815918 0.3709152638912201
-0.05296123027801514 0.37634024024009705
0.02208581566810608 0.3647822141647339
-0.04589641094207764 0.3738105297088623
0.009498149156570435 0.366592139005661
0.0738781988620758 0.362064391374588
-0.00909733772277832 0.3681797683238983
-0.039694011211395264 0.36831894516944885
-0.04698300361633301 0.3746696412563324
0.052712857723236084 0.36280712485313416
-0.06037259101867676 0.37769588828086853
0.041109442710876465 0.3638591170310974
0.04721444845199585 0.3632673919200897
-0.042591094970703125 0.36943379044532776
0.029217511415481567 0.36435577273368835
0.07696834206581116 0.36127111315727234
-0.07056641578674316 0.38231244683265686
-0.06944131851196289 0.38115325570106506
-0.07845896482467651 0.38344094157218933
0.001903533935546875 0.3666629195213318
-0.07957911491394043 0.3841669261455536
-0.1714901328086853 0.3869558274745941
0.0282859206199646 0.36441969871520996
-0.06521540880203247 0.37889355421066284
-0.06521540880203247 0.37889355421066284
-0.11701381206512451 0.3863488435745239
-0.11701381206512451 0.3863488435745239
-0.17923390865325928 0.38763460516929626
0.07696625590324402 0.3613626956939697
-0.0068656206130981445 0.36783310770988464
-0.07509022951126099 0.3830089271068573
-0.07509022951126099 0.3830089271068573
-0.07509022951126099 0.3830089271068573
-0.07509022951126099 0.3830089271068573
-0.07509022951126099 0.3830089271068573
-0.07509022951126099 0.3830089271068573
-0.07509022951126099 0.3830089271068573
-0.07509022951126099 0.3830089271068573
-0.06332671642303467 0.37833142280578613
-0.0666813850402832 0.3796480894088745
-0.17453038692474365 0.3872755169868469
-0.08314502239227295 0.38439327478408813
-0.0009677410125732422 0.3670712411403656
-0.0679934024810791 0.38021713495254517
-0.0027840137481689453 0.3677375614643097
0.0526164174079895 0.3629285991191864
-0.040750980377197266 0.36873745918273926
-0.10058164596557617 0.38588854670524597
-0.10386168956756592 0.3860590159893036
-0.1106957197189331 0.3862847685813904
-0.09775447845458984 0.38570529222488403
-0.12022113800048828 0.3864433467388153
-0.06647765636444092 0.3792978823184967
-0.0422673225402832 0.3690822422504425
-0.0729600191116333 0.3825705051422119
-0.0729600191116333 0.3825705051422119
-0.08544468879699707 0.3846140205860138
-0.001498103141784668 0.3673569858074188
-0.1774054765701294 0.38740137219429016
-0.08664953708648682 0.3848906457424164
-0.09494245052337646 0.38550952076911926
-0.06364685297012329 0.3784331679344177
-0.06364685297012329 0.3784331679344177
-0.0689430832862854 0.3807789087295532
-0.1070941686630249 0.3861798942089081
-0.1070941686630249 0.3861798942089081
-0.1070941686630249 0.3861798942089081
-0.08925008773803711 0.38498958945274353
-0.08925008773803711 0.38498958945274353
-0.07404565811157227 0.3828127086162567
-0.06850361824035645 0.38050174713134766
-0.09345817565917969 0.38538265228271484
-0.09064501523971558 0.38515546917915344
-0.09064501523971558 0.38515546917915344
-0.09186720848083496 0.3852585256099701
