-0.21204423904418945 0.4047574996948242
-0.2115248441696167 0.40256577730178833
-0.21426182985305786 0.4078887104988098
-0.21274399757385254 0.4064933955669403
0.023492872714996338 0.3918685019016266
-0.21538347005844116 0.411072313785553
-0.21465319395065308 0.40924498438835144
-0.2166980504989624 0.4126081168651581
-0.09869682788848877 0.40009936690330505
-0.016621649265289307 0.3952029049396515
0.12417986989021301 0.38313356041908264
-0.2156274914741516 0.41141483187675476
-0.21426182985305786 0.4078887104988098
-0.21153604984283447 0.4042099416255951
0.10714474320411682 0.38643375039100647
-0.215076744556427 0.4105393588542938
-0.08001011610031128 0.3966430127620697
0.13424170017242432 0.3570971190929413
0.12277483940124512 0.38314709067344666
0.12277483940124512 0.38314709067344666
-0.09927451610565186 0.40090328454971313
0.10649368166923523 0.386525958776474
0.09352901577949524 0.38807255029678345
-0.2117760181427002 0.40424981713294983
0.06815335154533386 0.3890727758407593
-0.2268233299255371 0.414874792098999
0.122007817029953 0.3836139142513275
-0.21573495864868164 0.4115906357765198
0.11516767740249634 0.3852047622203827
-0.2162027359008789 0.4121457040309906
0.02552652359008789 0.3916376531124115
0.07885760068893433 0.38898560404777527
0.06521499156951904 0.389526903629303
-0.21222853660583496 0.4054475724697113
0.11957362294197083 0.384207546710968
-0.21204423904418945 0.4047574996948242
0.05867815017700195 0.38991019129753113
-0.11225008964538574 0.40158501267433167
0.11047661304473877 0.3862299621105194
0.10425251722335815 0.387035608291626
0.0944356918334961 0.3880569636821747
-0.2179938554763794 0.4140032231807709
0.017903268337249756 0.39254483580589294
0.023118704557418823 0.392153799533844
-0.091702401638031 0.3996216356754303
-0.027779996395111084 0.39649781584739685
-0.2202451229095459 0.4144061207771301
0.10281640291213989 0.3876316547393799
-0.020264148712158203 0.39541110396385193
0.1332489550113678 0.37716144323349
-0.21699249744415283 0.4128051698207855
0.1137927770614624 0.38561150431632996
0.12846457958221436 0.3823736906051636
-0.08606666326522827 0.39841705560684204
-0.2123192548751831 0.40577951073646545
0.11487525701522827 0.38554760813713074
-0.21453285217285156 0.40873533487319946
-0.2115248441696167 0.40256577730178833
-0.21465319395065308 0.40924498438835144
-0.11321306228637695 0.40193891525268555
0.1057390570640564 0.3868034780025482
-0.21472573280334473 0.40964290499687195
0.06662529706954956 0.38924089074134827
0.1137927770614624 0.38561150431632996
-0.012665927410125732 0.39428406953811646
0.11815160512924194 0.38462767004966736
-0.022001981735229492 0.3956705629825592
0.027198374271392822 0.3907966613769531
-0.01553112268447876 0.39428579807281494
-0.21285909414291382 0.4074946939945221
0.1253320276737213 0.3830704391002655
0.09023812413215637 0.3883231580257416
0.12098550796508789 0.38386908173561096
-0.09788978099822998 0.3997766673564911
-0.2156274914741516 0.41141483187675476
0.05450332164764404 0.3907378315925598
-0.004512190818786621 0.39427945017814636
-0.21439480781555176 0.40850088000297546
0.13415062427520752 0.3750496506690979
-0.21486800909042358 0.41008010506629944
-0.10091817378997803 0.40149059891700745
0.10835939645767212 0.38634005188941956
0.11202722787857056 0.38578274846076965
