-0.16896212100982666 0.37734347581863403
-0.16772383451461792 0.3767216205596924
-0.17545807361602783 0.38148555159568787
-0.16170716285705566 0.3689965009689331
-0.1731722354888916 0.38084104657173157
-0.18639981746673584 0.384336918592453
-0.17081832885742188 0.37896034121513367
-0.16114550828933716 0.3675835430622101
-0.16613686084747314 0.3750358521938324
-0.16896212100982666 0.37734347581863403
-0.20334744453430176 0.39120757579803467
-0.20153939723968506 0.38823938369750977
-0.16398608684539795 0.3733747601509094
-0.020289301872253418 0.3609386384487152
-0.16723954677581787 0.3764573037624359
-0.16114550828933716 0.3675835430622101
0.0643051266670227 0.3545456826686859
-0.16781842708587646 0.376779168844223
-0.1941918134689331 0.38632166385650635
-0.20987212657928467 0.3939647078514099
-0.21552377939224243 0.397777259349823
-0.16398608684539795 0.3733747601509094
-0.17425256967544556 0.38092055916786194
-0.20536845922470093 0.39268192648887634
0.04343134164810181 0.35897111892700195
-0.19279515743255615 0.38560253381729126
-0.191728413105011 0.3845907151699066
-0.18061888217926025 0.3833810091018677
-0.21205443143844604 0.39516833424568176
-0.16568201780319214 0.3750203549861908
-0.2124108076095581 0.3952673375606537
-0.20234006643295288 0.38884684443473816
0.09406745433807373 0.3470602035522461
-0.21080011129379272 0.39448344707489014
-0.16723954677581787 0.3764573037624359
0.08205601572990417 0.3518155515193939
0.053324490785598755 0.35739168524742126
-0.20620417594909668 0.3934743106365204
-0.08436012268066406 0.36257362365722656
-0.16935431957244873 0.37816667556762695
-0.17425256967544556 0.38092055916786194
-0.20280498266220093 0.38990873098373413
-0.17892670631408691 0.3827894926071167
-0.16398608684539795 0.3733747601509094
-0.13354671001434326 0.36449798941612244
-0.16269654035568237 0.37262335419654846
-0.18639981746673584 0.384336918592453
-0.009789526462554932 0.3603224456310272
0.0718638002872467 0.35428938269615173
-0.0164756178855896 0.36085018515586853
-0.20058715343475342 0.38769039511680603
-0.16723954677581787 0.3764573037624359
-0.17300379276275635 0.38027438521385193
-0.16398608684539795 0.3733747601509094
0.0741150975227356 0.3540077209472656
-0.17630887031555176 0.3822941482067108
-0.10539048910140991 0.36391162872314453
-0.2142733335494995 0.39596664905548096
0.045234233140945435 0.35886189341545105
-0.17545807361602783 0.38148555159568787
-0.1619126796722412 0.3716943562030792
-0.17154455184936523 0.37984171509742737
0.05588850378990173 0.3569578230381012
-0.16723954677581787 0.3764573037624359
-0.16646039485931396 0.3757285177707672
-0.13448971509933472 0.3645404279232025
-0.02285134792327881 0.3610336482524872
0.08088433742523193 0.35245075821876526
-0.1650766134262085 0.3744440972805023
0.06320714950561523 0.3549812138080597
-0.19264209270477295 0.3852654695510864
0.04058504104614258 0.35922539234161377
-0.16447973251342773 0.37384799122810364
-0.19745409488677979 0.38694053888320923
0.058115363121032715 0.356089323759079
0.04837989807128906 0.35856351256370544
-0.21519702672958374 0.3968193531036377
0.0589374303817749 0.355016827583313
-0.08634734153747559 0.3628405034542084
-0.16269654035568237 0.37262335419654846
0.050570160150527954 0.3577782213687897
-0.08905351161956787 0.3628822863101959
-0.16170716285705566 0.3689965009689331
0.08841949701309204 0.3514372408390045
-0.20311760902404785 0.3904423713684082
-0.07088887691497803 0.3617449104785919
-0.17300379276275635 0.38027438521385193
-0.1827043890953064 0.38423579931259155
-0.007650554180145264 0.3601689636707306
-0.17081832885742188 0.37896034121513367
