0.23780480027198792 0.3445412814617157
0.24274098873138428 0.34297609329223633
0.09918397665023804 0.3718777894973755
0.1282549798488617 0.36653998494148254
0.0897192656993866 0.37316182255744934
0.14623314142227173 0.3634297549724579
0.13045895099639893 0.3660902976989746
0.23780480027198792 0.3445412814617157
-0.1995410919189453 0.37971341609954834
0.1444125771522522 0.36348554491996765
0.024730831384658813 0.3766607344150543
-0.19880330562591553 0.37961527705192566
0.10673630237579346 0.37070658802986145
-0.20427930355072021 0.3824368417263031
0.019609570503234863 0.37706801295280457
0.06015011668205261 0.3761783540248871
0.09918397665023804 0.3718777894973755
0.01739823818206787 0.3774263560771942
0.1204780638217926 0.36864930391311646
0.1473718285560608 0.362632155418396
0.15207019448280334 0.36181581020355225
0.15480095148086548 0.35658207535743713
0.08142799139022827 0.37322255969047546
0.12676578760147095 0.3673524558544159
0.07193449139595032 0.3751678168773651
0.13459119200706482 0.36591437458992004
0.12878650426864624 0.3665010929107666
0.09304562211036682 0.3723662793636322
-0.19977837800979614 0.38116857409477234
0.28491076827049255 0.3427659571170807
-0.20290637016296387 0.3815893828868866
0.24274098873138428 0.34297609329223633
0.23859456181526184 0.3442802429199219
-0.20660746097564697 0.38451966643333435
0.13826695084571838 0.365071177482605
0.2365250289440155 0.34462040662765503
0.3047238290309906 0.34075507521629333
0.15469080209732056 0.3607955276966095
0.11429816484451294 0.3696015775203705
0.008616775274276733 0.37747618556022644
0.07914113998413086 0.37352898716926575
0.1416420340538025 0.36377909779548645
-0.20541822910308838 0.38434451818466187
0.14130789041519165 0.36491379141807556
0.10377770662307739 0.37114763259887695
0.11448723077774048 0.3690427541732788
-0.2043008804321289 0.38246476650238037
0.1416420340538025 0.36377909779548645
0.028331607580184937 0.37626999616622925
0.11927279829978943 0.3687828481197357
0.29475098848342896 0.3420773446559906
0.14925697445869446 0.36246952414512634
0.21449214220046997 0.3450888395309448
0.13525602221488953 0.36508908867836
0.22386282682418823 0.34497547149658203
0.12338060140609741 0.36815938353538513
0.14652585983276367 0.36318743228912354
-0.20752310752868652 0.3857383728027344
-0.19849169254302979 0.37834030389785767
0.021610885858535767 0.37675797939300537
