-0.03258544206619263 0.376798540353775
0.008745044469833374 0.37211838364601135
-0.06396710872650146 0.3860437572002411
-0.02373713254928589 0.37362655997276306
0.0363273024559021 0.37085041403770447
-0.03258544206619263 0.376798540353775
0.0363273024559021 0.37085041403770447
-0.06311559677124023 0.38597777485847473
-0.03322094678878784 0.3774131238460541
0.1430031955242157 0.35764816403388977
0.012953072786331177 0.372016042470932
-0.07145953178405762 0.39172109961509705
-0.06824517250061035 0.388170063495636
-0.008529603481292725 0.3735656142234802
0.024903595447540283 0.3716219365596771
-0.03463613986968994 0.37851306796073914
0.024903595447540283 0.3716219365596771
0.08964473009109497 0.368379682302475
-0.03701305389404297 0.37973499298095703
-0.06674492359161377 0.3878415524959564
0.07061955332756042 0.3693145215511322
-0.04523265361785889 0.3814191520214081
-0.025064468383789062 0.3754456639289856
0.06998026371002197 0.3694706857204437
-0.04848295450210571 0.3842862546443939
0.0360795259475708 0.37101301550865173
0.05898815393447876 0.3698883056640625
0.03012344241142273 0.3713238835334778
0.05275142192840576 0.3702939748764038
0.03893238306045532 0.37075525522232056
-0.008058667182922363 0.37337571382522583
0.177456796169281 0.3535197675228119
-0.032922983169555664 0.3768031597137451
0.14252209663391113 0.3577488362789154
0.1430031955242157 0.35764816403388977
0.10155972838401794 0.36348915100097656
-0.06557244062423706 0.3873283267021179
-0.032922983169555664 0.3768031597137451
0.027420997619628906 0.37152478098869324
-0.0647420883178711 0.3865082561969757
0.033431828022003174 0.3712640404701233
0.17215022444725037 0.354471892118454
0.020411044359207153 0.3718087077140808
-0.10475647449493408 0.3947128653526306
-0.09043502807617188 0.3939855694770813
0.15265196561813354 0.3570241630077362
-0.04148131608963013 0.38125285506248474
0.13434460759162903 0.35819336771965027
-0.08359205722808838 0.39325135946273804
-0.024924755096435547 0.37484776973724365
-0.039211392402648926 0.38072383403778076
0.0018079578876495361 0.37306496500968933
-0.03322094678878784 0.3774131238460541
-0.0355907678604126 0.37907126545906067
0.102200448513031 0.36335012316703796
-0.0629953145980835 0.385457843542099
-0.05427706241607666 0.38502633571624756
0.06158679723739624 0.36984580755233765
-0.06882011890411377 0.38900092244148254
0.099357008934021 0.3657183349132538
0.016897201538085938 0.3718613088130951
0.11172235012054443 0.3622601330280304
-0.05221390724182129 0.3846898674964905
-0.09873175621032715 0.3946642577648163
0.008745044469833374 0.37211838364601135
-0.02932947874069214 0.3765457272529602
0.13390493392944336 0.35972729325294495
0.04125106334686279 0.37054988741874695
0.1588781476020813 0.35666289925575256
-0.06907373666763306 0.3893827497959137
0.16720706224441528 0.3552949130535126
0.04730859398841858 0.3704119026660919
0.012953072786331177 0.372016042470932
-0.07850360870361328 0.39238205552101135
-0.038109540939331055 0.38035061955451965
0.06998026371002197 0.3694706857204437
0.17215022444725037 0.354471892118454
-0.06998306512832642 0.39126211404800415
0.17263877391815186 0.3544256389141083
0.04730859398841858 0.3704119026660919
0.1588781476020813 0.35666289925575256
0.020411044359207153 0.3718087077140808
0.027859985828399658 0.37136468291282654
-0.08120155334472656 0.3926425278186798
0.09670412540435791 0.3681275546550751
-0.06396710872650146 0.3860437572002411
-0.08753204345703125 0.3939107060432434
0.04400426149368286 0.3704627454280853
0.184465229511261 0.3504328429698944
