-0.26856398582458496 0.39731496572494507
-0.23742234706878662 0.3835703432559967
-0.24973136186599731 0.3909386992454529
-0.23742234706878662 0.3835703432559967
-0.2701027989387512 0.3981039524078369
-0.27341270446777344 0.39966946840286255
0.010013103485107422 0.3489738404750824
-0.27070868015289307 0.39839065074920654
-0.24973136186599731 0.3909386992454529
-0.25216788053512573 0.39167577028274536
-0.24027669429779053 0.3863717019557953
-0.26856398582458496 0.39731496572494507
-0.24189960956573486 0.38725587725639343
-0.2727632522583008 0.39956945180892944
-0.27341270446777344 0.39966946840286255
0.010013103485107422 0.3489738404750824
-0.23630547523498535 0.38308513164520264
-0.24189960956573486 0.38725587725639343
-0.2379860281944275 0.38493528962135315
-0.2534804344177246 0.3926944434642792
-0.24839895963668823 0.39020106196403503
-0.2710740566253662 0.3986836373806
-0.25065016746520996 0.3913438022136688
-0.25528156757354736 0.393328994512558
-0.267162561416626 0.39653825759887695
-0.23846638202667236 0.3859994411468506
-0.27001774311065674 0.39747706055641174
-0.2496076226234436 0.3908391296863556
-0.26834583282470703 0.39727911353111267
-0.267162561416626 0.39653825759887695
0.010013103485107422 0.3489738404750824
-0.24204564094543457 0.3882485032081604
-0.2714279890060425 0.39885586500167847
0.0034430623054504395 0.35371068120002747
-0.23806989192962646 0.3849925398826599
-0.24839895963668823 0.39020106196403503
0.0034430623054504395 0.35371068120002747
-0.2760094404220581 0.40096768736839294
0.0072304606437683105 0.3525668680667877
-0.23519396781921387 0.381590873003006
-0.13289707899093628 0.37809112668037415
-0.014032363891601562 0.36011072993278503
-0.24625343084335327 0.3897550106048584
-0.011775016784667969 0.35941654443740845
0.004810988903045654 0.3530336618423462
0.06632232666015625 0.33130720257759094
-0.020314574241638184 0.36108553409576416
-0.05863487720489502 0.3691454827785492
-0.03307068347930908 0.3631466329097748
0.010013103485107422 0.3489738404750824
-0.2578478455543518 0.3947211503982544
0.05278658866882324 0.3429810702800751
-0.1240740418434143 0.3757163882255554
-0.25944721698760986 0.39529892802238464
-0.0014060735702514648 0.35586047172546387
-0.2760094404220581 0.40096768736839294
-0.0014060735702514648 0.35586047172546387
-0.009998917579650879 0.3587542474269867
0.06149810552597046 0.332374632358551
-0.24061667919158936 0.38717004656791687
-0.23630845546722412 0.383475661277771
-0.2714279890060425 0.39885586500167847
-0.048779428005218506 0.3651524484157562
-0.25742971897125244 0.39434346556663513
-0.11857104301452637 0.3752676546573639
0.04335835576057434 0.34545716643333435
-0.02930206060409546 0.36271166801452637
-0.23519396781921387 0.381590873003006
-0.07401430606842041 0.3731535077095032
0.0072304606437683105 0.3525668680667877
-0.2558671236038208 0.39393314719200134
0.019316911697387695 0.3470487892627716
-0.026461124420166016 0.36175018548965454
-0.24399328231811523 0.3890795409679413
-0.06063878536224365 0.3698892593383789
-0.0038622617721557617 0.3568187654018402
0.014859318733215332 0.3474315106868744
-0.0062367916107177734 0.35828277468681335
0.04335835576057434 0.34545716643333435
0.0593106746673584 0.33442920446395874
-0.06495606899261475 0.37124043703079224
-0.2509188652038574 0.3915248215198517
-0.06733196973800659 0.3718200623989105
-0.05355018377304077 0.3667198419570923
-0.01618415117263794 0.36070719361305237
0.00785037875175476 0.3512130677700043
0.05662962794303894 0.33444157242774963
0.0014040768146514893 0.3553151786327362
-0.06063878536224365 0.3698892593383789
-0.24860131740570068 0.3907443583011627
-0.050778090953826904 0.36617836356163025
0.054999351501464844 0.34206080436706543
-0.24204564094543457 0.3882485032081604
-0.12808626890182495 0.3773442208766937
-0.1167190670967102 0.3751426637172699
0.049601465463638306 0.3434447646141052
-0.23806989192962646 0.3849925398826599
-0.054530441761016846 0.36773648858070374
-0.07022923231124878 0.37233203649520874
-0.11182761192321777 0.3735041618347168
-0.2546543478965759 0.39287862181663513
0.003026306629180908 0.35419198870658875
-0.039222002029418945 0.36361607909202576
-0.267162561416626 0.39653825759887695
0.04720205068588257 0.34474295377731323
-0.2509188652038574 0.3915248215198517
-0.25280922651290894 0.3923097550868988
-0.2627995014190674 0.3958723247051239
-0.1263059377670288 0.376932829618454
0.037734031677246094 0.3457528054714203
-0.04768514633178711 0.363789439201355
-0.05647146701812744 0.3683760166168213
0.026790738105773926 0.34694817662239075
-0.06300187110900879 0.3705427646636963
-0.24625343084335327 0.3897550106048584
