-0.2040410041809082 0.37432238459587097
-0.2001761794090271 0.37383005023002625
-0.19719833135604858 0.3725524842739105
-0.2040410041809082 0.37432238459587097
-0.1995885968208313 0.3735959231853485
-0.21997922658920288 0.3937937319278717
-0.24027132987976074 0.40962162613868713
-0.1988126039505005 0.37295183539390564
-0.22691744565963745 0.40067291259765625
-0.20536011457443237 0.3754149079322815
-0.21941649913787842 0.3930688500404358
-0.24355292320251465 0.41188105940818787
-0.21941649913787842 0.3930688500404358
-0.20521491765975952 0.3753557503223419
-0.2414093017578125 0.41033315658569336
-0.23941808938980103 0.40799593925476074
-0.12305581569671631 0.367265909910202
0.1203816831111908 0.3107762038707733
0.11650335788726807 0.3221780061721802
-0.20521491765975952 0.3753557503223419
-0.09272408485412598 0.3626173734664917
0.019200026988983154 0.3465568423271179
-0.22533226013183594 0.40062442421913147
0.08635318279266357 0.33277398347854614
-0.2414093017578125 0.41033315658569336
-0.21941649913787842 0.3930688500404358
0.09650272130966187 0.33158135414123535
0.0653235912322998 0.3403119146823883
-0.2085021734237671 0.3791312575340271
-0.23941808938980103 0.40799593925476074
0.07819786667823792 0.3343031704425812
-0.20613014698028564 0.37775373458862305
0.11662733554840088 0.32107219099998474
-0.24355292320251465 0.41188105940818787
0.02715250849723816 0.34623706340789795
0.08820986747741699 0.3326471447944641
-0.2389589548110962 0.40534862875938416
0.07323342561721802 0.33783799409866333
-0.19342660903930664 0.3719904124736786
-0.21941649913787842 0.3930688500404358
-0.22135305404663086 0.3976448178291321
0.11152198910713196 0.32314202189445496
0.10099107027053833 0.33126866817474365
-0.22135305404663086 0.3976448178291321
0.06020152568817139 0.3409852981567383
-0.11440491676330566 0.3648146986961365
-0.222808837890625 0.39912480115890503
-0.22074341773986816 0.39584699273109436
0.1203816831111908 0.3107762038707733
-0.24355292320251465 0.41188105940818787
-0.21124768257141113 0.3802323341369629
-0.21941649913787842 0.3930688500404358
-0.21941649913787842 0.3930688500404358
-0.21941649913787842 0.3930688500404358
0.11877608299255371 0.32092413306236267
-0.15617471933364868 0.36882391571998596
-0.0946812629699707 0.3638479709625244
-0.12558406591415405 0.3682955205440521
-0.16715067625045776 0.3702581822872162
-0.07534050941467285 0.3620234429836273
0.11152198910713196 0.32314202189445496
-0.20521491765975952 0.3753557503223419
-0.1874573826789856 0.3713873624801636
-0.19342660903930664 0.3719904124736786
0.0054524242877960205 0.34912341833114624
0.1114339530467987 0.328703910112381
-0.11134123802185059 0.3643933832645416
-0.0035632848739624023 0.35130271315574646
0.013345867395401001 0.34723690152168274
0.07114946842193604 0.33934181928634644
0.07435858249664307 0.33704549074172974
0.07435858249664307 0.33704549074172974
0.062471210956573486 0.3409746587276459
0.022414982318878174 0.3463144302368164
-0.23941808938980103 0.40799593925476074
-0.06156933307647705 0.3598896861076355
-0.236153244972229 0.4049314558506012
-0.056295812129974365 0.35778936743736267
0.07819786667823792 0.3343031704425812
-0.010530352592468262 0.35225796699523926
0.09153950214385986 0.33174848556518555
-0.2057337760925293 0.3776630759239197
0.10128945112228394 0.3312292695045471
0.08368900418281555 0.3329629600048065
-0.04979562759399414 0.3564731776714325
-0.01691049337387085 0.35424456000328064
-0.03902554512023926 0.35633692145347595
-0.22742027044296265 0.40201783180236816
-0.06886023283004761 0.36109381914138794
-0.03134280443191528 0.355605810880661
0.04750955104827881 0.34483855962753296
-0.1210249662399292 0.3669280409812927
-0.1210249662399292 0.3669280409812927
-0.023193717002868652 0.35487934947013855
0.10692059993743896 0.3297116458415985
-0.2288760542869568 0.40415430068969727
-0.11572808027267456 0.3656001389026642
0.055881112813949585 0.3441586196422577
-0.22044777870178223 0.3958389461040497
-0.22044777870178223 0.3958389461040497
-0.22044777870178223 0.3958389461040497
-0.2414093017578125 0.41033315658569336
0.05660730600357056 0.3422490954399109
0.034196436405181885 0.34613165259361267
-0.22414815425872803 0.39949890971183777
0.04063069820404053 0.3454413414001465
-0.22135305404663086 0.3976448178291321
-0.22135305404663086 0.3976448178291321
-0.22135305404663086 0.3976448178291321
-0.22135305404663086 0.3976448178291321
-0.22135305404663086 0.3976448178291321
-0.22135305404663086 0.3976448178291321
-0.22135305404663086 0.3976448178291321
-0.22135305404663086 0.3976448178291321
-0.22135305404663086 0.3976448178291321
-0.22135305404663086 0.3976448178291321
-0.22135305404663086 0.3976448178291321
-0.22135305404663086 0.3976448178291321
-0.22135305404663086 0.3976448178291321
-0.22135305404663086 0.3976448178291321
-0.22135305404663086 0.3976448178291321
-0.22135305404663086 0.3976448178291321
-0.22135305404663086 0.3976448178291321
-0.22135305404663086 0.3976448178291321
-0.22135305404663086 0.3976448178291321
-0.22135305404663086 0.3976448178291321
-0.22135305404663086 0.3976448178291321
-0.22135305404663086 0.3976448178291321
