-0.1072072982788086 0.3422784209251404
-0.22067046165466309 0.36917757987976074
-0.35674041509628296 0.394652783870697
-0.34533894062042236 0.3934747278690338
-0.2322016954421997 0.3711722791194916
-0.2322016954421997 0.3711722791194916
-0.22309190034866333 0.37012025713920593
-0.0988929271697998 0.3415191173553467
-0.24999171495437622 0.3719721734523773
-0.3310416340827942 0.39096009731292725
-0.31395840644836426 0.3873637318611145
-0.10936230421066284 0.3430924117565155
-0.026248931884765625 0.32427531480789185
-0.3152703046798706 0.3883954882621765
-0.3326079845428467 0.392067551612854
-0.24420762062072754 0.371792733669281
-0.09385764598846436 0.3412850797176361
-0.20712703466415405 0.3651599884033203
-0.13561159372329712 0.3469655513763428
-0.3122544288635254 0.3867453634738922
-0.3277289867401123 0.39066070318222046
-0.10825157165527344 0.34234386682510376
-0.23405039310455322 0.3712623715400696
-0.22067046165466309 0.36917757987976074
-0.24450033903121948 0.37179386615753174
-0.3152703046798706 0.3883954882621765
-0.0888967514038086 0.3395319879055023
-0.032958924770355225 0.3249599039554596
-0.1014409065246582 0.34213361144065857
-0.22959458827972412 0.3709753155708313
-0.22577476501464844 0.3705776631832123
-0.22309190034866333 0.37012025713920593
-0.201931893825531 0.36203792691230774
-0.11140960454940796 0.3448130190372467
-0.22959458827972412 0.3709753155708313
-0.1519840955734253 0.34840771555900574
-0.2504658102989197 0.37198343873023987
-0.2391405701637268 0.3715618848800659
-0.35674041509628296 0.394652783870697
-0.23405039310455322 0.3712623715400696
-0.1212778091430664 0.34549441933631897
-0.23405039310455322 0.3712623715400696
-0.31725895404815674 0.3889635503292084
-0.19190245866775513 0.35225769877433777
-0.06816506385803223 0.33115842938423157
-0.1227726936340332 0.34615418314933777
-0.3585384488105774 0.3953931927680969
-0.1367201805114746 0.3474303185939789
-0.19236290454864502 0.35518884658813477
-0.14843642711639404 0.3482004404067993
-0.22959458827972412 0.3709753155708313
-0.21681028604507446 0.3689078688621521
-0.34241366386413574 0.3933486044406891
-0.19497090578079224 0.35883069038391113
-0.2209365963935852 0.36921900510787964
-0.058666884899139404 0.328628808259964
-0.3152703046798706 0.3883954882621765
-0.24450033903121948 0.37179386615753174
-0.2418813705444336 0.37169307470321655
-0.35674041509628296 0.394652783870697
-0.31995689868927 0.39017853140830994
-0.047943949699401855 0.3282366394996643
-0.20667707920074463 0.36495745182037354
-0.08381402492523193 0.33953091502189636
-0.1014409065246582 0.34213361144065857
-0.1300363540649414 0.3469476103782654
-0.1519840955734253 0.34840771555900574
-0.2558267116546631 0.37220749258995056
-0.18343836069107056 0.35105276107788086
-0.3152703046798706 0.3883954882621765
-0.03515172004699707 0.32581350207328796
-0.03081059455871582 0.32494232058525085
-0.1706709861755371 0.3501206636428833
-0.20372164249420166 0.3637562692165375
-0.3252919316291809 0.39055076241493225
-0.06360960006713867 0.32876765727996826
-0.11140960454940796 0.3448130190372467
-0.3315134048461914 0.3919409215450287
-0.1212778091430664 0.34549441933631897
-0.0802682638168335 0.33912190794944763
-0.1296762228012085 0.346397340297699
-0.22577476501464844 0.3705776631832123
-0.039206624031066895 0.3265967071056366
-0.1546134352684021 0.3487565815448761
-0.08966672420501709 0.3402421176433563
-0.17764610052108765 0.3506554961204529
-0.16629010438919067 0.34971189498901367
-0.04399198293685913 0.32749876379966736
-0.22309190034866333 0.37012025713920593
-0.026248931884765625 0.32427531480789185
-0.09385764598846436 0.3412850797176361
-0.3127358555793762 0.3872847855091095
-0.1399475336074829 0.34748026728630066
-0.201931893825531 0.36203792691230774
-0.1300363540649414 0.3469476103782654
-0.09556567668914795 0.3413989543914795
-0.3277289867401123 0.39066070318222046
-0.0521509051322937 0.3285543918609619
-0.3652184009552002 0.39592245221138
-0.2908366918563843 0.38308700919151306
-0.3173159956932068 0.3895612359046936
-0.04253166913986206 0.3274717628955841
-0.10825157165527344 0.34234386682510376
-0.047943949699401855 0.3282366394996643
-0.2878386974334717 0.37782958149909973
-0.23568832874298096 0.371369332075119
-0.22959458827972412 0.3709753155708313
-0.2504658102989197 0.37198343873023987
-0.06581473350524902 0.32964736223220825
-0.30175524950027466 0.38629797101020813
-0.30907541513442993 0.38642674684524536
-0.10126388072967529 0.341959685087204
-0.1571800708770752 0.3490141034126282
-0.26322436332702637 0.37237632274627686
-0.2418813705444336 0.37169307470321655
-0.3371608853340149 0.39278462529182434
-0.1484600305557251 0.3483072817325592
-0.14356863498687744 0.3479132652282715
-0.3498319387435913 0.39432963728904724
-0.3152703046798706 0.3883954882621765
-0.20793616771697998 0.3675335943698883
-0.03402358293533325 0.325393408536911
