-0.16879671812057495 0.35866159200668335
-0.2977644205093384 0.38236215710639954
-0.16879671812057495 0.35866159200668335
-0.3013817071914673 0.38353821635246277
-0.16685736179351807 0.3576221466064453
-0.16446030139923096 0.3566402196884155
-0.10999369621276855 0.3414888381958008
-0.0011364221572875977 0.3244774639606476
-0.2982944846153259 0.383144736289978
-0.10999369621276855 0.3414888381958008
-0.2888824939727783 0.38202792406082153
-0.1704331636428833 0.35884252190589905
-0.30642080307006836 0.3855856657028198
-0.16446030139923096 0.3566402196884155
-0.2852410078048706 0.38167282938957214
0.04101923108100891 0.3189179301261902
-0.30799680948257446 0.3867122530937195
-0.12690949440002441 0.34540805220603943
-0.0928468108177185 0.34018394351005554
-0.027379333972930908 0.33335933089256287
-0.2888824939727783 0.38202792406082153
-0.11419779062271118 0.3432486951351166
-0.12690949440002441 0.34540805220603943
0.011511564254760742 0.3237259089946747
-0.1434531807899475 0.35373955965042114
0.005395948886871338 0.32439202070236206
-0.30618607997894287 0.385498970746994
-0.1361156702041626 0.34719961881637573
-0.10999369621276855 0.3414888381958008
-0.0494229793548584 0.33722227811813354
-0.17107248306274414 0.3604969084262848
-0.30272555351257324 0.38485488295555115
-0.2818765640258789 0.38099509477615356
-0.1507662534713745 0.35460713505744934
-0.2982944846153259 0.383144736289978
0.014905840158462524 0.32293638586997986
-0.1745091676712036 0.3606877624988556
-0.08544492721557617 0.339569091796875
-0.2670344114303589 0.37395045161247253
-0.16446030139923096 0.3566402196884155
-0.12690949440002441 0.34540805220603943
0.016978800296783447 0.32180139422416687
0.0388450026512146 0.3199440538883209
0.055831193923950195 0.3160916268825531
-0.337574303150177 0.38996705412864685
0.06712836027145386 0.3145762085914612
-0.2670344114303589 0.37395045161247253
-0.23295897245407104 0.3682771623134613
-0.23295897245407104 0.3682771623134613
-0.0014072656631469727 0.3252064883708954
-0.004784941673278809 0.33070850372314453
-0.1434531807899475 0.35373955965042114
-0.1400054693222046 0.348408579826355
-0.02864128351211548 0.3334389626979828
-0.04066503047943115 0.3360297977924347
0.031467586755752563 0.32058021426200867
0.016978800296783447 0.32180139422416687
-0.2686067819595337 0.3764847218990326
-0.22025221586227417 0.36761969327926636
-0.20619070529937744 0.36673733592033386
-0.3118072748184204 0.38742563128471375
-0.2982944846153259 0.383144736289978
-0.2888824939727783 0.38202792406082153
-0.32233166694641113 0.3889928162097931
-0.05737745761871338 0.33792218565940857
-0.05737745761871338 0.33792218565940857
-0.11013489961624146 0.34192168712615967
-0.1784118413925171 0.3631977140903473
-0.17585623264312744 0.36101406812667847
-0.0494229793548584 0.33722227811813354
-0.06631922721862793 0.3384428918361664
-0.06631922721862793 0.3384428918361664
0.04101923108100891 0.3189179301261902
-0.19672012329101562 0.36452969908714294
-0.27185142040252686 0.37819114327430725
0.04703420400619507 0.3178865909576416
-0.09273678064346313 0.33984553813934326
0.06050029397010803 0.3151794373989105
0.055831193923950195 0.3160916268825531
-0.11419779062271118 0.3432486951351166
0.010827869176864624 0.3240164518356323
0.010827869176864624 0.3240164518356323
-0.3037527799606323 0.3854440152645111
-0.12150132656097412 0.3449697196483612
0.03762856125831604 0.3200259506702423
0.05143672227859497 0.31705591082572937
0.014905840158462524 0.32293638586997986
-0.30196940898895264 0.3843165636062622
-0.10079580545425415 0.3414250314235687
-0.3264002799987793 0.38923799991607666
-0.08544492721557617 0.339569091796875
-0.17107248306274414 0.3604969084262848
-0.13393670320510864 0.34698963165283203
-0.16446030139923096 0.3566402196884155
-0.008409619331359863 0.33165785670280457
-0.2843916416168213 0.3811621367931366
-0.07385718822479248 0.3388363718986511
-0.18778139352798462 0.36405596137046814
-0.11688095331192017 0.3442208468914032
-0.09564840793609619 0.34131965041160583
-0.15175330638885498 0.35517165064811707
-0.22577595710754395 0.3682080805301666
-0.14871299266815186 0.35436972975730896
-0.2751607894897461 0.37906956672668457
-0.01307976245880127 0.33232221007347107
-0.0792999267578125 0.33916541934013367
-0.018052637577056885 0.3328019380569458
-0.04131925106048584 0.3368980884552002
-0.33726227283477783 0.3894304633140564
-0.12800198793411255 0.3456512987613678
-0.023747920989990234 0.3331906497478485
-0.18435925245285034 0.36370083689689636
-0.13727712631225586 0.34782740473747253
-0.19755244255065918 0.36606985330581665
-0.12924516201019287 0.3461584150791168
-0.2778148055076599 0.3800460398197174
-0.2778148055076599 0.3800460398197174
-0.2805085778236389 0.3804425895214081
-0.19990414381027222 0.3663940727710724
-0.15725600719451904 0.3562847971916199
