0.07156452536582947 0.33272993564605713
0.05563288927078247 0.3353583514690399
-0.04539918899536133 0.34767383337020874
0.0678715705871582 0.3337012231349945
-0.07842785120010376 0.3563148081302643
-0.07314026355743408 0.3547050654888153
0.07156452536582947 0.33272993564605713
-0.024109482765197754 0.34469154477119446
0.019742578268051147 0.34040912985801697
-0.11359292268753052 0.3635406494140625
0.06261315941810608 0.3345371186733246
-0.07980209589004517 0.35748931765556335
-0.04817330837249756 0.3488471806049347
0.06261315941810608 0.3345371186733246
0.05563288927078247 0.3353583514690399
0.0592246949672699 0.3350273072719574
-0.07638061046600342 0.35551702976226807
0.05085945129394531 0.33605730533599854
-0.2149990200996399 0.38337448239326477
-0.2787361741065979 0.4003312289714813
0.04078689217567444 0.33748921751976013
-0.035805463790893555 0.3476184904575348
-0.035805463790893555 0.3476184904575348
-0.26876139640808105 0.3999062776565552
-0.2631641626358032 0.3994210660457611
-0.21164941787719727 0.38116195797920227
-0.24850594997406006 0.39676597714424133
-0.21615493297576904 0.38701650500297546
-0.07556253671646118 0.35520505905151367
-0.11661720275878906 0.36451950669288635
-0.09508967399597168 0.3616046607494354
-0.00012814998626708984 0.343466192483902
-0.10963910818099976 0.36287721991539
-0.07928144931793213 0.356818288564682
-0.024109482765197754 0.34469154477119446
-0.1733725666999817 0.370885968208313
-0.2739908695220947 0.40010568499565125
0.05515727400779724 0.3357170522212982
-0.050650596618652344 0.34990331530570984
-0.07301539182662964 0.35358986258506775
0.0128135085105896 0.3415171802043915
-0.004285991191864014 0.34372183680534363
-0.2272854447364807 0.3919094502925873
-0.0661274790763855 0.35226473212242126
0.028738081455230713 0.33972206711769104
-0.21640080213546753 0.388481467962265
-0.05563586950302124 0.350197434425354
-0.23255932331085205 0.39433008432388306
0.06261315941810608 0.3345371186733246
-0.08205580711364746 0.36052146553993225
-0.1688936948776245 0.3703213334083557
-0.25318920612335205 0.3978365361690521
-0.12382590770721436 0.366286963224411
-0.029763460159301758 0.3464575409889221
-0.007151484489440918 0.3440478444099426
-0.045939087867736816 0.3480142056941986
-0.2841421961784363 0.4006071984767914
-0.22413671016693115 0.39098700881004333
-0.11359292268753052 0.3635406494140625
0.006760984659194946 0.3417544960975647
-0.06336033344268799 0.35187193751335144
-0.0813438892364502 0.35757067799568176
-0.06172990798950195 0.3508169651031494
-0.2289031744003296 0.39383867383003235
-0.07013440132141113 0.353363960981369
0.025741547346115112 0.3402951657772064
-0.1270243525505066 0.3702743649482727
-0.09935784339904785 0.362313836812973
-0.2149990200996399 0.38337448239326477
0.07156452536582947 0.33272993564605713
-0.25030213594436646 0.39736148715019226
-0.07692927122116089 0.35613223910331726
0.03577530384063721 0.33814162015914917
-0.21914386749267578 0.3893132209777832
-0.22413671016693115 0.39098700881004333
-0.12078702449798584 0.36543628573417664
-0.012831628322601318 0.3446369767189026
0.04667982459068298 0.33667299151420593
0.0678715705871582 0.3337012231349945
0.08412003517150879 0.3231249749660492
-0.23798537254333496 0.3961678147315979
0.0034284591674804688 0.34270671010017395
-0.25959354639053345 0.39831116795539856
-0.23751795291900635 0.39484140276908875
-0.03344845771789551 0.34734663367271423
-0.025952398777008057 0.34589239954948425
0.01805204153060913 0.3412054777145386
0.06261315941810608 0.3345371186733246
-0.04966163635253906 0.34895190596580505
-0.08903896808624268 0.36149051785469055
