-0.11443871259689331 0.3725450932979584
-0.11443871259689331 0.3725450932979584
-0.11443871259689331 0.3725450932979584
-0.11443871259689331 0.3725450932979584
-0.11576759815216064 0.376656711101532
-0.2508767247200012 0.41732650995254517
-0.2571139335632324 0.42204317450523376
-0.027185022830963135 0.3649158775806427
-0.2517574429512024 0.4190351068973541
-0.25035369396209717 0.41714444756507874
-0.27958405017852783 0.43045759201049805
-0.25376737117767334 0.42005524039268494
-0.21135616302490234 0.3961920738220215
-0.25026988983154297 0.4156789779663086
-0.11443871259689331 0.3725450932979584
-0.26859378814697266 0.42592760920524597
-0.11576759815216064 0.376656711101532
-0.21239328384399414 0.4045068919658661
-0.2168189287185669 0.408001184463501
-0.2517574429512024 0.4190351068973541
-0.15892881155014038 0.38707515597343445
-0.1145891547203064 0.37658950686454773
-0.27446913719177246 0.4298442304134369
-0.10684257745742798 0.37210461497306824
-0.23460984230041504 0.41487541794776917
-0.13498938083648682 0.38327476382255554
-0.25719350576400757 0.4226763844490051
-0.24441230297088623 0.4155519902706146
-0.11809813976287842 0.37676793336868286
-0.14494788646697998 0.38402244448661804
-0.2321399450302124 0.41429367661476135
-0.21135616302490234 0.3961920738220215
-0.21239328384399414 0.4045068919658661
-0.020114004611968994 0.3640613555908203
-0.21613621711730957 0.40797731280326843
-0.20954787731170654 0.39603105187416077
-0.13266420364379883 0.382863312959671
-0.2172790765762329 0.40848469734191895
-0.21165096759796143 0.39904823899269104
-0.2177274227142334 0.4113026559352875
-0.19819748401641846 0.3905199468135834
-0.25035369396209717 0.41714444756507874
-0.180761456489563 0.3882846236228943
-0.04393106698989868 0.3689907491207123
-0.155866801738739 0.38539811968803406
-0.2208690643310547 0.41168689727783203
-0.03553229570388794 0.3677467107772827
-0.2629573345184326 0.42468544840812683
-0.1583491563796997 0.3863332271575928
-0.2766076326370239 0.43011122941970825
-0.15417587757110596 0.3849679231643677
-0.027785539627075195 0.36491790413856506
-0.02099752426147461 0.3642679452896118
-0.1196708083152771 0.37897229194641113
-0.2524312734603882 0.4195028841495514
-0.12825709581375122 0.3821417987346649
-0.162203848361969 0.3872528672218323
-0.02411651611328125 0.36466750502586365
-0.2694752812385559 0.42688438296318054
-0.06070661544799805 0.36950498819351196
-0.0618821382522583 0.37053048610687256
-0.21436023712158203 0.40687283873558044
-0.04141080379486084 0.36855512857437134
-0.2240527868270874 0.4132278561592102
-0.25431472063064575 0.42058345675468445
-0.2593642473220825 0.4233223497867584
-0.12836873531341553 0.3823772370815277
-0.20936304330825806 0.39236077666282654
-0.19491249322891235 0.3904063403606415
-0.11443871259689331 0.3725450932979584
-0.18419277667999268 0.3888055682182312
-0.20115327835083008 0.3915274441242218
-0.031232714653015137 0.36545106768608093
-0.016941368579864502 0.36382701992988586
-0.2602403163909912 0.42408689856529236
-0.034410953521728516 0.3668319284915924
-0.19188129901885986 0.39033645391464233
-0.18583214282989502 0.3889821469783783
-0.010123074054718018 0.36210545897483826
-0.13790816068649292 0.38388216495513916
-0.25026988983154297 0.4156789779663086
-0.21165096759796143 0.39904823899269104
-0.21165096759796143 0.39904823899269104
-0.25104933977127075 0.4187723696231842
-0.2555420398712158 0.42165929079055786
-0.22735172510147095 0.41381868720054626
-0.18814951181411743 0.3898625075817108
-0.2796473503112793 0.4307285249233246
-0.14582812786102295 0.3848201632499695
-0.12316018342971802 0.38078102469444275
-0.2659826874732971 0.4250982701778412
-0.2710886001586914 0.42831727862358093
-0.16380995512008667 0.38766351342201233
-0.13978511095046997 0.3839920461177826
-0.26859378814697266 0.42592760920524597
-0.22124671936035156 0.4126952290534973
-0.014848411083221436 0.36255010962486267
-0.18583214282989502 0.3889821469783783
