-0.1532905101776123 0.3526984453201294
-0.15450453758239746 0.3623557984828949
-0.3256995677947998 0.3976666033267975
-0.32559406757354736 0.3972457945346832
-0.3317156434059143 0.403121680021286
-0.3258150815963745 0.39797550439834595
-0.1532905101776123 0.3526984453201294
-0.3259431719779968 0.3982645869255066
-0.3256882429122925 0.3973768353462219
-0.3317156434059143 0.403121680021286
-0.1532905101776123 0.3526984453201294
-0.3245152235031128 0.38769492506980896
-0.18625974655151367 0.37949153780937195
-0.15450453758239746 0.3623557984828949
-0.3249943256378174 0.3932217061519623
-0.15546000003814697 0.36448487639427185
-0.15634644031524658 0.3664557635784149
-0.3281911015510559 0.4015934467315674
-0.32509636878967285 0.39458033442497253
-0.1797199845314026 0.3789897859096527
-0.32890409231185913 0.4028998017311096
-0.3251274824142456 0.39613470435142517
-0.15745007991790771 0.3675062358379364
-0.15745007991790771 0.3675062358379364
-0.16039490699768066 0.37120315432548523
-0.32797878980636597 0.40013957023620605
-0.15827691555023193 0.36856725811958313
-0.16114747524261475 0.37217140197753906
-0.1577138900756836 0.36813339591026306
-0.3276206851005554 0.3993673622608185
-0.15876871347427368 0.3692946135997772
-0.15876871347427368 0.3692946135997772
-0.3256995677947998 0.3976666033267975
-0.17762792110443115 0.3786124587059021
-0.17762792110443115 0.3786124587059021
-0.3265063762664795 0.39899560809135437
-0.1765400767326355 0.3783265948295593
-0.16216635704040527 0.37275439500808716
-0.17895561456680298 0.37869054079055786
-0.17316699028015137 0.3774929940700531
-0.32521557807922363 0.39662063121795654
-0.16877299547195435 0.3760394752025604
-0.16942155361175537 0.3762865364551544
-0.16942155361175537 0.3762865364551544
-0.15907275676727295 0.3700810372829437
-0.1589781641960144 0.36944782733917236
-0.16140562295913696 0.3723659813404083
-0.16295909881591797 0.3733535706996918
-0.16295909881591797 0.3733535706996918
-0.327653706073761 0.39983272552490234
-0.16621172428131104 0.3746682107448578
-0.3264485001564026 0.39865607023239136
-0.16259902715682983 0.3730214536190033
-0.1757304072380066 0.3781478703022003
-0.16343355178833008 0.3736484944820404
-0.16343355178833008 0.3736484944820404
-0.17210400104522705 0.3772251307964325
-0.16712617874145508 0.3753412663936615
-0.3255554437637329 0.3971136510372162
-0.3255554437637329 0.3971136510372162
-0.1645125150680542 0.37404289841651917
-0.17382556200027466 0.3777068853378296
-0.3259924650192261 0.39831623435020447
-0.3258802890777588 0.39808034896850586
-0.1598806381225586 0.3708997964859009
-0.16533756256103516 0.3745015263557434
-0.16404783725738525 0.3738364279270172
-0.17028504610061646 0.3764957785606384
-0.1646953821182251 0.37439659237861633
-0.16821348667144775 0.3757166862487793
-0.17507576942443848 0.37794584035873413
-0.17507576942443848 0.37794584035873413
-0.174530029296875 0.3778470456600189
-0.32549840211868286 0.39695271849632263
-0.1664772629737854 0.37500807642936707
-0.1664772629737854 0.37500807642936707
-0.1664772629737854 0.37500807642936707
-0.15967720746994019 0.3706805109977722
-0.15940475463867188 0.3704800009727478
-0.17120230197906494 0.3769419491291046
-0.1717810034751892 0.3771025240421295
-0.16653621196746826 0.3751329779624939
-0.16764259338378906 0.37559953331947327
-0.15939027070999146 0.37021419405937195
-0.1704694628715515 0.3766869902610779
-0.1704694628715515 0.3766869902610779
-0.17088443040847778 0.37681517004966736
-0.17088443040847778 0.37681517004966736
-0.3278841972351074 0.4001329839229584
