0.13388437032699585 0.35065925121307373
0.12199011445045471 0.351672887802124
0.12199011445045471 0.351672887802124
-0.27682971954345703 0.38683024048805237
-0.27462565898895264 0.3846729099750519
0.09950008988380432 0.3598731458187103
0.13956880569458008 0.3489319384098053
0.14150771498680115 0.3466125726699829
-0.2679286003112793 0.3819022476673126
-0.25532305240631104 0.3721568286418915
0.08541518449783325 0.36251261830329895
0.09745961427688599 0.3604806363582611
0.11426997184753418 0.3522016108036041
-0.25913679599761963 0.3781435489654541
-0.26226890087127686 0.38010722398757935
0.10455578565597534 0.3582810163497925
0.08777648210525513 0.36247918009757996
0.123965322971344 0.35129162669181824
0.1272176206111908 0.351072758436203
-0.2777125835418701 0.38718292117118835
0.0284460186958313 0.3682948350906372
0.09245142340660095 0.36195942759513855
-0.2634305953979492 0.38048669695854187
0.10016262531280518 0.3595525026321411
-0.2561662197113037 0.3736051619052887
0.06719505786895752 0.3629097640514374
0.13388437032699585 0.35065925121307373
0.123965322971344 0.35129162669181824
0.123965322971344 0.35129162669181824
0.13462841510772705 0.34919583797454834
0.123965322971344 0.35129162669181824
-0.27462565898895264 0.3846729099750519
-0.256499707698822 0.3756997287273407
0.123965322971344 0.35129162669181824
0.13956880569458008 0.3489319384098053
-0.006624341011047363 0.37127235531806946
0.0014496147632598877 0.3708500564098358
0.14150771498680115 0.3466125726699829
0.1272176206111908 0.351072758436203
-0.25913679599761963 0.3781435489654541
0.123965322971344 0.35129162669181824
-0.27682971954345703 0.38683024048805237
-0.2750653028488159 0.38562914729118347
0.123965322971344 0.35129162669181824
-0.25532305240631104 0.3721568286418915
-0.26109611988067627 0.3796484172344208
-0.25964367389678955 0.37858566641807556
-0.2573360204696655 0.3763011395931244
-0.2607247233390808 0.37917494773864746
-0.26393818855285645 0.3815213143825531
0.05977371335029602 0.36507508158683777
-0.26109611988067627 0.3796484172344208
0.05510440468788147 0.366381973028183
0.05767875909805298 0.3656432330608368
-0.000296175479888916 0.37107640504837036
0.12199011445045471 0.351672887802124
0.003523319959640503 0.3700835704803467
0.1272176206111908 0.351072758436203
0.10569357872009277 0.3581903874874115
0.11248779296875 0.3541918694972992
-0.27646172046661377 0.38611507415771484
0.09889781475067139 0.3601604104042053
-0.2670142650604248 0.3818531334400177
-0.2634305953979492 0.38048669695854187
0.12199011445045471 0.351672887802124
0.023127645254135132 0.369149386882782
0.06109505891799927 0.364602267742157
0.023516535758972168 0.3686613440513611
0.06352430582046509 0.3644028604030609
-0.2639089822769165 0.38118430972099304
0.13038277626037598 0.35083216428756714
-0.25964367389678955 0.37858566641807556
0.09295010566711426 0.36153584718704224
-0.26871973276138306 0.38267454504966736
-0.27080637216567993 0.3841821849346161
0.05767875909805298 0.3656432330608368
0.123965322971344 0.35129162669181824
0.123965322971344 0.35129162669181824
0.123965322971344 0.35129162669181824
0.123965322971344 0.35129162669181824
-0.2579789161682129 0.37699732184410095
0.05977371335029602 0.36507508158683777
0.09696948528289795 0.361488938331604
-0.26198506355285645 0.3801001310348511
0.13427239656448364 0.3500635027885437
0.1024978756904602 0.3589467704296112
-0.27492600679397583 0.3852585256099701
-0.2701122760772705 0.3835970163345337
-0.25913679599761963 0.3781435489654541
-0.2691311240196228 0.3833078444004059
