-0.15537405014038086 0.3699709177017212
-0.17308449745178223 0.3795424699783325
-0.19787275791168213 0.4065467417240143
-0.19650280475616455 0.4061058461666107
-0.1726798415184021 0.3793240487575531
-0.18673163652420044 0.3973483145236969
-0.15746939182281494 0.3721333146095276
-0.1889026165008545 0.39895227551460266
-0.06386518478393555 0.3653911054134369
0.0263596773147583 0.35229673981666565
-0.1798195242881775 0.3817956745624542
-0.16564476490020752 0.3772439658641815
-0.180669367313385 0.38296353816986084
-0.0378682017326355 0.35832348465919495
-0.17125189304351807 0.37777644395828247
0.03591650724411011 0.35091695189476013
-0.19453579187393188 0.4048299789428711
-0.16369640827178955 0.37603074312210083
-0.2029075026512146 0.40861162543296814
-0.05553567409515381 0.36375075578689575
-0.06687843799591064 0.3663645386695862
-0.17999565601348877 0.38286760449409485
-0.05553567409515381 0.36375075578689575
-0.07809281349182129 0.36761972308158875
-0.1695864200592041 0.3774433732032776
-0.19973021745681763 0.4075433909893036
0.038403332233428955 0.35037901997566223
-0.2067807912826538 0.40921154618263245
-0.0485074520111084 0.3617697060108185
-0.18333274126052856 0.3855671286582947
-0.06386518478393555 0.3653911054134369
-0.06687843799591064 0.3663645386695862
-0.1926366686820984 0.39995118975639343
0.034281134605407715 0.35124093294143677
-0.006303191184997559 0.35745173692703247
-0.1768265962600708 0.3810729682445526
-0.009362101554870605 0.35757511854171753
0.030324429273605347 0.3515249490737915
0.03310251235961914 0.3515211045742035
-0.07583862543106079 0.36698684096336365
-0.1765589714050293 0.380565345287323
-0.1798945665359497 0.38242194056510925
-0.15951228141784668 0.37457793951034546
-0.185635507106781 0.39583855867385864
-0.18152612447738647 0.3843478262424469
-0.0485074520111084 0.3617697060108185
-0.20086973905563354 0.4085841178894043
-0.15537405014038086 0.3699709177017212
0.027788013219833374 0.35194817185401917
-0.003223419189453125 0.35650160908699036
-0.1580563187599182 0.3728122413158417
-0.06280517578125 0.36485734581947327
-0.05948197841644287 0.36461636424064636
0.017405003309249878 0.3536566197872162
-0.1899580955505371 0.39945703744888306
-0.004220426082611084 0.35663941502571106
-0.19932490587234497 0.4071325361728668
-0.16539454460144043 0.37710699439048767
-0.19991612434387207 0.4078724980354309
-0.18128889799118042 0.3837974965572357
-0.057239413261413574 0.3642726242542267
-0.16522425413131714 0.37682580947875977
-0.18190211057662964 0.38475295901298523
-0.19099962711334229 0.39989957213401794
-0.18781006336212158 0.39871612191200256
-0.06386518478393555 0.3653911054134369
-0.19298630952835083 0.4032173752784729
-0.0622943639755249 0.3648175001144409
-0.18530428409576416 0.3940114676952362
-0.057239413261413574 0.3642726242542267
-0.16005218029022217 0.37530016899108887
0.04014819860458374 0.3501162528991699
-0.07265138626098633 0.3668387234210968
-0.17472732067108154 0.37986430525779724
0.022551536560058594 0.35231587290763855
-0.18224650621414185 0.3850138187408447
-0.1768701672554016 0.38125625252723694
-0.19518601894378662 0.40559348464012146
0.006410658359527588 0.3563421964645386
0.05263790488243103 0.34803077578544617
-0.05553567409515381 0.36375075578689575
