-0.19892072677612305 0.3951713740825653
-0.19892072677612305 0.3951713740825653
0.04205584526062012 0.3757181465625763
-0.19892072677612305 0.3951713740825653
-0.052220821380615234 0.39317306876182556
0.04049697518348694 0.37721961736679077
-0.1992020606994629 0.39713504910469055
0.12304478883743286 0.35911455750465393
0.038561224937438965 0.3785278797149658
-0.20099413394927979 0.4045103192329407
0.038561224937438965 0.3785278797149658
0.08875495195388794 0.36053651571273804
0.038561224937438965 0.3785278797149658
-0.2043360471725464 0.40987926721572876
0.036571115255355835 0.3793380558490753
-0.20113980770111084 0.4053528904914856
0.041014134883880615 0.37675392627716064
0.038561224937438965 0.3785278797149658
0.038561224937438965 0.3785278797149658
-0.006469011306762695 0.3904433846473694
-0.20116674900054932 0.40629902482032776
0.15354424715042114 0.3548981845378876
0.2003490924835205 0.34698933362960815
0.22462356090545654 0.3307148516178131
-0.20466667413711548 0.4104073941707611
-0.0015206336975097656 0.39021822810173035
0.21747943758964539 0.3441924750804901
0.19857394695281982 0.34738513827323914
0.0367203950881958 0.37926605343818665
-0.03090345859527588 0.39249399304389954
0.004828453063964844 0.38832247257232666
0.22000765800476074 0.3402585983276367
-0.006898283958435059 0.3905842900276184
0.022666096687316895 0.38477617502212524
0.15681421756744385 0.3541862666606903
0.14854764938354492 0.3570672869682312
0.02833259105682373 0.38473835587501526
0.11357343196868896 0.3593451678752899
0.2129630446434021 0.3444264233112335
0.0013042092323303223 0.38861292600631714
0.022539615631103516 0.38629040122032166
0.19857394695281982 0.34738513827323914
-0.20155370235443115 0.4071471691131592
0.013867557048797607 0.3876604735851288
-0.1992020606994629 0.39713504910469055
0.13211071491241455 0.358743280172348
-0.19892072677612305 0.3951713740825653
0.035974979400634766 0.3806875944137573
-0.20317256450653076 0.40905261039733887
0.04049697518348694 0.37721961736679077
0.1706719994544983 0.3541826903820038
-0.1992461085319519 0.3999396860599518
0.20855849981307983 0.34584176540374756
0.034230828285217285 0.38087835907936096
-0.2005608081817627 0.4041874408721924
-0.01643061637878418 0.3914605379104614
0.1865527629852295 0.3513558506965637
0.19174408912658691 0.35033276677131653
0.035974979400634766 0.3806875944137573
0.1716572344303131 0.3530283272266388
0.2046838104724884 0.34690937399864197
0.04205584526062012 0.3757181465625763
0.039951473474502563 0.37831801176071167
0.19829195737838745 0.34891995787620544
0.14773786067962646 0.3575068414211273
-0.052220821380615234 0.39317306876182556
0.1538049876689911 0.35447758436203003
0.0367203950881958 0.37926605343818665
0.03268468379974365 0.3830552399158478
0.03309577703475952 0.38184067606925964
0.14339983463287354 0.35761556029319763
0.03360193967819214 0.38159704208374023
0.1819145679473877 0.35179197788238525
-0.2000495195388794 0.4032007157802582
0.12971460819244385 0.35882121324539185
0.030041009187698364 0.38363730907440186
0.1771816909313202 0.35227271914482117
0.17819705605506897 0.35211285948753357
0.1410732865333557 0.35823899507522583
-0.04609274864196777 0.3930443525314331
0.08875495195388794 0.36053651571273804
0.019444763660430908 0.38673388957977295
0.1771816909313202 0.35227271914482117
0.000909656286239624 0.38969743251800537
-0.02897542715072632 0.39205893874168396
0.21978437900543213 0.3421085774898529
0.12304478883743286 0.35911455750465393
0.03844404220581055 0.3790873885154724
-0.0453333854675293 0.39260920882225037
0.15681421756744385 0.3541862666606903
-0.20101016759872437 0.4053525924682617
0.19174408912658691 0.35033276677131653
0.1897190511226654 0.35090920329093933
0.13671442866325378 0.35833775997161865
0.207072913646698 0.3464277982711792
0.19546112418174744 0.3495115339756012
0.2107996940612793 0.34517982602119446
0.20855849981307983 0.34584176540374756
