-0.28098034858703613 0.35570666193962097
-0.40990185737609863 0.36986061930656433
-0.4075004458427429 0.3655397891998291
-0.4064738154411316 0.3606559634208679
-0.40812116861343384 0.36721107363700867
-0.22346889972686768 0.3540862500667572
-0.208642840385437 0.3529684245586395
-0.18017828464508057 0.3513546586036682
-0.41175413131713867 0.37179744243621826
-0.24137157201766968 0.3541657030582428
-0.1972496509552002 0.35291218757629395
-0.16702759265899658 0.3466476500034332
-0.10771942138671875 0.2832099199295044
-0.40244847536087036 0.35657790303230286
-0.4104936718940735 0.3705703914165497
-0.26001036167144775 0.3556162714958191
-0.40864384174346924 0.36810415983200073
-0.3912605047225952 0.35578653216362
-0.15971893072128296 0.34102681279182434
-0.4083203077316284 0.36776793003082275
-0.4096595048904419 0.3697384297847748
-0.4075004458427429 0.3655397891998291
-0.41105544567108154 0.3709338903427124
-0.4096386432647705 0.3694645166397095
-0.1328434944152832 0.2924671173095703
-0.4090229272842407 0.3691328167915344
-0.2457323670387268 0.35540977120399475
-0.1739599108695984 0.3471572995185852
-0.21728456020355225 0.3536567687988281
-0.4076877236366272 0.3659217357635498
-0.11614131927490234 0.29066088795661926
-0.245169997215271 0.3550179898738861
-0.16570937633514404 0.3438861072063446
-0.24243366718292236 0.35462242364883423
-0.1779855489730835 0.34985342621803284
-0.4071471095085144 0.36468347907066345
-0.410804808139801 0.370639830827713
-0.208642840385437 0.3529684245586395
-0.41036295890808105 0.37039196491241455
-0.41105544567108154 0.3709338903427124
-0.40789031982421875 0.366432785987854
-0.13100552558898926 0.29197177290916443
-0.40699338912963867 0.3645665943622589
-0.4079551696777344 0.3669242262840271
-0.28098034858703613 0.35570666193962097
-0.13160061836242676 0.292118638753891
-0.4078076481819153 0.36618366837501526
-0.12631464004516602 0.2917737066745758
-0.40715914964675903 0.36520513892173767
-0.17631292343139648 0.34793874621391296
-0.21508121490478516 0.35332491993904114
-0.41154778003692627 0.3711363971233368
-0.21839427947998047 0.3540239632129669
-0.17133110761642456 0.3470742404460907
-0.410804808139801 0.370639830827713
-0.40901947021484375 0.36865487694740295
-0.1960277557373047 0.35281988978385925
-0.21287155151367188 0.3530885577201843
-0.40985947847366333 0.3698095977306366
-0.2493600845336914 0.35547134280204773
-0.1099921464920044 0.28742656111717224
-0.41066157817840576 0.3706391751766205
-0.41105544567108154 0.3709338903427124
-0.4109233617782593 0.3708355724811554
-0.4073396921157837 0.3653307259082794
-0.4071471095085144 0.36468347907066345
-0.4073396921157837 0.3653307259082794
-0.41000473499298096 0.37006592750549316
-0.11475300788879395 0.28939002752304077
-0.1155632734298706 0.28990650177001953
-0.21728456020355225 0.3536567687988281
-0.17578840255737305 0.3478570282459259
-0.4115811586380005 0.3715469539165497
-0.40690529346466064 0.36344870924949646
-0.411895751953125 0.3726954162120819
-0.12258124351501465 0.29097771644592285
