-0.15900647640228271 0.35197994112968445
-0.3158438801765442 0.3735355734825134
-0.30799829959869385 0.3664751648902893
-0.310016393661499 0.3713797330856323
-0.15340077877044678 0.34973129630088806
-0.30760860443115234 0.3660763204097748
-0.2865620255470276 0.36021676659584045
-0.3164674639701843 0.3747035562992096
-0.31698179244995117 0.37515291571617126
-0.2877955436706543 0.3611927926540375
-0.30760860443115234 0.3660763204097748
-0.3197106122970581 0.37885624170303345
-0.30799829959869385 0.3664751648902893
-0.33225035667419434 0.38081350922584534
-0.08290702104568481 0.3457406163215637
-0.06609606742858887 0.3299267292022705
-0.10893464088439941 0.347951203584671
-0.30760860443115234 0.3660763204097748
-0.07728266716003418 0.3450831472873688
-0.3188440799713135 0.378028005361557
-0.2951529622077942 0.36410844326019287
-0.1710858941078186 0.3529844880104065
-0.23526090383529663 0.3538641631603241
-0.2886238098144531 0.3615848422050476
-0.15823566913604736 0.351283460855484
-0.301985502243042 0.3657015562057495
-0.2837105989456177 0.3594048023223877
-0.2877955436706543 0.3611927926540375
-0.32261788845062256 0.3789978325366974
-0.2778165340423584 0.35510727763175964
-0.31736332178115845 0.37662938237190247
-0.10615760087966919 0.3477655053138733
-0.30982112884521484 0.36986884474754333
-0.1375638246536255 0.3495485484600067
-0.2870520353317261 0.36065608263015747
-0.31613296270370483 0.3741992115974426
-0.15452462434768677 0.3500576913356781
-0.27991074323654175 0.3572387397289276
-0.2819862365722656 0.3583557903766632
-0.15518319606781006 0.35056042671203613
-0.2828547954559326 0.35892313718795776
-0.16343474388122559 0.352215439081192
-0.3299543261528015 0.3804827928543091
-0.1555890440940857 0.3510495126247406
-0.32926392555236816 0.37985071539878845
-0.07539331912994385 0.3444439172744751
-0.10330212116241455 0.3468692898750305
-0.3122336268424988 0.3718325197696686
-0.28497540950775146 0.3599848747253418
-0.07326215505599976 0.34435901045799255
-0.31441378593444824 0.3729040026664734
-0.31726133823394775 0.37615838646888733
-0.07126307487487793 0.3440699875354767
-0.0923195481300354 0.3460555672645569
-0.1924898624420166 0.35362446308135986
-0.2803612947463989 0.3573324978351593
-0.08954465389251709 0.34579604864120483
-0.2870520353317261 0.36065608263015747
-0.15823566913604736 0.351283460855484
-0.3132328987121582 0.37272971868515015
-0.31697022914886475 0.37472936511039734
-0.27888596057891846 0.35596972703933716
-0.30760860443115234 0.3660763204097748
-0.10545992851257324 0.3471507132053375
-0.17045080661773682 0.35269343852996826
-0.2886238098144531 0.3615848422050476
-0.327279269695282 0.379233181476593
-0.310016393661499 0.3713797330856323
-0.3180748224258423 0.3772374093532562
-0.15340077877044678 0.34973129630088806
-0.15900647640228271 0.35197994112968445
-0.2965238690376282 0.3644685447216034
-0.11858350038528442 0.34837034344673157
-0.2819862365722656 0.3583557903766632
-0.11187463998794556 0.3481086194515228
-0.2911573648452759 0.36254873871803284
-0.30910325050354004 0.36906668543815613
-0.30846232175827026 0.3684697449207306
-0.30843067169189453 0.3676616847515106
-0.2837105989456177 0.3594048023223877
-0.06731212139129639 0.3410131633281708
-0.2773040533065796 0.3541005551815033
-0.13628965616226196 0.3485966622829437
-0.2937915325164795 0.3634199798107147
-0.08003276586532593 0.3452564775943756
-0.08290702104568481 0.3457406163215637
-0.3158438801765442 0.3735355734825134
-0.06851506233215332 0.3413679301738739
-0.28139394521713257 0.35793232917785645
-0.06851649284362793 0.3438900411128998
-0.2899045944213867 0.3620574176311493
