-0.3331267833709717 0.3776693046092987
-0.3251400589942932 0.36965346336364746
-0.3271999955177307 0.3721669316291809
-0.32991427183151245 0.3760392367839813
-0.20424234867095947 0.36046966910362244
-0.32604849338531494 0.37030699849128723
-0.17578232288360596 0.3565710484981537
-0.3470447063446045 0.3858458995819092
-0.32830286026000977 0.3750981390476227
-0.3275449275970459 0.3736640512943268
-0.343298077583313 0.38051432371139526
-0.3437917232513428 0.38164862990379333
-0.13223671913146973 0.33355262875556946
-0.34629154205322266 0.38357383012771606
-0.18596458435058594 0.35801252722740173
-0.3432638645172119 0.379228800535202
-0.32991427183151245 0.3760392367839813
-0.3251400589942932 0.36965346336364746
-0.3440974950790405 0.38187870383262634
-0.18133515119552612 0.3570176064968109
-0.17261147499084473 0.3556675612926483
-0.23393046855926514 0.3616330325603485
-0.3280932903289795 0.37504899501800537
-0.32830286026000977 0.3750981390476227
-0.34361159801483154 0.38057732582092285
-0.16979777812957764 0.3554129898548126
-0.18221306800842285 0.3579423725605011
-0.3465839624404907 0.3850868046283722
-0.32830286026000977 0.3750981390476227
-0.22102892398834229 0.36070987582206726
-0.3462263345718384 0.3832974433898926
-0.32830286026000977 0.3750981390476227
-0.34638237953186035 0.3836841881275177
-0.18934094905853271 0.3587222993373871
-0.3273416757583618 0.37295588850975037
-0.13541150093078613 0.35018953680992126
-0.18506062030792236 0.35795900225639343
-0.15443944931030273 0.3545742630958557
-0.19106262922286987 0.3588635325431824
-0.32235151529312134 0.3648887574672699
-0.34296417236328125 0.37767457962036133
-0.18175846338272095 0.35739901661872864
-0.17853033542633057 0.35695910453796387
-0.3327593207359314 0.3765789866447449
-0.18175846338272095 0.35739901661872864
-0.3277989625930786 0.37425094842910767
-0.19621801376342773 0.3599248230457306
-0.32604849338531494 0.37030699849128723
-0.3462263345718384 0.3832974433898926
-0.17845207452774048 0.3566509485244751
-0.17410361766815186 0.355707049369812
-0.3271999955177307 0.3721669316291809
-0.14350157976150513 0.3506130874156952
-0.3432638645172119 0.379228800535202
-0.3331267833709717 0.3776693046092987
-0.34424835443496704 0.38267526030540466
-0.3448655605316162 0.38310447335243225
-0.32830286026000977 0.3750981390476227
-0.18742340803146362 0.35822245478630066
-0.3474782109260559 0.38670995831489563
-0.3277989625930786 0.37425094842910767
-0.2165655493736267 0.36069148778915405
-0.17578232288360596 0.3565710484981537
-0.33306413888931274 0.3772859275341034
-0.13387000560760498 0.33473727107048035
-0.32830286026000977 0.3750981390476227
-0.34716320037841797 0.3861754834651947
-0.32878923416137695 0.3758041560649872
-0.17162835597991943 0.3554762899875641
-0.34303438663482666 0.3779861330986023
