-0.10028105974197388 0.3741629123687744
-0.08539021015167236 0.362095445394516
0.07674223184585571 0.35999685525894165
-0.10173028707504272 0.37616974115371704
-0.0890805721282959 0.3652110695838928
-0.09933871030807495 0.3731256425380707
0.1717647910118103 0.35360443592071533
-0.0928267240524292 0.36607834696769714
-0.09933871030807495 0.3731256425380707
-0.09157466888427734 0.36572638154029846
-0.1064143180847168 0.3853651285171509
-0.10173028707504272 0.37616974115371704
-0.10554647445678711 0.3831983506679535
-0.10500574111938477 0.38282254338264465
-0.11104178428649902 0.38780367374420166
-0.08892327547073364 0.3651116192340851
-0.10240018367767334 0.3771335780620575
0.17737987637519836 0.3525465428829193
0.14466142654418945 0.35823556780815125
0.1833207607269287 0.3508371412754059
-0.1020658016204834 0.37662410736083984
-0.11106789112091064 0.38871291279792786
0.14616242051124573 0.3580399751663208
0.18371307849884033 0.3505356013774872
0.16526225209236145 0.35432639718055725
-0.10890036821365356 0.386413037776947
-0.08694207668304443 0.3642129600048065
-0.10581707954406738 0.383226603269577
0.15685993432998657 0.3556484580039978
-0.10549861192703247 0.3830367624759674
0.13559967279434204 0.35872429609298706
-0.10919994115829468 0.38683968782424927
-0.11103606224060059 0.38751310110092163
0.1796887218952179 0.35172078013420105
-0.10302233695983887 0.3775723874568939
-0.08539021015167236 0.362095445394516
0.1807161569595337 0.35111525654792786
0.16993531584739685 0.3538886606693268
0.14320731163024902 0.3584555685520172
-0.11108505725860596 0.3893687427043915
0.16801747679710388 0.3539230525493622
-0.10147398710250854 0.37601438164711
-0.10092061758041382 0.37496358156204224
-0.10583162307739258 0.3845979869365692
-0.11038041114807129 0.3872695863246918
-0.10649764537811279 0.38587242364883423
-0.10787379741668701 0.3861468732357025
-0.10583162307739258 0.3845979869365692
-0.09052848815917969 0.3655177652835846
-0.10422241687774658 0.3814367651939392
-0.10831069946289062 0.38620707392692566
-0.09009146690368652 0.3653737008571625
-0.08848035335540771 0.3648631274700165
-0.09230697154998779 0.3659515678882599
-0.10787379741668701 0.3861468732357025
-0.1060335636138916 0.3851926028728485
0.14549076557159424 0.3581942617893219
-0.1036989688873291 0.3785451054573059
-0.08777165412902832 0.3646619915962219
-0.0890805721282959 0.3652110695838928
0.07674223184585571 0.35999685525894165
-0.09157466888427734 0.36572638154029846
-0.10195106267929077 0.37643611431121826
0.14902609586715698 0.35765567421913147
0.16683512926101685 0.3539258539676666
-0.10028105974197388 0.3741629123687744
0.175959974527359 0.35266125202178955
-0.10406607389450073 0.37911456823349
-0.08620220422744751 0.36355528235435486
0.15546441078186035 0.3562266528606415
0.17317888140678406 0.35355937480926514
-0.1011502742767334 0.37579527497291565
0.1470949649810791 0.3579733967781067
-0.09125125408172607 0.36566847562789917
-0.08694207668304443 0.3642129600048065
-0.09415781497955322 0.366447389125824
-0.09157466888427734 0.36572638154029846
-0.10248935222625732 0.3775082230567932
0.15365755558013916 0.3575533628463745
-0.10457682609558105 0.3826378583908081
-0.08672475814819336 0.36402300000190735
-0.10359847545623779 0.3776739537715912
0.1315557360649109 0.3590829074382782
-0.10231661796569824 0.3767811954021454
