-0.13292956352233887 0.3886427879333496
0.20954817533493042 0.3662972152233124
-0.06151318550109863 0.37499621510505676
-0.1057354211807251 0.3815174400806427
-0.1025322675704956 0.37997695803642273
0.07927894592285156 0.37308570742607117
0.2964317500591278 0.35704275965690613
0.1581096053123474 0.36876600980758667
0.2520802319049835 0.36381036043167114
0.1381407380104065 0.37015652656555176
0.29785215854644775 0.35682305693626404
0.09882473945617676 0.37186309695243835
-0.1157870888710022 0.3878905475139618
-0.11165463924407959 0.38664671778678894
0.16961055994033813 0.3677208423614502
-0.1300441026687622 0.38827553391456604
0.20257145166397095 0.36647483706474304
0.18071109056472778 0.3673423230648041
0.2269068956375122 0.3657322824001312
-0.060590505599975586 0.3749843239784241
0.18071377277374268 0.36717602610588074
0.20063674449920654 0.36716344952583313
0.29235196113586426 0.35806161165237427
0.10381925106048584 0.3713838458061218
-0.10651171207427979 0.3835221827030182
0.31198808550834656 0.3467284142971039
-0.055465102195739746 0.37472137808799744
0.2918294668197632 0.3596181273460388
-0.10710000991821289 0.38353225588798523
0.21757888793945312 0.36610451340675354
0.1482403576374054 0.3699343204498291
0.3041137456893921 0.35418280959129333
0.29527974128723145 0.35790276527404785
0.2849697470664978 0.36082136631011963
0.06734877824783325 0.37377434968948364
-0.10595011711120605 0.3822996914386749
-0.10730832815170288 0.38480421900749207
0.25903981924057007 0.36322441697120667
0.09022235870361328 0.3724277913570404
0.11108893156051636 0.37099310755729675
0.25400227308273315 0.3635275661945343
0.24015873670578003 0.36477750539779663
0.279928982257843 0.3608253002166748
0.2779480218887329 0.36180588603019714
-0.060590505599975586 0.3749843239784241
0.2520802319049835 0.36381036043167114
-0.11338043212890625 0.3874303996562958
-0.060590505599975586 0.3749843239784241
-0.06579768657684326 0.37517035007476807
0.16476699709892273 0.3682640492916107
0.14249572157859802 0.3700821101665497
-0.13292956352233887 0.3886427879333496
0.15269368886947632 0.3690815269947052
-0.10595011711120605 0.3822996914386749
-0.10015362501144409 0.3761136531829834
0.1482403576374054 0.3699343204498291
-0.10382449626922607 0.3810630142688751
0.07556608319282532 0.37317734956741333
-0.10816466808319092 0.3851275146007538
0.15984800457954407 0.368577778339386
0.22183752059936523 0.3659141957759857
0.004092514514923096 0.3744352459907532
0.14998960494995117 0.36954230070114136
0.2326553761959076 0.36504340171813965
0.1482403576374054 0.3699343204498291
0.26369792222976685 0.36279037594795227
-0.10889524221420288 0.386232852935791
0.08486789464950562 0.37257593870162964
-0.055465102195739746 0.37472137808799744
-0.10889524221420288 0.386232852935791
0.1581096053123474 0.36876600980758667
0.22183752059936523 0.3659141957759857
0.3041137456893921 0.35418280959129333
0.12738972902297974 0.3708333671092987
0.137562096118927 0.3707115948200226
0.273012638092041 0.3627636134624481
0.016655921936035156 0.3738693594932556
0.302388072013855 0.3559812307357788
0.2519722282886505 0.3646688461303711
0.2269068956375122 0.3657322824001312
0.09416639804840088 0.37194734811782837
-0.11771267652511597 0.38805899024009705
