-0.21787190437316895 0.41012024879455566
-0.19941359758377075 0.3970339000225067
-0.21787190437316895 0.41012024879455566
-0.11132562160491943 0.3751196265220642
-0.15368622541427612 0.3861096203327179
-0.18997633457183838 0.39033713936805725
-0.15648764371871948 0.38673242926597595
-0.20272046327590942 0.40496060252189636
-0.11234581470489502 0.37615153193473816
-0.21829134225845337 0.41385307908058167
-0.21800923347473145 0.41204118728637695
-0.20380675792694092 0.40550240874290466
-0.21781069040298462 0.4094443917274475
-0.1986026167869568 0.3967457711696625
-0.19502925872802734 0.3928757607936859
-0.21836340427398682 0.41496211290359497
-0.21810591220855713 0.4131646752357483
-0.20205163955688477 0.40384575724601746
-0.2014317512512207 0.4016852080821991
-0.21787190437316895 0.41012024879455566
-0.19226229190826416 0.3918316960334778
-0.1429198980331421 0.3839568495750427
-0.20192193984985352 0.4023574888706207
-0.21787190437316895 0.41012024879455566
-0.08517324924468994 0.3708445131778717
0.19505444169044495 0.3482365608215332
-0.18997633457183838 0.39033713936805725
-0.22059398889541626 0.41714873909950256
-0.20300251245498657 0.40519338846206665
-0.07859277725219727 0.37053605914115906
-0.15005254745483398 0.3856055438518524
-0.05980861186981201 0.36720696091651917
-0.20537620782852173 0.407604843378067
0.15368077158927917 0.3567270040512085
-0.1113770604133606 0.3756359815597534
0.20355302095413208 0.3390698730945587
0.06914126873016357 0.3610195219516754
-0.048045456409454346 0.3620506823062897
0.15992945432662964 0.3551095724105835
-0.20205163955688477 0.40384575724601746
-0.10337311029434204 0.37286439538002014
-0.10434013605117798 0.3736036717891693
-0.12475955486297607 0.380180686712265
-0.2014317512512207 0.4016852080821991
-0.20590347051620483 0.40842247009277344
-0.11297774314880371 0.3766835033893585
0.13300222158432007 0.35878947377204895
-0.19570159912109375 0.393572062253952
0.16638559103012085 0.35280415415763855
-0.08723747730255127 0.37141743302345276
-0.14374446868896484 0.38464704155921936
-0.21836340427398682 0.41496211290359497
0.1658821403980255 0.354191392660141
-0.19606035947799683 0.39438629150390625
-0.1976257562637329 0.3965636193752289
0.18818461894989014 0.3501233458518982
-0.08017194271087646 0.3706689476966858
0.07407981157302856 0.35967639088630676
-0.0950249433517456 0.3721413016319275
-0.19128292798995972 0.39157751202583313
0.20044595003128052 0.3458349108695984
-0.11440587043762207 0.3778475522994995
-0.12575483322143555 0.38091394305229187
-0.21810591220855713 0.4131646752357483
-0.06839138269424438 0.36801597476005554
-0.07630008459091187 0.3702947497367859
0.18558138608932495 0.351682186126709
-0.181684672832489 0.3890456259250641
-0.1359054446220398 0.38287776708602905
-0.15545952320098877 0.386604905128479
0.19079667329788208 0.349491685628891
0.15194427967071533 0.3567822575569153
-0.08517324924468994 0.3708445131778717
-0.05145895481109619 0.3645159900188446
0.1723962426185608 0.3523780405521393
-0.20047706365585327 0.40027809143066406
0.1475200057029724 0.35850927233695984
-0.15004569292068481 0.38499850034713745
-0.06975448131561279 0.3684046268463135
0.1558583378791809 0.35605475306510925
-0.217984139919281 0.41197678446769714
-0.1386357545852661 0.38313594460487366
-0.15368622541427612 0.3861096203327179
0.09387081861495972 0.35887131094932556
-0.1580512523651123 0.3875396251678467
-0.05929422378540039 0.3661361336708069
-0.19948458671569824 0.3987620174884796
-0.13458335399627686 0.3812686502933502
0.1786719560623169 0.3518236577510834
0.06561008095741272 0.3616107404232025
-0.2041534185409546 0.4074070453643799
-0.21781069040298462 0.4094443917274475
-0.14033573865890503 0.38376566767692566
-0.1198427677154541 0.3801521062850952
-0.19244146347045898 0.39222222566604614
-0.11755114793777466 0.3789313733577728
-0.07044029235839844 0.36963286995887756
0.08568286895751953 0.3592013418674469
-0.22009718418121338 0.41654476523399353
0.07871335744857788 0.359279602766037
-0.2038891315460205 0.40637436509132385
-0.1076805591583252 0.37460920214653015
