-0.19304347038269043 0.3296158015727997
-0.19304347038269043 0.3296158015727997
-0.19304347038269043 0.3296158015727997
-0.34658265113830566 0.38602396845817566
-0.3472714424133301 0.38724657893180847
-0.34524911642074585 0.38313767313957214
-0.34658265113830566 0.38602396845817566
-0.19304347038269043 0.3296158015727997
-0.3521484136581421 0.3918226361274719
-0.21582329273223877 0.3621884286403656
-0.34658265113830566 0.38602396845817566
-0.3482561707496643 0.388136625289917
-0.35295599699020386 0.39228546619415283
-0.21175873279571533 0.3592575788497925
-0.23514223098754883 0.37364426255226135
-0.26106059551239014 0.3786918818950653
-0.20992207527160645 0.33975714445114136
-0.2588866949081421 0.3778354227542877
-0.2680085301399231 0.3792433440685272
-0.3485947251319885 0.3886585235595703
-0.32581043243408203 0.38262441754341125
-0.35721659660339355 0.3940194845199585
-0.21894574165344238 0.3654831051826477
-0.22460222244262695 0.37208032608032227
-0.35295599699020386 0.39228546619415283
-0.35190916061401367 0.39164021611213684
-0.34770023822784424 0.38761284947395325
-0.35190916061401367 0.39164021611213684
-0.35190916061401367 0.39164021611213684
-0.35190916061401367 0.39164021611213684
-0.28097522258758545 0.38009366393089294
-0.3126945495605469 0.38154903054237366
-0.35190916061401367 0.39164021611213684
-0.3482561707496643 0.388136625289917
-0.22848087549209595 0.3724963665008545
-0.3482561707496643 0.388136625289917
-0.21703696250915527 0.3628981411457062
-0.22255206108093262 0.36946937441825867
-0.22024112939834595 0.3676472008228302
-0.2463124394416809 0.37456947565078735
-0.3536068797111511 0.39275580644607544
-0.3659585118293762 0.39441969990730286
-0.21582329273223877 0.3621884286403656
-0.2081303596496582 0.3396752178668976
-0.35022759437561035 0.39025983214378357
-0.2726660370826721 0.3794851005077362
-0.20569318532943726 0.3394913971424103
-0.3299560546875 0.38287803530693054
-0.35721659660339355 0.3940194845199585
-0.34884214401245117 0.3902013301849365
-0.3482561707496643 0.388136625289917
-0.3654203414916992 0.394039124250412
-0.23172664642333984 0.37299367785453796
-0.2187930941581726 0.36446505784988403
-0.35190916061401367 0.39164021611213684
-0.27449703216552734 0.38004305958747864
-0.3075592517852783 0.3807046115398407
-0.35295599699020386 0.39228546619415283
-0.21528661251068115 0.36163681745529175
-0.23172664642333984 0.37299367785453796
-0.34658265113830566 0.38602396845817566
-0.3109687566757202 0.38091787695884705
-0.32341331243515015 0.38199397921562195
-0.34683287143707275 0.386923223733902
-0.3123314380645752 0.38128823041915894
-0.34582704305648804 0.3847193121910095
-0.2381606101989746 0.3741476237773895
-0.3547108769416809 0.3931834399700165
-0.35542428493499756 0.39385175704956055
-0.3461235761642456 0.3859602212905884
-0.24190914630889893 0.3745487332344055
-0.23382949829101562 0.3733351528644562
-0.2597947120666504 0.37788125872612
-0.19304347038269043 0.3296158015727997
-0.25443267822265625 0.3772643208503723
-0.23080569505691528 0.37257587909698486
-0.18445318937301636 0.3271152079105377
-0.2631910443305969 0.3789563477039337
-0.3482561707496643 0.388136625289917
-0.24775660037994385 0.3762035667896271
-0.23254960775375366 0.37317749857902527
-0.23566895723342896 0.3737817704677582
-0.3506227135658264 0.39060017466545105
-0.2845010757446289 0.38017791509628296
-0.34524911642074585 0.38313767313957214
-0.35542428493499756 0.39385175704956055
-0.25253915786743164 0.3768276572227478
-0.3461235761642456 0.3859602212905884
