-0.080269455909729 0.3600587844848633
-0.19259047508239746 0.36524105072021484
-0.19259047508239746 0.36524105072021484
-0.21661430597305298 0.3727181553840637
-0.33970171213150024 0.39556241035461426
-0.2637988328933716 0.37508365511894226
-0.19617009162902832 0.36730048060417175
-0.3381319046020508 0.39499136805534363
-0.18358147144317627 0.36476024985313416
-0.33042943477630615 0.3912077844142914
-0.3356591463088989 0.3936220109462738
-0.24643445014953613 0.37381014227867126
-0.080269455909729 0.3600587844848633
-0.19259047508239746 0.36524105072021484
0.12894564867019653 0.35535112023353577
0.07042795419692993 0.35855603218078613
0.09887796640396118 0.3569703996181488
0.14191895723342896 0.3544010818004608
0.17233136296272278 0.3380453288555145
-0.3402203321456909 0.395934522151947
-0.20787692070007324 0.37111741304397583
0.1477542519569397 0.3527582883834839
-0.2021806836128235 0.36961838603019714
-0.3264505863189697 0.38454315066337585
-0.3356591463088989 0.3936220109462738
0.1388174593448639 0.3550319969654083
0.05402606725692749 0.3588450849056244
-0.32805657386779785 0.3879583775997162
0.15397459268569946 0.3515419065952301
-0.33120429515838623 0.39179760217666626
-0.3356591463088989 0.3936220109462738
0.15925121307373047 0.349335640668869
-0.19464576244354248 0.3671557605266571
0.11520302295684814 0.3567746579647064
-0.3345160484313965 0.3930499255657196
-0.20149970054626465 0.3691047728061676
0.14574792981147766 0.3536931872367859
-0.3319578766822815 0.3924078643321991
-0.19671428203582764 0.36824169754981995
-0.32805657386779785 0.3879583775997162
0.11611390113830566 0.3558482527732849
-0.2207324504852295 0.3729207217693329
0.007740885019302368 0.3600310981273651
-0.21661430597305298 0.3727181553840637
-0.28359031677246094 0.3765946328639984
-0.20718586444854736 0.3707101345062256
0.07316902279853821 0.35829976201057434
-0.3356778025627136 0.39466509222984314
-0.20458447933197021 0.3702298104763031
-0.19374650716781616 0.3661600649356842
-0.23295235633850098 0.37332579493522644
-0.23710322380065918 0.3736337125301361
0.1371029019355774 0.3551997244358063
-0.21173161268234253 0.3716140687465668
0.0785149335861206 0.3580187261104584
-0.19259047508239746 0.36524105072021484
-0.3296506404876709 0.39008888602256775
0.04174083471298218 0.3589427173137665
0.050745636224746704 0.35886868834495544
-0.27412158250808716 0.37545448541641235
0.07585573196411133 0.35814598202705383
-0.2143338918685913 0.3722682297229767
-0.3257112503051758 0.38305217027664185
-0.24665546417236328 0.3747868835926056
-0.3272516131401062 0.38566672801971436
0.15213388204574585 0.3525572717189789
-0.19857299327850342 0.36902034282684326
-0.17546862363815308 0.36199986934661865
0.15213388204574585 0.3525572717189789
-0.18358147144317627 0.36476024985313416
0.14578747749328613 0.35323724150657654
-0.2637988328933716 0.37508365511894226
-0.19617009162902832 0.36730048060417175
-0.32746994495391846 0.38721632957458496
-0.2759600877761841 0.37547728419303894
0.12771153450012207 0.3555244505405426
0.03625097870826721 0.35946905612945557
0.08733922243118286 0.3579966723918915
-0.32849621772766113 0.38932347297668457
0.09935358166694641 0.3568945825099945
0.0929737389087677 0.35779309272766113
-0.32746994495391846 0.38721632957458496
