-0.264168918132782 0.37158095836639404
-0.25398051738739014 0.3698118031024933
-0.3115040063858032 0.40125560760498047
-0.06492406129837036 0.3517126739025116
-0.2626878619194031 0.37086474895477295
-0.25398051738739014 0.3698118031024933
-0.26768285036087036 0.37383803725242615
-0.29341256618499756 0.3957405984401703
-0.26509690284729004 0.3729243874549866
0.1039285957813263 0.33101555705070496
-0.06492406129837036 0.3517126739025116
-0.29830461740493774 0.39814481139183044
-0.3115040063858032 0.40125560760498047
-0.2626878619194031 0.37086474895477295
0.09922224283218384 0.3332742750644684
-0.2696347236633301 0.37652385234832764
-0.2690666913986206 0.37453290820121765
-0.013519287109375 0.3481985032558441
-0.2647634744644165 0.3725428283214569
-0.25398051738739014 0.3698118031024933
-0.23354709148406982 0.3684530556201935
0.0962834358215332 0.3337874710559845
0.0962834358215332 0.3337874710559845
0.09922224283218384 0.3332742750644684
-0.08901941776275635 0.35614773631095886
-0.06492406129837036 0.3517126739025116
-0.1132916808128357 0.35782358050346375
-0.17831063270568848 0.36314234137535095
0.03568500280380249 0.3424448072910309
-0.023156940937042236 0.3496836721897125
-0.028414607048034668 0.3508446216583252
-0.3156835436820984 0.40474897623062134
0.048650115728378296 0.3405167758464813
-0.28841400146484375 0.3882356882095337
-0.03427016735076904 0.35134437680244446
-0.06763887405395508 0.35265597701072693
-0.25398051738739014 0.3698118031024933
-0.13776791095733643 0.35918939113616943
-0.017142176628112793 0.34874585270881653
-0.2626878619194031 0.37086474895477295
0.10206794738769531 0.33226919174194336
-0.3122354745864868 0.40428343415260315
-0.14299935102462769 0.3594900369644165
-0.3115040063858032 0.40125560760498047
-0.12022626399993896 0.35834911465644836
0.1039285957813263 0.33101555705070496
-0.26948606967926025 0.3762587010860443
-0.18526601791381836 0.36362919211387634
-0.29360532760620117 0.39666926860809326
0.042709559202194214 0.34190672636032104
-0.29830461740493774 0.39814481139183044
-0.13006210327148438 0.35872599482536316
-0.08901941776275635 0.35614773631095886
-0.20724666118621826 0.3652436137199402
-0.028414607048034668 0.3508446216583252
-0.2761555314064026 0.3803348243236542
-0.12022626399993896 0.35834911465644836
-0.10779225826263428 0.3573281764984131
-0.1132916808128357 0.35782358050346375
-0.2647634744644165 0.3725428283214569
-0.2720184326171875 0.3776010274887085
-0.19272255897521973 0.36424145102500916
-0.2690666913986206 0.37453290820121765
-0.07093816995620728 0.3535687029361725
-0.2941804528236389 0.39792847633361816
-0.08901941776275635 0.35614773631095886
-0.28928571939468384 0.39223700761795044
-0.29070061445236206 0.39493781328201294
-0.09602677822113037 0.35705626010894775
-0.2903900146484375 0.3940070569515228
-0.3156835436820984 0.40474897623062134
-0.1508958339691162 0.3604150414466858
0.1039285957813263 0.33101555705070496
-0.13576620817184448 0.3591611087322235
-0.12174898386001587 0.35841724276542664
0.07887697219848633 0.3385215997695923
-0.14299935102462769 0.3594900369644165
-0.027663350105285645 0.3505772352218628
0.024038732051849365 0.3468864858150482
0.007000595331192017 0.34815001487731934
0.09922224283218384 0.3332742750644684
0.047976911067962646 0.3409159183502197
-0.07517099380493164 0.3553611934185028
-0.19338619709014893 0.36427584290504456
-0.2730845808982849 0.380055695772171
-0.07143938541412354 0.35477277636528015
0.09624284505844116 0.3344564437866211
0.024038732051849365 0.3468864858150482
-0.2903900146484375 0.3940070569515228
-0.20724666118621826 0.3652436137199402
-0.08729028701782227 0.3560456931591034
-0.2652849555015564 0.37367498874664307
-0.07093816995620728 0.3535687029361725
-0.1097002625465393 0.35745227336883545
-0.06763887405395508 0.35265597701072693
-0.27244746685028076 0.377806156873703
0.0790061354637146 0.3380197584629059
-0.23495721817016602 0.36930933594703674
0.10206794738769531 0.33226919174194336
-0.28928571939468384 0.39223700761795044
-0.2783340811729431 0.3845341205596924
-0.12174898386001587 0.35841724276542664
-0.2109001874923706 0.3664468824863434
-0.02481245994567871 0.34981516003608704
0.09359121322631836 0.33535370230674744
-0.08014512062072754 0.3557592034339905
-0.30034905672073364 0.3986451327800751
-0.28841400146484375 0.3882356882095337
-0.2096138596534729 0.3662090003490448
0.031801313161849976 0.3451484739780426
-0.18596434593200684 0.36367371678352356
-0.13006210327148438 0.35872599482536316
0.10206794738769531 0.33226919174194336
-0.25398051738739014 0.3698118031024933
-0.2765340805053711 0.38131996989250183
-0.21836769580841064 0.36776259541511536
-0.019915223121643066 0.34913262724876404
-0.23260581493377686 0.367811381816864
-0.2599862813949585 0.37015387415885925
-0.3122354745864868 0.40428343415260315
0.09190088510513306 0.33771952986717224
-0.06492406129837036 0.3517126739025116
-0.23808753490447998 0.3696616590023041
-0.015181362628936768 0.3484672009944916
-0.03427016735076904 0.35134437680244446
-0.10426574945449829 0.3571462035179138
-0.17160779237747192 0.36254385113716125
-0.2934842109680176 0.39653655886650085
-0.2647634744644165 0.3725428283214569
0.10206794738769531 0.33226919174194336
0.09359121322631836 0.33535370230674744
-0.29137861728668213 0.39536428451538086
0.07306873798370361 0.3403601050376892
-0.3115040063858032 0.40125560760498047
0.024038732051849365 0.3468864858150482
-0.2796987295150757 0.38604840636253357
-0.19942522048950195 0.36499419808387756
0.034908831119537354 0.344580739736557
-0.2626878619194031 0.37086474895477295
-0.15641677379608154 0.3622320592403412
-0.08014512062072754 0.3557592034339905
0.042709559202194214 0.34190672636032104
-0.21413201093673706 0.3673061728477478
