0.02514028549194336 0.33315831422805786
0.024568915367126465 0.33956843614578247
0.016216784715652466 0.3494264781475067
0.022227227687835693 0.3439151644706726
0.02938273549079895 0.30994534492492676
0.08150765299797058 0.30292659997940063
0.02071934938430786 0.34602057933807373
-0.050884246826171875 0.35816386342048645
-0.00045555830001831055 0.3549061417579651
0.02164936065673828 0.34502503275871277
0.013023018836975098 0.35207003355026245
-0.012289762496948242 0.35663941502571106
0.022731274366378784 0.3436242640018463
0.0746707022190094 0.305740624666214
0.08567488193511963 0.30264535546302795
0.07269951701164246 0.3062935769557953
0.05899423360824585 0.3080967366695404
0.011728286743164062 0.35285183787345886
0.05969727039337158 0.30785712599754333
-0.009556710720062256 0.3559943735599518
0.03353908658027649 0.30993613600730896
0.017536193132400513 0.3492572009563446
0.07857745885848999 0.3040963113307953
0.023902297019958496 0.34010154008865356
0.021127164363861084 0.34563562273979187
0.0566791296005249 0.309005469083786
-0.010882198810577393 0.356338769197464
0.023401916027069092 0.34345534443855286
0.07764732837677002 0.3046341836452484
0.0662793517112732 0.30728408694267273
0.0158064067363739 0.35036519169807434
0.07704281806945801 0.30494895577430725
-0.0024756789207458496 0.3551332652568817
0.07669287919998169 0.3052143156528473
0.07857745885848999 0.3040963113307953
0.016194045543670654 0.3496193587779999
0.023826509714126587 0.34146878123283386
0.017536193132400513 0.3492572009563446
0.06468838453292847 0.30764448642730713
0.03722047805786133 0.30974704027175903
0.01795026659965515 0.34849366545677185
-0.00472414493560791 0.3554280400276184
-0.04815012216567993 0.3572528064250946
0.019894778728485107 0.3470202386379242
0.050547659397125244 0.30930593609809875
0.020411550998687744 0.34641963243484497
0.07492628693580627 0.30559730529785156
0.012505829334259033 0.3524843454360962
0.013023018836975098 0.35207003355026245
0.011728286743164062 0.35285183787345886
0.0659223198890686 0.3074064254760742
0.007413625717163086 0.3537504971027374
0.07857745885848999 0.3040963113307953
0.024568915367126465 0.33956843614578247
-0.016328871250152588 0.35698917508125305
0.02071934938430786 0.34602057933807373
-0.0026392340660095215 0.35520002245903015
0.02011433243751526 0.34650176763534546
0.023426353931427002 0.3427734076976776
0.0061133503913879395 0.3539678156375885
0.07112833857536316 0.3066459596157074
0.07669287919998169 0.3052143156528473
0.021127164363861084 0.34563562273979187
0.015249192714691162 0.35073399543762207
0.01846662163734436 0.3478863835334778
0.07764732837677002 0.3046341836452484
0.07964500784873962 0.30348965525627136
0.01886814832687378 0.3473849296569824
0.06198263168334961 0.30766743421554565
0.08007460832595825 0.30338186025619507
-0.0498121976852417 0.3575596213340759
0.06773477792739868 0.30721500515937805
0.01042214035987854 0.35325393080711365
0.0002543926239013672 0.35463353991508484
0.0797317624092102 0.3034493923187256
0.07764732837677002 0.3046341836452484
0.06926846504211426 0.3070257604122162
0.014154940843582153 0.35140442848205566
0.02514028549194336 0.33315831422805786
0.009034991264343262 0.3536166846752167
0.0662793517112732 0.30728408694267273
0.022168785333633423 0.3443298041820526
0.013946384191513062 0.3519594371318817
