-0.10744243860244751 0.31963056325912476
-0.12202262878417969 0.3216916620731354
-0.12202262878417969 0.3216916620731354
-0.14512550830841064 0.3443644642829895
-0.19385039806365967 0.36160653829574585
-0.2650132179260254 0.36989620327949524
-0.10864806175231934 0.32053086161613464
-0.20681416988372803 0.3636241853237152
-0.12855279445648193 0.3221757709980011
-0.0773472785949707 0.31603068113327026
-0.12202262878417969 0.3216916620731354
-0.08355593681335449 0.31696346402168274
-0.0541117787361145 0.3055354356765747
-0.14512550830841064 0.3443644642829895
-0.11435317993164062 0.3211801052093506
-0.21350884437561035 0.3649239242076874
-0.32678472995758057 0.3727864921092987
-0.12202262878417969 0.3216916620731354
-0.15224599838256836 0.3528493344783783
-0.38392138481140137 0.4080575406551361
-0.04113447666168213 0.30375853180885315
-0.3887673616409302 0.41214606165885925
-0.14512550830841064 0.3443644642829895
-0.12855279445648193 0.3221757709980011
-0.3248636722564697 0.3726136386394501
-0.2893180847167969 0.37225040793418884
-0.2653276324272156 0.3699277341365814
-0.1484133005142212 0.349412202835083
-0.23105883598327637 0.36762234568595886
-0.2512671947479248 0.36872610449790955
-0.28899890184402466 0.37152865529060364
-0.1658703088760376 0.3574879765510559
-0.3705511689186096 0.3928977847099304
-0.3705511689186096 0.3928977847099304
-0.3719577193260193 0.39763811230659485
-0.3435041308403015 0.38345834612846375
-0.33562517166137695 0.3797975480556488
-0.06614178419113159 0.3113074004650116
-0.06033444404602051 0.3075888156890869
-0.1801433563232422 0.358356237411499
-0.3674841523170471 0.3911129832267761
-0.35159939527511597 0.3869350254535675
-0.2019888162612915 0.3629884421825409
-0.32947564125061035 0.3776555359363556
-0.32910287380218506 0.3737124800682068
-0.15224599838256836 0.3528493344783783
-0.3448648452758789 0.384572833776474
-0.20757818222045898 0.3646804988384247
-0.3756321668624878 0.3991751968860626
-0.3756321668624878 0.3991751968860626
-0.04804962873458862 0.3051835298538208
-0.1962166428565979 0.3616258203983307
-0.21457266807556152 0.3649272620677948
-0.12202262878417969 0.3216916620731354
-0.12202262878417969 0.3216916620731354
-0.12202262878417969 0.3216916620731354
-0.12202262878417969 0.3216916620731354
-0.12202262878417969 0.3216916620731354
-0.22441816329956055 0.3649468421936035
-0.22764045000076294 0.3657039701938629
-0.09615790843963623 0.31898728013038635
-0.16327261924743652 0.355693519115448
-0.3578419089317322 0.38721129298210144
-0.3800642490386963 0.40424925088882446
-0.3615443706512451 0.388753741979599
-0.38250213861465454 0.4058334529399872
-0.156629741191864 0.3556787371635437
-0.3830992579460144 0.4077889025211334
-0.08039307594299316 0.31655657291412354
-0.1841740608215332 0.3592863976955414
-0.0541117787361145 0.3055354356765747
-0.37742090225219727 0.40164992213249207
-0.15443718433380127 0.35401222109794617
-0.11435317993164062 0.3211801052093506
-0.3319661617279053 0.3794138431549072
-0.07644295692443848 0.31577786803245544
-0.07644295692443848 0.31577786803245544
-0.07644295692443848 0.31577786803245544
-0.05787009000778198 0.3063364624977112
-0.06792598962783813 0.3128281533718109
-0.0850287675857544 0.31747135519981384
-0.19009125232696533 0.3611394166946411
-0.3862488269805908 0.40906617045402527
-0.388091504573822 0.4101272225379944
-0.10836595296859741 0.3200535476207733
-0.18827277421951294 0.36014243960380554
-0.04175645112991333 0.3037624955177307
-0.3780480623245239 0.40262460708618164
-0.09026968479156494 0.3185182213783264
-0.0727163553237915 0.314948707818985
-0.2585894465446472 0.3689194619655609
-0.25970327854156494 0.3692360818386078
-0.1120753288269043 0.3206712007522583
-0.10289788246154785 0.3192921578884125
-0.36099159717559814 0.3886159360408783
-0.08851110935211182 0.31798863410949707
-0.10418611764907837 0.3193582594394684
-0.10418611764907837 0.3193582594394684
-0.10418611764907837 0.3193582594394684
-0.07005500793457031 0.3140600919723511
