0.287040
0.296558
0.301672
0.305553
0.307503
0.309479
0.310151
0.310946
0.312256
0.312255
0.312235
0.313399
0.312906
0.313226
0.313593
0.314145
0.313482
0.313338
0.313663
0.313228
0.313911
0.313998
0.313892
0.313706
0.313380
0.313094
0.313548
0.313532
0.313520
0.313449
0.313517
0.313580
0.313420
0.313458
0.313345
0.313260
0.313145
0.313187
0.313371
0.313422
0.313448
0.313300
0.313332
0.313238
0.313288
0.313476
0.313345
0.313430
0.313461
0.313461
0.313447
0.313447
0.313571
0.313556
0.313423
0.313506
0.313696
0.313659
0.313713
0.313873
0.313893
0.313894
0.313835
0.313759
0.313814
0.313827
0.313829
0.313772
0.313964
0.313963
0.314026
0.314061
0.313663
0.313756
0.313741
0.313744
0.313772
0.313701
0.313746
0.313713
0.313552
0.313578
0.313538
0.313581
0.313654
0.313767
0.313841
0.313824
0.313915
0.314086
0.314112
0.314171
0.314065
0.314109
0.314101
0.314107
0.314141
0.314204
0.314240
0.314454
0.314454
0.314334
0.314336
0.314355
0.314378
0.314336
0.314336
0.314448
0.314505
0.314534
0.314586
0.314583
0.314560
0.314565
0.314599
0.314633
0.314719
0.314719
0.314736
0.314740
0.314733
0.314733
0.314733
0.314799
0.314799
0.314799
0.314708
0.314708
0.314728
0.314821
0.314850
0.314899
0.314903
0.314919
0.314916
0.314913
0.314913
0.314971
0.315013
0.315013
0.315035
0.314982
0.314982
0.315108
0.315073
0.315051
0.315051
0.315181
0.315181
0.315200
0.315200
0.315199
0.315327
0.315327
0.315327
0.315381
0.315494
0.315712
0.315721
0.315732
0.315816
0.316062
0.316064
0.316106
0.316143
0.316244
0.316405
0.316420
0.316558
0.316588
0.316613
0.316642
0.316824
0.316814
0.316792
0.316796
0.316873
0.316875
0.316835
0.316841
0.316873
0.316895
0.316954
0.316969
0.316969
0.317153
0.317177
0.317129
0.316924
0.316924
0.316982
0.317009
0.317020
0.316997
0.317043
0.317043
0.317089
0.317295
0.317343
0.317343
0.317411
0.317470
0.317477
0.317573
0.317629
0.317673
0.317757
0.317875
0.317925
0.317947
0.317972
0.318072
0.318115
0.318115
0.318138
0.318141
0.318243
0.318340
0.318390
0.318396
0.318396
0.318397
0.318424
0.318438
0.318531
0.318508
0.318559
0.318507
0.318604
0.318604
0.318617
0.318658
0.318759
0.318757
0.318805
0.318825
0.318929
0.318924
0.318933
0.318939
0.318996
0.319063
0.319089
0.319122
0.319119
0.319158
0.319174
0.319189
0.319189
0.319194
0.319241
0.319339
0.319327
0.319272
0.319356
0.319356
0.319394
0.319422
0.319471
0.319430
0.319473
0.319464
0.319481
0.319481
0.319562
0.319565
0.319562
0.319664
0.319664
0.319710
0.319684
0.319727
0.319896
0.319916
0.319919
0.319922
0.320040
0.320076
0.320076
0.320087
0.320106
0.320129
0.320111
0.320203
0.320237
0.320299
0.320348
0.320348
0.320442
0.320477
0.320501
0.320483
0.320498
0.320567
0.320591
0.320608
0.320659
0.320659
0.320687
0.320701
0.320702
0.320772
0.320834
0.320834
0.320868
0.320870
0.320898
0.320921
0.320921
0.321013
0.321019
0.321047
0.321067
0.321093
0.321127
0.321205
0.321263
0.321341
0.321406
0.321406
0.321473
0.321506
0.321620
0.321644
0.321678
0.321755
0.321770
0.321784
0.321814
0.321888
0.321928
0.321928
0.321960
0.321972
0.322009
0.321959
0.322042
0.321972
0.321968
0.321991
0.322020
0.322020
0.322049
0.322158
0.322172
0.322199
0.322210
0.322238
0.322255
0.322227
0.322255
0.322255
0.322295
0.322356
0.322423
0.322489
0.322489
0.322489
0.322551
0.322585
0.322585
0.322585
0.322611
0.322740
0.322757
0.322781
0.322813
0.322813
0.322813
0.322824
0.322848
0.322844
0.322844
0.322883
0.322885
0.322933
0.322933
0.322933
0.322933
0.322995
0.323092
0.323163
0.323185
0.323221
0.323246
0.323336
0.323338
0.323399
0.323405
0.323484
0.323445
0.323479
0.323503
0.323508
0.323571
0.323587
0.323619
0.323616
0.323631
0.323631
0.323667
0.323714
0.323722
0.323722
0.323718
0.323742
0.323756
0.323758
0.323863
0.323863
0.323875
0.323880
0.323909
0.323986
0.324005
0.324087
0.324087
0.324099
0.324110
0.324114
0.324155
0.324172
0.324235
0.324247
0.324333
0.324390
0.324488
0.324523
0.324590
0.324657
0.324672
0.324679
0.324718
0.324761
0.324761
0.324761
0.324780
0.324794
0.324821
0.324821
0.324825
0.324873
0.324890
0.324906
0.324946
0.324946
0.324985
0.325064
0.325084
0.325119
0.325160
0.325159
0.325212
0.325341
0.325398
0.325429
0.325493
0.325496
0.325593
0.325641
0.325643
0.325656
0.325656
0.325668
0.325704
0.325763
0.325781
0.325834
0.325867
0.325867
0.325893
0.325989
0.326046
0.326076
0.326083
0.326098
0.326103
0.326108
0.326112
0.326158
0.326250
0.326250
0.326252
0.326311
0.326385
0.326421
0.326421
0.326434
0.326460
0.326498
0.326530
0.326534
0.326566
0.326585
0.326585
0.326585
0.326585
0.326661
0.326678
0.326677
0.326736
0.326748
0.326774
0.326831
0.326833
0.326933
0.326967
0.326971
0.327117
0.327141
0.327145
0.327154
0.327164
0.327199
0.327219
0.327249
0.327278
0.327279
0.327331
0.327361
0.327364
0.327364
0.327429
0.327442
0.327494
0.327548
0.327554
0.327554
0.327554
0.327581
0.327599
0.327668
0.327685
0.327701
0.327705
0.327697
0.327752
0.327799
0.327799
0.327803
0.327822
0.327822
0.327874
0.327874
0.327891
0.327932
0.327932
0.327932
0.327963
0.328059
0.328059
0.328085
0.328092
0.328092
0.328130
0.328195
0.328198
0.328198
0.328208
0.328249
0.328252
0.328244
0.328315
0.328315
0.328336
0.328344
0.328378
0.328386
0.328417
0.328479
0.328512
0.328516
0.328581
0.328580
0.328598
0.328614
0.328620
0.328627
0.328662
0.328681
0.328690
0.328691
0.328694
0.328755
0.328778
0.328807
0.328815
0.328891
0.328893
0.328929
0.328950
0.328954
0.328954
0.328954
0.328997
0.328997
0.329082
0.329092
0.329121
0.329127
0.329161
0.329168
0.329175
0.329211
0.329239
0.329239
0.329229
0.329308
0.329331
0.329344
0.329360
0.329367
0.329401
0.329436
0.329441
0.329461
0.329472
0.329498
0.329508
0.329560
0.329559
0.329583
0.329608
0.329608
0.329659
0.329668
0.329668
0.329695
0.329700
0.329700
0.329711
0.329711
0.329683
0.329704
0.329751
0.329757
0.329757
0.329769
0.329806
0.329822
0.329861
0.329861
0.329872
0.329971
0.330052
0.330084
0.330096
0.330110
0.330163
0.330224
0.330224
0.330283
0.330328
0.330396
0.330444
0.330448
0.330471
0.330489
0.330539
0.330571
0.330599
0.330599
0.330609
0.330605
0.330625
0.330674
0.330725
0.330740
0.330735
0.330748
0.330840
0.330846
0.330846
0.330880
0.330896
0.330905
0.330918
0.330940
0.330946
0.330954
0.330954
0.330970
0.331058
0.331076
0.331076
0.331155
0.331193
0.331211
0.331211
0.331231
0.331269
0.331286
0.331306
0.331306
0.331306
0.331306
0.331315
0.331315
0.331318
0.331335
0.331340
0.331340
0.331340
0.331453
0.331453
0.331498
0.331538
0.331603
0.331613
0.331637
0.331637
0.331657
0.331657
0.331681
0.331681
0.331719
0.331726
0.331727
0.331727
0.331727
0.331740
0.331750
0.331812
0.331815
0.331815
0.331831
0.331890
0.331929
0.331936
0.331947
0.331947
0.331956
0.331967
0.332057
0.332106
0.332106
0.332152
0.332152
0.332156
0.332178
0.332163
0.332151
0.332167
0.332167
0.332183
0.332291
0.332311
0.332322
0.332358
0.332440
0.332442
0.332465
0.332506
0.332528
0.332527
0.332534
0.332581
0.332586
0.332586
0.332605
0.332609
0.332639
0.332665
0.332674
0.332670
0.332689
0.332695
0.332692
0.332743
0.332746
0.332746
0.332746
0.332759
0.332758
0.332758
0.332758
0.332761
0.332783
0.332780
0.332823
0.332843
0.332878
0.332908
0.332932
0.332946
0.332946
0.332997
0.333000
0.333067
0.333065
0.333078
0.333111
0.333114
0.333139
0.333144
0.333168
0.333187
0.333242
0.333245
0.333260
0.333269
0.333291
0.333333
0.333349
0.333355
0.333381
0.333395
0.333398
0.333393
0.333451
0.333502
0.333496
0.333537
0.333537
0.333555
0.333575
0.333575
0.333576
0.333576
0.333579
0.333605
0.333627
0.333637
0.333637
0.333742
0.333752
0.333753
0.333762
0.333791
0.333824
0.333835
0.333854
0.333864
0.333879
0.333885
0.333892
0.333897
0.333911
0.333911
0.333911
0.333971
0.334007
0.334030
0.334051
0.334054
0.334084
0.334099
0.334106
0.334114
0.334161
0.334187
0.334193
0.334193
0.334202
0.334202
0.334202
0.334202
0.334222
0.334222
0.334214
0.334229
0.334230
0.334247
0.334281
0.334313
0.334369
0.334426
0.334430
0.334471
0.334477
0.334504
0.334521
0.334562
0.334592
0.334637
0.334644
0.334665
0.334665
0.334696
0.334714
0.334714
0.334780
0.334802
0.334807
0.334807
0.334835
0.334835
0.334835
0.334844
0.334858
0.334880
0.334880
0.334880
0.334880
0.334881
0.334912
0.334938
0.334983
0.335056
0.335078
0.335102
0.335119
0.335130
0.335160
0.335160
0.335157
0.335202
0.335220
0.335220
0.335235
0.335304
0.335391
0.335391
0.335414
0.335414
0.335428
0.335428
0.335441
0.335441
0.335455
0.335474
0.335474
0.335485
0.335485
0.335498
0.335505
0.335505
0.335507
0.335520
0.335545
0.335546
0.335574
0.335604
0.335601
0.335601
0.335599
0.335642
0.335662
0.335738
0.335738
0.335814
0.335837
0.335844
0.335886
0.335901
0.335901
0.335909
0.335912
0.335938
0.335938
0.335965
0.335999
0.336002
0.336002
0.336085
0.336085
0.336097
0.336109
0.336131
0.336138
0.336150
0.336153
0.336197
0.336219
0.336219
0.336246
0.336258
0.336263
0.336290
0.336295
0.336312
0.336312
0.336315
0.336315
0.336356
0.336358
0.336363
0.336365
0.336369
0.336369
0.336373
0.336402
0.336405
0.336409
0.336434
0.336445
0.336445
0.336445
0.336432
0.336436
0.336439
0.336471
0.336471
0.336471
0.336519
0.336497
0.336507
0.336532
0.336532
0.336532
0.336545
0.336637
0.336641
0.336642
0.336645
0.336655
0.336700
0.336702
0.336702
0.336706
0.336706
0.336713
0.336794
0.336794
0.336819
0.336819
0.336834
0.336839
0.336848
0.336885
0.336902
0.336919
0.336933
0.336982
0.336989
0.336992
0.337002
0.337002
0.337038
0.337081
0.337081
0.337081
0.337074
0.337074
0.337074
0.337074
0.337090
0.337090
0.337090
0.337120
0.337135
0.337135
0.337141
0.337142
0.337145
0.337145
0.337145
0.337206
0.337241
0.337241
0.337241
0.337244
0.337248
0.337267
0.337272
0.337278
0.337278
0.337278
0.337301
0.337301
0.337301
0.337310
0.337319
0.337319
0.337334
0.337334
0.337342
0.337360
0.337359
0.337359
0.337359
0.337359
0.337399
0.337492
0.337492
0.337501
0.337493
0.337493
0.337518
0.337538
0.337560
0.337532
0.337535
0.337584
0.337623
0.337624
0.337625
0.337626
0.337659
0.337751
0.337764
0.337775
0.337801
0.337820
0.337844
0.337882
0.337889
0.337909
0.337911
0.337911
0.337961
0.337961
0.338005
0.338005
0.338005
0.338016
0.338026
0.338025
0.338017
0.338026
0.338026
0.338047
0.338047
0.338047
0.338102
0.338113
0.338113
0.338123
0.338130
0.338144
0.338145
0.338151
0.338169
0.338169
0.338209
0.338257
0.338259
0.338259
0.338290
0.338327
0.338356
0.338356
0.338356
0.338435
0.338442
0.338442
0.338455
0.338476
0.338476
0.338482
0.338523
0.338523
0.338532
0.338532
0.338549
0.338595
0.338597
0.338597
0.338597
0.338613
0.338627
0.338629
0.338634
0.338668
0.338668
0.338690
0.338713
0.338757
0.338782
0.338782
0.338796
0.338815
0.338829
0.338848
0.338851
0.338855
0.338886
0.338886
0.338886
0.338937
0.338939
0.338939
0.338941
0.338945
0.338949
0.338949
0.338974
0.338988
0.338988
0.338988
0.338987
0.338998
0.339008
0.339008
0.339086
0.339089
0.339089
0.339089
0.339136
0.339136
0.339168
0.339260
0.339260
0.339277
0.339280
0.339327
0.339337
0.339337
0.339344
0.339345
0.339387
0.339390
0.339390
0.339392
0.339422
0.339422
0.339422
0.339421
0.339421
0.339439
0.339439
0.339457
0.339472
0.339499
0.339515
0.339520
0.339520
0.339571
0.339571
0.339577
0.339584
0.339584
0.339592
0.339610
0.339612
0.339636
0.339649
0.339650
0.339650
0.339663
0.339672
0.339680
0.339682
0.339682
0.339685
0.339686
0.339686
0.339718
0.339752
0.339775
0.339805
0.339805
0.339829
0.339865
0.339919
0.339918
0.339954
0.339956
0.339975
0.340014
0.340035
0.340037
0.340035
0.340101
0.340125
0.340148
0.340150
0.340150
0.340163
0.340186
0.340235
0.340244
0.340244
0.340247
0.340265
0.340299
0.340304
0.340304
0.340319
0.340325
0.340337
0.340355
0.340385
0.340397
0.340449
0.340462
0.340471
0.340471
0.340471
0.340554
0.340564
0.340577
0.340577
0.340577
0.340610
0.340623
0.340683
0.340696
0.340696
0.340696
0.340744
0.340746
0.340756
0.340763
0.340764
0.340769
0.340769
0.340773
0.340773
0.340796
0.340823
0.340835
0.340835
0.340836
0.340836
0.340897
0.340897
0.340897
0.340936
0.340963
0.340963
0.340970
0.341050
0.341132
0.341143
0.341170
0.341186
0.341198
0.341220
0.341256
0.341256
0.341277
0.341295
0.341312
0.341312
0.341324
0.341362
0.341368
0.341430
0.341439
0.341439
0.341447
0.341450
0.341503
0.341503
0.341503
0.341503
0.341502
0.341517
0.341529
0.341529
0.341560
0.341585
0.341585
0.341613
0.341637
0.341661
0.341668
0.341674
0.341675
0.341729
0.341729
0.341740
0.341748
0.341762
0.341728
0.341774
0.341821
0.341821
0.341821
0.341897
0.341882
0.341882
0.341882
0.341919
0.341919
0.341932
0.341932
0.341935
0.341937
0.341992
0.341999
0.341999
0.341999
0.342041
0.342065
0.342073
0.342094
0.342124
0.342126
0.342123
0.342159
0.342180
0.342223
0.342237
0.342263
0.342262
0.342275
0.342275
0.342304
0.342304
0.342333
0.342339
0.342339
0.342407
0.342407
0.342409
0.342433
0.342433
0.342433
0.342434
0.342451
0.342454
0.342454
0.342515
0.342515
0.342548
0.342548
0.342552
0.342585
0.342616
0.342662
0.342662
0.342681
0.342690
0.342690
0.342693
0.342743
0.342764
0.342769
0.342769
0.342816
0.342816
0.342835
0.342860
0.342869
0.342874
0.342874
0.342878
0.342878
0.342878
0.342882
0.342957
0.342957
0.342957
0.342963
0.343004
0.343006
0.343010
0.343015
0.343028
0.343028
0.343057
0.343071
0.343104
0.343104
0.343106
0.343108
0.343115
0.343115
0.343115
0.343124
0.343155
0.343204
0.343204
0.343255
0.343259
0.343275
0.343282
0.343283
0.343283
0.343301
0.343343
0.343349
0.343360
0.343372
0.343383
0.343405
0.343443
0.343462
0.343478
0.343483
0.343490
0.343510
0.343587
0.343609
0.343630
0.343636
0.343651
0.343692
0.343703
0.343741
0.343741
0.343785
0.343785
0.343792
0.343792
0.343805
0.343815
0.343821
0.343841
0.343841
0.343849
0.343849
0.343852
0.343853
0.343855
0.343875
0.343875
0.343875
0.343876
0.343877
0.343877
0.343897
0.343898
0.343911
0.343952
0.343958
0.343984
0.343984
0.343989
0.344020
0.344043
0.344077
0.344085
0.344115
0.344115
0.344135
0.344157
0.344162
0.344164
0.344191
0.344199
0.344199
0.344222
0.344238
0.344272
0.344285
0.344285
0.344295
0.344295
0.344319
0.344347
0.344368
0.344384
0.344398
0.344398
0.344398
0.344398
0.344417
0.344419
0.344419
0.344419
0.344427
0.344427
0.344427
0.344433
0.344461
0.344523
0.344523
0.344536
0.344541
0.344554
0.344570
0.344570
0.344575
0.344575
0.344601
0.344625
0.344625
0.344659
0.344659
0.344665
0.344691
0.344697
0.344697
0.344697
0.344706
0.344717
0.344726
0.344726
0.344732
0.344747
0.344750
0.344750
0.344768
0.344768
0.344768
0.344768
0.344786
0.344803
0.344803
0.344831
0.344834
0.344842
0.344854
0.344900
0.344913
0.344914
0.344933
0.344933
0.344939
0.344949
0.344949
0.345006
0.345006
0.345009
0.345024
0.345077
0.345077
0.345080
0.345080
0.345100
0.345101
0.345116
0.345130
0.345141
0.345141
0.345144
0.345146
0.345156
0.345172
0.345176
0.345177
0.345177
0.345184
0.345194
0.345197
0.345197
0.345221
0.345221
0.345229
0.345242
0.345254
0.345254
0.345270
0.345277
0.345279
0.345298
0.345298
0.345355
0.345355
0.345355
0.345355
0.345370
0.345373
0.345429
0.345433
0.345434
0.345510
0.345539
0.345545
0.345609
0.345627
0.345632
0.345632
0.345655
0.345660
0.345675
0.345678
0.345705
0.345709
0.345709
0.345713
0.345713
0.345713
0.345726
0.345738
0.345752
0.345753
0.345753
0.345767
0.345814
0.345817
0.345830
0.345851
0.345876
0.345876
0.345876
0.345883
0.345883
0.345885
0.345893
0.345898
0.345898
0.345898
0.345900
0.345922
0.345922
0.345951
0.345951
0.345956
0.345979
0.345979
0.345979
0.345985
0.345987
0.345987
0.345987
0.345991
0.345999
0.345999
0.346002
0.346002
0.346006
0.346014
0.346014
0.346019
0.346024
0.346027
0.346030
0.346030
0.346032
0.346032
0.346073
0.346073
0.346076
0.346086
0.346086
0.346086
0.346118
0.346130
0.346133
0.346179
0.346179
0.346209
0.346204
0.346208
0.346224
0.346241
0.346257
0.346263
0.346263
0.346263
0.346263
0.346285
0.346285
0.346285
0.346305
0.346313
0.346327
0.346327
0.346327
0.346378
0.346378
0.346403
0.346411
0.346429
0.346429
0.346435
0.346445
0.346471
0.346474
0.346476
0.346504
0.346504
0.346510
0.346526
0.346533
0.346534
0.346534
0.346534
0.346534
0.346534
0.346534
0.346545
0.346538
0.346539
0.346589
0.346589
0.346589
0.346603
0.346603
0.346603
0.346609
0.346621
0.346621
0.346626
0.346626
0.346626
0.346626
0.346626
0.346628
0.346628
0.346628
0.346630
0.346650
0.346672
0.346674
0.346674
0.346710
0.346701
0.346714
0.346722
0.346745
0.346753
0.346753
0.346765
0.346765
0.346765
0.346791
0.346843
0.346858
0.346879
0.346887
0.346887
0.346889
0.346895
0.346900
0.346916
0.346908
0.346918
0.346933
0.346948
0.346973
0.346973
0.346981
0.346998
0.346999
0.347001
0.347001
0.347010
0.347023
0.347034
0.347063
0.347063
0.347096
0.347107
0.347112
0.347133
0.347139
0.347147
0.347160
0.347174
0.347174
0.347182
0.347185
0.347188
0.347202
0.347217
0.347240
0.347242
0.347242
0.347249
0.347249
0.347262
0.347262
0.347262
0.347263
0.347266
0.347267
0.347270
0.347270
0.347273
0.347273
0.347273
0.347273
0.347281
0.347334
0.347348
0.347351
0.347412
0.347422
0.347422
0.347422
0.347454
0.347455
0.347457
0.347460
0.347506
0.347513
0.347529
0.347547
0.347564
0.347571
0.347571
0.347579
0.347579
0.347579
0.347579
0.347596
0.347596
0.347596
0.347596
0.347608
0.347609
0.347609
0.347609
0.347612
0.347612
0.347658
0.347668
0.347712
0.347712
0.347712
0.347722
0.347747
0.347747
0.347753
0.347753
0.347755
0.347755
0.347751
0.347772
0.347797
0.347800
0.347824
0.347831
0.347831
0.347838
0.347838
0.347850
0.347860
0.347864
0.347865
0.347866
0.347871
0.347871
0.347873
0.347879
0.347879
0.347903
0.347905
0.347915
0.347915
0.347920
0.347922
0.347934
0.347934
0.347934
0.347940
0.347953
0.347954
0.347954
0.347954
0.347966
0.347966
0.347987
0.348006
0.348006
0.348006
0.348006
0.348030
0.348033
0.348039
0.348040
0.348055
0.348055
0.348055
0.348055
0.348064
0.348080
0.348082
0.348084
0.348087
0.348104
0.348106
0.348134
0.348141
0.348157
0.348141
0.348144
0.348151
0.348187
0.348187
0.348203
0.348208
0.348210
0.348213
0.348213
0.348218
0.348219
0.348218
0.348218
0.348242
0.348242
0.348260
0.348274
0.348285
0.348296
0.348296
0.348336
0.348339
0.348349
0.348354
0.348354
0.348383
0.348383
0.348387
0.348388
0.348400
0.348400
0.348399
0.348451
0.348452
0.348459
0.348459
0.348461
0.348493
0.348497
0.348500
0.348502
0.348502
0.348502
0.348502
0.348516
0.348521
0.348521
0.348526
0.348562
0.348576
0.348571
0.348571
0.348571
0.348581
0.348583
0.348587
0.348600
0.348600
0.348597
0.348606
0.348616
0.348616
0.348636
0.348642
0.348646
0.348654
0.348655
0.348655
0.348665
0.348682
0.348686
0.348686
0.348686
0.348688
0.348694
0.348700
0.348711
0.348721
0.348723
0.348723
0.348723
0.348731
0.348734
0.348744
0.348762
0.348782
0.348782
0.348783
0.348783
0.348783
0.348785
0.348796
0.348801
0.348801
0.348818
0.348818
0.348850
0.348855
0.348867
0.348872
0.348872
0.348897
0.348910
0.348921
0.348923
0.348933
0.348938
0.348944
0.348988
0.348988
0.348988
0.348988
0.349011
0.349055
0.349058
0.349059
0.349065
0.349065
0.349074
0.349078
0.349089
0.349106
0.349122
0.349122
0.349122
0.349121
0.349115
0.349115
0.349136
0.349138
0.349155
0.349155
0.349155
0.349161
0.349168
0.349169
0.349181
0.349184
0.349192
0.349194
0.349206
0.349227
0.349235
0.349258
0.349263
0.349263
0.349263
0.349274
0.349274
0.349274
0.349290
0.349293
0.349293
0.349293
0.349305
0.349311
0.349311
0.349313
0.349313
0.349340
0.349347
0.349356
0.349356
0.349388
0.349391
0.349412
0.349414
0.349418
0.349441
0.349448
0.349445
0.349453
0.349467
0.349489
0.349490
0.349490
0.349509
0.349530
0.349541
0.349556
0.349556
0.349561
0.349566
0.349574
0.349589
0.349591
0.349594
0.349594
0.349594
0.349595
0.349603
0.349623
0.349679
0.349679
0.349704
0.349704
0.349703
0.349717
0.349738
0.349737
0.349748
0.349756
0.349756
0.349763
0.349780
0.349782
0.349786
0.349791
0.349796
0.349796
0.349796
0.349798
0.349803
0.349803
0.349803
0.349830
0.349834
0.349834
0.349852
0.349862
0.349882
0.349889
0.349925
0.350003
0.350003
0.350015
0.350009
0.350009
0.350051
0.350051
0.350053
0.350053
0.350077
0.350078
0.350083
0.350083
0.350083
0.350098
0.350105
0.350126
0.350147
0.350161
0.350167
0.350172
0.350203
0.350208
0.350208
0.350216
0.350216
0.350216
0.350222
0.350252
0.350277
0.350337
0.350346
0.350358
0.350358
0.350366
0.350366
0.350371
0.350402
0.350421
0.350425
0.350425
0.350437
0.350439
0.350455
0.350455
0.350455
0.350465
0.350485
0.350490
0.350490
0.350490
0.350491
0.350491
0.350495
0.350518
0.350517
0.350517
0.350544
0.350548
0.350548
0.350543
0.350540
0.350540
0.350556
0.350556
0.350558
0.350568
0.350568
0.350568
0.350590
0.350605
0.350606
0.350606
0.350609
0.350628
0.350663
0.350671
0.350690
0.350694
0.350695
0.350712
0.350712
0.350735
0.350746
0.350751
0.350758
0.350761
0.350761
0.350764
0.350826
0.350834
0.350834
0.350834
0.350835
0.350840
0.350846
0.350846
0.350858
0.350863
0.350889
0.350889
0.350909
0.350909
0.350914
0.350918
0.350919
0.350929
0.350935
0.350960
0.350987
0.351012
0.351012
0.351022
0.351051
0.351053
0.350737
0.350749
0.350750
0.350750
0.350756
0.350784
0.350819
0.350824
0.350824
0.350824
0.350845
0.350847
0.350858
0.350874
0.350875
0.350875
0.350887
0.350891
0.350894
0.350894
0.350894
0.350913
0.350913
0.350913
0.350915
0.350915
0.350937
0.350941
0.350945
0.350955
0.350955
0.351005
0.351005
0.351010
0.351010
0.351023
0.351048
0.351053
0.351062
0.351069
0.351086
0.351090
0.351090
0.351116
0.351116
0.351116
0.351198
0.351198
0.351222
0.351225
0.351225
0.351227
0.351227
0.351227
0.351227
0.351227
0.351228
0.351228
0.351228
0.351228
0.351228
0.351229
0.351235
0.351235
0.351237
0.351254
0.351254
0.351261
0.351266
0.351266
0.351283
0.351283
0.351288
0.351288
0.351288
0.351288
0.351288
0.351315
0.351315
0.351349
0.351356
0.351356
0.351358
0.351358
0.351358
0.351362
0.351384
0.351397
0.351397
0.351397
0.351404
0.351404
0.351405
0.351405
0.351409
0.351417
0.351415
0.351415
0.351424
0.351442
0.351442
0.351442
0.351443
0.351461
0.351461
0.351462
0.351462
0.351480
0.351480
0.351481
0.351481
0.351391
0.351422
0.351441
0.351441
0.351464
0.351464
0.351464
0.351466
0.351465
0.351482
0.351485
0.351524
0.351524
0.351524
0.351545
0.351545
0.351550
0.351550
0.351567
0.351567
0.351567
0.351567
0.351589
0.351563
0.351563
0.351567
0.351567
0.351573
0.351597
0.351600
0.351602
0.351602
0.351619
0.351630
0.351630
0.351631
0.351645
0.351647
0.351647
0.351647
0.351679
0.351694
0.351694
0.351694
0.351694
0.351698
0.351695
0.351695
0.351695
0.351695
0.351700
0.351698
0.351706
0.351726
0.351733
0.351733
0.351769
0.351769
0.351776
0.351783
0.351801
0.351804
0.351806
0.351806
0.351806
0.351809
0.351807
0.351831
0.351831
0.351832
0.351832
0.351842
0.351840
0.351844
0.351851
0.351901
0.351929
0.351932
0.351936
0.351946
0.351961
0.351961
0.351972
0.351992
0.352004
0.352006
0.352009
0.352024
0.352024
0.352031
0.352031
0.352077
0.352078
0.352083
0.352084
0.352084
0.352127
0.352130
0.352138
0.352138
0.352148
0.352151
0.352167
0.352171
0.352171
0.352171
0.352181
0.352186
0.352187
0.352194
0.352214
0.352214
0.352214
0.352224
0.352228
0.352267
0.352271
0.352275
0.352276
0.352276
0.352277
0.352340
0.352340
0.352350
0.352350
0.352350
0.352350
0.352351
0.352348
0.352356
0.352358
0.352366
0.352392
0.352392
0.352402
0.352402
0.352410
0.352439
0.352439
0.352439
0.352440
0.352444
0.352451
0.352451
0.352468
0.352468
0.352491
0.352491
0.352506
0.352553
0.352565
0.352586
0.352590
0.352598
0.352616
0.352631
0.352631
0.352640
0.352666
0.352695
0.352699
0.352700
0.352702
0.352702
0.352702
0.352702
0.352702
0.352740
0.352778
0.352778
0.352778
0.352785
0.352785
0.352829
0.352829
0.352840
0.352839
0.352874
0.352878
0.352884
0.352904
0.352904
0.352928
0.352948
0.352955
0.352962
0.352962
0.352962
0.352980
0.352980
0.352999
0.352999
0.352999
0.353002
0.353002
0.353005
0.353017
0.353017
0.353019
0.353019
0.353047
0.353054
0.353077
0.353077
0.353088
0.353089
0.353092
0.353092
0.353103
0.353137
0.353139
0.353158
0.353170
0.353171
0.353171
0.353171
0.353177
0.353178
0.353206
0.353221
0.353225
0.353238
0.353258
0.353260
0.353272
0.353276
0.353283
0.353283
0.353283
0.353283
0.353283
0.353283
0.353297
0.353297
0.353299
0.353312
0.353312
0.353314
0.353317
0.353340
0.353347
0.353360
0.353382
0.353387
0.353391
0.353413
0.353413
0.353414
0.353431
0.353431
0.353431
0.353431
0.353431
0.353431
0.353447
0.353449
0.353467
0.353465
0.353472
0.353490
0.353498
0.353516
0.353520
0.353520
0.353534
0.353534
0.353545
0.353545
0.353552
0.353569
0.353569
0.353571
0.353582
0.353582
0.353605
0.353605
0.353608
0.353613
0.353616
0.353616
0.353623
0.353624
0.353635
0.353635
0.353637
0.353637
0.353682
0.353696
0.353696
0.353696
0.353696
0.353700
0.353700
0.353705
0.353705
0.353710
0.353732
0.353732
0.353732
0.353740
0.353740
0.353759
0.353762
0.353761
0.353766
0.353769
0.353779
0.353794
0.353796
0.353809
0.353847
0.353847
0.353847
0.353847
0.353847
0.353856
0.353856
0.353860
0.353871
0.353871
0.353871
0.353871
0.353871
0.353871
0.353885
0.353885
0.353896
0.353896
0.353898
0.353898
0.353904
0.353909
0.353909
0.353909
0.353912
0.353916
0.353918
0.353930
0.353948
0.353953
0.353953
0.353967
0.353987
0.354000
0.354003
0.354005
0.354005
0.354010
0.354010
0.354029
0.354037
0.354037
0.354019
0.354019
0.354031
0.354034
0.354034
0.354043
0.354045
0.354081
0.354081
0.354086
0.354096
0.354108
0.354108
0.354106
0.354115
0.354123
0.354122
0.354134
0.354144
0.354174
0.354184
0.354201
0.354201
0.354202
0.354218
0.354218
0.354223
0.354226
0.354226
0.354231
0.354231
0.354231
0.354231
0.354235
0.354223
0.354223
0.354229
0.354239
0.354239
0.354247
0.354247
0.354247
0.354248
0.354236
0.354236
0.354236
0.354236
0.354238
0.354251
0.354272
0.354272
0.354272
0.354280
0.354280
0.354317
0.354374
0.354394
0.354403
0.354418
0.354418
0.354418
0.354420
0.354420
0.354446
0.354449
0.354461
0.354461
0.354490
0.354498
0.354498
0.354498
0.354517
0.354517
0.354525
0.354525
0.354544
0.354544
0.354557
0.354560
0.354566
0.354566
0.354605
0.354608
0.354611
0.354611
0.354611
0.354611
0.354611
0.354611
0.354615
0.354615
0.354615
0.354615
0.354615
0.354606
0.354622
0.354620
0.354620
0.354625
0.354625
0.354625
0.354625
0.354658
0.354664
0.354664
0.354676
0.354676
0.354676
0.354676
0.354676
0.354686
0.354714
0.354732
0.354732
0.354732
0.354733
0.354733
0.354734
0.354734
0.354734
0.354734
0.354734
0.354737
0.354737
0.354748
0.354749
0.354758
0.354785
0.354786
0.354786
0.354786
0.354811
0.354842
0.354848
0.354859
0.354859
0.354859
0.354859
0.354856
0.354858
0.354854
0.354859
0.354870
0.354870
0.354901
0.354901
0.354901
0.354901
0.354901
0.354901
0.354901
0.354901
0.354903
0.354903
0.354920
0.354920
0.354933
0.354933
0.354944
0.354952
0.354960
0.354960
0.354971
0.354971
0.354972
0.354986
0.354986
0.354986
0.354986
0.355000
0.355007
0.355008
0.355008
0.355011
0.355016
0.355016
0.355025
0.355028
0.355028
0.355057
0.355057
0.355071
0.355076
0.355076
0.355075
0.355075
0.355082
0.355082
0.355084
0.355085
0.355085
0.355096
0.355114
0.355123
0.355126
0.355126
0.355124
0.355132
0.355156
0.355158
0.355158
0.355185
0.355185
0.355195
0.355208
0.355215
0.355233
0.355238
0.355238
0.355240
0.355251
0.355255
0.355257
0.355257
0.355269
0.355269
0.355269
0.355269
0.355269
0.355281
0.355281
0.355290
0.355294
0.355300
0.355300
0.355321
0.355325
0.355379
0.355401
0.355402
0.355402
0.355402
0.355404
0.355404
0.355404
0.355414
0.355430
0.355444
0.355474
0.355478
0.355479
0.355479
0.355479
0.355485
0.355491
0.355491
0.355491
0.355491
0.355491
0.355491
0.355491
0.355491
0.355491
0.355491
0.355491
0.355497
0.355497
0.355497
0.355500
0.355500
0.355515
0.355530
0.355530
0.355563
0.355564
0.355564
0.355578
0.355580
0.355594
0.355615
0.355620
0.355628
0.355642
0.355642
0.355647
0.355652
0.355652
0.355652
0.355665
0.355665
0.355660
0.355660
0.355676
0.355678
0.355678
0.355683
0.355683
0.355689
0.355689
0.355687
0.355689
0.355689
0.355689
0.355708
0.355708
0.355715
0.355715
0.355748
0.355749
0.355760
0.355767
0.355770
0.355803
0.355803
0.355818
0.355818
0.355815
0.355820
0.355821
0.355821
0.355824
0.355830
0.355835
0.355835
0.355851
0.355851
0.355851
0.355859
0.355859
0.355874
0.355874
0.355881
0.355891
0.355891
0.355899
0.355909
0.355914
0.355937
0.355944
0.355944
0.355951
0.355956
0.355956
0.355966
0.355966
0.355966
0.355968
0.355968
0.355978
0.355978
0.355984
0.355995
0.356000
0.356000
0.356001
0.356018
0.356018
0.356020
0.356020
0.356020
0.356039
0.356047
0.356047
0.356057
0.356073
0.356088
0.356093
0.356114
0.356116
0.356132
0.356132
0.356132
0.356132
0.356132
0.356132
0.356132
0.356150
0.356181
0.356197
0.356202
0.356216
0.356216
0.356249
0.356249
0.356249
0.356269
0.356280
0.356327
0.356329
0.356338
0.356338
0.356340
0.356340
0.356330
0.356341
0.356348
0.356358
0.356359
0.356372
0.356372
0.356372
0.356379
0.356396
0.356389
0.356390
0.356412
0.356415
0.356435
0.356439
0.356439
0.356454
0.356465
0.356465
0.356461
0.356461
0.356461
0.356461
0.356465
0.356471
0.356479
0.356497
0.356497
0.356508
0.356508
0.356508
0.356515
0.356515
0.356518
0.356525
0.356527
0.356527
0.356537
0.356547
0.356554
0.356554
0.356554
0.356554
0.356554
0.356556
0.356556
0.356568
0.356574
0.356574
0.356574
0.356574
0.356582
0.356582
0.356582
0.356584
0.356579
0.356582
0.356582
0.356607
0.356611
0.356613
0.356619
0.356619
0.356627
0.356627
0.356630
0.356631
0.356647
0.356647
0.356657
0.356657
0.356657
0.356657
0.356657
0.356663
0.356663
0.356661
0.356679
0.356687
0.356687
0.356687
0.356687
0.356697
0.356703
0.356715
0.356716
0.356728
0.356727
0.356744
0.356750
0.356760
0.356774
0.356776
0.356782
0.356783
0.356785
0.356809
0.356819
0.356830
0.356844
0.356848
0.356848
0.356852
0.356875
0.356886
0.356891
0.356891
0.356891
0.356894
0.356902
0.356902
0.356910
0.356912
0.356912
0.356912
0.356921
0.356921
0.356923
0.356923
0.356923
0.356924
0.356935
0.356935
0.356937
0.356937
0.356943
0.356939
0.356940
0.356941
0.356941
0.356943
0.356943
0.356943
0.356945
0.356957
0.356962
0.356975
0.356975
0.356975
0.356986
0.356986
0.356995
0.356996
0.357054
0.357058
0.357058
0.357058
0.357059
0.357059
0.357059
0.357060
0.357064
0.357064
0.357041
0.357042
0.357042
0.357078
0.357084
0.357088
0.357088
0.357088
0.357091
0.357091
0.357091
0.357091
0.357091
0.357093
0.357095
0.357096
0.357096
0.357096
0.357096
0.357096
0.357100
0.357100
0.357112
0.357119
0.357119
0.357119
0.357119
0.357120
0.357120
0.357121
0.357144
0.357144
0.357144
0.357144
0.357144
0.357149
0.357149
0.357149
0.357149
0.357153
0.357153
0.357162
0.357170
0.357170
0.357198
0.357199
0.357199
0.357199
0.357199
0.357212
0.357213
0.357211
0.357212
0.357204
0.357210
0.357223
0.357236
0.357236
0.357240
0.357244
0.357262
0.357264
0.357271
0.357271
0.357278
0.357278
0.357279
0.357285
0.357285
0.357288
0.357300
0.357312
0.357312
0.357312
0.357315
0.357323
0.357323
0.357342
0.357342
0.357374
0.357374
0.357374
0.357377
0.357382
0.357382
0.357398
0.357398
0.357398
0.357409
0.357409
0.357426
0.357437
0.357448
0.357448
0.357448
0.357448
0.357463
0.357467
0.357467
0.357472
0.357472
0.357478
0.357478
0.357482
0.357482
0.357482
0.357487
0.357493
0.357493
0.357494
0.357494
0.357498
0.357498
0.357503
0.357503
0.357503
0.357515
0.357515
0.357531
0.357531
0.357531
0.357531
0.357531
0.357540
0.357553
0.357554
0.357554
0.357555
0.357555
0.357555
0.357555
0.357555
0.357570
0.357570
0.357582
0.357584
0.357584
0.357584
0.357606
0.357614
0.357617
0.357620
0.357625
0.357625
0.357625
0.357629
0.357629
0.357629
0.357631
0.357634
0.357645
0.357648
0.357648
0.357690
0.357690
0.357701
0.357708
0.357708
0.357713
0.357720
0.357720
0.357732
0.357737
0.357739
0.357748
0.357754
0.357754
0.357756
0.357756
0.357779
0.357779
0.357779
0.357779
0.357796
0.357797
0.357812
0.357812
0.357812
0.357820
0.357825
0.357826
0.357832
0.357836
0.357840
0.357842
0.357860
0.357863
0.357867
0.357867
0.357867
0.357869
0.357872
0.357877
0.357881
0.357882
0.357883
0.357916
0.357916
0.357916
0.357917
0.357917
0.357926
0.357935
0.357935
0.357935
0.357951
0.357951
0.357951
0.357951
0.357951
0.357949
0.357949
0.357949
0.357949
0.357963
0.357963
0.357966
0.357966
0.357970
0.357970
0.357993
0.357993
0.358003
0.358007
0.358030
0.358035
0.358036
0.358028
0.358028
0.358040
0.358042
0.358052
0.358071
0.358075
0.358077
0.358081
0.358084
0.358084
0.358084
0.358084
0.358088
0.358094
0.358094
0.358097
0.358097
0.358123
0.358123
0.358129
0.358129
0.358142
0.358142
0.358145
0.358145
0.358145
0.358145
0.358149
0.358147
0.358147
0.358147
0.358159
0.358159
0.358159
0.358169
0.358173
0.358177
0.358184
0.358184
0.358191
0.358191
0.358195
0.358195
0.358195
0.358197
0.358197
0.358208
0.358208
0.358214
0.358214
0.358213
0.358230
0.358232
0.358232
0.358229
0.358229
0.358246
0.358246
0.358248
0.358255
0.358266
0.358266
0.358266
0.358280
0.358287
0.358307
0.358307
0.358310
0.358323
0.358335
0.358337
0.358343
0.358343
0.358366
0.358366
0.358372
0.358373
0.358373
0.358374
0.358374
0.358382
0.358391
0.358405
0.358405
0.358407
0.358435
0.358435
0.358435
0.358438
0.358439
0.358445
0.358447
0.358447
0.358448
0.358448
0.358451
0.358455
0.358455
0.358453
0.358458
0.358458
0.358463
0.358468
0.358466
0.358472
0.358473
0.358493
0.358501
0.358500
0.358505
0.358505
0.358507
0.358534
0.358536
0.358536
0.358537
0.358538
0.358559
0.358559
0.358561
0.358595
0.358601
0.358613
0.358613
0.358621
0.358635
0.358635
0.358638
0.358638
0.358638
0.358668
0.358668
0.358671
0.358677
0.358677
0.358682
0.358685
0.358685
0.358688
0.358688
0.358700
0.358701
0.358703
0.358722
0.358722
0.358722
0.358722
0.358725
0.358725
0.358730
0.358730
0.358730
0.358729
0.358730
0.358730
0.358737
0.358737
0.358743
0.358743
0.358743
0.358743
0.358755
0.358762
0.358777
0.358776
0.358776
0.358776
0.358778
0.358781
0.358781
0.358794
0.358846
0.358846
0.358846
0.358846
0.358844
0.358854
0.358854
0.358854
0.358861
0.358862
0.358865
0.358865
0.358865
0.358865
0.358868
0.358876
0.358884
0.358884
0.358884
0.358884
0.358889
0.358889
0.358890
0.358892
0.358892
0.358893
0.358899
0.358909
0.358913
0.358917
0.358917
0.358928
0.358930
0.358932
0.358932
0.358932
0.358933
0.358947
0.358948
0.358949
0.358958
0.358997
0.358997
0.359003
0.359004
0.359004
0.359007
0.359020
0.359026
0.359026
0.359029
0.359029
0.359033
0.359033
0.359033
0.359060
0.359061
0.359062
0.359066
0.359071
0.359071
0.359078
0.359078
0.359081
0.359081
0.359097
0.359112
0.359112
0.359130
0.359132
0.359133
0.359135
0.359137
0.359142
0.359142
0.359143
0.359143
0.359153
0.359155
0.359155
0.359155
0.359157
0.359163
0.359164
0.359164
0.359174
0.359174
0.359174
0.359187
0.359187
0.359188
0.359188
0.359203
0.359204
0.359219
0.359219
0.359220
0.359222
0.359237
0.359239
0.359246
0.359269
0.359269
0.359276
0.359276
0.359276
0.359276
0.359277
0.359278
0.359282
0.359282
0.359282
0.359284
0.359288
0.359288
0.359295
0.359298
0.359298
0.359303
0.359311
0.359319
0.359319
0.359320
0.359324
0.359324
0.359343
0.359363
0.359370
0.359370
0.359369
0.359370
0.359371
0.359374
0.359379
0.359392
0.359404
0.359404
0.359407
0.359421
0.359422
0.359422
0.359433
0.359434
0.359436
0.359447
0.359447
0.359447
0.359461
0.359473
0.359477
0.359474
0.359485
0.359492
0.359492
0.359492
0.359493
0.359499
0.359514
0.359514
0.359514
0.359517
0.359517
0.359517
0.359522
0.359529
0.359532
0.359532
0.359532
0.359532
0.359544
0.359549
0.359549
0.359561
0.359567
0.359575
0.359588
0.359588
0.359588
0.359597
0.359597
0.359605
0.359605
0.359612
0.359621
0.359638
0.359646
0.359658
0.359658
0.359665
0.359666
0.359668
0.359680
0.359690
0.359692
0.359699
0.359699
0.359699
0.359699
0.359701
0.359701
0.359714
0.359719
0.359736
0.359735
0.359747
0.359747
0.359750
0.359752
0.359752
0.359752
0.359752
0.359758
0.359758
0.359758
0.359758
0.359759
0.359776
0.359776
0.359778
0.359778
0.359778
0.359778
0.359778
0.359778
0.359779
0.359780
0.359780
0.359780
0.359783
0.359783
0.359783
0.359796
0.359807
0.359808
0.359808
0.359816
0.359816
0.359825
0.359830
0.359826
0.359826
0.359847
0.359848
0.359851
0.359851
0.359851
0.359851
0.359852
0.359858
0.359858
0.359861
0.359861
0.359865
0.359865
0.359866
0.359867
0.359867
0.359867
0.359867
0.359867
0.359867
0.359873
0.359890
0.359890
0.359890
0.359891
0.359891
0.359896
0.359896
0.359906
0.359906
0.359906
0.359906
0.359911
0.359910
0.359914
0.359916
0.359916
0.359916
0.359916
0.359916
0.359916
0.359916
0.359916
0.359916
0.359916
0.359916
0.359918
0.359918
0.359918
0.359918
0.359918
0.359918
0.359918
0.359932
0.359938
0.359938
0.359948
0.359954
0.359954
0.359969
0.359973
0.359973
0.359973
0.359975
0.359975
0.359975
0.359975
0.359975
0.359986
0.359986
0.359986
0.359991
0.359995
0.359995
0.359994
0.359997
0.359997
0.360030
0.360058
0.360059
0.360059
0.360059
0.360059
0.360076
0.360076
0.360094
0.360094
0.360094
0.360099
0.360115
0.360131
0.360131
0.360131
0.360133
0.360138
0.360137
0.360137
0.360151
0.360172
0.360172
0.360176
0.360176
0.360198
0.360201
0.360216
0.360216
0.360220
0.360220
0.360221
0.360231
0.360231
0.360231
0.360231
0.360231
0.360235
0.360237
0.360237
0.360246
0.360246
0.360253
0.360281
0.360290
0.360296
0.360299
0.360299
0.360301
0.360301
0.360310
0.360310
0.360329
0.360340
0.360349
0.360355
0.360355
0.360355
0.360361
0.360366
0.360366
0.360366
0.360366
0.360370
0.360370
0.360370
0.360377
0.360378
0.360379
0.360380
0.360380
0.360380
0.360381
0.360381
0.360388
0.360389
0.360408
0.360408
0.360411
0.360411
0.360421
0.360421
0.360421
0.360428
0.360434
0.360435
0.360440
0.360457
0.360457
0.360457
0.360457
0.360465
0.360472
0.360473
0.360501
0.360503
0.360508
0.360508
0.360516
0.360519
0.360519
0.360519
0.360519
0.360519
0.360520
0.360522
0.360528
0.360528
0.360530
0.360535
0.360535
0.360535
0.360538
0.360538
0.360538
0.360538
0.360538
0.360538
0.360542
0.360542
0.360543
0.360532
0.360532
0.360535
0.360548
0.360578
0.360581
0.360581
0.360581
0.360583
0.360585
0.360586
0.360586
0.360590
0.360590
0.360590
0.360590
0.360592
0.360592
0.360592
0.360594
0.360594
0.360600
0.360600
0.360600
0.360600
0.360600
0.360600
0.360600
0.360606
0.360607
0.360607
0.360625
0.360625
0.360625
0.360632
0.360632
0.360632
0.360634
0.360636
0.360636
0.360637
0.360637
0.360641
0.360641
0.360641
0.360644
0.360652
0.360671
0.360671
0.360671
0.360676
0.360680
0.360685
0.360685
0.360685
0.360685
0.360685
0.360685
0.360687
0.360690
0.360690
0.360690
0.360690
0.360693
0.360693
0.360698
0.360698
0.360698
0.360698
0.360700
0.360700
0.360703
0.360703
0.360704
0.360704
0.360704
0.360729
0.360729
0.360747
0.360748
0.360748
0.360767
0.360767
0.360783
0.360781
0.360781
0.360782
0.360795
0.360795
0.360795
0.360811
0.360811
0.360814
0.360818
0.360820
0.360826
0.360832
0.360844
0.360856
0.360856
0.360860
0.360867
0.360867
0.360878
0.360878
0.360878
0.360876
0.360876
0.360896
0.360896
0.360902
0.360903
0.360903
0.360892
0.360898
0.360908
0.360909
0.360909
0.360917
0.360948
0.360963
0.360963
0.360963
0.360964
0.360992
0.360992
0.360998
0.360999
0.361000
0.360996
0.360996
0.361002
0.361002
0.361005
0.361005
0.361005
0.361009
0.361020
0.361020
0.361032
0.361032
0.361034
0.361040
0.361046
0.361046
0.361049
0.361054
0.361067
0.361081
0.361082
0.361094
0.361094
0.361095
0.361106
0.361106
0.361129
0.361129
0.361129
0.361132
0.361132
0.361136
0.361136
0.361138
0.361139
0.361139
0.361144
0.361151
0.361153
0.361153
0.361153
0.361153
0.361153
0.361153
0.361172
0.361177
0.361176
0.361176
0.361176
0.361176
0.361181
0.361185
0.361185
0.361185
0.361185
0.361185
0.361185
0.361189
0.361189
0.361189
0.361189
0.361208
0.361213
0.361214
0.361214
0.361214
0.361223
0.361224
0.361224
0.361235
0.361246
0.361258
0.361280
0.361280
0.361283
0.361283
0.361285
0.361286
0.361291
0.361315
0.361315
0.361315
0.361313
0.361320
0.361329
0.361334
0.361334
0.361334
0.361332
0.361332
0.361336
0.361336
0.361341
0.361343
0.361343
0.361343
0.361344
0.361345
0.361345
0.361345
0.361361
0.361362
0.361365
0.361365
0.361372
0.361381
0.361381
0.361382
0.361386
0.361393
0.361390
0.361396
0.361398
0.361404
0.361405
0.361406
0.361408
0.361412
0.361412
0.361412
0.361414
0.361446
0.361446
0.361446
0.361465
0.361465
0.361465
0.361470
0.361483
0.361483
0.361489
0.361491
0.361521
0.361523
0.361527
0.361531
0.361531
0.361543
0.361543
0.361545
0.361546
0.361546
0.361547
0.361549
0.361550
0.361550
0.361553
0.361554
0.361557
0.361567
0.361568
0.361579
0.361579
0.361618
0.361618
0.361622
0.361625
0.361646
0.361688
0.361690
0.361690
0.361699
0.361697
0.361697
0.361715
0.361727
0.361726
0.361726
0.361761
0.361762
0.361772
0.361772
0.361772
0.361784
0.361784
0.361790
0.361790
0.361795
0.361795
0.361786
0.361786
0.361799
0.361800
0.361800
0.361800
0.361809
0.361818
0.361832
0.361832
0.361840
0.361845
0.361845
0.361848
0.361848
0.361881
0.361881
0.361883
0.361883
0.361883
0.361883
0.361885
0.361900
0.361900
0.361908
0.361910
0.361916
0.361916
0.361916
0.361921
0.361921
0.361925
0.361925
0.361928
0.361928
0.361927
0.361927
0.361927
0.361928
0.361928
0.361928
0.361936
0.361937
0.361944
0.361946
0.361946
0.361951
0.361951
0.361951
0.361951
0.361960
0.361961
0.361963
0.361963
0.361968
0.361983
0.361983
0.361984
0.361986
0.361983
0.361984
0.361986
0.362013
0.362022
0.362026
0.362028
0.362037
0.362038
0.362043
0.362045
0.362046
0.362047
0.362059
0.362061
0.362061
0.362063
0.362064
0.362064
0.362087
0.362094
0.362094
0.362094
0.362094
0.362095
0.362095
0.362095
0.362095
0.362095
0.362095
0.362095
0.362105
0.362105
0.362129
0.362129
0.362129
0.362137
0.362138
0.362140
0.362142
0.362148
0.362149
0.362151
0.362151
0.362152
0.362156
0.362162
0.362162
0.362162
0.362183
0.362183
0.362181
0.362181
0.362181
0.362188
0.362188
0.362192
0.362195
0.362197
0.362211
0.362211
0.362211
0.362211
0.362211
0.362211
0.362211
0.362211
0.362211
0.362211
0.362211
0.362211
0.362211
0.362211
0.362211
0.362214
0.362214
0.362214
0.362224
0.362224
0.362224
0.362227
0.362241
0.362241
0.362241
0.362241
0.362239
0.362242
0.362244
0.362244
0.362249
0.362249
0.362249
0.362249
0.362260
0.362264
0.362272
0.362281
0.362283
0.362283
0.362306
0.362326
0.362327
0.362335
0.362342
0.362344
0.362352
0.362352
0.362352
0.362357
0.362357
0.362374
0.362376
0.362377
0.362389
0.362434
0.362434
0.362434
0.362439
0.362443
0.362449
0.362449
0.362461
0.362485
0.362486
0.362498
0.362497
0.362493
0.362493
0.362497
0.362497
0.362508
0.362509
0.362518
0.362519
0.362519
0.362529
0.362529
0.362533
0.362538
0.362538
0.362549
0.362549
0.362549
0.362549
0.362549
0.362552
0.362552
0.362552
0.362554
0.362554
0.362554
0.362554
0.362554
0.362554
0.362554
0.362560
0.362579
0.362581
0.362581
0.362581
0.362581
0.362574
0.362590
0.362590
0.362599
0.362616
0.362616
0.362616
0.362621
0.362623
0.362626
0.362631
0.362632
0.362632
0.362636
0.362643
0.362671
0.362682
0.362685
0.362692
0.362692
0.362692
0.362695
0.362698
0.362698
0.362698
0.362700
0.362707
0.362707
0.362707
0.362708
0.362726
0.362726
0.362726
0.362726
0.362726
0.362727
0.362727
0.362727
0.362727
0.362727
0.362739
0.362773
0.362773
0.362773
0.362788
0.362789
0.362789
0.362789
0.362793
0.362793
0.362795
0.362795
0.362795
0.362795
0.362795
0.362795
0.362795
0.362795
0.362795
0.362795
0.362795
0.362798
0.362808
0.362808
0.362821
0.362822
0.362822
0.362828
0.362831
0.362831
0.362861
0.362861
0.362870
0.362871
0.362868
0.362871
0.362873
0.362873
0.362873
0.362873
0.362877
0.362877
0.362879
0.362879
0.362879
0.362879
0.362879
0.362882
0.362882
0.362885
0.362885
0.362885
0.362894
0.362901
0.362901
0.362901
0.362919
0.362919
0.362919
0.362926
0.362931
0.362931
0.362932
0.362934
0.362944
0.362945
0.362945
0.362957
0.362957
0.362957
0.362957
0.362956
0.362960
0.362970
0.362970
0.362978
0.363012
0.363016
0.363017
0.363019
0.363024
0.363023
0.363024
0.363024
0.363024
0.363024
0.363024
0.363025
0.363025
0.363025
0.363025
0.363027
0.363027
0.363029
0.363029
0.363029
0.363029
0.363030
0.363030
0.363033
0.363033
0.363033
0.363037
0.363037
0.363037
0.363037
0.363037
0.363037
0.363038
0.363039
0.363063
0.363063
0.363063
0.363063
0.363064
0.363064
0.363074
0.363074
0.363074
0.363074
0.363074
0.363100
0.363106
0.363107
0.363110
0.363110
0.363111
0.363117
0.363120
0.363129
0.363129
0.363136
0.363136
0.363139
0.363139
0.363139
0.363139
0.363135
0.363162
0.363162
0.363164
0.363172
0.363172
0.363172
0.363173
0.363186
0.363191
0.363191
0.363194
0.363194
0.363199
0.363202
0.363202
0.363202
0.363202
0.363202
0.363202
0.363203
0.363203
0.363203
0.363203
0.363192
0.363192
0.363200
0.363200
0.363206
0.363214
0.363214
0.363227
0.363228
0.363227
0.363233
0.363233
0.363239
0.363241
0.363265
0.363269
0.363275
0.363276
0.363276
0.363276
0.363277
0.363277
0.363277
0.363277
0.363283
0.363285
0.363285
0.363285
0.363280
0.363280
0.363280
0.363280
0.363280
0.363280
0.363280
0.363280
0.363282
0.363282
0.363282
0.363282
0.363282
0.363282
0.363283
0.363283
0.363286
0.363306
0.363319
0.363319
0.363321
0.363345
0.363347
0.363347
0.363374
0.363374
0.363386
0.363386
0.363386
0.363386
0.363386
0.363388
0.363389
0.363391
0.363391
0.363391
0.363395
0.363395
0.363400
0.363403
0.363403
0.363411
0.363414
0.363414
0.363415
0.363415
0.363417
0.363419
0.363419
0.363423
0.363424
0.363434
0.363435
0.363457
0.363469
0.363484
0.363484
0.363485
0.363491
0.363495
0.363496
0.363496
0.363497
0.363508
0.363518
0.363533
0.363534
0.363534
0.363534
0.363534
0.363541
0.363544
0.363544
0.363544
0.363543
0.363543
0.363543
0.363544
0.363544
0.363544
0.363544
0.363550
0.363550
0.363550
0.363550
0.363550
0.363553
0.363557
0.363558
0.363558
0.363558
0.363558
0.363558
0.363560
0.363560
0.363563
0.363563
0.363563
0.363566
0.363566
0.363567
0.363567
0.363567
0.363567
0.363582
0.363582
0.363600
0.363608
0.363608
0.363612
0.363617
0.363617
0.363627
0.363637
0.363642
0.363649
0.363663
0.363664
0.363669
0.363669
0.363676
0.363677
0.363680
0.363680
0.363686
0.363686
0.363689
0.363689
0.363689
0.363689
0.363689
0.363699
0.363706
0.363706
0.363721
0.363721
0.363721
0.363722
0.363730
0.363731
0.363731
0.363731
0.363737
0.363737
0.363737
0.363737
0.363739
0.363741
0.363741
0.363741
0.363742
0.363742
0.363742
0.363742
0.363745
0.363745
0.363745
0.363745
0.363745
0.363747
0.363749
0.363765
0.363765
0.363765
0.363765
0.363770
0.363770
0.363778
0.363779
0.363785
0.363794
0.363806
0.363806
0.363814
0.363821
0.363821
0.363821
0.363823
0.363823
0.363823
0.363823
0.363834
0.363835
0.363837
0.363838
0.363838
0.363838
0.363838
0.363838
0.363841
0.363841
0.363841
0.363848
0.363849
0.363852
0.363855
0.363855
0.363855
0.363860
0.363860
0.363860
0.363862
0.363862
0.363866
0.363866
0.363866
0.363867
0.363867
0.363867
0.363876
0.363876
0.363877
0.363877
0.363877
0.363879
0.363882
0.363882
0.363903
0.363903
0.363908
0.363908
0.363926
0.363934
0.363949
0.363950
0.363957
0.363959
0.363958
0.363958
0.363959
0.363959
0.363961
0.363961
0.363961
0.363961
0.363962
0.363962
0.363962
0.363962
0.363970
0.363970
0.363970
0.363970
0.363970
0.364007
0.364011
0.364011
0.364011
0.364011
0.364011
0.364011
0.364004
0.364010
0.364010
0.364019
0.364019
0.364019
0.364023
0.364031
0.364037
0.364046
0.364048
0.364055
0.364057
0.364059
0.364059
0.364077
0.364077
0.364077
0.364077
0.364079
0.364079
0.364079
0.364080
0.364080
0.364081
0.364081
0.364081
0.364081
0.364081
0.364081
0.364081
0.364081
0.364083
0.364086
0.364091
0.364093
0.364093
0.364093
0.364094
0.364094
0.364102
0.364106
0.364106
0.364106
0.364106
0.364106
0.364114
0.364120
0.364120
0.364120
0.364120
0.364120
0.364120
0.364124
0.364124
0.364124
0.364125
0.364137
0.364137
0.364143
0.364143
0.364146
0.364146
0.364146
0.364149
0.364149
0.364159
0.364159
0.364161
0.364161
0.364161
0.364161
0.364161
0.364163
0.364167
0.364167
0.364167
0.364197
0.364201
0.364201
0.364201
0.364201
0.364201
0.364212
0.364212
0.364219
0.364220
0.364227
0.364227
0.364227
0.364227
0.364231
0.364235
0.364235
0.364235
0.364262
0.364266
0.364266
0.364270
0.364284
0.364288
0.364288
0.364288
0.364289
0.364288
0.364288
0.364289
0.364289
0.364319
0.364319
0.364319
0.364326
0.364336
0.364336
0.364351
0.364363
0.364367
0.364367
0.364368
0.364368
0.364372
0.364372
0.364376
0.364386
0.364389
0.364389
0.364416
0.364416
0.364442
0.364442
0.364442
0.364442
0.364442
0.364442
0.364444
0.364449
0.364449
0.364449
0.364458
0.364458
0.364458
0.364474
0.364475
0.364475
0.364475
0.364476
0.364492
0.364505
0.364505
0.364503
0.364503
0.364503
0.364503
0.364506
0.364509
0.364509
0.364521
0.364521
0.364521
0.364524
0.364532
0.364533
0.364533
0.364535
0.364535
0.364537
0.364547
0.364548
0.364548
0.364549
0.364549
0.364550
0.364550
0.364564
0.364570
0.364585
0.364586
0.364596
0.364597
0.364600
0.364605
0.364613
0.364615
0.364615
0.364615
0.364664
0.364665
0.364665
0.364665
0.364665
0.364666
0.364672
0.364672
0.364672
0.364674
0.364674
0.364675
0.364693
0.364693
0.364693
0.364694
0.364696
0.364696
0.364704
0.364708
0.364728
0.364728
0.364728
0.364728
0.364739
0.364739
0.364742
0.364744
0.364752
0.364752
0.364754
0.364754
0.364756
0.364767
0.364767
0.364767
0.364767
0.364774
0.364788
0.364788
0.364788
0.364788
0.364794
0.364790
0.364793
0.364802
0.364802
0.364812
0.364814
0.364814
0.364814
0.364815
0.364821
0.364823
0.364823
0.364823
0.364823
0.364823
0.364823
0.364830
0.364830
0.364830
0.364840
0.364851
0.364856
0.364856
0.364856
0.364856
0.364863
0.364867
0.364867
0.364871
0.364871
0.364871
0.364871
0.364880
0.364880
0.364882
0.364882
0.364882
0.364885
0.364890
0.364890
0.364890
0.364953
0.364957
0.364957
0.364957
0.364960
0.364963
0.364963
0.364963
0.364968
0.364968
0.364968
0.364968
0.364968
0.364955
0.364964
0.364967
0.364967
0.364967
0.364971
0.364972
0.364972
0.364973
0.364973
0.364973
0.364978
0.364978
0.364980
0.364980
0.364983
0.365010
0.365003
0.365003
0.365003
0.365012
0.365035
0.365035
0.365038
0.365038
0.365040
0.365040
0.365043
0.365063
0.365072
0.365073
0.365086
0.365086
0.365088
0.365088
0.365088
0.365088
0.365088
0.365088
0.365092
0.365094
0.365101
0.365115
0.365115
0.365126
0.365128
0.365128
0.365128
0.365128
0.365131
0.365132
0.365136
0.365138
0.365138
0.365140
0.365141
0.365141
0.365146
0.365162
0.365162
0.365162
0.365163
0.365163
0.365163
0.365163
0.365165
0.365165
0.365167
0.365167
0.365167
0.365167
0.365168
0.365168
0.365168
0.365169
0.365187
0.365189
0.365189
0.365189
0.365189
0.365198
0.365212
0.365213
0.365220
0.365220
0.365219
0.365219
0.365258
0.365258
0.365265
0.365265
0.365277
0.365278
0.365278
0.365278
0.365302
0.365307
0.365307
0.365311
0.365319
0.365320
0.365322
0.365323
0.365323
0.365323
0.365323
0.365327
0.365343
0.365343
0.365347
0.365347
0.365347
0.365349
0.365349
0.365353
0.365364
0.365364
0.365364
0.365365
0.365365
0.365366
0.365368
0.365372
0.365376
0.365385
0.365385
0.365390
0.365392
0.365395
0.365395
0.365396
0.365396
0.365396
0.365400
0.365400
0.365400
0.365400
0.365400
0.365400
0.365408
0.365411
0.365413
0.365413
0.365415
0.365415
0.365434
0.365435
0.365440
0.365440
0.365440
0.365444
0.365449
0.365454
0.365454
0.365454
0.365454
0.365459
0.365459
0.365459
0.365504
0.365510
0.365519
0.365519
0.365519
0.365527
0.365527
0.365535
0.365536
0.365537
0.365538
0.365544
0.365541
0.365541
0.365538
0.365541
0.365541
0.365546
0.365553
0.365554
0.365555
0.365554
0.365562
0.365568
0.365568
0.365572
0.365576
0.365576
0.365576
0.365576
0.365579
0.365579
0.365579
0.365580
0.365580
0.365581
0.365581
0.365581
0.365581
0.365596
0.365597
0.365597
0.365605
0.365607
0.365609
0.365610
0.365610
0.365619
0.365619
0.365647
0.365647
0.365647
0.365647
0.365647
0.365648
0.365655
0.365660
0.365660
0.365660
0.365660
0.365660
0.365661
0.365698
0.365699
0.365699
0.365699
0.365699
0.365710
0.365711
0.365716
0.365724
0.365736
0.365736
0.365737
0.365738
0.365738
0.365742
0.365742
0.365753
0.365753
0.365753
0.365753
0.365753
0.365753
0.365753
0.365738
0.365749
0.365755
0.365755
0.365755
0.365755
0.365764
0.365764
0.365765
0.365765
0.365779
0.365780
0.365780
0.365783
0.365783
0.365783
0.365783
0.365783
0.365789
0.365793
0.365793
0.365793
0.365796
0.365796
0.365802
0.365802
0.365802
0.365803
0.365803
0.365803
0.365813
0.365820
0.365820
0.365820
0.365820
0.365820
0.365822
0.365822
0.365823
0.365823
0.365823
0.365824
0.365824
0.365824
0.365824
0.365824
0.365824
0.365824
0.365828
0.365828
0.365863
0.365884
0.365884
0.365892
0.365892
0.365894
0.365894
0.365906
0.365913
0.365913
0.365918
0.365920
0.365929
0.365931
0.365931
0.365931
0.365953
0.365953
0.365953
0.365954
0.365970
0.365974
0.365974
0.365977
0.365980
0.365980
0.365992
0.365998
0.365998
0.365998
0.365999
0.366000
0.366000
0.366000
0.366017
0.366017
0.366013
0.366013
0.366013
0.366013
0.366013
0.366013
0.366015
0.366015
0.366015
0.366014
0.366014
0.366017
0.366017
0.366017
0.366017
0.366017
0.366023
0.366023
0.366027
0.366027
0.366027
0.366029
0.366030
0.366030
0.366030
0.366031
0.366032
0.366044
0.366044
0.366044
0.366044
0.366044
0.366044
0.366044
0.366050
0.366050
0.366050
0.366052
0.366054
0.366054
0.366054
0.366059
0.366059
0.366059
0.366059
0.366104
0.366104
0.366104
0.366116
0.366129
0.366129
0.366132
0.366139
0.366139
0.366139
0.366139
0.366139
0.366151
0.366151
0.366151
0.366157
0.366162
0.366163
0.366171
0.366176
0.366176
0.366176
0.366176
0.366181
0.366181
0.366181
0.366190
0.366190
0.366191
0.366193
0.366193
0.366195
0.366197
0.366197
0.366197
0.366197
0.366199
0.366199
0.366199
0.366199
0.366199
0.366208
0.366208
0.366211
0.366211
0.366226
0.366228
0.366232
0.366235
0.366235
0.366235
0.366235
0.366236
0.366236
0.366236
0.366236
0.366239
0.366241
0.366241
0.366241
0.366242
0.366265
0.366265
0.366265
0.366266
0.366296
0.366296
0.366297
0.366297
0.366297
0.366298
0.366298
0.366304
0.366304
0.366304
0.366304
0.366304
0.366305
0.366305
0.366310
0.366310
0.366310
0.366310
0.366310
0.366310
0.366311
0.366315
0.366317
0.366317
0.366338
0.366340
0.366340
0.366344
0.366344
0.366359
0.366359
0.366359
0.366359
0.366359
0.366363
0.366372
0.366372
0.366373
0.366373
0.366374
0.366377
0.366397
0.366397
0.366406
0.366406
0.366410
0.366410
0.366417
0.366425
0.366425
0.366425
0.366426
0.366426
0.366426
0.366428
0.366428
0.366428
0.366428
0.366431
0.366435
0.366435
0.366435
0.366435
0.366435
0.366435
0.366435
0.366441
0.366441
0.366441
0.366445
0.366445
0.366445
0.366445
0.366451
0.366451
0.366451
0.366454
0.366454
0.366454
0.366457
0.366463
0.366463
0.366485
0.366485
0.366491
0.366497
0.366499
0.366507
0.366511
0.366511
0.366514
0.366514
0.366520
0.366525
0.366525
0.366525
0.366526
0.366528
0.366528
0.366528
0.366528
0.366536
0.366536
0.366568
0.366568
0.366570
0.366570
0.366572
0.366572
0.366578
0.366583
0.366583
0.366588
0.366594
0.366599
0.366607
0.366607
0.366612
0.366613
0.366616
0.366628
0.366628
0.366628
0.366631
0.366664
0.366664
0.366667
0.366667
0.366667
0.366668
0.366669
0.366669
0.366669
0.366669
0.366674
0.366675
0.366681
0.366682
0.366689
0.366698
0.366698
0.366699
0.366699
0.366699
0.366699
0.366704
0.366715
0.366719
0.366730
0.366730
0.366730
0.366730
0.366732
0.366734
0.366734
0.366734
0.366734
0.366735
0.366736
0.366738
0.366738
0.366742
0.366742
0.366742
0.366745
0.366745
0.366745
0.366752
0.366752
0.366752
0.366752
0.366752
0.366752
0.366752
0.366758
0.366758
0.366758
0.366759
0.366759
0.366759
0.366759
0.366760
0.366760
0.366760
0.366760
0.366760
0.366766
0.366767
0.366772
0.366780
0.366794
0.366824
0.366823
0.366837
0.366844
0.366844
0.366852
0.366854
0.366856
0.366856
0.366856
0.366870
0.366870
0.366870
0.366875
0.366875
0.366875
0.366875
0.366875
0.366880
0.366880
0.366881
0.366881
0.366881
0.366881
0.366881
0.366882
0.366885
0.366887
0.366887
0.366887
0.366890
0.366895
0.366907
0.366907
0.366908
0.366912
0.366912
0.366912
0.366913
0.366913
0.366913
0.366917
0.366917
0.366919
0.366919
0.366919
0.366919
0.366922
0.366920
0.366923
0.366923
0.366927
0.366932
0.366939
0.366939
0.366947
0.366947
0.366951
0.366974
0.366974
0.366974
0.366976
0.366989
0.366996
0.367001
0.367001
0.367004
0.367008
0.367009
0.367011
0.367011
0.367014
0.367022
0.367022
0.367022
0.367026
0.367030
0.367030
0.367034
0.367034
0.367034
0.367034
0.367035
0.367035
0.367035
0.367049
0.367049
0.367050
0.367050
0.367053
0.367058
0.367059
0.367059
0.367061
0.367075
0.367080
0.367084
0.367084
0.367085
0.367085
0.367085
0.367085
0.367085
0.367085
0.367086
0.367086
0.367090
0.367114
0.367129
0.367129
0.367129
0.367128
0.367135
0.367135
0.367141
0.367151
0.367151
0.367152
0.367182
0.367183
0.367184
0.367199
0.367199
0.367200
0.367200
0.367200
0.367200
0.367200
0.367198
0.367198
0.367199
0.367199
0.367202
0.367204
0.367204
0.367204
0.367204
0.367205
0.367215
0.367223
0.367223
0.367223
0.367234
0.367240
0.367244
0.367264
0.367269
0.367273
0.367273
0.367274
0.367274
0.367274
0.367275
0.367279
0.367279
0.367279
0.367279
0.367279
0.367282
0.367284
0.367284
0.367289
0.367289
0.367289
0.367289
0.367289
0.367289
0.367289
0.367290
0.367290
0.367290
0.367290
0.367295
0.367295
0.367299
0.367299
0.367299
0.367301
0.367305
0.367305
0.367309
0.367310
0.367320
0.367318
0.367318
0.367319
0.367335
0.367335
0.367335
0.367336
0.367337
0.367337
0.367337
0.367337
0.367337
0.367342
0.367344
0.367382
0.367382
0.367382
0.367382
0.367383
0.367383
0.367384
0.367391
0.367391
0.367396
0.367396
0.367396
0.367396
0.367404
0.367402
0.367402
0.367392
0.367397
0.367397
0.367398
0.367398
0.367398
0.367405
0.367405
0.367405
0.367409
0.367409
0.367409
0.367409
0.367409
0.367409
0.367409
0.367409
0.367409
0.367409
0.367409
0.367411
0.367412
0.367412
0.367412
0.367413
0.367413
0.367414
0.367414
0.367414
0.367442
0.367442
0.367442
0.367442
0.367443
0.367446
0.367446
0.367446
0.367446
0.367446
0.367448
0.367459
0.367459
0.367459
0.367459
0.367459
0.367471
0.367471
0.367472
0.367472
0.367479
0.367479
0.367494
0.367494
0.367495
0.367501
0.367501
0.367502
0.367502
0.367510
0.367511
0.367519
0.367519
0.367519
0.367519
0.367519
0.367519
0.367519
0.367519
0.367519
0.367519
0.367519
0.367519
0.367519
0.367519
0.367519
0.367519
0.367519
0.367519
0.367519
0.367519
0.367519
0.367518
0.367518
0.367518
0.367520
0.367520
0.367520
0.367519
0.367520
0.367520
0.367520
0.367520
0.367520
0.367548
0.367548
0.367551
0.367551
0.367551
0.367573
0.367584
0.367587
0.367587
0.367587
0.367584
0.367584
0.367588
0.367588
0.367590
0.367591
0.367595
0.367597
0.367597
0.367623
0.367623
0.367651
0.367651
0.367652
0.367649
0.367649
0.367654
0.367653
0.367653
0.367653
0.367658
0.367662
0.367664
0.367664
0.367665
0.367665
0.367668
0.367668
0.367680
0.367687
0.367687
0.367687
0.367687
0.367687
0.367687
0.367687
0.367688
0.367689
0.367690
0.367690
0.367691
0.367691
0.367691
0.367691
0.367693
0.367697
0.367697
0.367697
0.367697
0.367697
0.367701
0.367701
0.367701
0.367701
0.367701
0.367701
0.367709
0.367709
0.367709
0.367711
0.367711
0.367722
0.367722
0.367728
0.367730
0.367746
0.367746
0.367746
0.367747
0.367752
0.367754
0.367754
0.367754
0.367754
0.367761
0.367761
0.367761
0.367761
0.367770
0.367770
0.367770
0.367770
0.367771
0.367776
0.367777
0.367782
0.367792
0.367814
0.367817
0.367822
0.367828
0.367828
0.367830
0.367830
0.367837
0.367837
0.367837
0.367840
0.367842
0.367844
0.367844
0.367846
0.367846
0.367848
0.367848
0.367852
0.367853
0.367854
0.367857
0.367857
0.367858
0.367858
0.367858
0.367873
0.367872
0.367872
0.367872
0.367872
0.367872
0.367875
0.367873
0.367873
0.367873
0.367873
0.367873
0.367873
0.367871
0.367873
0.367871
0.367874
0.367885
0.367890
0.367890
0.367890
0.367898
0.367900
0.367902
0.367902
0.367903
0.367903
0.367903
0.367903
0.367903
0.367906
0.367906
0.367909
0.367909
0.367913
0.367913
0.367913
0.367917
0.367917
0.367917
0.367917
0.367918
0.367930
0.367930
0.367935
0.367935
0.367938
0.367938
0.367938
0.367942
0.367942
0.367942
0.367947
0.367947
0.367953
0.367958
0.367963
0.367965
0.367965
0.367968
0.367970
0.367971
0.367989
0.367990
0.367997
0.367997
0.367997
0.368001
0.368001
0.368007
0.368020
0.368020
0.368020
0.368020
0.368021
0.368022
0.368029
0.368045
0.368045
0.368045
0.368045
0.368045
0.368045
0.368045
0.368048
0.368048
0.368048
0.368048
0.368068
0.368070
0.368070
0.368070
0.368091
0.368091
0.368091
0.368091
0.368091
0.368091
0.368091
0.368092
0.368096
0.368108
0.368108
0.368109
0.368114
0.368114
0.368115
0.368115
0.368115
0.368116
0.368116
0.368118
0.368118
0.368118
0.368118
0.368120
0.368120
0.368121
0.368121
0.368121
0.368121
0.368121
0.368121
0.368121
0.368121
0.368121
0.368121
0.368121
0.368121
0.368131
0.368131
0.368131
0.368132
0.368132
0.368133
0.368133
0.368134
0.368134
0.368138
0.368138
0.368138
0.368137
0.368149
0.368149
0.368149
0.368149
0.368149
0.368149
0.368150
0.368151
0.368163
0.368163
0.368165
0.368165
0.368167
0.368167
0.368168
0.368168
0.368176
0.368176
0.368177
0.368185
0.368190
0.368190
0.368190
0.368190
0.368190
0.368190
0.368205
0.368207
0.368207
0.368207
0.368207
0.368212
0.368212
0.368212
0.368212
0.368212
0.368215
0.368215
0.368215
0.368215
0.368215
0.368215
0.368215
0.368215
0.368215
0.368216
0.368216
0.368216
0.368219
0.368228
0.368229
0.368229
0.368229
0.368237
0.368237
0.368238
0.368238
0.368238
0.368238
0.368238
0.368238
0.368242
0.368249
0.368249
0.368251
0.368251
0.368255
0.368264
0.368264
0.368264
0.368264
0.368265
0.368265
0.368269
0.368269
0.368276
0.368276
0.368276
0.368276
0.368276
0.368286
0.368287
0.368287
0.368287
0.368287
0.368287
0.368290
0.368290
0.368290
0.368290
0.368292
0.368292
0.368297
0.368303
0.368303
0.368303
0.368305
0.368307
0.368307
0.368308
0.368312
0.368312
0.368315
0.368329
0.368329
0.368332
0.368332
0.368332
0.368335
0.368340
0.368340
0.368340
0.368355
0.368355
0.368362
0.368362
0.368362
0.368365
0.368366
0.368366
0.368366
0.368386
0.368386
0.368386
0.368399
0.368405
0.368405
0.368405
0.368431
0.368440
0.368440
0.368440
0.368441
0.368446
0.368446
0.368446
0.368451
0.368451
0.368451
0.368451
0.368451
0.368454
0.368454
0.368454
0.368454
0.368456
0.368456
0.368456
0.368470
0.368465
0.368465
0.368472
0.368473
0.368474
0.368474
0.368482
0.368482
0.368482
0.368483
0.368483
0.368485
0.368485
0.368486
0.368486
0.368493
0.368493
0.368493
0.368493
0.368493
0.368493
0.368493
0.368493
0.368493
0.368493
0.368519
0.368519
0.368519
0.368522
0.368522
0.368536
0.368536
0.368547
0.368547
0.368549
0.368549
0.368552
0.368553
0.368554
0.368554
0.368554
0.368554
0.368554
0.368554
0.368554
0.368554
0.368565
0.368565
0.368566
0.368566
0.368566
0.368566
0.368580
0.368580
0.368590
0.368590
0.368590
0.368591
0.368591
0.368601
0.368601
0.368601
0.368603
0.368603
0.368603
0.368608
0.368608
0.368607
0.368608
0.368610
0.368610
0.368610
0.368610
0.368610
0.368613
0.368613
0.368613
0.368613
0.368618
0.368619
0.368619
0.368619
0.368619
0.368626
0.368626
0.368651
0.368651
0.368651
0.368654
0.368655
0.368655
0.368655
0.368660
0.368660
0.368660
0.368661
0.368661
0.368662
0.368664
0.368666
0.368669
0.368669
0.368670
0.368670
0.368670
0.368671
0.368689
0.368692
0.368692
0.368692
0.368692
0.368693
0.368693
0.368693
0.368693
0.368697
0.368697
0.368699
0.368699
0.368699
0.368699
0.368699
0.368699
0.368699
0.368699
0.368699
0.368697
0.368697
0.368697
0.368697
0.368697
0.368697
0.368703
0.368703
0.368709
0.368709
0.368709
0.368709
0.368709
0.368709
0.368712
0.368717
0.368721
0.368721
0.368734
0.368737
0.368735
0.368736
0.368736
0.368740
0.368740
0.368740
0.368741
0.368741
0.368741
0.368741
0.368752
0.368752
0.368753
0.368754
0.368757
0.368757
0.368757
0.368757
0.368758
0.368759
0.368760
0.368761
0.368761
0.368767
0.368767
0.368782
0.368782
0.368782
0.368782
0.368776
0.368776
0.368776
0.368791
0.368793
0.368793
0.368793
0.368795
0.368795
0.368790
0.368793
0.368793
0.368793
0.368798
0.368801
0.368801
0.368802
0.368807
0.368807
0.368811
0.368823
0.368823
0.368823
0.368825
0.368826
0.368826
0.368826
0.368826
0.368826
0.368827
0.368827
0.368827
0.368830
0.368830
0.368830
0.368830
0.368837
0.368843
0.368843
0.368843
0.368844
0.368844
0.368852
0.368853
0.368853
0.368853
0.368856
0.368861
0.368861
0.368864
0.368867
0.368869
0.368874
0.368878
0.368877
0.368877
0.368879
0.368881
0.368887
0.368887
0.368887
0.368887
0.368888
0.368888
0.368888
0.368888
0.368888
0.368887
0.368892
0.368892
0.368893
0.368902
0.368917
0.368917
0.368917
0.368917
0.368919
0.368922
0.368927
0.368927
0.368927
0.368934
0.368946
0.368949
0.368963
0.368974
0.368974
0.368976
0.368976
0.368979
0.368983
0.368985
0.368985
0.368988
0.368989
0.369005
0.369005
0.369005
0.369021
0.369015
0.369024
0.369024
0.369028
0.369028
0.369030
0.369030
0.369030
0.369034
0.369034
0.369034
0.369034
0.369034
0.369035
0.369035
0.369036
0.369039
0.369039
0.369050
0.369052
0.369052
0.369052
0.369052
0.369052
0.369053
0.369053
0.369055
0.369055
0.369055
0.369055
0.369055
0.369057
0.369057
0.369059
0.369063
0.369072
0.369072
0.369072
0.369072
0.369072
0.369083
0.369083
0.369083
0.369083
0.369083
0.369084
0.369085
0.369086
0.369095
0.369095
0.369095
0.369096
0.369096
0.369096
0.369097
0.369106
0.369126
0.369126
0.369127
0.369127
0.369127
0.369127
0.369133
0.369134
0.369134
0.369139
0.369139
0.369144
0.369144
0.369147
0.369156
0.369157
0.369159
0.369159
0.369159
0.369159
0.369159
0.369159
0.369162
0.369162
0.369163
0.369163
0.369163
0.369163
0.369163
0.369163
0.369163
0.369163
0.369172
0.369172
0.369172
0.369172
0.369172
0.369175
0.369175
0.369175
0.369176
0.369176
0.369176
0.369176
0.369176
0.369176
0.369177
0.369177
0.369178
0.369178
0.369181
0.369183
0.369183
0.369183
0.369183
0.369184
0.369184
0.369185
0.369185
0.369186
0.369186
0.369186
0.369186
0.369186
0.369186
0.369186
0.369186
0.369186
0.369186
0.369186
0.369186
0.369186
0.369186
0.369186
0.369187
0.369188
0.369188
0.369189
0.369189
0.369192
0.369193
0.369193
0.369200
0.369203
0.369214
0.369214
0.369217
0.369217
0.369217
0.369228
0.369228
0.369228
0.369228
0.369228
0.369228
0.369228
0.369228
0.369228
0.369228
0.369228
0.369229
0.369229
0.369239
0.369239
0.369239
0.369243
0.369253
0.369253
0.369279
0.369282
0.369284
0.369285
0.369285
0.369296
0.369297
0.369297
0.369297
0.369297
0.369297
0.369297
0.369297
0.369297
0.369297
0.369303
0.369304
0.369306
0.369325
0.369333
0.369335
0.369334
0.369334
0.369351
0.369351
0.369351
0.369353
0.369355
0.369355
0.369355
0.369349
0.369349
0.369352
0.369365
0.369378
0.369386
0.369386
0.369386
0.369401
0.369405
0.369454
0.369461
0.369461
0.369464
0.369472
0.369472
0.369475
0.369475
0.369478
0.369478
0.369478
0.369478
0.369478
0.369478
0.369478
0.369478
0.369478
0.369482
0.369482
0.369485
0.369485
0.369486
0.369486
0.369487
0.369489
0.369489
0.369489
0.369489
0.369491
0.369491
0.369491
0.369491
0.369491
0.369495
0.369508
0.369508
0.369511
0.369511
0.369514
0.369516
0.369516
0.369516
0.369522
0.369522
0.369522
0.369524
0.369524
0.369523
0.369526
0.369528
0.369529
0.369529
0.369529
0.369530
0.369530
0.369538
0.369543
0.369545
0.369546
0.369546
0.369549
0.369549
0.369549
0.369554
0.369554
0.369548
0.369548
0.369548
0.369552
0.369557
0.369557
0.369557
0.369572
0.369577
0.369582
0.369585
0.369585
0.369585
0.369590
0.369592
0.369593
0.369593
0.369593
0.369593
0.369593
0.369600
0.369604
0.369604
0.369604
0.369604
0.369605
0.369608
0.369613
0.369613
0.369620
0.369620
0.369624
0.369624
0.369624
0.369624
0.369625
0.369626
0.369630
0.369631
0.369631
0.369636
0.369646
0.369646
0.369646
0.369646
0.369646
0.369646
0.369646
0.369646
0.369646
0.369646
0.369646
0.369646
0.369646
0.369646
0.369646
0.369646
0.369646
0.369646
0.369646
0.369646
0.369646
0.369646
0.369646
0.369648
0.369648
0.369650
0.369650
0.369651
0.369653
0.369654
0.369654
0.369656
0.369656
0.369661
0.369661
0.369666
0.369666
0.369666
0.369669
0.369672
0.369672
0.369672
0.369672
0.369676
0.369676
0.369688
0.369677
0.369677
0.369691
0.369691
0.369691
0.369700
0.369698
0.369698
0.369698
0.369698
0.369697
0.369704
0.369711
0.369716
0.369716
0.369717
0.369717
0.369721
0.369724
0.369726
0.369726
0.369731
0.369736
0.369739
0.369740
0.369741
0.369741
0.369741
0.369743
0.369743
0.369743
0.369743
0.369743
0.369747
0.369758
0.369765
0.369766
0.369770
0.369778
0.369780
0.369780
0.369786
0.369786
0.369788
0.369788
0.369788
0.369788
0.369789
0.369789
0.369789
0.369794
0.369794
0.369794
0.369794
0.369794
0.369794
0.369796
0.369796
0.369798
0.369798
0.369798
0.369798
0.369798
0.369799
0.369799
0.369799
0.369799
0.369799
0.369799
0.369799
0.369799
0.369799
0.369799
0.369800
0.369800
0.369800
0.369800
0.369800
0.369802
0.369802
0.369802
0.369803
0.369812
0.369815
0.369815
0.369815
0.369816
0.369816
0.369816
0.369816
0.369816
0.369818
0.369818
0.369819
0.369832
0.369835
0.369835
0.369835
0.369835
0.369848
0.369848
0.369848
0.369850
0.369853
0.369853
0.369857
0.369861
0.369861
0.369861
0.369861
0.369861
0.369862
0.369864
0.369867
0.369867
0.369867
0.369873
0.369874
0.369874
0.369874
0.369874
0.369874
0.369879
0.369886
0.369886
0.369886
0.369887
0.369887
0.369887
0.369888
0.369888
0.369888
0.369888
0.369888
0.369889
0.369889
0.369889
0.369889
0.369889
0.369892
0.369892
0.369892
0.369894
0.369894
0.369900
0.369909
0.369909
0.369910
0.369912
0.369909
0.369915
0.369915
0.369915
0.369917
0.369922
0.369922
0.369922
0.369922
0.369922
0.369922
0.369929
0.369929
0.369929
0.369929
0.369929
0.369929
0.369929
0.369929
0.369936
0.369936
0.369937
0.369937
0.369937
0.369938
0.369938
0.369938
0.369938
0.369940
0.369950
0.369961
0.369961
0.369962
0.369962
0.369980
0.369982
0.369985
0.369989
0.369994
0.369994
0.369996
0.369996
0.370000
0.370000
0.370016
0.370016
0.370016
0.370016
0.370016
0.370016
0.370016
0.370016
0.370016
0.370020
0.370020
0.370020
0.370020
0.370026
0.370026
0.370026
0.370026
0.370026
0.370029
0.370029
0.370029
0.370030
0.370030
0.370030
0.370030
0.370030
0.370030
0.370030
0.370030
0.370034
0.370041
0.370042
0.370042
0.370042
0.370042
0.370042
0.370042
0.370042
0.370042
0.370042
0.370042
0.370042
0.370042
0.370042
0.370043
0.370043
0.370044
0.370044
0.370044
0.370044
0.370044
0.370045
0.370045
0.370045
0.370045
0.370045
0.370046
0.370046
0.370052
0.370054
0.370054
0.370054
0.370054
0.370054
0.370054
0.370055
0.370064
0.370081
0.370081
0.370081
0.370084
0.370092
0.370092
0.370092
0.370094
0.370095
0.370095
0.370097
0.370097
0.370103
0.370101
0.370101
0.370101
0.370101
0.370101
0.370105
0.370105
0.370111
0.370111
0.370111
0.370111
0.370111
0.370126
0.370126
0.370126
0.370127
0.370137
0.370140
0.370140
0.370140
0.370140
0.370145
0.370145
0.370145
0.370145
0.370150
0.370150
0.370150
0.370152
0.370161
0.370161
0.370161
0.370162
0.370162
0.370162
0.370162
0.370162
0.370162
0.370162
0.370162
0.370162
0.370163
0.370163
0.370163
0.370163
0.370163
0.370168
0.370168
0.370185
0.370185
0.370185
0.370185
0.370185
0.370185
0.370188
0.370188
0.370194
0.370196
0.370196
0.370196
0.370196
0.370196
0.370199
0.370200
0.370200
0.370200
0.370200
0.370204
0.370204
0.370224
0.370225
0.370225
0.370226
0.370226
0.370227
0.370233
0.370240
0.370240
0.370245
0.370251
0.370251
0.370252
0.370252
0.370252
0.370256
0.370256
0.370262
0.370262
0.370262
0.370262
0.370262
0.370262
0.370261
0.370261
0.370261
0.370262
0.370262
0.370264
0.370264
0.370264
0.370264
0.370264
0.370264
0.370264
0.370268
0.370268
0.370268
0.370268
0.370268
0.370268
0.370269
0.370269
0.370269
0.370269
0.370269
0.370269
0.370269
0.370274
0.370274
0.370274
0.370274
0.370274
0.370274
0.370278
0.370283
0.370286
0.370286
0.370290
0.370290
0.370290
0.370290
0.370292
0.370292
0.370292
0.370291
0.370295
0.370295
0.370295
0.370295
0.370296
0.370295
0.370295
0.370307
0.370307
0.370307
0.370307
0.370307
0.370318
0.370329
0.370331
0.370333
0.370342
0.370342
0.370343
0.370351
0.370360
0.370358
0.370361
0.370361
0.370361
0.370361
0.370362
0.370369
0.370369
0.370372
0.370373
0.370376
0.370384
0.370384
0.370384
0.370384
0.370384
0.370384
0.370384
0.370384
0.370384
0.370385
0.370385
0.370385
0.370386
0.370386
0.370386
0.370389
0.370389
0.370389
0.370389
0.370389
0.370391
0.370399
0.370399
0.370399
0.370399
0.370400
0.370408
0.370408
0.370412
0.370417
0.370417
0.370420
0.370420
0.370420
0.370421
0.370421
0.370423
0.370432
0.370441
0.370457
0.370454
0.370454
0.370459
0.370459
0.370462
0.370462
0.370470
0.370470
0.370470
0.370475
0.370475
0.370475
0.370475
0.370477
0.370478
0.370478
0.370480
0.370480
0.370486
0.370486
0.370486
0.370486
0.370486
0.370486
0.370486
0.370486
0.370486
0.370490
0.370490
0.370490
0.370490
0.370493
0.370497
0.370504
0.370504
0.370504
0.370513
0.370513
0.370526
0.370543
0.370543
0.370565
0.370565
0.370565
0.370571
0.370571
0.370573
0.370580
0.370584
0.370587
0.370587
0.370587
0.370587
0.370587
0.370592
0.370592
0.370595
0.370595
0.370598
0.370598
0.370598
0.370598
0.370598
0.370598
0.370598
0.370598
0.370598
0.370601
0.370601
0.370601
0.370608
0.370608
0.370622
0.370630
0.370633
0.370637
0.370654
0.370654
0.370654
0.370675
0.370675
0.370675
0.370675
0.370675
0.370679
0.370683
0.370683
0.370683
0.370684
0.370687
0.370687
0.370688
0.370688
0.370692
0.370694
0.370694
0.370694
0.370698
0.370715
0.370727
0.370729
0.370729
0.370730
0.370730
0.370730
0.370730
0.370730
0.370732
0.370732
0.370732
0.370732
0.370732
0.370732
0.370732
0.370732
0.370732
0.370736
0.370736
0.370736
0.370736
0.370736
0.370736
0.370736
0.370741
0.370742
0.370742
0.370742
0.370748
0.370744
0.370744
0.370746
0.370754
0.370754
0.370754
0.370756
0.370756
0.370756
0.370768
0.370768
0.370768
0.370765
0.370766
0.370766
0.370767
0.370767
0.370767
0.370772
0.370772
0.370772
0.370772
0.370772
0.370772
0.370772
0.370773
0.370773
0.370773
0.370773
0.370773
0.370773
0.370776
0.370779
0.370779
0.370779
0.370779
0.370779
0.370780
0.370781
0.370782
0.370782
0.370782
0.370782
0.370785
0.370780
0.370781
0.370781
0.370781
0.370786
0.370790
0.370790
0.370792
0.370798
0.370798
0.370815
0.370815
0.370815
0.370815
0.370815
0.370816
0.370816
0.370816
0.370816
0.370816
0.370816
0.370816
0.370818
0.370818
0.370818
0.370818
0.370821
0.370821
0.370821
0.370821
0.370824
0.370828
0.370828
0.370828
0.370828
0.370828
0.370830
0.370830
0.370839
0.370839
0.370840
0.370841
0.370841
0.370841
0.370841
0.370841
0.370843
0.370843
0.370846
0.370846
0.370846
0.370846
0.370848
0.370848
0.370848
0.370848
0.370848
0.370848
0.370848
0.370861
0.370861
0.370861
0.370861
0.370875
0.370882
0.370883
0.370883
0.370887
0.370887
0.370887
0.370887
0.370888
0.370890
0.370890
0.370890
0.370891
0.370897
0.370904
0.370906
0.370906
0.370908
0.370908
0.370920
0.370923
0.370923
0.370924
0.370924
0.370924
0.370931
0.370931
0.370931
0.370931
0.370931
0.370931
0.370931
0.370931
0.370931
0.370931
0.370931
0.370931
0.370933
0.370934
0.370935
0.370935
0.370935
0.370935
0.370936
0.370937
0.370939
0.370939
0.370939
0.370942
0.370947
0.370948
0.370952
0.370981
0.370981
0.370981
0.370992
0.370992
0.370992
0.371001
0.371001
0.371001
0.371002
0.371017
0.371016
0.371017
0.371017
0.371017
0.371017
0.371017
0.371017
0.371021
0.371021
0.371022
0.371026
0.371026
0.371031
0.371040
0.371040
0.371040
0.371041
0.371041
0.371041
0.371046
0.371047
0.371047
0.371050
0.371050
0.371056
0.371057
0.371057
0.371057
0.371063
0.371066
0.371070
0.371071
0.371072
0.371082
0.371082
0.371082
0.371085
0.371085
0.371085
0.371088
0.371090
0.371090
0.371091
0.371093
0.371093
0.371093
0.371095
0.371095
0.371095
0.371097
0.371120
0.371121
0.371129
0.371128
0.371128
0.371128
0.371129
0.371130
0.371130
0.371135
0.371135
0.371135
0.371138
0.371149
0.371149
0.371149
0.371149
0.371150
0.371159
0.371163
0.371179
0.371180
0.371181
0.371182
0.371182
0.371193
0.371202
0.371203
0.371207
0.371207
0.371208
0.371207
0.371207
0.371219
0.371252
0.371252
0.371252
0.371252
0.371257
0.371257
0.371257
0.371258
0.371258
0.371258
0.371258
0.371258
0.371258
0.371258
0.371258
0.371258
0.371258
0.371258
0.371263
0.371263
0.371263
0.371274
0.371277
0.371277
0.371277
0.371277
0.371278
0.371286
0.371296
0.371300
0.371305
0.371307
0.371307
0.371307
0.371307
0.371308
0.371313
0.371313
0.371313
0.371313
0.371313
0.371315
0.371317
0.371317
0.371317
0.371317
0.371317
0.371318
0.371318
0.371319
0.371319
0.371326
0.371326
0.371326
0.371326
0.371326
0.371326
0.371326
0.371326
0.371326
0.371331
0.371335
0.371335
0.371336
0.371337
0.371342
0.371342
0.371360
0.371360
0.371360
0.371366
0.371375
0.371377
0.371377
0.371377
0.371380
0.371381
0.371387
0.371387
0.371387
0.371387
0.371389
0.371391
0.371391
0.371391
0.371391
0.371391
0.371391
0.371398
0.371398
0.371398
0.371402
0.371402
0.371399
0.371399
0.371407
0.371407
0.371410
0.371410
0.371410
0.371414
0.371414
0.371414
0.371414
0.371414
0.371414
0.371414
0.371414
0.371414
0.371414
0.371414
0.371421
0.371421
0.371426
0.371427
0.371432
0.371432
0.371432
0.371434
0.371437
0.371437
0.371438
0.371439
0.371439
0.371441
0.371440
0.371443
0.371443
0.371450
0.371457
0.371457
0.371457
0.371463
0.371463
0.371465
0.371465
0.371465
0.371470
0.371471
0.371471
0.371471
0.371474
0.371474
0.371476
0.371476
0.371476
0.371476
0.371476
0.371480
0.371480
0.371481
0.371481
0.371484
0.371484
0.371484
0.371484
0.371498
0.371499
0.371499
0.371518
0.371518
0.371518
0.371519
0.371520
0.371523
0.371523
0.371523
0.371528
0.371531
0.371532
0.371532
0.371532
0.371532
0.371532
0.371532
0.371532
0.371550
0.371551
0.371551
0.371553
0.371553
0.371553
0.371553
0.371556
0.371561
0.371561
0.371561
0.371561
0.371564
0.371564
0.371564
0.371564
0.371565
0.371565
0.371565
0.371565
0.371565
0.371565
0.371565
0.371573
0.371573
0.371573
0.371574
0.371574
0.371574
0.371575
0.371576
0.371581
0.371581
0.371581
0.371580
0.371580
0.371580
0.371580
0.371580
0.371580
0.371580
0.371580
0.371581
0.371581
0.371581
0.371581
0.371581
0.371581
0.371581
0.371581
0.371581
0.371590
0.371590
0.371599
0.371617
0.371617
0.371617
0.371632
0.371641
0.371641
0.371647
0.371651
0.371651
0.371656
0.371656
0.371656
0.371656
0.371663
0.371663
0.371663
0.371663
0.371663
0.371701
0.371701
0.371701
0.371701
0.371702
0.371702
0.371702
0.371707
0.371710
0.371710
0.371710
0.371710
0.371710
0.371711
0.371707
0.371707
0.371708
0.371708
0.371708
0.371708
0.371712
0.371712
0.371714
0.371714
0.371714
0.371714
0.371714
0.371714
0.371725
0.371725
0.371725
0.371725
0.371725
0.371727
0.371727
0.371727
0.371727
0.371729
0.371729
0.371729
0.371729
0.371739
0.371739
0.371740
0.371744
0.371746
0.371747
0.371747
0.371747
0.371751
0.371752
0.371752
0.371752
0.371752
0.371753
0.371753
0.371753
0.371754
0.371754
0.371754
0.371754
0.371754
0.371758
0.371758
0.371758
0.371758
0.371758
0.371758
0.371758
0.371758
0.371758
0.371758
0.371758
0.371758
0.371762
0.371762
0.371774
0.371776
0.371776
0.371776
0.371776
0.371776
0.371776
0.371776
0.371776
0.371776
0.371776
0.371776
0.371776
0.371776
0.371776
0.371778
0.371778
0.371784
0.371784
0.371784
0.371784
0.371785
0.371786
0.371786
0.371789
0.371789
0.371791
0.371791
0.371791
0.371795
0.371799
0.371801
0.371801
0.371801
0.371803
0.371803
0.371803
0.371803
0.371803
0.371803
0.371809
0.371809
0.371839
0.371839
0.371841
0.371851
0.371861
0.371863
0.371861
0.371861
0.371861
0.371871
0.371871
0.371871
0.371880
0.371880
0.371880
0.371880
0.371880
0.371880
0.371880
0.371880
0.371881
0.371881
0.371881
0.371881
0.371886
0.371886
0.371886
0.371897
0.371898
0.371906
0.371906
0.371909
0.371912
0.371912
0.371912
0.371912
0.371912
0.371917
0.371922
0.371926
0.371926
0.371926
0.371926
0.371926
0.371932
0.371932
0.371932
0.371936
0.371939
0.371940
0.371942
0.371945
0.371944
0.371944
0.371944
0.371951
0.371951
0.371951
0.371951
0.371948
0.371948
0.371951
0.371954
0.371954
0.371954
0.371954
0.371954
0.371957
0.371959
0.371964
0.371965
0.371965
0.371966
0.371966
0.371966
0.371966
0.371966
0.371967
0.371972
0.371972
0.371972
0.371972
0.371972
0.371975
0.371975
0.371975
0.371975
0.371975
0.371975
0.371975
0.371975
0.371983
0.371989
0.371988
0.371988
0.372007
0.372007
0.372008
0.372009
0.372009
0.372011
0.372011
0.372011
0.372011
0.372013
0.372013
0.372013
0.372013
0.372013
0.372013
0.372013
0.372013
0.372021
0.372021
0.372023
0.372023
0.372023
0.372023
0.372024
0.372024
0.372024
0.372024
0.372026
0.372039
0.372039
0.372039
0.372039
0.372039
0.372036
0.372036
0.372036
0.372036
0.372036
0.372058
0.372058
0.372058
0.372058
0.372058
0.372058
0.372074
0.372074
0.372075
0.372075
0.372075
0.372083
0.372083
0.372083
0.372100
0.372100
0.372100
0.372100
0.372100
0.372105
0.372105
0.372105
0.372105
0.372105
0.372110
0.372112
0.372112
0.372116
0.372116
0.372117
0.372117
0.372120
0.372120
0.372120
0.372120
0.372120
0.372120
0.372120
0.372120
0.372120
0.372120
0.372124
0.372129
0.372129
0.372129
0.372131
0.372131
0.372131
0.372131
0.372131
0.372131
0.372131
0.372136
0.372137
0.372137
0.372137
0.372137
0.372137
0.372138
0.372138
0.372129
0.372129
0.372130
0.372130
0.372130
0.372136
0.372136
0.372136
0.372136
0.372136
0.372137
0.372140
0.372140
0.372140
0.372142
0.372142
0.372141
0.372143
0.372143
0.372154
0.372154
0.372155
0.372155
0.372160
0.372160
0.372160
0.372160
0.372160
0.372160
0.372160
0.372160
0.372160
0.372160
0.372160
0.372161
0.372161
0.372165
0.372165
0.372165
0.372165
0.372165
0.372165
0.372166
0.372176
0.372184
0.372187
0.372188
0.372188
0.372188
0.372191
0.372191
0.372191
0.372188
0.372188
0.372188
0.372188
0.372194
0.372195
0.372195
0.372195
0.372206
0.372206
0.372206
0.372206
0.372206
0.372208
0.372209
0.372212
0.372213
0.372214
0.372215
0.372215
0.372218
0.372218
0.372218
0.372218
0.372218
0.372218
0.372218
0.372227
0.372234
0.372234
0.372234
0.372239
0.372239
0.372239
0.372239
0.372245
0.372270
0.372270
0.372273
0.372281
0.372286
0.372289
0.372292
0.372292
0.372294
0.372305
0.372306
0.372306
0.372309
0.372314
0.372314
0.372314
0.372314
0.372314
0.372314
0.372314
0.372316
0.372317
0.372317
0.372317
0.372317
0.372318
0.372327
0.372331
0.372331
0.372333
0.372333
0.372339
0.372339
0.372339
0.372339
0.372341
0.372341
0.372348
0.372348
0.372364
0.372364
0.372364
0.372364
0.372369
0.372369
0.372369
0.372369
0.372370
0.372370
0.372370
0.372370
0.372370
0.372370
0.372370
0.372370
0.372370
0.372378
0.372381
0.372385
0.372385
0.372385
0.372378
0.372379
0.372380
0.372380
0.372401
0.372401
0.372406
0.372403
0.372403
0.372406
0.372408
0.372408
0.372410
0.372411
0.372413
0.372413
0.372414
0.372414
0.372415
0.372415
0.372415
0.372418
0.372430
0.372430
0.372430
0.372432
0.372432
0.372432
0.372432
0.372432
0.372432
0.372432
0.372432
0.372434
0.372434
0.372434
0.372434
0.372438
0.372438
0.372450
0.372450
0.372451
0.372452
0.372452
0.372452
0.372452
0.372452
0.372455
0.372476
0.372476
0.372479
0.372479
0.372482
0.372479
0.372478
0.372478
0.372488
0.372488
0.372488
0.372509
0.372510
0.372510
0.372511
0.372526
0.372526
0.372526
0.372526
0.372526
0.372526
0.372526
0.372526
0.372526
0.372526
0.372526
0.372527
0.372527
0.372529
0.372531
0.372531
0.372531
0.372532
0.372532
0.372532
0.372532
0.372532
0.372542
0.372542
0.372542
0.372542
0.372542
0.372542
0.372542
0.372542
0.372551
0.372568
0.372570
0.372570
0.372570
0.372570
0.372570
0.372570
0.372571
0.372571
0.372573
0.372573
0.372573
0.372585
0.372585
0.372585
0.372585
0.372586
0.372609
0.372609
0.372609
0.372609
0.372618
0.372619
0.372621
0.372622
0.372622
0.372622
0.372622
0.372623
0.372624
0.372624
0.372624
0.372624
0.372624
0.372625
0.372625
0.372625
0.372625
0.372643
0.372644
0.372646
0.372646
0.372646
0.372652
0.372647
0.372647
0.372653
0.372661
0.372661
0.372661
0.372661
0.372664
0.372664
0.372667
0.372667
0.372667
0.372667
0.372667
0.372667
0.372667
0.372667
0.372667
0.372673
0.372673
0.372676
0.372677
0.372677
0.372677
0.372677
0.372677
0.372677
0.372677
0.372677
0.372677
0.372677
0.372677
0.372693
0.372693
0.372693
0.372693
0.372693
0.372693
0.372693
0.372693
0.372693
0.372693
0.372693
0.372693
0.372696
0.372699
0.372702
0.372702
0.372703
0.372703
0.372711
0.372716
0.372716
0.372716
0.372716
0.372719
0.372719
0.372719
0.372723
0.372724
0.372724
0.372724
0.372724
0.372724
0.372724
0.372724
0.372728
0.372728
0.372728
0.372728
0.372728
0.372728
0.372728
0.372728
0.372728
0.372728
0.372722
0.372722
0.372722
0.372722
0.372726
0.372740
0.372740
0.372740
0.372740
0.372740
0.372740
0.372742
0.372742
0.372742
0.372742
0.372742
0.372742
0.372754
0.372754
0.372754
0.372754
0.372754
0.372755
0.372755
0.372755
0.372755
0.372758
0.372758
0.372765
0.372765
0.372765
0.372766
0.372766
0.372766
0.372766
0.372766
0.372769
0.372769
0.372783
0.372783
0.372783
0.372783
0.372783
0.372783
0.372783
0.372784
0.372784
0.372784
0.372785
0.372792
0.372792
0.372792
0.372792
0.372792
0.372792
0.372803
0.372806
0.372806
0.372829
0.372832
0.372832
0.372834
0.372834
0.372840
0.372844
0.372844
0.372847
0.372847
0.372847
0.372847
0.372849
0.372851
0.372855
0.372855
0.372855
0.372858
0.372859
0.372868
0.372873
0.372873
0.372873
0.372875
0.372882
0.372882
0.372889
0.372890
0.372890
0.372890
0.372890
0.372890
0.372890
0.372892
0.372893
0.372893
0.372897
0.372897
0.372901
0.372901
0.372901
0.372901
0.372901
0.372901
0.372901
0.372901
0.372901
0.372901
0.372901
0.372901
0.372904
0.372904
0.372904
0.372904
0.372905
0.372905
0.372908
0.372909
0.372916
0.372916
0.372916
0.372925
0.372925
0.372925
0.372925
0.372919
0.372920
0.372920
0.372927
0.372929
0.372929
0.372930
0.372933
0.372938
0.372938
0.372940
0.372940
0.372945
0.372945
0.372945
0.372945
0.372947
0.372947
0.372947
0.372955
0.372955
0.372955
0.372955
0.372955
0.372955
0.372957
0.372957
0.372957
0.372957
0.372961
0.372961
0.372961
0.372966
0.372968
0.372968
0.372970
0.372970
0.372971
0.372975
0.372976
0.372976
0.372992
0.373002
0.373002
0.373002
0.373002
0.373002
0.373002
0.373002
0.373002
0.373002
0.373003
0.373013
0.373013
0.373012
0.373012
0.373012
0.373012
0.373018
0.373018
0.373018
0.373018
0.373021
0.373022
0.373022
0.373024
0.373024
0.373024
0.373031
0.373031
0.373031
0.373031
0.373031
0.373031
0.373031
0.373031
0.373031
0.373031
0.373035
0.373035
0.373035
0.373035
0.373053
0.373053
0.373053
0.373053
0.373053
0.373043
0.373044
0.373044
0.373044
0.373046
0.373046
0.373046
0.373050
0.373050
0.373052
0.373052
0.373052
0.373052
0.373053
0.373061
0.373061
0.373061
0.373061
0.373062
0.373062
0.373062
0.373062
0.373062
0.373062
0.373062
0.373062
0.373062
0.373066
0.373066
0.373066
0.373067
0.373067
0.373070
0.373072
0.373072
0.373073
0.373073
0.373073
0.373076
0.373078
0.373079
0.373079
0.373079
0.373079
0.373079
0.373079
0.373088
0.373088
0.373088
0.373088
0.373091
0.373091
0.373092
0.373092
0.373095
0.373096
0.373099
0.373100
0.373101
0.373101
0.373116
0.373117
0.373117
0.373117
0.373119
0.373119
0.373119
0.373126
0.373127
0.373137
0.373137
0.373137
0.373137
0.373137
0.373147
0.373154
0.373161
0.373161
0.373161
0.373163
0.373164
0.373168
0.373168
0.373168
0.373169
0.373173
0.373173
0.373173
0.373173
0.373173
0.373185
0.373186
0.373185
0.373185
0.373186
0.373187
0.373187
0.373187
0.373187
0.373187
0.373190
0.373190
0.373190
0.373191
0.373191
0.373191
0.373204
0.373204
0.373205
0.373205
0.373206
0.373207
0.373207
0.373207
0.373201
0.373201
0.373206
0.373206
0.373210
0.373210
0.373211
0.373211
0.373211
0.373211
0.373211
0.373213
0.373213
0.373211
0.373211
0.373211
0.373211
0.373211
0.373211
0.373220
0.373220
0.373220
0.373222
0.373222
0.373222
0.373222
0.373222
0.373222
0.373222
0.373222
0.373222
0.373230
0.373231
0.373232
0.373238
0.373241
0.373241
0.373241
0.373241
0.373241
0.373241
0.373241
0.373241
0.373246
0.373250
0.373250
0.373250
0.373250
0.373250
0.373263
0.373269
0.373269
0.373271
0.373271
0.373271
0.373271
0.373271
0.373271
0.373273
0.373273
0.373273
0.373279
0.373279
0.373279
0.373282
0.373282
0.373282
0.373282
0.373282
0.373282
0.373282
0.373282
0.373282
0.373282
0.373282
0.373282
0.373286
0.373286
0.373291
0.373291
0.373298
0.373298
0.373298
0.373300
0.373310
0.373310
0.373310
0.373324
0.373324
0.373324
0.373324
0.373327
0.373327
0.373329
0.373341
0.373345
0.373345
0.373345
0.373345
0.373345
0.373349
0.373349
0.373349
0.373349
0.373349
0.373348
0.373355
0.373355
0.373355
0.373358
0.373362
0.373362
0.373362
0.373362
0.373362
0.373360
0.373360
0.373360
0.373360
0.373362
0.373368
0.373369
0.373371
0.373372
0.373372
0.373372
0.373372
0.373373
0.373374
0.373374
0.373381
0.373381
0.373381
0.373381
0.373385
0.373385
0.373385
0.373385
0.373387
0.373387
0.373387
0.373387
0.373387
0.373387
0.373387
0.373387
0.373387
0.373387
0.373389
0.373389
0.373389
0.373399
0.373399
0.373409
0.373409
0.373418
0.373418
0.373418
0.373427
0.373430
0.373433
0.373433
0.373436
0.373437
0.373437
0.373438
0.373441
0.373441
0.373442
0.373453
0.373453
0.373453
0.373455
0.373455
0.373455
0.373456
0.373456
0.373457
0.373457
0.373457
0.373457
0.373457
0.373457
0.373460
0.373460
0.373460
0.373460
0.373467
0.373467
0.373468
0.373470
0.373470
0.373472
0.373472
0.373471
0.373471
0.373472
0.373474
0.373474
0.373474
0.373474
0.373474
0.373475
0.373479
0.373483
0.373483
0.373487
0.373487
0.373488
0.373488
0.373494
0.373498
0.373500
0.373500
0.373500
0.373502
0.373502
0.373503
0.373505
0.373505
0.373508
0.373513
0.373513
0.373515
0.373515
0.373519
0.373519
0.373519
0.373519
0.373521
0.373525
0.373534
0.373534
0.373534
0.373534
0.373534
0.373536
0.373536
0.373536
0.373536
0.373536
0.373536
0.373536
0.373536
0.373536
0.373536
0.373536
0.373538
0.373538
0.373538
0.373538
0.373542
0.373543
0.373543
0.373543
0.373543
0.373548
0.373548
0.373549
0.373549
0.373549
0.373549
0.373549
0.373549
0.373550
0.373550
0.373559
0.373570
0.373577
0.373575
0.373574
0.373574
0.373580
0.373580
0.373580
0.373582
0.373585
0.373585
0.373588
0.373588
0.373588
0.373591
0.373593
0.373596
0.373596
0.373596
0.373597
0.373599
0.373599
0.373599
0.373601
0.373601
0.373601
0.373602
0.373602
0.373602
0.373602
0.373604
0.373632
0.373632
0.373632
0.373632
0.373635
0.373632
0.373632
0.373632
0.373632
0.373636
0.373636
0.373636
0.373636
0.373636
0.373636
0.373636
0.373636
0.373636
0.373636
0.373636
0.373637
0.373637
0.373640
0.373640
0.373640
0.373641
0.373641
0.373641
0.373641
0.373641
0.373641
0.373641
0.373645
0.373645
0.373648
0.373648
0.373648
0.373649
0.373659
0.373661
0.373667
0.373667
0.373667
0.373670
0.373670
0.373670
0.373671
0.373670
0.373670
0.373672
0.373681
0.373681
0.373682
0.373682
0.373682
0.373685
0.373683
0.373683
0.373683
0.373683
0.373693
0.373696
0.373698
0.373698
0.373698
0.373698
0.373698
0.373698
0.373698
0.373698
0.373698
0.373698
0.373698
0.373703
0.373700
0.373700
0.373700
0.373704
0.373706
0.373706
0.373706
0.373706
0.373708
0.373730
0.373730
0.373730
0.373730
0.373730
0.373730
0.373731
0.373733
0.373733
0.373733
0.373733
0.373733
0.373732
0.373732
0.373732
0.373732
0.373732
0.373732
0.373732
0.373732
0.373732
0.373732
0.373732
0.373732
0.373733
0.373743
0.373744
0.373744
0.373765
0.373785
0.373785
0.373786
0.373786
0.373786
0.373786
0.373785
0.373785
0.373789
0.373789
0.373790
0.373790
0.373790
0.373790
0.373790
0.373790
0.373801
0.373801
0.373807
0.373807
0.373807
0.373807
0.373807
0.373807
0.373821
0.373821
0.373821
0.373821
0.373817
0.373819
0.373819
0.373819
0.373819
0.373819
0.373819
0.373821
0.373822
0.373822
0.373827
0.373827
0.373829
0.373829
0.373832
0.373831
0.373835
0.373837
0.373837
0.373837
0.373837
0.373838
0.373838
0.373842
0.373843
0.373843
0.373843
0.373843
0.373843
0.373863
0.373863
0.373863
0.373863
0.373863
0.373863
0.373873
0.373873
0.373877
0.373878
0.373878
0.373878
0.373878
0.373882
0.373882
0.373882
0.373884
0.373882
0.373882
0.373883
0.373890
0.373890
0.373890
0.373890
0.373891
0.373891
0.373891
