0.285509
0.294516
0.299442
0.303353
0.305477
0.306570
0.306572
0.307623
0.307519
0.308554
0.308778
0.309631
0.309143
0.309031
0.308877
0.308854
0.308575
0.308546
0.308652
0.308613
0.308558
0.308765
0.308867
0.308911
0.308476
0.308079
0.308126
0.308080
0.308390
0.308165
0.308184
0.308282
0.307959
0.307977
0.307878
0.307791
0.307462
0.307321
0.307619
0.307677
0.307797
0.307539
0.307618
0.307397
0.307514
0.307322
0.307280
0.307073
0.306990
0.306990
0.306977
0.307096
0.307165
0.307046
0.306994
0.306892
0.306646
0.306470
0.306102
0.306263
0.306374
0.306378
0.306350
0.306327
0.306322
0.306321
0.306079
0.306018
0.306041
0.305966
0.306044
0.306066
0.305929
0.305954
0.305981
0.305944
0.305976
0.305994
0.306087
0.305955
0.305996
0.305878
0.305771
0.305516
0.305636
0.305677
0.305636
0.305535
0.305536
0.305594
0.305594
0.305539
0.305521
0.305493
0.305504
0.305411
0.305470
0.305504
0.305611
0.305591
0.305591
0.305602
0.305634
0.305491
0.305478
0.305370
0.305370
0.305439
0.305542
0.305570
0.305489
0.305499
0.305499
0.305464
0.305428
0.305438
0.305416
0.305416
0.305351
0.305368
0.305315
0.305315
0.305316
0.305304
0.305304
0.305293
0.305283
0.305293
0.305201
0.305073
0.305077
0.305096
0.305021
0.305021
0.305045
0.304913
0.304943
0.304954
0.305149
0.305149
0.305116
0.304974
0.304970
0.305027
0.304848
0.304799
0.304799
0.304790
0.304790
0.304828
0.304828
0.304771
0.304931
0.304642
0.304642
0.304577
0.304513
0.304695
0.304747
0.304705
0.304614
0.304729
0.304731
0.304883
0.304732
0.304829
0.304773
0.304750
0.304718
0.304757
0.304669
0.304718
0.304729
0.304720
0.304720
0.304740
0.304756
0.304750
0.304747
0.304750
0.304733
0.304677
0.304593
0.304538
0.304552
0.304663
0.304679
0.304552
0.304550
0.304550
0.304553
0.304308
0.304337
0.304343
0.304369
0.304369
0.304398
0.304288
0.304309
0.304309
0.304189
0.304265
0.304271
0.304176
0.304200
0.304266
0.304275
0.304267
0.304249
0.304294
0.304322
0.304276
0.304270
0.304296
0.304216
0.304220
0.304162
0.304184
0.304189
0.304189
0.304189
0.304216
0.304183
0.304131
0.304193
0.304207
0.304227
0.304307
0.304290
0.304290
0.304290
0.304265
0.304103
0.304160
0.304132
0.304143
0.304163
0.304174
0.304148
0.304154
0.304121
0.304077
0.304091
0.304077
0.304138
0.304098
0.304098
0.304128
0.304128
0.304020
0.304009
0.303966
0.303870
0.303837
0.303903
0.303903
0.303903
0.303950
0.303915
0.303900
0.303906
0.303893
0.303901
0.303901
0.303922
0.303918
0.303906
0.303796
0.303796
0.303825
0.303843
0.303862
0.303779
0.303769
0.303778
0.303812
0.303890
0.303913
0.303913
0.303895
0.303938
0.303938
0.303949
0.303919
0.303933
0.303949
0.303983
0.303983
0.303980
0.304022
0.304045
0.303998
0.303998
0.304028
0.304044
0.304009
0.304005
0.304005
0.303961
0.304013
0.304006
0.303967
0.304084
0.304084
0.304089
0.304123
0.304152
0.304148
0.304148
0.304213
0.304146
0.304129
0.304123
0.304097
0.304082
0.304085
0.304136
0.304058
0.304016
0.304016
0.303930
0.303926
0.303892
0.303967
0.303976
0.304023
0.304048
0.304037
0.304027
0.303999
0.303988
0.303988
0.303989
0.303994
0.304058
0.304048
0.303978
0.303981
0.303982
0.303949
0.303955
0.303955
0.303957
0.303975
0.303970
0.303982
0.303970
0.303965
0.303949
0.303947
0.303949
0.303949
0.303947
0.303969
0.303941
0.303974
0.303974
0.303974
0.304014
0.304011
0.304014
0.304014
0.304017
0.304088
0.304044
0.304026
0.303999
0.303999
0.303999
0.303913
0.303988
0.303957
0.303957
0.303981
0.303977
0.303946
0.303946
0.303946
0.303946
0.303933
0.303946
0.303991
0.304026
0.304082
0.304030
0.303924
0.303908
0.303897
0.303897
0.303977
0.303960
0.303952
0.303961
0.303961
0.303954
0.303947
0.303964
0.303956
0.303957
0.303957
0.304017
0.304017
0.303948
0.303948
0.303954
0.303976
0.303960
0.303966
0.303996
0.303996
0.303972
0.303932
0.303908
0.303923
0.303916
0.303974
0.303974
0.303980
0.303970
0.303942
0.303932
0.303967
0.303988
0.303951
0.303867
0.303858
0.303850
0.303850
0.303893
0.303875
0.303859
0.303779
0.303795
0.303886
0.303886
0.303886
0.303888
0.303890
0.303869
0.303869
0.303861
0.303866
0.303827
0.303841
0.303832
0.303832
0.303813
0.303796
0.303798
0.303780
0.303777
0.303777
0.303805
0.303878
0.303919
0.303878
0.303867
0.303848
0.303857
0.303816
0.303813
0.303816
0.303816
0.303828
0.303907
0.303920
0.303913
0.303840
0.303803
0.303803
0.303811
0.303840
0.303894
0.303914
0.303952
0.303901
0.303906
0.303918
0.303905
0.303910
0.303852
0.303852
0.303853
0.303872
0.303906
0.303873
0.303873
0.303923
0.303923
0.303938
0.303955
0.303949
0.303952
0.303964
0.303964
0.303964
0.303973
0.303944
0.303917
0.303917
0.303960
0.303993
0.303947
0.303921
0.303921
0.303904
0.303935
0.303935
0.304000
0.303985
0.303985
0.304012
0.303996
0.304017
0.304006
0.304014
0.304037
0.304037
0.304081
0.304095
0.304096
0.304096
0.304118
0.304118
0.304132
0.304099
0.304113
0.304113
0.304113
0.304146
0.304095
0.304115
0.304064
0.304068
0.304068
0.304088
0.304148
0.304152
0.304152
0.304150
0.304150
0.304150
0.304167
0.304167
0.304174
0.304165
0.304165
0.304165
0.304153
0.304165
0.304092
0.304110
0.304103
0.304103
0.304105
0.304129
0.304135
0.304135
0.304191
0.304209
0.304191
0.304202
0.304142
0.304142
0.304184
0.304198
0.304210
0.304203
0.304211
0.304164
0.304154
0.304193
0.304201
0.304201
0.304229
0.304240
0.304253
0.304243
0.304231
0.304232
0.304251
0.304247
0.304247
0.304206
0.304206
0.304207
0.304188
0.304245
0.304242
0.304228
0.304237
0.304244
0.304244
0.304222
0.304240
0.304240
0.304257
0.304259
0.304267
0.304240
0.304229
0.304224
0.304222
0.304252
0.304253
0.304253
0.304259
0.304187
0.304220
0.304217
0.304204
0.304215
0.304203
0.304188
0.304226
0.304203
0.304182
0.304141
0.304136
0.304168
0.304188
0.304209
0.304253
0.304253
0.304255
0.304253
0.304253
0.304284
0.304284
0.304284
0.304297
0.304297
0.304290
0.304271
0.304267
0.304267
0.304267
0.304283
0.304310
0.304328
0.304313
0.304313
0.304320
0.304277
0.304336
0.304336
0.304368
0.304390
0.304379
0.304389
0.304389
0.304402
0.304413
0.304433
0.304453
0.304453
0.304429
0.304434
0.304434
0.304450
0.304474
0.304474
0.304474
0.304470
0.304491
0.304491
0.304501
0.304528
0.304520
0.304517
0.304504
0.304519
0.304519
0.304543
0.304553
0.304582
0.304572
0.304583
0.304567
0.304578
0.304578
0.304579
0.304595
0.304595
0.304595
0.304550
0.304554
0.304509
0.304509
0.304519
0.304570
0.304570
0.304598
0.304598
0.304598
0.304598
0.304548
0.304548
0.304566
0.304561
0.304563
0.304563
0.304570
0.304589
0.304589
0.304578
0.304550
0.304564
0.304563
0.304582
0.304582
0.304592
0.304592
0.304604
0.304604
0.304604
0.304598
0.304597
0.304597
0.304591
0.304620
0.304620
0.304616
0.304583
0.304583
0.304560
0.304577
0.304598
0.304602
0.304602
0.304602
0.304620
0.304634
0.304654
0.304640
0.304640
0.304628
0.304628
0.304641
0.304634
0.304612
0.304609
0.304664
0.304665
0.304683
0.304639
0.304640
0.304657
0.304704
0.304722
0.304725
0.304722
0.304708
0.304682
0.304674
0.304647
0.304663
0.304666
0.304666
0.304650
0.304664
0.304679
0.304682
0.304687
0.304671
0.304680
0.304667
0.304672
0.304665
0.304666
0.304673
0.304673
0.304627
0.304655
0.304655
0.304655
0.304653
0.304645
0.304639
0.304667
0.304674
0.304653
0.304647
0.304672
0.304704
0.304704
0.304737
0.304737
0.304722
0.304717
0.304718
0.304737
0.304740
0.304733
0.304730
0.304763
0.304759
0.304753
0.304753
0.304744
0.304721
0.304724
0.304735
0.304737
0.304736
0.304745
0.304748
0.304743
0.304742
0.304753
0.304811
0.304803
0.304825
0.304825
0.304835
0.304815
0.304815
0.304814
0.304827
0.304827
0.304834
0.304843
0.304812
0.304812
0.304827
0.304827
0.304827
0.304845
0.304825
0.304845
0.304829
0.304846
0.304854
0.304858
0.304859
0.304873
0.304873
0.304865
0.304865
0.304865
0.304862
0.304862
0.304877
0.304869
0.304879
0.304867
0.304847
0.304859
0.304867
0.304897
0.304902
0.304893
0.304893
0.304892
0.304892
0.304889
0.304889
0.304926
0.304926
0.304925
0.304927
0.304939
0.304939
0.304935
0.304930
0.304917
0.304900
0.304882
0.304900
0.304924
0.304934
0.304975
0.304965
0.304967
0.304986
0.304975
0.304998
0.304997
0.304983
0.304998
0.304998
0.305021
0.305037
0.305039
0.305039
0.305051
0.305050
0.305050
0.305050
0.305037
0.305061
0.305061
0.305061
0.305061
0.305060
0.305057
0.305074
0.305078
0.305092
0.305100
0.305075
0.305071
0.305083
0.305082
0.305082
0.305100
0.305135
0.305169
0.305169
0.305177
0.305116
0.305125
0.305125
0.305123
0.305123
0.305129
0.305129
0.305146
0.305146
0.305137
0.305099
0.305099
0.305111
0.305111
0.305121
0.305121
0.305121
0.305117
0.305115
0.305115
0.305129
0.305125
0.305121
0.305119
0.305119
0.305123
0.305140
0.305136
0.305132
0.305132
0.305145
0.305141
0.305121
0.305141
0.305145
0.305146
0.305167
0.305137
0.305139
0.305139
0.305098
0.305107
0.305131
0.305131
0.305208
0.305219
0.305208
0.305206
0.305204
0.305196
0.305199
0.305201
0.305174
0.305180
0.305180
0.305167
0.305188
0.305188
0.305177
0.305174
0.305200
0.305200
0.305196
0.305196
0.305224
0.305229
0.305240
0.305239
0.305228
0.305225
0.305236
0.305248
0.305263
0.305282
0.305295
0.305293
0.305293
0.305289
0.305274
0.305290
0.305292
0.305256
0.305256
0.305256
0.305280
0.305269
0.305283
0.305281
0.305281
0.305281
0.305285
0.305263
0.305269
0.305274
0.305259
0.305284
0.305290
0.305290
0.305290
0.305297
0.305303
0.305292
0.305252
0.305252
0.305258
0.305258
0.305258
0.305264
0.305291
0.305344
0.305352
0.305352
0.305362
0.305357
0.305335
0.305344
0.305345
0.305345
0.305364
0.305367
0.305367
0.305367
0.305365
0.305365
0.305365
0.305365
0.305343
0.305343
0.305343
0.305336
0.305366
0.305366
0.305348
0.305366
0.305370
0.305370
0.305370
0.305383
0.305385
0.305385
0.305386
0.305384
0.305377
0.305381
0.305371
0.305390
0.305396
0.305396
0.305397
0.305397
0.305397
0.305394
0.305389
0.305389
0.305354
0.305354
0.305374
0.305374
0.305374
0.305374
0.305375
0.305375
0.305374
0.305355
0.305355
0.305377
0.305380
0.305380
0.305371
0.305412
0.305394
0.305401
0.305419
0.305450
0.305487
0.305488
0.305493
0.305469
0.305479
0.305489
0.305496
0.305489
0.305483
0.305489
0.305490
0.305490
0.305494
0.305516
0.305498
0.305498
0.305500
0.305500
0.305513
0.305520
0.305520
0.305546
0.305551
0.305549
0.305539
0.305523
0.305523
0.305538
0.305538
0.305538
0.305541
0.305541
0.305541
0.305543
0.305542
0.305532
0.305531
0.305537
0.305540
0.305540
0.305519
0.305501
0.305523
0.305523
0.305510
0.305550
0.305543
0.305543
0.305543
0.305514
0.305515
0.305515
0.305503
0.305541
0.305541
0.305566
0.305568
0.305568
0.305549
0.305549
0.305551
0.305552
0.305530
0.305530
0.305530
0.305550
0.305556
0.305545
0.305539
0.305545
0.305543
0.305560
0.305559
0.305556
0.305601
0.305606
0.305606
0.305607
0.305576
0.305594
0.305605
0.305620
0.305616
0.305616
0.305616
0.305591
0.305588
0.305588
0.305576
0.305584
0.305621
0.305621
0.305623
0.305627
0.305636
0.305627
0.305628
0.305633
0.305627
0.305627
0.305638
0.305642
0.305642
0.305643
0.305680
0.305667
0.305580
0.305628
0.305628
0.305623
0.305623
0.305608
0.305600
0.305590
0.305593
0.305601
0.305658
0.305658
0.305658
0.305658
0.305656
0.305656
0.305656
0.305645
0.305645
0.305646
0.305646
0.305635
0.305646
0.305653
0.305653
0.305647
0.305647
0.305671
0.305671
0.305662
0.305661
0.305661
0.305656
0.305656
0.305656
0.305667
0.305676
0.305676
0.305673
0.305684
0.305693
0.305680
0.305680
0.305681
0.305673
0.305670
0.305670
0.305684
0.305725
0.305748
0.305738
0.305745
0.305704
0.305706
0.305707
0.305677
0.305682
0.305691
0.305667
0.305643
0.305627
0.305632
0.305634
0.305621
0.305611
0.305581
0.305547
0.305547
0.305519
0.305508
0.305557
0.305562
0.305566
0.305561
0.305573
0.305617
0.305609
0.305609
0.305595
0.305596
0.305594
0.305575
0.305594
0.305597
0.305622
0.305633
0.305633
0.305633
0.305623
0.305600
0.305609
0.305619
0.305618
0.305618
0.305621
0.305667
0.305667
0.305669
0.305668
0.305668
0.305658
0.305640
0.305656
0.305659
0.305660
0.305660
0.305660
0.305676
0.305676
0.305694
0.305641
0.305650
0.305650
0.305664
0.305664
0.305712
0.305712
0.305719
0.305662
0.305651
0.305651
0.305641
0.305684
0.305701
0.305681
0.305687
0.305700
0.305697
0.305694
0.305704
0.305704
0.305719
0.305716
0.305725
0.305725
0.305722
0.305720
0.305750
0.305742
0.305741
0.305741
0.305741
0.305744
0.305760
0.305760
0.305760
0.305760
0.305741
0.305750
0.305750
0.305754
0.305742
0.305762
0.305762
0.305762
0.305775
0.305760
0.305758
0.305762
0.305769
0.305783
0.305783
0.305785
0.305795
0.305804
0.305812
0.305815
0.305789
0.305789
0.305789
0.305799
0.305802
0.305802
0.305802
0.305787
0.305787
0.305787
0.305787
0.305777
0.305786
0.305812
0.305808
0.305808
0.305808
0.305818
0.305858
0.305859
0.305852
0.305845
0.305853
0.305849
0.305841
0.305839
0.305879
0.305882
0.305898
0.305901
0.305902
0.305902
0.305923
0.305923
0.305922
0.305922
0.305916
0.305958
0.305958
0.305967
0.305986
0.305990
0.305990
0.305946
0.305937
0.305937
0.305937
0.305943
0.305943
0.305948
0.305948
0.305959
0.305965
0.306009
0.305995
0.305995
0.306011
0.306012
0.306022
0.306022
0.306031
0.306018
0.306000
0.306000
0.306015
0.306015
0.306034
0.306039
0.306052
0.306048
0.306048
0.306048
0.306048
0.306048
0.306030
0.306044
0.306044
0.306044
0.306020
0.306003
0.306004
0.306017
0.306047
0.306055
0.306054
0.306044
0.306019
0.306026
0.306024
0.306028
0.306031
0.306061
0.306061
0.306061
0.306051
0.306050
0.306019
0.306018
0.305983
0.305983
0.305973
0.305989
0.306019
0.306019
0.306018
0.306039
0.306039
0.306041
0.306029
0.306025
0.306021
0.306021
0.306028
0.306048
0.306048
0.306051
0.306050
0.306088
0.306091
0.306036
0.306036
0.306040
0.306053
0.306066
0.306066
0.306066
0.306109
0.306110
0.306097
0.306097
0.306096
0.306102
0.306098
0.306098
0.306098
0.306103
0.306103
0.306067
0.306066
0.306066
0.306066
0.306066
0.306066
0.306068
0.306068
0.306068
0.306068
0.306072
0.306051
0.306027
0.306030
0.306045
0.306045
0.306023
0.306171
0.306191
0.306178
0.306196
0.306191
0.306185
0.306190
0.306220
0.306208
0.306208
0.306216
0.306199
0.306199
0.306213
0.306252
0.306259
0.306270
0.306270
0.306266
0.306266
0.306299
0.306303
0.306307
0.306297
0.306314
0.306318
0.306319
0.306319
0.306325
0.306325
0.306325
0.306326
0.306327
0.306329
0.306329
0.306324
0.306355
0.306358
0.306358
0.306360
0.306361
0.306376
0.306381
0.306381
0.306386
0.306386
0.306392
0.306429
0.306429
0.306428
0.306426
0.306424
0.306408
0.306403
0.306403
0.306424
0.306414
0.306422
0.306408
0.306408
0.306408
0.306405
0.306420
0.306421
0.306346
0.306346
0.306346
0.306397
0.306406
0.306408
0.306408
0.306373
0.306378
0.306385
0.306384
0.306390
0.306387
0.306374
0.306388
0.306388
0.306398
0.306401
0.306401
0.306375
0.306375
0.306385
0.306422
0.306418
0.306418
0.306414
0.306414
0.306414
0.306414
0.306419
0.306421
0.306421
0.306421
0.306426
0.306426
0.306408
0.306400
0.306400
0.306414
0.306414
0.306430
0.306433
0.306433
0.306441
0.306434
0.306434
0.306437
0.306445
0.306439
0.306439
0.306446
0.306443
0.306456
0.306463
0.306463
0.306474
0.306474
0.306474
0.306459
0.306456
0.306457
0.306455
0.306473
0.306484
0.306487
0.306508
0.306508
0.306503
0.306488
0.306487
0.306487
0.306487
0.306482
0.306487
0.306488
0.306499
0.306498
0.306498
0.306499
0.306499
0.306499
0.306505
0.306547
0.306566
0.306567
0.306567
0.306567
0.306568
0.306565
0.306565
0.306580
0.306582
0.306582
0.306582
0.306578
0.306578
0.306588
0.306589
0.306593
0.306593
0.306593
0.306592
0.306595
0.306595
0.306588
0.306588
0.306589
0.306597
0.306597
0.306623
0.306609
0.306580
0.306580
0.306580
0.306605
0.306590
0.306590
0.306595
0.306595
0.306608
0.306608
0.306608
0.306593
0.306588
0.306588
0.306592
0.306592
0.306592
0.306592
0.306609
0.306609
0.306592
0.306610
0.306610
0.306603
0.306594
0.306605
0.306611
0.306635
0.306636
0.306636
0.306649
0.306646
0.306636
0.306654
0.306668
0.306670
0.306695
0.306695
0.306693
0.306678
0.306678
0.306687
0.306690
0.306683
0.306683
0.306683
0.306683
0.306680
0.306680
0.306663
0.306674
0.306668
0.306668
0.306683
0.306706
0.306720
0.306722
0.306722
0.306717
0.306700
0.306694
0.306701
0.306714
0.306696
0.306696
0.306706
0.306706
0.306706
0.306712
0.306719
0.306716
0.306722
0.306727
0.306727
0.306719
0.306737
0.306737
0.306737
0.306732
0.306744
0.306746
0.306739
0.306739
0.306739
0.306748
0.306748
0.306743
0.306743
0.306743
0.306743
0.306734
0.306747
0.306749
0.306750
0.306753
0.306744
0.306746
0.306749
0.306764
0.306751
0.306745
0.306753
0.306753
0.306753
0.306738
0.306739
0.306752
0.306734
0.306744
0.306744
0.306753
0.306770
0.306767
0.306767
0.306762
0.306760
0.306765
0.306766
0.306780
0.306780
0.306787
0.306775
0.306776
0.306782
0.306782
0.306798
0.306784
0.306785
0.306792
0.306792
0.306802
0.306836
0.306839
0.306786
0.306792
0.306790
0.306780
0.306789
0.306789
0.306812
0.306811
0.306797
0.306797
0.306777
0.306777
0.306781
0.306781
0.306781
0.306789
0.306795
0.306785
0.306787
0.306804
0.306806
0.306802
0.306796
0.306796
0.306795
0.306784
0.306784
0.306784
0.306784
0.306801
0.306833
0.306828
0.306820
0.306819
0.306819
0.306821
0.306823
0.306822
0.306827
0.306856
0.306853
0.306847
0.306850
0.306858
0.306842
0.306831
0.306832
0.306835
0.306835
0.306835
0.306835
0.306845
0.306843
0.306843
0.306843
0.306844
0.306857
0.306857
0.306857
0.306858
0.306858
0.306887
0.306872
0.306875
0.306875
0.306875
0.306836
0.306848
0.306848
0.306865
0.306865
0.306865
0.306865
0.306875
0.306875
0.306877
0.306877
0.306877
0.306862
0.306862
0.306864
0.306864
0.306873
0.306874
0.306886
0.306881
0.306878
0.306881
0.306881
0.306880
0.306894
0.306894
0.306912
0.306917
0.306925
0.306925
0.306916
0.306913
0.306913
0.306913
0.306913
0.306917
0.306897
0.306898
0.306899
0.306888
0.306915
0.306915
0.306929
0.306923
0.306923
0.306923
0.306923
0.306959
0.306952
0.306948
0.306952
0.306961
0.306961
0.306961
0.306961
0.306963
0.306963
0.306967
0.306967
0.306964
0.306969
0.306957
0.306953
0.306968
0.306969
0.306986
0.306983
0.306982
0.306976
0.306976
0.306981
0.306947
0.306949
0.306963
0.306963
0.306962
0.306999
0.306990
0.306990
0.306994
0.306994
0.307001
0.307004
0.306994
0.306982
0.306982
0.307000
0.307001
0.307001
0.307003
0.306995
0.307004
0.307004
0.306987
0.306985
0.306986
0.306986
0.306994
0.307018
0.307005
0.307010
0.307010
0.307009
0.307006
0.307023
0.307011
0.307013
0.307013
0.307013
0.307012
0.307013
0.307021
0.307021
0.307027
0.307011
0.307014
0.307022
0.307022
0.307019
0.307033
0.307027
0.307027
0.307060
0.307060
0.307062
0.307030
0.307030
0.307026
0.307016
0.307038
0.307064
0.307064
0.307061
0.307063
0.307064
0.307083
0.307084
0.307084
0.307084
0.307084
0.307076
0.307063
0.307024
0.307044
0.307048
0.307048
0.307040
0.307038
0.307038
0.307030
0.307035
0.307036
0.307050
0.307060
0.307060
0.307060
0.307066
0.307076
0.307075
0.307075
0.307057
0.307057
0.307060
0.307061
0.307055
0.307053
0.307053
0.307033
0.307048
0.307051
0.307060
0.307073
0.307076
0.307074
0.307113
0.307115
0.307115
0.307115
0.307108
0.307106
0.307106
0.307107
0.307109
0.307109
0.307123
0.307115
0.307114
0.307108
0.307113
0.307124
0.307124
0.307113
0.307128
0.307131
0.307138
0.307132
0.307125
0.307125
0.307149
0.307142
0.307153
0.307157
0.307158
0.307148
0.307147
0.307147
0.307147
0.307143
0.307134
0.307130
0.307120
0.307120
0.307120
0.307141
0.307141
0.307146
0.307136
0.307129
0.307127
0.307127
0.307136
0.307136
0.307136
0.307140
0.307140
0.307151
0.307169
0.307169
0.307169
0.307175
0.307169
0.307193
0.307194
0.307190
0.307191
0.307189
0.307191
0.307191
0.307197
0.307208
0.307212
0.307212
0.307199
0.307196
0.307195
0.307163
0.307163
0.307179
0.307185
0.307203
0.307193
0.307194
0.307194
0.307194
0.307194
0.307196
0.307191
0.307191
0.307200
0.307202
0.307201
0.307201
0.307196
0.307204
0.307185
0.307174
0.307174
0.307172
0.307172
0.307195
0.307209
0.307209
0.307210
0.307209
0.307199
0.307199
0.307203
0.307203
0.307201
0.307201
0.307201
0.307210
0.307173
0.307173
0.307169
0.307170
0.307163
0.307171
0.307184
0.307188
0.307185
0.307177
0.307174
0.307174
0.307185
0.307185
0.307185
0.307185
0.307183
0.307183
0.307184
0.307184
0.307184
0.307200
0.307195
0.307195
0.307209
0.307212
0.307210
0.307234
0.307219
0.307227
0.307227
0.307227
0.307226
0.307226
0.307229
0.307240
0.307260
0.307256
0.307243
0.307243
0.307243
0.307243
0.307243
0.307267
0.307270
0.307261
0.307258
0.307261
0.307261
0.307270
0.307273
0.307273
0.307273
0.307273
0.307281
0.307278
0.307278
0.307278
0.307271
0.307272
0.307272
0.307271
0.307269
0.307269
0.307264
0.307260
0.307260
0.307254
0.307244
0.307244
0.307254
0.307259
0.307272
0.307276
0.307276
0.307276
0.307282
0.307282
0.307285
0.307285
0.307293
0.307297
0.307297
0.307297
0.307296
0.307298
0.307299
0.307300
0.307292
0.307264
0.307274
0.307277
0.307279
0.307281
0.307281
0.307279
0.307275
0.307284
0.307268
0.307268
0.307268
0.307269
0.307278
0.307255
0.307255
0.307255
0.307245
0.307245
0.307248
0.307248
0.307252
0.307248
0.307249
0.307260
0.307258
0.307258
0.307260
0.307246
0.307246
0.307245
0.307249
0.307245
0.307245
0.307241
0.307243
0.307253
0.307266
0.307257
0.307276
0.307269
0.307269
0.307269
0.307263
0.307263
0.307262
0.307294
0.307294
0.307294
0.307296
0.307281
0.307294
0.307290
0.307290
0.307290
0.307298
0.307298
0.307314
0.307314
0.307314
0.307320
0.307318
0.307344
0.307344
0.307349
0.307349
0.307352
0.307352
0.307344
0.307363
0.307367
0.307368
0.307368
0.307368
0.307365
0.307365
0.307360
0.307360
0.307360
0.307316
0.307316
0.307348
0.307345
0.307347
0.307354
0.307354
0.307344
0.307344
0.307347
0.307354
0.307354
0.307356
0.307356
0.307356
0.307354
0.307354
0.307355
0.307349
0.307358
0.307358
0.307361
0.307362
0.307362
0.307358
0.307364
0.307362
0.307362
0.307362
0.307362
0.307362
0.307374
0.307376
0.307367
0.307360
0.307360
0.307378
0.307378
0.307378
0.307395
0.307393
0.307395
0.307395
0.307395
0.307391
0.307392
0.307396
0.307396
0.307396
0.307396
0.307393
0.307393
0.307383
0.307385
0.307385
0.307385
0.307384
0.307397
0.307397
0.307397
0.307400
0.307405
0.307405
0.307405
0.307405
0.307328
0.307331
0.307331
0.307331
0.307331
0.307332
0.307332
0.307324
0.307326
0.307335
0.307330
0.307317
0.307317
0.307317
0.307341
0.307350
0.307352
0.307337
0.307330
0.307331
0.307323
0.307323
0.307323
0.307330
0.307330
0.307343
0.307346
0.307350
0.307353
0.307349
0.307354
0.307354
0.307338
0.307452
0.307452
0.307464
0.307468
0.307459
0.307459
0.307459
0.307459
0.307459
0.307479
0.307488
0.307488
0.307494
0.307492
0.307492
0.307492
0.307492
0.307492
0.307482
0.307483
0.307485
0.307485
0.307485
0.307505
0.307505
0.307498
0.307509
0.307516
0.307510
0.307486
0.307484
0.307484
0.307495
0.307503
0.307464
0.307464
0.307486
0.307486
0.307538
0.307541
0.307541
0.307534
0.307516
0.307516
0.307517
0.307515
0.307517
0.307536
0.307536
0.307513
0.307519
0.307541
0.307535
0.307535
0.307530
0.307530
0.307536
0.307536
0.307538
0.307536
0.307539
0.307537
0.307537
0.307546
0.307546
0.307539
0.307539
0.307541
0.307541
0.307530
0.307525
0.307525
0.307525
0.307537
0.307538
0.307542
0.307532
0.307545
0.307545
0.307538
0.307538
0.307522
0.307510
0.307516
0.307506
0.307503
0.307518
0.307531
0.307548
0.307548
0.307550
0.307550
0.307550
0.307550
0.307544
0.307548
0.307547
0.307544
0.307538
0.307547
0.307547
0.307548
0.307548
0.307532
0.307536
0.307536
0.307536
0.307557
0.307557
0.307552
0.307552
0.307565
0.307566
0.307541
0.307541
0.307618
0.307625
0.307638
0.307620
0.307616
0.307618
0.307622
0.307632
0.307632
0.307633
0.307636
0.307640
0.307648
0.307648
0.307648
0.307648
0.307648
0.307648
0.307648
0.307643
0.307643
0.307633
0.307633
0.307655
0.307655
0.307688
0.307686
0.307692
0.307705
0.307713
0.307713
0.307708
0.307713
0.307706
0.307707
0.307704
0.307701
0.307707
0.307710
0.307709
0.307718
0.307718
0.307721
0.307721
0.307721
0.307723
0.307723
0.307721
0.307705
0.307705
0.307705
0.307705
0.307719
0.307730
0.307742
0.307742
0.307758
0.307741
0.307744
0.307744
0.307740
0.307741
0.307729
0.307729
0.307734
0.307743
0.307744
0.307744
0.307728
0.307726
0.307743
0.307741
0.307743
0.307743
0.307735
0.307720
0.307744
0.307745
0.307745
0.307720
0.307720
0.307720
0.307720
0.307720
0.307729
0.307729
0.307729
0.307731
0.307731
0.307732
0.307717
0.307704
0.307715
0.307718
0.307707
0.307722
0.307720
0.307730
0.307730
0.307734
0.307721
0.307721
0.307720
0.307721
0.307721
0.307721
0.307722
0.307723
0.307727
0.307719
0.307721
0.307718
0.307728
0.307716
0.307730
0.307730
0.307735
0.307737
0.307731
0.307731
0.307747
0.307747
0.307752
0.307752
0.307744
0.307744
0.307744
0.307744
0.307742
0.307753
0.307753
0.307755
0.307748
0.307737
0.307738
0.307738
0.307738
0.307738
0.307753
0.307775
0.307775
0.307775
0.307775
0.307775
0.307775
0.307781
0.307781
0.307781
0.307782
0.307781
0.307781
0.307761
0.307764
0.307766
0.307767
0.307780
0.307767
0.307769
0.307770
0.307757
0.307757
0.307751
0.307769
0.307769
0.307769
0.307769
0.307777
0.307786
0.307788
0.307790
0.307790
0.307790
0.307789
0.307789
0.307789
0.307789
0.307789
0.307789
0.307776
0.307776
0.307776
0.307776
0.307779
0.307770
0.307770
0.307770
0.307765
0.307775
0.307778
0.307777
0.307779
0.307794
0.307794
0.307792
0.307790
0.307790
0.307793
0.307801
0.307801
0.307801
0.307801
0.307790
0.307832
0.307832
0.307826
0.307826
0.307802
0.307801
0.307801
0.307834
0.307836
0.307847
0.307847
0.307810
0.307814
0.307825
0.307823
0.307827
0.307844
0.307834
0.307836
0.307836
0.307840
0.307844
0.307843
0.307844
0.307839
0.307841
0.307846
0.307846
0.307847
0.307844
0.307844
0.307844
0.307844
0.307844
0.307847
0.307865
0.307846
0.307846
0.307841
0.307837
0.307840
0.307850
0.307850
0.307850
0.307850
0.307848
0.307848
0.307848
0.307848
0.307829
0.307830
0.307828
0.307828
0.307828
0.307828
0.307828
0.307846
0.307848
0.307856
0.307851
0.307854
0.307855
0.307855
0.307864
0.307864
0.307863
0.307866
0.307872
0.307875
0.307872
0.307885
0.307885
0.307885
0.307885
0.307885
0.307876
0.307876
0.307876
0.307876
0.307873
0.307873
0.307865
0.307871
0.307874
0.307877
0.307875
0.307875
0.307875
0.307875
0.307875
0.307875
0.307863
0.307863
0.307861
0.307867
0.307867
0.307869
0.307885
0.307903
0.307903
0.307890
0.307890
0.307884
0.307884
0.307896
0.307897
0.307892
0.307900
0.307900
0.307900
0.307900
0.307900
0.307906
0.307921
0.307906
0.307909
0.307908
0.307910
0.307902
0.307897
0.307897
0.307897
0.307897
0.307897
0.307904
0.307904
0.307901
0.307901
0.307896
0.307888
0.307890
0.307890
0.307890
0.307900
0.307910
0.307921
0.307918
0.307918
0.307918
0.307918
0.307894
0.307894
0.307901
0.307901
0.307922
0.307922
0.307946
0.307946
0.307946
0.307965
0.307965
0.307962
0.307963
0.307963
0.307969
0.307969
0.307972
0.307972
0.307964
0.307964
0.307960
0.307958
0.307944
0.307944
0.307947
0.307947
0.307947
0.307947
0.307947
0.307947
0.307947
0.307938
0.307942
0.307942
0.307942
0.307942
0.307945
0.307945
0.307948
0.307947
0.307947
0.307948
0.307948
0.307946
0.307949
0.307949
0.307949
0.307949
0.307960
0.307960
0.307953
0.307954
0.307954
0.307950
0.307959
0.307931
0.307932
0.307932
0.307926
0.307935
0.307928
0.307911
0.307911
0.307945
0.307945
0.307946
0.307963
0.307979
0.307982
0.307982
0.307975
0.307971
0.307973
0.307975
0.307978
0.307978
0.307969
0.307969
0.307969
0.307974
0.307974
0.307982
0.307982
0.307988
0.307980
0.307978
0.307973
0.307988
0.307987
0.308031
0.308044
0.308032
0.308032
0.308035
0.308025
0.308025
0.308032
0.308039
0.308048
0.308048
0.308049
0.308052
0.308034
0.308034
0.308034
0.308034
0.308034
0.308034
0.308048
0.308048
0.308048
0.308048
0.308048
0.308048
0.308048
0.308048
0.308048
0.308048
0.308045
0.308045
0.308033
0.308033
0.308033
0.308033
0.308038
0.308056
0.308053
0.308053
0.308069
0.308069
0.308062
0.308053
0.308053
0.308047
0.308055
0.308055
0.308069
0.308071
0.308071
0.308071
0.308077
0.308077
0.308082
0.308082
0.308086
0.308092
0.308092
0.308075
0.308072
0.308073
0.308073
0.308074
0.308079
0.308079
0.308079
0.308092
0.308092
0.308089
0.308089
0.308098
0.308098
0.308103
0.308108
0.308109
0.308116
0.308117
0.308107
0.308107
0.308105
0.308103
0.308103
0.308104
0.308103
0.308096
0.308101
0.308101
0.308126
0.308126
0.308126
0.308126
0.308126
0.308111
0.308111
0.308119
0.308107
0.308107
0.308113
0.308112
0.308112
0.308114
0.308114
0.308114
0.308127
0.308145
0.308145
0.308147
0.308147
0.308147
0.308148
0.308141
0.308141
0.308141
0.308153
0.308155
0.308159
0.308159
0.308159
0.308162
0.308162
0.308157
0.308157
0.308157
0.308160
0.308160
0.308160
0.308167
0.308177
0.308186
0.308191
0.308196
0.308203
0.308204
0.308204
0.308204
0.308203
0.308202
0.308202
0.308193
0.308190
0.308209
0.308224
0.308222
0.308228
0.308228
0.308215
0.308215
0.308210
0.308213
0.308214
0.308216
0.308222
0.308228
0.308228
0.308232
0.308232
0.308232
0.308230
0.308230
0.308230
0.308230
0.308230
0.308230
0.308231
0.308227
0.308227
0.308227
0.308231
0.308235
0.308237
0.308236
0.308241
0.308241
0.308242
0.308243
0.308243
0.308244
0.308245
0.308245
0.308245
0.308245
0.308222
0.308228
0.308228
0.308227
0.308227
0.308227
0.308231
0.308229
0.308229
0.308230
0.308229
0.308229
0.308229
0.308227
0.308219
0.308219
0.308208
0.308208
0.308209
0.308209
0.308210
0.308210
0.308201
0.308192
0.308191
0.308191
0.308191
0.308202
0.308202
0.308202
0.308202
0.308204
0.308211
0.308211
0.308216
0.308218
0.308216
0.308216
0.308222
0.308230
0.308230
0.308230
0.308231
0.308240
0.308240
0.308240
0.308250
0.308250
0.308238
0.308238
0.308245
0.308262
0.308261
0.308269
0.308245
0.308245
0.308245
0.308279
0.308278
0.308279
0.308279
0.308267
0.308272
0.308276
0.308277
0.308277
0.308281
0.308284
0.308290
0.308293
0.308293
0.308297
0.308306
0.308309
0.308301
0.308310
0.308307
0.308307
0.308316
0.308330
0.308331
0.308330
0.308327
0.308327
0.308327
0.308329
0.308329
0.308312
0.308328
0.308328
0.308328
0.308334
0.308334
0.308341
0.308349
0.308349
0.308350
0.308350
0.308350
0.308350
0.308351
0.308355
0.308351
0.308354
0.308354
0.308352
0.308364
0.308364
0.308364
0.308363
0.308368
0.308363
0.308375
0.308375
0.308381
0.308385
0.308385
0.308385
0.308385
0.308378
0.308385
0.308385
0.308385
0.308382
0.308382
0.308382
0.308384
0.308387
0.308387
0.308384
0.308384
0.308384
0.308384
0.308392
0.308392
0.308392
0.308392
0.308382
0.308382
0.308382
0.308382
0.308382
0.308388
0.308387
0.308390
0.308390
0.308390
0.308390
0.308390
0.308390
0.308390
0.308387
0.308387
0.308387
0.308387
0.308390
0.308388
0.308388
0.308389
0.308377
0.308377
0.308377
0.308377
0.308377
0.308370
0.308370
0.308370
0.308370
0.308380
0.308380
0.308386
0.308380
0.308380
0.308403
0.308403
0.308403
0.308403
0.308403
0.308406
0.308403
0.308403
0.308411
0.308417
0.308401
0.308397
0.308409
0.308408
0.308408
0.308402
0.308418
0.308417
0.308389
0.308394
0.308384
0.308384
0.308387
0.308428
0.308428
0.308435
0.308434
0.308442
0.308442
0.308442
0.308441
0.308441
0.308441
0.308435
0.308435
0.308437
0.308437
0.308437
0.308430
0.308430
0.308430
0.308431
0.308442
0.308442
0.308445
0.308445
0.308435
0.308436
0.308436
0.308436
0.308431
0.308431
0.308425
0.308425
0.308425
0.308417
0.308424
0.308423
0.308423
0.308421
0.308421
0.308418
0.308418
0.308419
0.308419
0.308422
0.308422
0.308421
0.308421
0.308421
0.308421
0.308420
0.308420
0.308421
0.308420
0.308420
0.308417
0.308417
0.308417
0.308420
0.308425
0.308425
0.308430
0.308438
0.308433
0.308433
0.308433
0.308433
0.308436
0.308434
0.308434
0.308435
0.308435
0.308435
0.308448
0.308443
0.308453
0.308458
0.308463
0.308463
0.308463
0.308461
0.308461
0.308461
0.308464
0.308463
0.308463
0.308460
0.308460
0.308461
0.308463
0.308477
0.308477
0.308477
0.308462
0.308462
0.308464
0.308462
0.308461
0.308468
0.308474
0.308480
0.308480
0.308483
0.308482
0.308482
0.308482
0.308482
0.308482
0.308484
0.308477
0.308482
0.308486
0.308486
0.308484
0.308486
0.308486
0.308486
0.308492
0.308502
0.308502
0.308502
0.308504
0.308503
0.308503
0.308503
0.308501
0.308505
0.308505
0.308512
0.308512
0.308509
0.308509
0.308509
0.308509
0.308509
0.308514
0.308513
0.308516
0.308516
0.308516
0.308520
0.308520
0.308520
0.308520
0.308522
0.308521
0.308521
0.308521
0.308521
0.308520
0.308520
0.308522
0.308522
0.308519
0.308519
0.308545
0.308545
0.308549
0.308549
0.308541
0.308534
0.308536
0.308536
0.308537
0.308541
0.308545
0.308538
0.308538
0.308538
0.308538
0.308530
0.308541
0.308541
0.308538
0.308538
0.308552
0.308545
0.308547
0.308547
0.308547
0.308535
0.308535
0.308534
0.308535
0.308559
0.308559
0.308553
0.308553
0.308553
0.308553
0.308557
0.308555
0.308555
0.308555
0.308549
0.308549
0.308550
0.308550
0.308552
0.308565
0.308565
0.308566
0.308567
0.308571
0.308578
0.308578
0.308578
0.308578
0.308578
0.308582
0.308582
0.308571
0.308571
0.308582
0.308583
0.308577
0.308579
0.308580
0.308580
0.308579
0.308579
0.308579
0.308580
0.308575
0.308575
0.308575
0.308594
0.308602
0.308589
0.308589
0.308595
0.308598
0.308597
0.308596
0.308599
0.308599
0.308607
0.308607
0.308606
0.308606
0.308606
0.308606
0.308606
0.308615
0.308624
0.308613
0.308613
0.308611
0.308611
0.308608
0.308608
0.308611
0.308607
0.308607
0.308612
0.308612
0.308612
0.308608
0.308608
0.308608
0.308608
0.308614
0.308614
0.308614
0.308613
0.308616
0.308616
0.308614
0.308617
0.308616
0.308625
0.308625
0.308628
0.308628
0.308626
0.308621
0.308622
0.308622
0.308623
0.308625
0.308630
0.308629
0.308626
0.308624
0.308623
0.308625
0.308625
0.308626
0.308616
0.308616
0.308618
0.308618
0.308618
0.308625
0.308630
0.308630
0.308630
0.308630
0.308629
0.308629
0.308629
0.308629
0.308629
0.308642
0.308642
0.308642
0.308642
0.308642
0.308635
0.308638
0.308632
0.308632
0.308639
0.308628
0.308634
0.308647
0.308635
0.308635
0.308635
0.308645
0.308665
0.308665
0.308665
0.308665
0.308663
0.308668
0.308670
0.308670
0.308674
0.308674
0.308667
0.308671
0.308671
0.308674
0.308668
0.308663
0.308663
0.308663
0.308664
0.308669
0.308669
0.308669
0.308668
0.308669
0.308671
0.308671
0.308672
0.308667
0.308667
0.308655
0.308660
0.308666
0.308666
0.308666
0.308666
0.308666
0.308674
0.308674
0.308674
0.308674
0.308673
0.308659
0.308658
0.308671
0.308671
0.308685
0.308698
0.308698
0.308698
0.308698
0.308697
0.308697
0.308693
0.308706
0.308685
0.308635
0.308635
0.308645
0.308646
0.308646
0.308641
0.308682
0.308682
0.308677
0.308677
0.308677
0.308679
0.308679
0.308679
0.308679
0.308679
0.308686
0.308685
0.308685
0.308685
0.308690
0.308690
0.308690
0.308690
0.308695
0.308700
0.308700
0.308704
0.308709
0.308706
0.308703
0.308687
0.308700
0.308707
0.308710
0.308710
0.308706
0.308711
0.308715
0.308715
0.308716
0.308719
0.308719
0.308719
0.308721
0.308721
0.308721
0.308718
0.308718
0.308716
0.308716
0.308716
0.308716
0.308721
0.308721
0.308724
0.308717
0.308726
0.308732
0.308733
0.308734
0.308730
0.308734
0.308734
0.308734
0.308734
0.308742
0.308754
0.308750
0.308750
0.308750
0.308751
0.308754
0.308754
0.308754
0.308745
0.308745
0.308738
0.308731
0.308735
0.308735
0.308751
0.308764
0.308764
0.308761
0.308779
0.308778
0.308778
0.308777
0.308777
0.308771
0.308776
0.308782
0.308784
0.308796
0.308796
0.308797
0.308802
0.308801
0.308801
0.308793
0.308795
0.308795
0.308800
0.308800
0.308801
0.308806
0.308806
0.308807
0.308813
0.308800
0.308803
0.308802
0.308802
0.308782
0.308799
0.308804
0.308804
0.308804
0.308807
0.308807
0.308807
0.308794
0.308794
0.308797
0.308797
0.308797
0.308797
0.308797
0.308798
0.308798
0.308798
0.308800
0.308800
0.308801
0.308795
0.308795
0.308801
0.308801
0.308803
0.308803
0.308803
0.308825
0.308819
0.308814
0.308801
0.308801
0.308817
0.308812
0.308828
0.308822
0.308826
0.308826
0.308819
0.308819
0.308819
0.308819
0.308824
0.308824
0.308817
0.308813
0.308814
0.308822
0.308817
0.308818
0.308800
0.308804
0.308811
0.308833
0.308833
0.308839
0.308839
0.308839
0.308839
0.308831
0.308843
0.308843
0.308845
0.308828
0.308828
0.308830
0.308830
0.308840
0.308853
0.308862
0.308862
0.308861
0.308866
0.308864
0.308864
0.308865
0.308872
0.308869
0.308869
0.308868
0.308868
0.308861
0.308877
0.308877
0.308877
0.308878
0.308867
0.308860
0.308853
0.308853
0.308855
0.308846
0.308863
0.308863
0.308863
0.308860
0.308866
0.308864
0.308868
0.308866
0.308866
0.308866
0.308866
0.308866
0.308868
0.308869
0.308872
0.308875
0.308875
0.308885
0.308885
0.308885
0.308885
0.308885
0.308885
0.308885
0.308885
0.308886
0.308886
0.308884
0.308888
0.308888
0.308879
0.308882
0.308882
0.308893
0.308887
0.308887
0.308892
0.308892
0.308892
0.308900
0.308900
0.308900
0.308900
0.308900
0.308900
0.308900
0.308913
0.308907
0.308907
0.308911
0.308913
0.308913
0.308930
0.308936
0.308936
0.308923
0.308912
0.308909
0.308909
0.308920
0.308920
0.308934
0.308940
0.308940
0.308936
0.308936
0.308936
0.308954
0.308954
0.308954
0.308939
0.308952
0.308943
0.308943
0.308943
0.308943
0.308946
0.308946
0.308940
0.308944
0.308951
0.308951
0.308957
0.308962
0.308976
0.308976
0.308977
0.308992
0.308988
0.308985
0.308985
0.308990
0.308991
0.308996
0.308996
0.308996
0.308994
0.308996
0.308998
0.308998
0.308998
0.308998
0.308998
0.308998
0.308998
0.308998
0.308998
0.309001
0.309001
0.309001
0.309001
0.309001
0.309001
0.309011
0.309011
0.308987
0.308984
0.308984
0.308980
0.308980
0.309006
0.309006
0.309008
0.308987
0.308987
0.308987
0.308995
0.308995
0.308994
0.309015
0.309015
0.309015
0.309015
0.309025
0.309025
0.309025
0.309018
0.309014
0.309009
0.309016
0.309028
0.309028
0.309028
0.309027
0.309040
0.309037
0.309037
0.309039
0.309039
0.309039
0.309051
0.309051
0.309051
0.309056
0.309053
0.309056
0.309049
0.309051
0.309051
0.309051
0.309051
0.309051
0.309059
0.309062
0.309061
0.309061
0.309061
0.309061
0.309071
0.309067
0.309068
0.309068
0.309068
0.309068
0.309068
0.309068
0.309063
0.309063
0.309063
0.309064
0.309064
0.309064
0.309064
0.309064
0.309064
0.309057
0.309057
0.309057
0.309065
0.309065
0.309066
0.309067
0.309067
0.309063
0.309060
0.309073
0.309084
0.309084
0.309089
0.309095
0.309090
0.309089
0.309089
0.309092
0.309092
0.309092
0.309084
0.309086
0.309086
0.309086
0.309095
0.309095
0.309094
0.309094
0.309093
0.309093
0.309093
0.309093
0.309093
0.309098
0.309094
0.309094
0.309103
0.309103
0.309103
0.309096
0.309096
0.309096
0.309093
0.309106
0.309112
0.309096
0.309096
0.309103
0.309103
0.309103
0.309116
0.309119
0.309119
0.309119
0.309119
0.309121
0.309122
0.309125
0.309125
0.309125
0.309125
0.309125
0.309125
0.309114
0.309114
0.309113
0.309113
0.309113
0.309123
0.309123
0.309123
0.309123
0.309123
0.309123
0.309126
0.309126
0.309126
0.309128
0.309128
0.309123
0.309123
0.309131
0.309131
0.309142
0.309141
0.309141
0.309148
0.309148
0.309152
0.309154
0.309154
0.309156
0.309166
0.309166
0.309166
0.309155
0.309155
0.309155
0.309155
0.309155
0.309168
0.309166
0.309166
0.309166
0.309166
0.309165
0.309165
0.309165
0.309166
0.309166
0.309166
0.309166
0.309166
0.309166
0.309166
0.309159
0.309152
0.309152
0.309152
0.309153
0.309157
0.309157
0.309157
0.309154
0.309163
0.309163
0.309163
0.309163
0.309168
0.309168
0.309168
0.309168
0.309167
0.309166
0.309166
0.309166
0.309165
0.309165
0.309165
0.309165
0.309165
0.309166
0.309168
0.309168
0.309169
0.309169
0.309172
0.309173
0.309173
0.309172
0.309172
0.309176
0.309172
0.309177
0.309178
0.309184
0.309187
0.309187
0.309200
0.309201
0.309199
0.309199
0.309199
0.309196
0.309196
0.309211
0.309211
0.309204
0.309204
0.309200
0.309200
0.309180
0.309187
0.309190
0.309191
0.309185
0.309186
0.309186
0.309184
0.309176
0.309182
0.309182
0.309182
0.309185
0.309185
0.309185
0.309185
0.309185
0.309185
0.309185
0.309185
0.309185
0.309185
0.309186
0.309186
0.309189
0.309196
0.309189
0.309204
0.309204
0.309205
0.309199
0.309199
0.309199
0.309228
0.309231
0.309227
0.309237
0.309237
0.309237
0.309238
0.309238
0.309243
0.309243
0.309247
0.309246
0.309244
0.309251
0.309260
0.309263
0.309268
0.309268
0.309267
0.309267
0.309265
0.309264
0.309263
0.309266
0.309266
0.309266
0.309266
0.309265
0.309259
0.309259
0.309254
0.309266
0.309266
0.309265
0.309263
0.309263
0.309263
0.309263
0.309260
0.309263
0.309256
0.309261
0.309257
0.309268
0.309273
0.309281
0.309281
0.309281
0.309281
0.309280
0.309272
0.309266
0.309266
0.309266
0.309272
0.309273
0.309273
0.309273
0.309290
0.309290
0.309289
0.309291
0.309297
0.309301
0.309301
0.309307
0.309307
0.309308
0.309308
0.309308
0.309308
0.309308
0.309309
0.309309
0.309309
0.309309
0.309305
0.309306
0.309307
0.309309
0.309308
0.309295
0.309295
0.309289
0.309289
0.309299
0.309300
0.309303
0.309309
0.309315
0.309315
0.309315
0.309315
0.309314
0.309324
0.309342
0.309340
0.309340
0.309345
0.309345
0.309344
0.309344
0.309344
0.309345
0.309345
0.309355
0.309355
0.309355
0.309355
0.309355
0.309355
0.309353
0.309353
0.309353
0.309353
0.309348
0.309348
0.309349
0.309349
0.309351
0.309354
0.309354
0.309370
0.309370
0.309383
0.309383
0.309383
0.309372
0.309369
0.309369
0.309369
0.309375
0.309373
0.309361
0.309366
0.309358
0.309358
0.309361
0.309361
0.309361
0.309364
0.309364
0.309370
0.309367
0.309363
0.309364
0.309362
0.309362
0.309362
0.309362
0.309361
0.309361
0.309358
0.309353
0.309353
0.309354
0.309354
0.309354
0.309354
0.309362
0.309364
0.309362
0.309362
0.309362
0.309362
0.309367
0.309372
0.309372
0.309372
0.309374
0.309368
0.309382
0.309385
0.309394
0.309390
0.309394
0.309389
0.309397
0.309395
0.309404
0.309412
0.309409
0.309409
0.309407
0.309412
0.309412
0.309412
0.309410
0.309412
0.309412
0.309412
0.309412
0.309412
0.309412
0.309408
0.309408
0.309408
0.309410
0.309410
0.309410
0.309410
0.309445
0.309445
0.309445
0.309440
0.309442
0.309444
0.309444
0.309448
0.309453
0.309451
0.309450
0.309450
0.309447
0.309440
0.309440
0.309440
0.309454
0.309454
0.309455
0.309448
0.309448
0.309446
0.309446
0.309446
0.309444
0.309447
0.309450
0.309450
0.309450
0.309450
0.309452
0.309452
0.309452
0.309452
0.309452
0.309452
0.309452
0.309452
0.309452
0.309452
0.309452
0.309437
0.309437
0.309437
0.309440
0.309440
0.309440
0.309423
0.309418
0.309418
0.309418
0.309418
0.309432
0.309437
0.309434
0.309441
0.309435
0.309435
0.309437
0.309437
0.309446
0.309445
0.309445
0.309458
0.309457
0.309458
0.309460
0.309466
0.309467
0.309467
0.309467
0.309469
0.309466
0.309466
0.309466
0.309467
0.309467
0.309480
0.309480
0.309480
0.309483
0.309489
0.309493
0.309491
0.309490
0.309488
0.309498
0.309498
0.309501
0.309501
0.309501
0.309496
0.309487
0.309488
0.309488
0.309490
0.309490
0.309499
0.309502
0.309504
0.309509
0.309510
0.309510
0.309510
0.309505
0.309492
0.309492
0.309476
0.309476
0.309477
0.309477
0.309477
0.309480
0.309480
0.309480
0.309476
0.309482
0.309482
0.309482
0.309482
0.309482
0.309482
0.309482
0.309482
0.309482
0.309478
0.309478
0.309478
0.309476
0.309484
0.309484
0.309483
0.309475
0.309475
0.309475
0.309471
0.309469
0.309489
0.309489
0.309491
0.309491
0.309498
0.309494
0.309488
0.309489
0.309489
0.309491
0.309488
0.309501
0.309498
0.309498
0.309498
0.309498
0.309496
0.309498
0.309498
0.309498
0.309500
0.309491
0.309491
0.309490
0.309490
0.309490
0.309497
0.309499
0.309499
0.309499
0.309499
0.309502
0.309510
0.309510
0.309510
0.309508
0.309508
0.309508
0.309508
0.309503
0.309503
0.309508
0.309508
0.309508
0.309512
0.309512
0.309512
0.309512
0.309511
0.309511
0.309510
0.309510
0.309510
0.309517
0.309518
0.309521
0.309521
0.309520
0.309523
0.309518
0.309518
0.309519
0.309519
0.309519
0.309524
0.309527
0.309524
0.309525
0.309531
0.309531
0.309531
0.309533
0.309532
0.309532
0.309533
0.309533
0.309534
0.309534
0.309529
0.309529
0.309532
0.309532
0.309528
0.309534
0.309540
0.309540
0.309542
0.309525
0.309525
0.309525
0.309524
0.309515
0.309520
0.309527
0.309527
0.309527
0.309527
0.309527
0.309527
0.309527
0.309527
0.309527
0.309514
0.309501
0.309506
0.309506
0.309511
0.309544
0.309540
0.309542
0.309542
0.309548
0.309541
0.309539
0.309539
0.309538
0.309538
0.309539
0.309543
0.309543
0.309543
0.309543
0.309543
0.309543
0.309540
0.309543
0.309543
0.309543
0.309543
0.309543
0.309541
0.309541
0.309541
0.309539
0.309539
0.309540
0.309540
0.309544
0.309544
0.309544
0.309544
0.309544
0.309544
0.309544
0.309544
0.309544
0.309544
0.309544
0.309544
0.309544
0.309544
0.309544
0.309540
0.309543
0.309545
0.309545
0.309545
0.309546
0.309551
0.309551
0.309553
0.309553
0.309553
0.309553
0.309562
0.309562
0.309562
0.309562
0.309563
0.309555
0.309555
0.309554
0.309551
0.309551
0.309552
0.309557
0.309557
0.309551
0.309551
0.309551
0.309551
0.309551
0.309552
0.309552
0.309552
0.309553
0.309548
0.309548
0.309556
0.309556
0.309556
0.309554
0.309553
0.309553
0.309553
0.309553
0.309555
0.309555
0.309555
0.309558
0.309562
0.309564
0.309564
0.309563
0.309562
0.309563
0.309562
0.309558
0.309564
0.309566
0.309566
0.309566
0.309568
0.309568
0.309568
0.309565
0.309565
0.309572
0.309572
0.309565
0.309564
0.309564
0.309569
0.309569
0.309569
0.309576
0.309576
0.309576
0.309571
0.309571
0.309571
0.309571
0.309571
0.309555
0.309551
0.309555
0.309553
0.309556
0.309570
0.309577
0.309573
0.309573
0.309575
0.309575
0.309575
0.309575
0.309577
0.309585
0.309585
0.309585
0.309585
0.309585
0.309593
0.309592
0.309592
0.309592
0.309575
0.309576
0.309573
0.309573
0.309573
0.309573
0.309585
0.309585
0.309585
0.309585
0.309575
0.309575
0.309575
0.309577
0.309576
0.309583
0.309578
0.309573
0.309574
0.309580
0.309580
0.309582
0.309586
0.309588
0.309593
0.309593
0.309593
0.309593
0.309599
0.309600
0.309606
0.309606
0.309607
0.309607
0.309608
0.309608
0.309608
0.309609
0.309610
0.309594
0.309602
0.309601
0.309601
0.309601
0.309606
0.309611
0.309611
0.309611
0.309611
0.309611
0.309610
0.309614
0.309614
0.309614
0.309614
0.309614
0.309614
0.309619
0.309616
0.309616
0.309616
0.309616
0.309617
0.309617
0.309619
0.309619
0.309619
0.309619
0.309619
0.309619
0.309621
0.309617
0.309617
0.309613
0.309610
0.309610
0.309627
0.309628
0.309628
0.309631
0.309622
0.309623
0.309622
0.309622
0.309615
0.309626
0.309626
0.309626
0.309634
0.309634
0.309634
0.309634
0.309634
0.309634
0.309634
0.309638
0.309633
0.309633
0.309633
0.309638
0.309638
0.309643
0.309652
0.309652
0.309658
0.309658
0.309658
0.309659
0.309664
0.309664
0.309664
0.309666
0.309669
0.309669
0.309668
0.309669
0.309669
0.309669
0.309671
0.309671
0.309671
0.309671
0.309671
0.309678
0.309678
0.309674
0.309674
0.309674
0.309674
0.309660
0.309660
0.309660
0.309646
0.309660
0.309654
0.309665
0.309667
0.309664
0.309671
0.309671
0.309671
0.309671
0.309671
0.309660
0.309660
0.309659
0.309666
0.309663
0.309661
0.309664
0.309667
0.309667
0.309667
0.309673
0.309676
0.309676
0.309682
0.309685
0.309687
0.309688
0.309692
0.309692
0.309692
0.309710
0.309705
0.309704
0.309704
0.309704
0.309709
0.309714
0.309710
0.309710
0.309710
0.309712
0.309712
0.309714
0.309720
0.309720
0.309724
0.309730
0.309730
0.309730
0.309716
0.309720
0.309720
0.309720
0.309722
0.309734
0.309734
0.309738
0.309733
0.309733
0.309733
0.309732
0.309732
0.309731
0.309735
0.309734
0.309734
0.309733
0.309733
0.309733
0.309733
0.309737
0.309737
0.309737
0.309737
0.309737
0.309732
0.309731
0.309731
0.309731
0.309731
0.309731
0.309731
0.309738
0.309746
0.309746
0.309746
0.309746
0.309745
0.309726
0.309729
0.309729
0.309731
0.309748
0.309745
0.309743
0.309743
0.309743
0.309742
0.309736
0.309734
0.309734
0.309736
0.309736
0.309742
0.309754
0.309751
0.309759
0.309759
0.309764
0.309748
0.309749
0.309749
0.309751
0.309751
0.309748
0.309735
0.309748
0.309748
0.309748
0.309748
0.309748
0.309749
0.309753
0.309755
0.309755
0.309755
0.309755
0.309755
0.309758
0.309757
0.309757
0.309757
0.309757
0.309757
0.309757
0.309755
0.309755
0.309755
0.309759
0.309764
0.309764
0.309760
0.309760
0.309763
0.309763
0.309763
0.309765
0.309765
0.309768
0.309768
0.309765
0.309768
0.309768
0.309771
0.309771
0.309787
0.309783
0.309783
0.309783
0.309789
0.309795
0.309794
0.309794
0.309798
0.309798
0.309798
0.309796
0.309791
0.309791
0.309793
0.309793
0.309793
0.309793
0.309793
0.309797
0.309797
0.309797
0.309796
0.309785
0.309785
0.309784
0.309796
0.309803
0.309806
0.309808
0.309807
0.309806
0.309805
0.309805
0.309805
0.309798
0.309798
0.309798
0.309798
0.309810
0.309810
0.309815
0.309812
0.309814
0.309814
0.309814
0.309814
0.309810
0.309809
0.309809
0.309810
0.309808
0.309808
0.309808
0.309808
0.309809
0.309809
0.309807
0.309807
0.309809
0.309813
0.309812
0.309815
0.309815
0.309806
0.309820
0.309821
0.309821
0.309820
0.309820
0.309820
0.309820
0.309822
0.309822
0.309825
0.309827
0.309827
0.309827
0.309827
0.309827
0.309826
0.309827
0.309827
0.309828
0.309828
0.309828
0.309826
0.309819
0.309819
0.309822
0.309822
0.309828
0.309827
0.309839
0.309839
0.309839
0.309833
0.309833
0.309833
0.309834
0.309841
0.309843
0.309843
0.309843
0.309841
0.309842
0.309842
0.309839
0.309847
0.309847
0.309847
0.309847
0.309840
0.309840
0.309840
0.309831
0.309831
0.309832
0.309838
0.309838
0.309841
0.309840
0.309840
0.309851
0.309849
0.309849
0.309849
0.309844
0.309844
0.309844
0.309847
0.309846
0.309856
0.309856
0.309859
0.309859
0.309859
0.309859
0.309860
0.309862
0.309868
0.309868
0.309865
0.309865
0.309872
0.309874
0.309874
0.309873
0.309873
0.309871
0.309864
0.309864
0.309864
0.309864
0.309857
0.309865
0.309865
0.309869
0.309869
0.309871
0.309883
0.309883
0.309883
0.309883
0.309881
0.309879
0.309879
0.309879
0.309879
0.309879
0.309879
0.309879
0.309879
0.309879
0.309879
0.309874
0.309865
0.309865
0.309865
0.309865
0.309882
0.309874
0.309874
0.309869
0.309867
0.309868
0.309868
0.309871
0.309872
0.309876
0.309878
0.309878
0.309878
0.309877
0.309877
0.309877
0.309877
0.309880
0.309880
0.309871
0.309875
0.309875
0.309875
0.309875
0.309884
0.309884
0.309884
0.309884
0.309884
0.309886
0.309888
0.309888
0.309888
0.309890
0.309890
0.309891
0.309891
0.309890
0.309889
0.309889
0.309899
0.309899
0.309898
0.309898
0.309897
0.309896
0.309901
0.309896
0.309896
0.309897
0.309899
0.309899
0.309898
0.309904
0.309904
0.309904
0.309921
0.309924
0.309921
0.309923
0.309923
0.309925
0.309935
0.309935
0.309935
0.309934
0.309934
0.309934
0.309944
0.309942
0.309942
0.309944
0.309944
0.309945
0.309945
0.309948
0.309948
0.309952
0.309951
0.309958
0.309958
0.309955
0.309955
0.309949
0.309953
0.309953
0.309955
0.309968
0.309968
0.309968
0.309968
0.309968
0.309968
0.309969
0.309965
0.309965
0.309965
0.309959
0.309965
0.309965
0.309970
0.309979
0.309979
0.309977
0.309977
0.309962
0.309962
0.309962
0.309962
0.309961
0.309966
0.309973
0.309972
0.309971
0.309977
0.309976
0.309971
0.309971
0.309976
0.309978
0.309980
0.309980
0.309980
0.309980
0.309980
0.309981
0.309981
0.309985
0.309985
0.309984
0.309985
0.309986
0.309986
0.309986
0.309986
0.309985
0.310013
0.310010
0.310007
0.310007
0.310003
0.310006
0.310006
0.310006
0.310006
0.310003
0.310003
0.310006
0.310002
0.310002
0.310005
0.310005
0.310013
0.310016
0.310020
0.310017
0.310017
0.310016
0.310017
0.310019
0.310017
0.310017
0.310012
0.310012
0.310012
0.310020
0.310020
0.310020
0.310024
0.310020
0.310017
0.310017
0.310024
0.310024
0.310024
0.310025
0.310025
0.310025
0.310025
0.310021
0.310027
0.310023
0.310023
0.310023
0.310031
0.310032
0.310032
0.310032
0.310027
0.310027
0.310026
0.310026
0.310026
0.310039
0.310040
0.310040
0.310040
0.310038
0.310036
0.310038
0.310038
0.310042
0.310039
0.310039
0.310039
0.310041
0.310041
0.310043
0.310044
0.310037
0.310040
0.310040
0.310040
0.310048
0.310048
0.310048
0.310048
0.310048
0.310032
0.310032
0.310032
0.310030
0.310030
0.310037
0.310036
0.310036
0.310037
0.310032
0.310030
0.310030
0.310030
0.310038
0.310043
0.310050
0.310049
0.310052
0.310052
0.310053
0.310054
0.310051
0.310051
0.310052
0.310048
0.310060
0.310060
0.310060
0.310057
0.310057
0.310057
0.310057
0.310058
0.310057
0.310054
0.310054
0.310054
0.310048
0.310048
0.310050
0.310055
0.310063
0.310063
0.310062
0.310062
0.310062
0.310059
0.310059
0.310059
0.310059
0.310059
0.310059
0.310059
0.310067
0.310066
0.310066
0.310066
0.310066
0.310066
0.310066
0.310066
0.310057
0.310057
0.310068
0.310045
0.310065
0.310064
0.310055
0.310056
0.310056
0.310056
0.310056
0.310056
0.310062
0.310062
0.310062
0.310061
0.310061
0.310061
0.310061
0.310061
0.310058
0.310059
0.310057
0.310057
0.310046
0.310051
0.310051
0.310051
0.310055
0.310057
0.310057
0.310057
0.310057
0.310057
0.310057
0.310057
0.310057
0.310057
0.310057
0.310057
0.310057
0.310057
0.310070
0.310070
0.310070
0.310070
0.310070
0.310070
0.310068
0.310068
0.310068
0.310066
0.310065
0.310065
0.310066
0.310066
0.310072
0.310071
0.310071
0.310071
0.310070
0.310070
0.310076
0.310077
0.310076
0.310075
0.310075
0.310075
0.310076
0.310076
0.310080
0.310088
0.310088
0.310088
0.310088
0.310085
0.310085
0.310085
0.310080
0.310080
0.310081
0.310081
0.310084
0.310082
0.310082
0.310082
0.310081
0.310083
0.310083
0.310083
0.310083
0.310084
0.310084
0.310084
0.310084
0.310084
0.310086
0.310086
0.310091
0.310091
0.310089
0.310089
0.310083
0.310083
0.310083
0.310087
0.310077
0.310075
0.310080
0.310080
0.310080
0.310080
0.310083
0.310085
0.310085
0.310085
0.310085
0.310085
0.310085
0.310085
0.310083
0.310084
0.310084
0.310084
0.310084
0.310088
0.310088
0.310088
0.310101
0.310111
0.310111
0.310111
0.310111
0.310108
0.310107
0.310108
0.310108
0.310111
0.310111
0.310110
0.310104
0.310104
0.310109
0.310110
0.310111
0.310111
0.310111
0.310111
0.310110
0.310110
0.310110
0.310100
0.310100
0.310100
0.310108
0.310108
0.310113
0.310115
0.310115
0.310115
0.310115
0.310115
0.310115
0.310115
0.310115
0.310115
0.310111
0.310111
0.310111
0.310111
0.310114
0.310119
0.310119
0.310122
0.310122
0.310122
0.310122
0.310113
0.310113
0.310113
0.310113
0.310113
0.310112
0.310118
0.310119
0.310119
0.310123
0.310123
0.310123
0.310119
0.310119
0.310119
0.310121
0.310117
0.310117
0.310117
0.310117
0.310117
0.310117
0.310120
0.310120
0.310120
0.310118
0.310118
0.310118
0.310118
0.310117
0.310117
0.310117
0.310117
0.310117
0.310117
0.310117
0.310117
0.310122
0.310122
0.310122
0.310122
0.310122
0.310120
0.310093
0.310093
0.310093
0.310094
0.310111
0.310098
0.310098
0.310098
0.310098
0.310106
0.310106
0.310100
0.310105
0.310099
0.310099
0.310103
0.310103
0.310104
0.310109
0.310109
0.310109
0.310109
0.310113
0.310113
0.310112
0.310112
0.310112
0.310112
0.310103
0.310103
0.310103
0.310103
0.310103
0.310103
0.310103
0.310104
0.310112
0.310112
0.310115
0.310119
0.310119
0.310118
0.310118
0.310122
0.310106
0.310096
0.310096
0.310096
0.310096
0.310091
0.310112
0.310110
0.310119
0.310119
0.310126
0.310129
0.310127
0.310127
0.310127
0.310127
0.310126
0.310125
0.310123
0.310124
0.310124
0.310125
0.310130
0.310130
0.310130
0.310130
0.310130
0.310130
0.310116
0.310121
0.310120
0.310119
0.310119
0.310126
0.310129
0.310129
0.310130
0.310134
0.310134
0.310129
0.310131
0.310133
0.310142
0.310145
0.310145
0.310146
0.310145
0.310145
0.310145
0.310145
0.310151
0.310151
0.310155
0.310155
0.310155
0.310157
0.310157
0.310157
0.310157
0.310157
0.310157
0.310157
0.310157
0.310151
0.310146
0.310159
0.310159
0.310136
0.310139
0.310139
0.310139
0.310157
0.310157
0.310138
0.310163
0.310163
0.310160
0.310160
0.310173
0.310185
0.310186
0.310182
0.310186
0.310187
0.310187
0.310191
0.310189
0.310188
0.310188
0.310188
0.310193
0.310194
0.310194
0.310194
0.310199
0.310201
0.310194
0.310196
0.310197
0.310189
0.310188
0.310189
0.310189
0.310189
0.310192
0.310192
0.310192
0.310192
0.310192
0.310192
0.310192
0.310195
0.310199
0.310199
0.310199
0.310201
0.310204
0.310169
0.310171
0.310170
0.310174
0.310174
0.310181
0.310180
0.310180
0.310184
0.310184
0.310178
0.310178
0.310178
0.310173
0.310173
0.310173
0.310173
0.310173
0.310188
0.310188
0.310188
0.310188
0.310188
0.310188
0.310199
0.310199
0.310201
0.310197
0.310197
0.310197
0.310191
0.310194
0.310192
0.310191
0.310191
0.310191
0.310196
0.310196
0.310197
0.310198
0.310196
0.310199
0.310199
0.310199
0.310196
0.310196
0.310196
0.310194
0.310194
0.310194
0.310194
0.310196
0.310195
0.310194
0.310194
0.310194
0.310195
0.310205
0.310206
0.310206
0.310206
0.310203
0.310224
0.310227
0.310224
0.310224
0.310221
0.310221
0.310210
0.310210
0.310210
0.310218
0.310220
0.310220
0.310220
0.310219
0.310213
0.310213
0.310218
0.310218
0.310218
0.310218
0.310218
0.310218
0.310216
0.310211
0.310214
0.310220
0.310220
0.310226
0.310225
0.310225
0.310225
0.310223
0.310225
0.310227
0.310216
0.310216
0.310216
0.310223
0.310223
0.310223
0.310223
0.310225
0.310228
0.310224
0.310224
0.310242
0.310240
0.310240
0.310240
0.310237
0.310246
0.310246
0.310244
0.310242
0.310242
0.310242
0.310242
0.310245
0.310244
0.310246
0.310247
0.310252
0.310252
0.310254
0.310254
0.310254
0.310243
0.310242
0.310245
0.310254
0.310232
0.310237
0.310237
0.310229
0.310229
0.310240
0.310246
0.310240
0.310240
0.310239
0.310246
0.310252
0.310256
0.310256
0.310256
0.310255
0.310255
0.310255
0.310254
0.310254
0.310255
0.310255
0.310258
0.310258
0.310257
0.310253
0.310268
0.310268
0.310268
0.310265
0.310265
0.310266
0.310266
0.310266
0.310266
0.310266
0.310272
0.310272
0.310272
0.310270
0.310273
0.310273
0.310275
0.310275
0.310275
0.310275
0.310275
0.310275
0.310269
0.310269
0.310273
0.310271
0.310271
0.310271
0.310270
0.310270
0.310270
0.310269
0.310269
0.310269
0.310269
0.310269
0.310269
0.310269
0.310269
0.310280
0.310280
0.310280
0.310280
0.310277
0.310277
0.310273
0.310281
0.310281
0.310282
0.310282
0.310282
0.310279
0.310275
0.310275
0.310275
0.310283
0.310283
0.310288
0.310285
0.310285
0.310285
0.310284
0.310284
0.310284
0.310291
0.310291
0.310287
0.310287
0.310287
0.310287
0.310287
0.310290
0.310290
0.310290
0.310290
0.310294
0.310293
0.310292
0.310292
0.310291
0.310291
0.310292
0.310292
0.310292
0.310298
0.310298
0.310298
0.310297
0.310302
0.310301
0.310300
0.310300
0.310301
0.310302
0.310302
0.310306
0.310306
0.310306
0.310306
0.310306
0.310304
0.310304
0.310304
0.310304
0.310292
0.310292
0.310294
0.310294
0.310303
0.310289
0.310289
0.310288
0.310288
0.310288
0.310297
0.310297
0.310297
0.310297
0.310295
0.310292
0.310292
0.310292
0.310294
0.310294
0.310294
0.310297
0.310297
0.310295
0.310295
0.310295
0.310295
0.310295
0.310298
0.310304
0.310299
0.310299
0.310302
0.310302
0.310302
0.310303
0.310307
0.310307
0.310309
0.310307
0.310307
0.310307
0.310307
0.310307
0.310311
0.310311
0.310312
0.310312
0.310312
0.310310
0.310314
0.310304
0.310304
0.310304
0.310303
0.310303
0.310304
0.310304
0.310304
0.310302
0.310302
0.310302
0.310302
0.310297
0.310297
0.310315
0.310312
0.310312
0.310311
0.310311
0.310315
0.310313
0.310313
0.310313
0.310330
0.310327
0.310332
0.310290
0.310285
0.310285
0.310288
0.310288
0.310288
0.310291
0.310291
0.310291
0.310291
0.310288
0.310288
0.310288
0.310293
0.310288
0.310289
0.310289
0.310291
0.310291
0.310291
0.310291
0.310293
0.310294
0.310292
0.310299
0.310299
0.310298
0.310298
0.310298
0.310298
0.310298
0.310291
0.310291
0.310307
0.310307
0.310299
0.310299
0.310299
0.310294
0.310294
0.310294
0.310297
0.310301
0.310301
0.310300
0.310301
0.310307
0.310307
0.310307
0.310307
0.310307
0.310308
0.310308
0.310315
0.310315
0.310318
0.310318
0.310318
0.310318
0.310322
0.310321
0.310319
0.310293
0.310302
0.310306
0.310308
0.310309
0.310311
0.310305
0.310302
0.310302
0.310314
0.310314
0.310314
0.310313
0.310313
0.310313
0.310314
0.310315
0.310313
0.310313
0.310313
0.310313
0.310315
0.310325
0.310325
0.310325
0.310326
0.310326
0.310326
0.310328
0.310329
0.310320
0.310320
0.310320
0.310320
0.310329
0.310321
0.310330
0.310334
0.310334
0.310334
0.310334
0.310329
0.310314
0.310303
0.310303
0.310311
0.310312
0.310312
0.310312
0.310316
0.310303
0.310303
0.310303
0.310305
0.310305
0.310305
0.310305
0.310312
0.310313
0.310313
0.310314
0.310314
0.310325
0.310324
0.310324
0.310320
0.310320
0.310320
0.310323
0.310309
0.310334
0.310334
0.310332
0.310332
0.310332
0.310342
0.310342
0.310344
0.310344
0.310343
0.310342
0.310341
0.310341
0.310339
0.310339
0.310339
0.310339
0.310332
0.310333
0.310337
0.310339
0.310339
0.310346
0.310345
0.310345
0.310346
0.310346
0.310335
0.310331
0.310331
0.310331
0.310328
0.310351
0.310356
0.310356
0.310357
0.310357
0.310357
0.310357
0.310357
0.310357
0.310357
0.310358
0.310358
0.310358
0.310358
0.310358
0.310358
0.310358
0.310358
0.310358
0.310360
0.310366
0.310366
0.310370
0.310367
0.310364
0.310360
0.310360
0.310363
0.310363
0.310362
0.310363
0.310363
0.310367
0.310367
0.310367
0.310367
0.310367
0.310368
0.310368
0.310368
0.310368
0.310370
0.310370
0.310370
0.310370
0.310370
0.310370
0.310370
0.310371
0.310371
0.310371
0.310371
0.310371
0.310371
0.310371
0.310380
0.310372
0.310372
0.310372
0.310372
0.310371
0.310371
0.310375
0.310375
0.310376
0.310376
0.310377
0.310377
0.310365
0.310365
0.310365
0.310365
0.310373
0.310373
0.310377
0.310377
0.310377
0.310377
0.310377
0.310377
0.310380
0.310380
0.310385
0.310385
0.310384
0.310384
0.310383
0.310386
0.310388
0.310388
0.310393
0.310393
0.310393
0.310393
0.310399
0.310399
0.310398
0.310398
0.310398
0.310399
0.310400
0.310400
0.310400
0.310400
0.310400
0.310421
0.310421
0.310421
0.310421
0.310423
0.310423
0.310423
0.310416
0.310416
0.310416
0.310416
0.310416
0.310418
0.310410
0.310410
0.310411
0.310405
0.310405
0.310398
0.310398
0.310404
0.310404
0.310404
0.310406
0.310411
0.310407
0.310407
0.310407
0.310411
0.310416
0.310410
0.310410
0.310410
0.310410
0.310414
0.310414
0.310414
0.310414
0.310416
0.310416
0.310416
0.310418
0.310418
0.310419
0.310417
0.310417
0.310417
0.310412
0.310410
0.310410
0.310410
0.310410
0.310410
0.310411
0.310411
0.310411
0.310399
0.310399
0.310399
0.310387
0.310369
0.310383
0.310389
0.310409
0.310409
0.310413
0.310412
0.310412
0.310413
0.310410
0.310413
0.310416
0.310412
0.310412
0.310403
0.310403
0.310403
0.310396
0.310396
0.310396
0.310397
0.310402
0.310402
0.310402
0.310400
0.310400
0.310400
0.310382
0.310380
0.310388
0.310388
0.310400
0.310403
0.310401
0.310401
0.310401
0.310393
0.310395
0.310393
0.310393
0.310393
0.310403
0.310403
0.310403
0.310403
0.310402
0.310402
0.310402
0.310402
0.310402
0.310403
0.310403
0.310405
0.310405
0.310405
0.310405
0.310405
0.310405
0.310411
0.310411
0.310411
0.310411
0.310411
0.310411
0.310411
0.310412
0.310412
0.310413
0.310419
0.310419
0.310430
0.310430
0.310430
0.310430
0.310431
0.310431
0.310431
0.310424
0.310426
0.310426
0.310429
0.310429
0.310428
0.310428
0.310438
0.310438
0.310438
0.310438
0.310436
0.310436
0.310441
0.310441
0.310440
0.310440
0.310440
0.310441
0.310440
0.310440
0.310440
0.310440
0.310433
0.310433
0.310433
0.310421
0.310429
0.310429
0.310430
0.310430
0.310430
0.310436
0.310436
0.310437
0.310435
0.310435
0.310438
0.310438
0.310438
0.310438
0.310438
0.310440
0.310439
0.310443
0.310443
0.310443
0.310445
0.310445
0.310443
0.310446
0.310446
0.310445
0.310445
0.310445
0.310443
0.310443
0.310445
0.310453
0.310454
0.310454
0.310454
0.310455
0.310452
0.310451
0.310451
0.310455
0.310450
0.310450
0.310450
0.310451
0.310451
0.310446
0.310451
0.310453
0.310454
0.310454
0.310452
0.310452
0.310452
0.310453
0.310453
0.310452
0.310452
0.310452
0.310452
0.310455
0.310455
0.310456
0.310456
0.310456
0.310456
0.310456
0.310456
0.310456
0.310456
0.310456
0.310453
0.310453
0.310453
0.310456
0.310445
0.310445
0.310442
0.310442
0.310442
0.310442
0.310442
0.310442
0.310443
0.310443
0.310443
0.310443
0.310446
0.310446
0.310458
0.310457
0.310457
0.310457
0.310457
0.310462
0.310453
0.310454
0.310454
0.310449
0.310450
0.310450
0.310445
0.310444
0.310450
0.310450
0.310450
0.310451
0.310455
0.310456
0.310456
0.310451
0.310451
0.310451
0.310451
0.310451
0.310450
0.310451
0.310451
0.310451
0.310451
0.310454
0.310454
0.310454
0.310436
0.310436
0.310436
0.310438
0.310438
0.310452
0.310452
0.310452
0.310452
0.310452
0.310452
0.310452
0.310452
0.310452
0.310423
0.310423
0.310423
0.310423
0.310426
0.310426
0.310416
0.310430
0.310430
0.310430
0.310438
0.310442
0.310442
0.310442
0.310442
0.310442
0.310442
0.310442
0.310442
0.310441
0.310441
0.310441
0.310441
0.310436
0.310436
0.310436
0.310436
0.310435
0.310435
0.310435
0.310425
0.310425
0.310425
0.310432
0.310421
0.310421
0.310422
0.310429
0.310431
0.310431
0.310429
0.310429
0.310429
0.310430
0.310430
0.310432
0.310432
0.310433
0.310433
0.310433
0.310431
0.310432
0.310432
0.310433
0.310426
0.310423
0.310423
0.310423
0.310420
0.310437
0.310437
0.310437
0.310437
0.310441
0.310444
0.310444
0.310444
0.310444
0.310442
0.310430
0.310443
0.310443
0.310444
0.310444
0.310444
0.310445
0.310443
0.310443
0.310447
0.310447
0.310448
0.310450
0.310454
0.310454
0.310453
0.310452
0.310447
0.310447
0.310447
0.310451
0.310451
0.310451
0.310451
0.310448
0.310426
0.310426
0.310427
0.310427
0.310425
0.310443
0.310443
0.310443
0.310443
0.310443
0.310436
0.310433
0.310433
0.310433
0.310433
0.310433
0.310436
0.310436
0.310437
0.310437
0.310436
0.310436
0.310436
0.310451
0.310451
0.310446
0.310448
0.310448
0.310448
0.310455
0.310455
0.310448
0.310446
0.310456
0.310456
0.310456
0.310461
0.310466
0.310467
0.310470
0.310468
0.310467
0.310468
0.310469
0.310469
0.310469
0.310470
0.310468
0.310467
0.310467
0.310464
0.310464
0.310468
0.310468
0.310470
0.310467
0.310467
0.310466
0.310468
0.310468
0.310473
0.310482
0.310481
0.310488
0.310486
0.310486
0.310486
0.310491
0.310490
0.310490
0.310490
0.310494
0.310494
0.310498
0.310498
0.310498
0.310490
0.310490
0.310490
0.310490
0.310493
0.310493
0.310493
0.310493
0.310493
0.310493
0.310493
0.310494
0.310493
0.310493
0.310493
0.310495
0.310495
0.310495
0.310495
0.310495
0.310500
0.310494
0.310487
0.310487
0.310487
0.310496
0.310496
0.310495
0.310492
0.310492
0.310495
0.310495
0.310495
0.310499
0.310499
0.310497
0.310497
0.310497
0.310497
0.310499
0.310499
0.310503
0.310503
0.310506
0.310506
0.310506
0.310506
0.310506
0.310506
0.310506
0.310506
0.310506
0.310506
0.310506
0.310506
0.310506
0.310506
0.310506
0.310508
0.310508
0.310508
0.310519
0.310519
0.310519
0.310519
0.310519
0.310519
0.310519
0.310517
0.310520
0.310527
0.310527
0.310531
0.310531
0.310531
0.310532
0.310532
0.310536
0.310535
0.310537
0.310540
0.310540
0.310540
0.310536
0.310536
0.310537
0.310543
0.310545
0.310552
0.310551
0.310551
0.310551
0.310553
0.310554
0.310556
0.310533
0.310532
0.310526
0.310543
0.310543
0.310544
0.310544
0.310544
0.310544
0.310544
0.310545
0.310532
0.310532
0.310532
0.310533
0.310522
0.310521
0.310526
0.310529
0.310537
0.310537
0.310537
0.310537
0.310530
0.310534
0.310542
0.310545
0.310545
0.310558
0.310556
0.310556
0.310556
0.310556
0.310556
0.310556
0.310556
0.310556
0.310552
0.310552
0.310552
0.310552
0.310555
0.310556
0.310556
0.310561
0.310561
0.310564
0.310564
0.310564
0.310564
0.310564
0.310558
0.310559
0.310559
0.310559
0.310560
0.310559
0.310545
0.310543
0.310548
0.310548
0.310549
0.310550
0.310556
0.310557
0.310557
0.310557
0.310559
0.310559
0.310560
0.310559
0.310559
0.310557
0.310557
0.310560
0.310559
0.310559
0.310559
0.310559
0.310560
0.310560
0.310560
0.310562
0.310562
0.310563
0.310558
0.310555
0.310555
0.310555
0.310562
0.310565
0.310567
0.310567
0.310567
0.310568
0.310568
0.310568
0.310573
0.310573
0.310574
0.310575
0.310575
0.310569
0.310569
0.310570
0.310569
0.310569
0.310569
0.310569
0.310569
0.310565
0.310577
0.310577
0.310577
0.310577
0.310579
0.310580
0.310590
0.310590
0.310589
0.310589
0.310584
0.310584
0.310584
0.310584
0.310584
0.310584
0.310585
0.310584
0.310584
0.310589
0.310589
0.310589
0.310590
0.310590
0.310594
0.310592
0.310592
0.310592
0.310592
0.310592
0.310592
0.310592
0.310592
0.310592
0.310592
0.310592
0.310592
0.310592
0.310592
0.310593
0.310593
0.310593
0.310593
0.310590
0.310590
0.310594
0.310592
0.310593
0.310596
0.310595
0.310595
0.310592
0.310598
0.310595
0.310595
0.310595
0.310599
0.310599
0.310600
0.310600
0.310598
0.310598
0.310598
0.310598
0.310598
0.310598
0.310595
0.310595
0.310590
0.310590
0.310590
0.310592
0.310605
0.310605
0.310605
0.310605
0.310615
0.310611
0.310612
0.310613
0.310613
0.310622
0.310622
0.310608
0.310608
0.310616
0.310619
0.310619
0.310619
0.310623
0.310623
0.310632
0.310624
0.310624
0.310623
0.310623
0.310624
0.310624
0.310624
0.310620
0.310617
0.310617
0.310624
0.310624
0.310624
0.310629
0.310629
0.310622
0.310622
0.310623
0.310623
0.310623
0.310623
0.310622
0.310622
0.310622
0.310622
0.310622
0.310622
0.310622
0.310610
0.310612
0.310612
0.310612
0.310610
0.310610
0.310610
0.310610
0.310610
0.310611
0.310611
0.310613
0.310613
0.310603
0.310603
0.310603
0.310605
0.310605
0.310605
0.310605
0.310603
0.310603
0.310603
0.310603
0.310603
0.310603
0.310603
0.310604
0.310603
0.310603
0.310603
0.310603
0.310603
0.310603
0.310603
0.310603
0.310587
0.310600
0.310595
0.310595
0.310595
0.310595
0.310595
0.310595
0.310595
0.310591
0.310591
0.310591
0.310592
0.310592
0.310592
0.310592
0.310592
0.310592
0.310592
0.310592
0.310592
0.310592
0.310592
0.310592
0.310592
0.310595
0.310609
0.310609
0.310609
0.310609
0.310605
0.310605
0.310601
0.310601
0.310601
0.310601
0.310605
0.310608
0.310608
0.310608
0.310607
0.310607
0.310606
0.310606
0.310611
0.310611
0.310612
0.310615
0.310615
0.310618
0.310621
0.310621
0.310621
0.310621
0.310622
0.310624
0.310624
0.310622
0.310621
0.310621
0.310621
0.310622
0.310615
0.310621
0.310621
0.310624
0.310624
0.310624
0.310624
0.310624
0.310626
0.310626
0.310627
0.310627
0.310626
0.310626
0.310626
0.310626
0.310629
0.310634
0.310636
0.310636
0.310636
0.310635
0.310635
0.310635
0.310635
0.310635
0.310635
0.310632
0.310640
0.310631
0.310631
0.310632
0.310632
0.310633
0.310639
0.310637
0.310643
0.310642
0.310642
0.310649
0.310649
0.310650
0.310647
0.310647
0.310647
0.310647
0.310647
0.310647
0.310647
0.310647
0.310647
0.310647
0.310647
0.310650
0.310650
0.310650
0.310650
0.310641
0.310645
0.310642
0.310642
0.310648
0.310640
0.310642
0.310638
0.310641
0.310641
0.310641
0.310641
0.310645
0.310642
0.310643
0.310643
0.310643
0.310643
0.310643
0.310643
0.310643
0.310643
0.310643
0.310642
0.310642
0.310642
0.310643
0.310643
0.310635
0.310638
0.310642
0.310642
0.310642
0.310648
0.310648
0.310647
0.310646
0.310646
0.310647
0.310647
0.310636
0.310633
0.310633
0.310633
0.310633
0.310633
0.310638
0.310633
0.310633
0.310633
0.310635
0.310630
0.310634
0.310634
0.310633
0.310622
0.310625
0.310625
0.310635
0.310634
0.310634
0.310635
0.310635
0.310633
0.310634
0.310634
0.310634
0.310634
0.310634
0.310634
0.310634
0.310634
0.310634
0.310641
0.310641
0.310641
0.310640
0.310640
0.310632
0.310636
0.310618
0.310624
0.310624
0.310628
0.310628
0.310626
0.310626
0.310635
0.310635
0.310632
0.310633
0.310633
0.310635
0.310637
0.310637
0.310643
0.310644
0.310645
0.310645
0.310645
0.310645
0.310645
0.310645
0.310647
0.310647
0.310648
0.310638
0.310638
0.310638
0.310638
0.310648
0.310647
0.310645
0.310645
0.310645
0.310645
0.310645
0.310645
0.310646
0.310646
0.310646
0.310646
0.310651
0.310651
0.310651
0.310652
0.310652
0.310652
0.310652
0.310653
0.310653
0.310651
0.310651
0.310653
0.310653
0.310649
0.310647
0.310647
0.310649
0.310654
0.310654
0.310654
0.310667
0.310674
0.310674
0.310679
0.310673
0.310676
0.310664
0.310664
0.310672
0.310672
0.310672
0.310672
0.310672
0.310672
0.310672
0.310672
0.310672
0.310672
0.310672
0.310672
0.310672
0.310672
0.310672
0.310673
0.310673
0.310685
0.310682
0.310682
0.310685
0.310685
0.310685
0.310685
0.310688
0.310686
0.310686
0.310686
0.310686
0.310686
0.310686
0.310688
0.310688
0.310689
0.310689
0.310690
0.310687
0.310685
0.310685
0.310690
0.310693
0.310693
0.310693
0.310693
0.310693
0.310694
0.310695
0.310695
0.310695
0.310700
0.310700
0.310700
0.310698
0.310698
0.310701
0.310701
0.310707
0.310707
0.310707
0.310714
0.310714
0.310714
0.310715
0.310715
0.310728
0.310728
0.310728
0.310727
0.310728
0.310728
0.310728
0.310728
0.310728
0.310727
0.310727
0.310726
0.310730
0.310730
0.310731
0.310728
0.310734
0.310712
0.310713
0.310713
0.310714
0.310714
0.310727
0.310718
0.310719
0.310719
0.310719
0.310723
0.310723
0.310723
0.310723
0.310723
0.310723
0.310723
0.310723
0.310723
0.310723
0.310729
0.310729
0.310726
0.310726
0.310722
0.310724
0.310723
0.310723
0.310730
0.310730
0.310723
0.310723
0.310723
0.310723
0.310710
0.310710
0.310710
0.310708
0.310711
0.310726
0.310724
0.310724
0.310736
0.310736
0.310731
0.310729
0.310729
0.310729
0.310729
0.310732
0.310734
0.310734
0.310730
0.310732
0.310736
0.310736
0.310742
0.310744
0.310747
0.310746
0.310746
0.310746
0.310744
0.310744
0.310744
0.310747
0.310747
0.310740
0.310740
0.310740
0.310740
0.310740
0.310736
0.310733
0.310733
0.310733
0.310732
0.310730
0.310730
0.310737
0.310737
0.310743
0.310743
0.310743
0.310743
0.310742
0.310742
0.310750
0.310749
0.310749
0.310749
0.310752
0.310752
0.310752
0.310747
0.310748
0.310755
0.310755
0.310753
0.310753
0.310753
0.310753
0.310753
0.310753
0.310753
0.310753
0.310753
0.310753
0.310751
0.310751
0.310753
0.310753
0.310751
0.310751
0.310751
0.310751
0.310752
0.310752
0.310752
0.310752
0.310752
0.310752
0.310752
0.310756
0.310758
0.310762
0.310762
0.310762
0.310762
0.310763
0.310763
0.310763
0.310763
0.310763
0.310764
0.310764
0.310764
0.310765
0.310765
0.310769
0.310771
0.310771
0.310771
0.310771
0.310771
0.310771
0.310770
0.310773
0.310773
0.310773
0.310771
0.310785
0.310785
0.310785
0.310783
0.310779
0.310779
0.310779
0.310782
0.310782
0.310782
0.310782
0.310782
0.310782
0.310782
0.310782
0.310782
0.310784
0.310782
0.310782
0.310782
0.310785
0.310785
0.310785
0.310786
0.310782
0.310782
0.310783
0.310786
0.310786
0.310786
0.310786
0.310786
0.310785
0.310788
0.310788
0.310792
0.310792
0.310792
0.310792
0.310792
0.310792
0.310792
0.310780
0.310779
0.310779
0.310779
0.310792
0.310788
0.310791
0.310791
0.310776
0.310776
0.310776
0.310790
0.310790
0.310790
0.310786
0.310780
0.310780
0.310781
0.310781
0.310778
0.310781
0.310781
0.310783
0.310782
0.310781
0.310781
0.310781
0.310784
0.310784
0.310785
0.310784
0.310784
0.310784
0.310784
0.310784
0.310783
0.310783
0.310783
0.310783
0.310783
0.310783
0.310791
0.310791
0.310791
0.310791
0.310791
0.310791
0.310791
0.310791
0.310792
0.310792
0.310792
0.310792
0.310792
0.310786
0.310786
0.310786
0.310784
0.310789
0.310789
0.310791
0.310794
0.310794
0.310794
0.310794
0.310799
0.310801
0.310795
0.310795
0.310795
0.310795
0.310801
0.310801
0.310801
0.310800
0.310800
0.310802
0.310802
0.310802
0.310802
0.310803
0.310803
0.310810
0.310811
0.310819
0.310819
0.310821
0.310821
0.310822
0.310822
0.310822
0.310823
0.310823
0.310823
0.310824
0.310824
0.310824
0.310826
0.310824
0.310824
0.310824
0.310827
0.310827
0.310827
0.310827
0.310827
0.310827
0.310828
0.310828
0.310828
0.310828
0.310828
0.310828
0.310829
0.310829
0.310829
0.310826
0.310826
0.310826
0.310816
0.310827
0.310827
0.310827
0.310827
0.310827
0.310827
0.310833
0.310825
0.310825
0.310825
0.310817
0.310810
0.310818
0.310821
0.310833
0.310826
0.310826
0.310822
0.310827
0.310827
0.310836
0.310836
0.310836
0.310825
0.310834
0.310836
0.310840
0.310840
0.310840
0.310840
0.310840
0.310840
0.310846
0.310846
0.310846
0.310846
0.310847
0.310852
0.310855
0.310855
0.310855
0.310855
0.310855
0.310850
0.310850
0.310851
0.310851
0.310846
0.310846
0.310850
0.310851
0.310851
0.310851
0.310851
0.310851
0.310858
0.310857
0.310853
0.310856
0.310856
0.310856
0.310853
0.310849
0.310849
0.310849
0.310856
0.310856
0.310856
0.310856
0.310856
0.310856
0.310856
0.310856
0.310856
0.310856
0.310856
0.310856
0.310858
0.310858
0.310858
0.310858
0.310858
0.310858
0.310862
0.310861
0.310861
0.310861
0.310853
0.310852
0.310852
0.310852
0.310852
0.310852
0.310852
0.310851
0.310851
0.310851
0.310859
0.310859
0.310859
0.310862
0.310868
0.310868
0.310867
0.310867
0.310865
0.310866
0.310866
0.310872
0.310873
0.310880
0.310880
0.310880
0.310880
0.310880
0.310880
0.310886
0.310886
0.310886
0.310886
0.310884
0.310884
0.310886
0.310889
0.310889
0.310889
0.310889
0.310884
0.310884
0.310872
0.310887
0.310892
0.310891
0.310899
0.310899
0.310902
0.310896
0.310897
0.310899
0.310907
0.310907
0.310907
0.310907
0.310906
0.310911
0.310911
0.310911
0.310911
0.310908
0.310908
0.310908
0.310906
0.310906
0.310906
0.310906
0.310906
0.310906
0.310906
0.310898
0.310898
0.310898
0.310897
0.310897
0.310897
0.310903
0.310906
0.310906
0.310906
0.310906
0.310897
0.310898
0.310901
0.310905
0.310908
0.310915
0.310915
0.310915
0.310918
0.310922
0.310917
0.310925
0.310924
0.310924
0.310924
0.310926
0.310926
0.310927
0.310927
0.310927
0.310927
0.310925
0.310925
0.310925
0.310925
0.310926
0.310926
0.310926
0.310926
0.310926
0.310919
0.310921
0.310921
0.310922
0.310908
0.310908
0.310912
0.310913
0.310913
0.310913
0.310912
0.310912
0.310912
0.310912
0.310912
0.310901
0.310901
0.310899
0.310899
0.310901
0.310901
0.310909
0.310909
0.310909
0.310906
0.310906
0.310906
0.310908
0.310916
0.310917
0.310917
0.310908
0.310909
0.310909
0.310910
0.310912
0.310919
0.310919
0.310919
0.310915
0.310915
0.310915
0.310912
0.310912
0.310906
0.310907
0.310907
0.310918
0.310922
0.310922
0.310922
0.310929
0.310929
0.310928
0.310928
0.310929
0.310929
0.310928
0.310917
0.310918
0.310920
0.310920
0.310919
0.310923
0.310923
0.310929
0.310929
0.310929
0.310926
0.310931
0.310932
0.310934
0.310936
0.310936
0.310936
0.310936
0.310937
0.310938
0.310938
0.310938
0.310938
0.310938
0.310938
0.310938
0.310938
0.310940
0.310954
0.310954
0.310954
0.310955
0.310955
0.310955
0.310955
0.310955
0.310955
0.310955
0.310955
0.310955
0.310955
0.310927
0.310929
0.310929
0.310929
0.310929
0.310929
0.310929
0.310929
0.310929
0.310929
0.310929
0.310929
0.310929
0.310928
0.310928
0.310931
0.310932
0.310932
0.310932
0.310932
0.310932
0.310933
0.310933
0.310933
0.310933
0.310932
0.310936
0.310936
0.310936
0.310939
0.310939
0.310939
0.310939
0.310939
0.310937
0.310938
0.310938
0.310938
0.310938
0.310938
0.310940
0.310940
0.310940
0.310941
0.310944
0.310947
0.310947
0.310947
0.310947
0.310947
0.310947
0.310947
0.310937
0.310935
0.310939
0.310939
0.310939
0.310939
0.310939
0.310943
0.310943
0.310943
0.310943
0.310945
0.310944
0.310944
0.310944
0.310946
0.310946
0.310946
0.310946
0.310946
0.310945
0.310951
0.310951
0.310951
0.310951
0.310951
0.310951
0.310951
0.310951
0.310951
0.310951
0.310951
0.310951
0.310951
0.310951
0.310952
0.310952
0.310952
0.310952
0.310952
0.310952
0.310952
0.310950
0.310951
0.310951
0.310951
0.310951
0.310955
0.310964
0.310964
0.310965
0.310963
0.310965
0.310963
0.310963
0.310963
0.310965
0.310965
0.310965
0.310965
0.310966
0.310966
0.310966
0.310966
0.310966
0.310966
0.310966
0.310966
0.310966
0.310960
0.310960
0.310960
0.310960
0.310960
0.310963
0.310963
0.310963
0.310963
0.310963
0.310962
0.310962
0.310961
0.310961
0.310965
0.310965
0.310965
0.310965
0.310965
0.310965
0.310965
0.310965
0.310963
0.310963
0.310962
0.310962
0.310962
0.310968
0.310968
0.310967
0.310968
0.310968
0.310968
0.310968
0.310968
0.310965
0.310965
0.310965
0.310966
0.310966
0.310967
0.310967
0.310970
0.310970
0.310968
0.310968
0.310968
0.310968
0.310968
0.310968
0.310968
0.310970
0.310970
0.310970
0.310971
0.310971
0.310977
0.310977
0.310973
0.310973
0.310975
0.310977
0.310975
0.310975
0.310975
0.310977
0.310975
0.310975
0.310995
0.310995
0.310994
0.310997
0.310997
0.310995
0.310995
0.310992
0.310991
0.310991
0.310991
0.310992
0.310992
0.310992
0.310992
0.310989
0.310991
0.310991
0.310991
0.310992
0.310992
0.310992
0.310992
0.310992
0.310992
0.310992
0.310992
0.310990
0.310990
0.310990
0.310990
0.310990
0.310993
0.310983
0.310983
0.310977
0.310981
0.310989
0.310988
0.310990
0.310993
0.310993
0.310993
0.310997
0.310996
0.310996
0.310996
0.310995
0.310995
0.310996
0.310993
0.310993
0.310993
0.310993
0.310993
0.310995
0.310997
0.310988
0.310988
0.310988
0.310997
0.310997
0.310997
0.310997
0.310997
0.310994
0.310994
0.310994
0.310994
0.310994
0.310995
0.310993
0.310993
0.310993
0.310993
0.310993
0.310993
0.311000
0.310994
0.310991
0.310991
0.310981
0.310981
0.310987
0.310987
0.310993
0.310993
0.310993
0.310992
0.310992
0.310990
0.310990
0.310990
0.310990
0.310990
0.310990
0.310993
0.310991
0.310991
0.310991
0.310995
0.310994
0.310992
0.310992
0.310992
0.310992
0.310993
0.310984
0.310984
0.310984
0.310985
0.311001
0.311002
0.311002
0.311002
0.311002
0.311002
0.310999
0.310999
0.310990
0.310994
0.310995
0.310995
0.310995
0.310995
0.310995
0.310995
0.310995
0.310995
0.310993
0.310993
0.310998
0.310998
0.310998
0.310998
0.310997
0.310999
0.310999
0.310999
0.310999
0.310997
0.310997
0.310997
0.310997
0.310997
0.310998
0.310998
0.310998
0.311000
0.311000
0.311003
0.311003
0.311003
0.311003
0.311003
0.311004
0.311004
0.311004
0.311004
0.311004
0.311004
0.311004
0.311005
0.310995
0.310995
0.310987
0.310987
0.310987
0.310987
0.310988
0.310988
0.310988
0.310988
0.310988
0.310990
0.310990
0.310990
0.310990
0.310984
0.310984
0.310984
0.310984
0.310984
0.310984
0.310984
0.310984
0.310984
0.310984
0.310984
0.310984
0.310984
0.310983
0.310984
0.310984
0.310984
0.310984
0.310985
0.310983
0.310984
0.310986
0.310989
0.310989
0.310989
0.310989
0.310988
0.310987
0.310987
0.310987
0.310987
0.310987
0.310987
0.310987
0.310987
0.310987
0.310987
0.310986
0.310986
0.310993
0.310993
0.310993
0.310993
0.310987
0.310987
0.310989
0.310989
0.310989
0.310982
0.310988
0.310987
0.310989
0.310997
0.310997
0.310996
0.310997
0.310997
0.310997
0.310995
0.310991
0.310991
0.310991
0.310993
0.310998
0.310998
0.310998
0.310998
0.310997
0.310997
0.310997
0.311003
0.311003
0.311003
0.311003
0.311003
0.311005
0.311004
0.311004
0.311004
0.311004
0.311004
0.311005
0.311004
0.311004
0.311004
0.311004
0.311006
0.311006
0.311007
0.311005
0.311006
0.311006
0.311011
0.311011
0.310998
0.310998
0.310997
0.311008
0.311008
0.311007
0.311004
0.311005
0.311005
0.311005
0.311005
0.311005
0.311005
0.311007
0.311007
0.311007
0.311007
0.310995
0.310995
0.310998
0.310998
0.311006
0.311003
0.311003
0.310998
0.310998
0.310998
0.310998
0.311002
0.311002
0.311005
0.311005
0.311005
0.311005
0.311007
0.311008
0.311001
0.311006
0.311006
0.311006
0.311006
0.311006
0.311006
0.311006
0.311006
0.311006
0.311006
0.311007
0.311007
0.311007
0.311007
0.311004
0.311004
0.311009
0.311009
0.311002
0.311002
0.311002
0.311008
0.311009
0.311010
0.311010
0.311009
0.311009
0.311012
0.311012
0.311013
0.311013
0.311013
0.311013
0.311012
0.311011
0.311014
0.311014
0.311015
0.311015
0.311018
0.311018
0.311018
0.311018
0.311014
0.311014
0.311014
0.311019
0.311019
0.311019
0.311019
0.311019
0.311019
0.311019
0.311019
0.311019
0.311019
0.311019
0.311019
0.311019
0.311019
0.311019
0.311019
0.311019
0.311019
0.311019
0.311019
0.311019
0.311019
0.311019
0.311019
0.311019
0.311021
0.311021
0.311021
0.311021
0.311022
0.311022
0.311022
0.311022
0.311022
0.311023
0.311019
0.311019
0.311029
0.311029
0.311029
0.311029
0.311029
0.311029
0.311029
0.311029
0.311029
0.311029
0.311029
0.311029
0.311028
0.311028
0.311026
0.311023
0.311023
0.311023
0.311028
0.311028
0.311030
0.311030
0.311036
0.311035
0.311035
0.311035
0.311034
0.311034
0.311032
0.311033
0.311033
0.311033
0.311033
0.311029
0.311029
0.311029
0.311033
0.311033
0.311033
0.311033
0.311027
0.311034
0.311034
0.311034
0.311034
0.311034
0.311034
0.311036
0.311038
0.311038
0.311039
0.311041
0.311040
0.311040
0.311040
0.311040
0.311040
0.311040
0.311040
0.311040
0.311040
0.311040
0.311040
0.311040
0.311040
0.311040
0.311040
0.311048
0.311048
0.311048
0.311054
0.311052
0.311052
0.311052
0.311052
0.311052
0.311050
0.311050
0.311048
0.311040
0.311039
0.311039
0.311040
0.311040
0.311040
0.311047
0.311047
0.311053
0.311053
0.311053
0.311053
0.311053
0.311053
0.311053
0.311047
0.311047
0.311048
0.311048
0.311048
0.311048
0.311050
0.311055
0.311062
0.311053
0.311053
0.311048
0.311046
0.311045
0.311050
0.311050
0.311062
0.311062
0.311062
0.311062
0.311062
0.311062
0.311062
0.311062
0.311062
0.311062
0.311061
0.311059
0.311062
0.311062
0.311063
0.311064
0.311074
0.311074
0.311082
0.311080
0.311079
0.311089
0.311079
0.311079
0.311080
0.311079
0.311087
0.311087
0.311087
0.311086
0.311084
0.311084
0.311084
0.311084
0.311085
0.311085
0.311085
0.311085
0.311086
0.311086
0.311086
0.311086
0.311086
0.311086
0.311086
0.311086
0.311086
0.311086
0.311086
0.311086
0.311086
0.311086
0.311086
0.311085
0.311085
0.311085
0.311085
0.311085
0.311085
0.311088
0.311088
0.311088
0.311082
0.311082
0.311084
0.311084
0.311084
0.311084
0.311086
0.311085
0.311093
0.311093
0.311093
0.311077
0.311077
0.311087
0.311087
0.311087
0.311095
0.311095
0.311099
0.311099
0.311099
0.311099
0.311099
0.311099
0.311099
0.311099
0.311099
0.311099
0.311099
0.311094
0.311094
0.311094
0.311100
0.311100
0.311100
0.311097
0.311097
0.311097
0.311101
0.311113
0.311113
0.311113
0.311113
0.311110
0.311108
0.311108
0.311109
0.311108
0.311108
0.311108
0.311110
0.311112
0.311113
0.311113
0.311113
0.311113
0.311114
0.311114
0.311114
0.311108
0.311108
0.311108
0.311108
0.311110
0.311110
0.311110
0.311110
0.311110
0.311110
0.311110
0.311110
0.311111
0.311105
0.311113
0.311112
0.311112
0.311115
0.311115
0.311115
0.311116
0.311116
0.311116
0.311116
0.311116
0.311116
0.311116
0.311115
0.311115
0.311115
0.311121
0.311121
0.311121
0.311127
0.311126
0.311129
0.311129
0.311127
0.311128
0.311128
0.311127
0.311128
0.311128
0.311128
0.311139
0.311139
0.311139
0.311139
0.311142
0.311143
0.311149
0.311149
0.311153
0.311153
0.311151
0.311151
0.311151
0.311151
0.311150
0.311151
0.311150
0.311150
0.311150
0.311151
0.311148
0.311154
0.311157
0.311162
0.311162
0.311161
0.311161
0.311160
0.311160
0.311160
0.311160
0.311160
0.311160
0.311160
0.311160
0.311160
0.311159
0.311159
0.311164
0.311164
0.311164
0.311166
0.311166
0.311166
0.311165
0.311165
0.311165
0.311166
0.311166
0.311164
0.311164
0.311164
0.311172
0.311172
0.311171
0.311171
0.311171
0.311171
0.311171
0.311171
0.311171
0.311171
0.311170
0.311170
0.311170
0.311175
0.311175
0.311179
0.311176
0.311177
0.311177
0.311177
0.311176
0.311178
0.311178
0.311178
0.311178
0.311178
0.311183
0.311183
0.311183
0.311183
0.311183
0.311183
0.311185
0.311183
0.311183
0.311182
0.311184
0.311186
0.311186
0.311187
0.311186
0.311186
0.311186
0.311186
0.311186
0.311186
0.311186
0.311186
0.311187
0.311187
0.311181
0.311181
0.311184
0.311184
0.311184
0.311189
0.311188
0.311188
0.311186
0.311186
0.311186
0.311186
0.311186
0.311186
0.311186
0.311186
0.311186
0.311190
0.311190
0.311190
0.311193
0.311193
0.311200
0.311200
0.311201
0.311203
0.311203
0.311203
0.311201
0.311201
0.311202
0.311206
0.311206
0.311206
0.311206
0.311197
0.311197
0.311185
0.311176
0.311178
0.311181
0.311187
0.311187
0.311190
0.311190
0.311190
0.311190
0.311190
0.311189
0.311188
0.311188
0.311188
0.311191
0.311197
0.311199
0.311199
0.311185
0.311185
0.311185
0.311183
0.311184
0.311187
0.311193
0.311193
0.311193
0.311193
0.311193
0.311193
0.311194
0.311194
0.311194
0.311194
0.311194
0.311194
0.311194
0.311194
0.311194
0.311194
0.311194
0.311195
0.311193
0.311193
0.311193
0.311193
0.311193
0.311193
0.311193
0.311193
0.311193
0.311193
0.311193
0.311189
0.311191
0.311191
0.311194
0.311199
0.311200
0.311201
0.311201
0.311201
0.311201
0.311205
0.311204
0.311204
0.311204
0.311202
0.311205
0.311209
0.311209
0.311209
0.311204
0.311204
0.311204
0.311204
0.311204
0.311210
0.311210
0.311207
0.311207
0.311206
0.311205
0.311205
0.311206
0.311206
0.311206
0.311211
0.311211
0.311213
0.311215
0.311214
0.311214
0.311213
0.311206
0.311208
0.311208
0.311208
0.311208
0.311208
0.311215
0.311215
0.311215
0.311215
0.311218
0.311218
0.311218
0.311218
0.311221
0.311221
0.311221
0.311217
0.311217
0.311221
0.311221
0.311221
0.311221
0.311221
0.311223
0.311223
0.311223
0.311222
0.311222
0.311222
0.311222
0.311222
0.311222
0.311222
0.311222
0.311222
0.311222
0.311225
0.311220
0.311220
0.311220
0.311224
0.311224
0.311224
0.311224
0.311208
0.311208
0.311208
0.311208
0.311208
0.311224
0.311224
0.311224
0.311224
0.311222
0.311222
0.311222
0.311222
0.311222
0.311222
0.311227
0.311227
0.311227
0.311227
0.311227
0.311226
0.311219
0.311219
0.311219
0.311219
0.311223
0.311223
0.311228
0.311227
0.311227
0.311228
0.311229
0.311232
0.311232
0.311232
0.311232
0.311232
0.311229
0.311229
0.311229
0.311229
0.311231
0.311232
0.311232
0.311237
0.311237
0.311235
0.311237
0.311236
0.311236
0.311239
0.311239
0.311239
0.311239
0.311239
0.311239
0.311239
0.311239
0.311239
0.311239
0.311239
0.311239
0.311239
0.311232
0.311232
0.311232
0.311239
0.311240
0.311240
0.311240
0.311242
0.311242
0.311242
0.311249
0.311249
0.311245
0.311245
0.311253
0.311246
0.311246
0.311252
0.311252
0.311251
0.311250
0.311250
0.311250
0.311255
0.311255
0.311254
0.311254
0.311256
0.311256
0.311255
0.311257
0.311257
0.311257
0.311257
0.311256
0.311256
0.311256
0.311256
0.311256
0.311256
0.311256
0.311256
0.311244
0.311244
0.311244
0.311239
0.311233
0.311239
0.311242
0.311242
0.311244
0.311245
0.311245
0.311244
0.311241
0.311242
0.311240
0.311240
0.311240
0.311242
0.311242
0.311241
0.311239
0.311237
0.311237
0.311235
0.311235
0.311235
0.311235
0.311242
0.311241
0.311241
0.311241
0.311241
0.311241
0.311241
0.311241
0.311244
0.311244
0.311244
0.311244
0.311244
0.311244
0.311244
0.311247
0.311247
0.311247
0.311247
0.311247
0.311248
0.311248
0.311248
0.311248
0.311246
0.311246
0.311246
0.311246
0.311246
0.311246
0.311246
0.311248
0.311248
0.311250
0.311250
0.311250
0.311250
0.311238
0.311238
0.311240
0.311240
0.311239
0.311245
0.311245
0.311245
0.311245
0.311243
0.311242
0.311242
0.311242
0.311242
0.311244
0.311244
0.311245
0.311249
0.311249
0.311249
0.311254
0.311254
0.311255
0.311255
0.311255
0.311251
0.311251
0.311251
0.311251
0.311249
0.311251
0.311251
0.311248
0.311248
0.311251
0.311250
0.311253
0.311253
0.311253
0.311255
0.311253
0.311253
0.311253
0.311253
0.311253
0.311253
0.311247
0.311247
0.311247
0.311251
0.311237
0.311249
0.311258
0.311258
0.311258
0.311253
0.311249
0.311249
0.311249
0.311249
0.311252
0.311255
0.311255
0.311255
0.311254
0.311254
0.311254
0.311254
0.311254
0.311254
0.311254
0.311254
0.311256
0.311257
0.311257
0.311257
0.311257
0.311257
0.311257
0.311257
0.311257
0.311257
0.311258
0.311256
0.311256
0.311255
0.311255
0.311255
0.311256
0.311251
0.311252
0.311246
0.311247
0.311247
0.311247
0.311247
0.311247
0.311248
0.311248
0.311257
0.311257
0.311256
0.311256
0.311255
0.311255
0.311255
0.311255
0.311255
0.311255
0.311255
0.311255
0.311255
0.311255
0.311255
0.311255
0.311254
0.311254
0.311254
0.311250
0.311250
0.311252
0.311253
0.311256
0.311255
0.311256
0.311255
0.311255
0.311255
0.311260
0.311260
0.311260
0.311260
0.311260
0.311259
0.311259
0.311259
0.311259
0.311259
0.311259
0.311259
0.311260
0.311260
0.311260
0.311260
0.311262
0.311262
0.311262
0.311262
0.311262
0.311262
0.311267
0.311267
0.311265
0.311265
0.311265
0.311265
0.311265
0.311265
0.311267
0.311269
0.311269
0.311269
0.311268
0.311268
0.311265
0.311257
0.311257
0.311257
0.311257
0.311257
0.311257
0.311252
0.311252
0.311252
0.311257
0.311253
0.311253
0.311253
0.311257
0.311269
0.311269
0.311267
0.311267
0.311264
0.311259
0.311259
0.311259
0.311269
0.311269
0.311269
0.311269
0.311268
0.311269
0.311281
0.311281
0.311285
0.311286
0.311286
0.311279
0.311282
0.311282
0.311274
0.311282
0.311281
0.311281
0.311282
0.311286
0.311283
0.311282
0.311273
0.311273
0.311273
0.311276
0.311276
0.311290
0.311290
0.311290
0.311290
0.311290
0.311290
0.311285
0.311288
0.311288
0.311288
0.311288
0.311288
0.311297
0.311294
0.311293
0.311293
0.311295
0.311295
0.311295
0.311297
0.311300
0.311300
0.311297
0.311294
0.311294
0.311294
0.311294
0.311294
0.311294
0.311294
0.311294
0.311294
0.311294
