-0.140056
-0.128889
-0.122735
-0.119212
-0.112103
-0.106553
-0.101222
-0.098818
-0.095181
-0.095168
-0.094226
-0.090717
-0.086114
-0.084161
-0.083029
-0.082259
-0.077439
-0.074148
-0.072724
-0.069686
-0.067386
-0.067290
-0.065463
-0.065489
-0.062624
-0.061061
-0.059216
-0.058972
-0.058524
-0.054755
-0.054636
-0.053477
-0.049347
-0.049319
-0.048164
-0.047331
-0.045826
-0.044268
-0.042174
-0.040834
-0.039215
-0.035573
-0.035497
-0.033771
-0.032954
-0.031089
-0.030427
-0.028305
-0.026769
-0.026769
-0.025413
-0.025490
-0.024514
-0.022796
-0.022414
-0.020843
-0.019603
-0.018341
-0.014844
-0.014549
-0.014299
-0.014175
-0.013923
-0.013165
-0.012552
-0.012488
-0.011154
-0.010148
-0.008867
-0.007991
-0.007587
-0.007534
-0.006165
-0.005425
-0.004670
-0.004207
-0.003883
-0.002662
-0.002433
-0.001396
-0.000670
-0.000234
0.000804
0.003291
0.003677
0.004087
0.004335
0.005613
0.005792
0.005862
0.005862
0.008164
0.009141
0.009467
0.009526
0.010500
0.011419
0.011507
0.012328
0.013126
0.013126
0.013704
0.014276
0.015202
0.016990
0.018547
0.018547
0.018874
0.018964
0.019119
0.019839
0.019943
0.020358
0.020753
0.021819
0.021921
0.022335
0.022335
0.023382
0.023414
0.023841
0.023841
0.023923
0.024173
0.024173
0.024220
0.025110
0.025111
0.026330
0.027392
0.027860
0.028447
0.028633
0.028633
0.028652
0.030492
0.030463
0.030761
0.031735
0.031735
0.032146
0.032804
0.032812
0.033023
0.033766
0.034412
0.034412
0.035686
0.035686
0.035803
0.035803
0.036671
0.037322
0.038796
0.038796
0.039699
0.041491
0.042227
0.042263
0.043089
0.043663
0.044042
0.044043
0.044174
0.045600
0.046687
0.047663
0.048043
0.049386
0.049770
0.050100
0.050264
0.051297
0.051539
0.051539
0.052212
0.052454
0.052501
0.053377
0.053438
0.053524
0.053759
0.054190
0.054319
0.054353
0.054905
0.055096
0.055920
0.056746
0.056746
0.057059
0.057864
0.058025
0.058193
0.059183
0.059183
0.059440
0.060123
0.060573
0.060573
0.061922
0.062485
0.062836
0.063246
0.063522
0.063998
0.064867
0.065322
0.065985
0.065969
0.065993
0.066598
0.066858
0.066879
0.067517
0.067887
0.068639
0.068727
0.068978
0.068978
0.068978
0.069233
0.069325
0.069614
0.070470
0.070879
0.071027
0.071026
0.071778
0.071778
0.071778
0.071976
0.072647
0.072998
0.073228
0.073271
0.074564
0.074614
0.074904
0.074926
0.075633
0.075879
0.075960
0.076299
0.076622
0.076866
0.076866
0.076876
0.076876
0.077454
0.077867
0.078981
0.079439
0.079644
0.079660
0.079660
0.079660
0.080026
0.080223
0.081269
0.081510
0.081889
0.081994
0.081994
0.082199
0.082213
0.082321
0.083012
0.083012
0.083067
0.083264
0.083358
0.084595
0.085284
0.085289
0.085301
0.085397
0.085722
0.085722
0.085914
0.085946
0.085946
0.086140
0.086719
0.086767
0.086980
0.087118
0.087118
0.087753
0.087840
0.087874
0.088239
0.088239
0.088369
0.088400
0.088756
0.089213
0.089213
0.089496
0.089535
0.089547
0.089801
0.089931
0.089931
0.090073
0.090250
0.090310
0.090323
0.090323
0.090405
0.090878
0.091350
0.091742
0.091893
0.091927
0.092115
0.092583
0.092937
0.093362
0.093362
0.093766
0.093983
0.094403
0.094511
0.094701
0.095035
0.095588
0.095718
0.095958
0.096131
0.096495
0.096495
0.096620
0.096628
0.096787
0.097111
0.097508
0.097760
0.097818
0.098053
0.098256
0.098256
0.098352
0.098796
0.098815
0.098878
0.099216
0.099788
0.099954
0.100038
0.100623
0.100623
0.100635
0.101002
0.101175
0.101464
0.101464
0.101464
0.101612
0.101643
0.101684
0.101684
0.101785
0.102062
0.102710
0.102736
0.102833
0.102833
0.102833
0.103186
0.103179
0.103882
0.103882
0.103907
0.104193
0.104462
0.104462
0.104462
0.104462
0.104615
0.104920
0.105084
0.105477
0.105699
0.105893
0.106282
0.106479
0.107162
0.107162
0.107300
0.107521
0.107689
0.107806
0.107896
0.108110
0.108120
0.108140
0.108698
0.108808
0.108808
0.108868
0.108884
0.109242
0.109242
0.109371
0.109465
0.109517
0.109620
0.109921
0.109921
0.110029
0.110275
0.110487
0.110711
0.110727
0.111052
0.111052
0.111056
0.111182
0.111324
0.111503
0.111602
0.112169
0.112403
0.112668
0.112879
0.113350
0.113438
0.113643
0.113808
0.114008
0.114435
0.114503
0.114548
0.114548
0.114548
0.114681
0.114731
0.114942
0.114942
0.115161
0.115231
0.115606
0.115679
0.115877
0.115877
0.116035
0.116354
0.116387
0.116591
0.116623
0.116623
0.116644
0.116693
0.116827
0.116996
0.117326
0.117474
0.117805
0.118014
0.118018
0.118179
0.118179
0.118275
0.118325
0.118514
0.118606
0.118916
0.119241
0.119241
0.119376
0.119586
0.119671
0.119718
0.119855
0.120038
0.120044
0.120063
0.120081
0.120295
0.120878
0.120878
0.120878
0.121322
0.121537
0.121817
0.121817
0.121934
0.121934
0.121956
0.122134
0.122162
0.122169
0.122162
0.122162
0.122162
0.122370
0.122647
0.122844
0.122940
0.123005
0.123010
0.123371
0.123642
0.123642
0.123882
0.123927
0.123955
0.124078
0.124388
0.124388
0.124700
0.124936
0.124988
0.125079
0.125275
0.125326
0.125326
0.125373
0.125408
0.125409
0.125409
0.125463
0.125463
0.125720
0.126322
0.126451
0.126451
0.126451
0.126721
0.126893
0.127155
0.127280
0.127344
0.127344
0.127417
0.127613
0.127635
0.127635
0.127646
0.127646
0.127646
0.127874
0.127874
0.127884
0.127965
0.127965
0.127965
0.128218
0.128532
0.128688
0.128687
0.128756
0.128756
0.129030
0.129129
0.129236
0.129236
0.129364
0.129382
0.129737
0.129778
0.129983
0.129983
0.129979
0.129985
0.130021
0.130137
0.130265
0.130653
0.130762
0.130859
0.131083
0.131389
0.131419
0.131440
0.131442
0.131550
0.131675
0.131736
0.131774
0.131895
0.131895
0.132105
0.132105
0.132178
0.132235
0.132431
0.132563
0.132733
0.132743
0.132772
0.132772
0.132888
0.133010
0.133010
0.133074
0.133102
0.133222
0.133497
0.133609
0.133695
0.133703
0.133686
0.133690
0.133690
0.133726
0.134375
0.134372
0.134396
0.134517
0.134524
0.134570
0.134739
0.134741
0.134842
0.134957
0.135180
0.135241
0.135506
0.135554
0.135683
0.135766
0.135766
0.135868
0.135874
0.135874
0.135976
0.136000
0.136000
0.136018
0.136018
0.136029
0.136090
0.136194
0.136194
0.136194
0.136193
0.136410
0.136414
0.136556
0.136556
0.136564
0.136950
0.136988
0.136988
0.136981
0.137046
0.137142
0.137159
0.137159
0.137284
0.137408
0.137441
0.137520
0.137520
0.137621
0.137692
0.137715
0.137775
0.137839
0.137839
0.137839
0.137886
0.137973
0.138317
0.138362
0.138527
0.138550
0.138845
0.139078
0.139163
0.139163
0.139236
0.139317
0.139346
0.139406
0.139496
0.139560
0.139622
0.139622
0.139693
0.139711
0.139718
0.139718
0.139999
0.140206
0.140269
0.140269
0.140324
0.140340
0.140397
0.140438
0.140438
0.140438
0.140453
0.140749
0.140749
0.140753
0.140778
0.140812
0.140812
0.140811
0.140915
0.140915
0.141002
0.141228
0.141352
0.141362
0.141503
0.141503
0.141744
0.141744
0.141761
0.141761
0.141883
0.141943
0.141952
0.141952
0.141993
0.142004
0.142004
0.142214
0.142304
0.142304
0.142360
0.142503
0.142520
0.142553
0.142553
0.142553
0.142628
0.142722
0.142832
0.143006
0.143006
0.143170
0.143170
0.143243
0.143319
0.143401
0.143424
0.143458
0.143457
0.143480
0.143688
0.143747
0.143792
0.143833
0.143838
0.143862
0.143937
0.144128
0.144239
0.144267
0.144336
0.144365
0.144364
0.144364
0.144423
0.144432
0.144488
0.144572
0.144629
0.144718
0.144834
0.144880
0.145028
0.145063
0.145064
0.145076
0.145076
0.145349
0.145389
0.145389
0.145389
0.145392
0.145505
0.145564
0.145617
0.145672
0.145934
0.146069
0.146115
0.146102
0.146102
0.146223
0.146244
0.146431
0.146440
0.146476
0.146507
0.146521
0.146630
0.146635
0.146749
0.146781
0.146959
0.146971
0.146987
0.147129
0.147181
0.147267
0.147361
0.147483
0.147492
0.147568
0.147633
0.147805
0.147878
0.147873
0.147880
0.148006
0.148006
0.148032
0.148113
0.148113
0.148113
0.148173
0.148173
0.148228
0.148408
0.148643
0.148643
0.148764
0.148817
0.148817
0.148913
0.149072
0.149092
0.149168
0.149282
0.149291
0.149308
0.149339
0.149345
0.149352
0.149471
0.149471
0.149471
0.149513
0.149513
0.149516
0.149595
0.149598
0.149671
0.149711
0.149798
0.149810
0.149869
0.149944
0.149972
0.149972
0.150009
0.150009
0.150013
0.150013
0.150046
0.150046
0.150048
0.150046
0.150036
0.150084
0.150346
0.150365
0.150826
0.151023
0.151126
0.151130
0.151250
0.151332
0.151355
0.151380
0.151481
0.151554
0.151694
0.151743
0.151745
0.151847
0.151850
0.151850
0.151889
0.151976
0.151991
0.151991
0.152041
0.152043
0.152043
0.152043
0.152161
0.152159
0.152159
0.152159
0.152159
0.152164
0.152304
0.152364
0.152502
0.152547
0.152604
0.152765
0.152791
0.152797
0.152798
0.152798
0.152797
0.152892
0.152915
0.152915
0.152933
0.153162
0.153252
0.153252
0.153307
0.153307
0.153340
0.153340
0.153346
0.153346
0.153414
0.153606
0.153606
0.153701
0.153701
0.153720
0.153769
0.153769
0.153790
0.153876
0.153888
0.153916
0.153969
0.153982
0.154012
0.154012
0.154043
0.154187
0.154310
0.154442
0.154442
0.154475
0.154536
0.154618
0.154693
0.154697
0.154731
0.154741
0.154848
0.154924
0.154924
0.155350
0.155385
0.155413
0.155413
0.155590
0.155589
0.155656
0.155716
0.155725
0.155794
0.155797
0.155797
0.156014
0.156016
0.156016
0.156081
0.156108
0.156108
0.156200
0.156290
0.156371
0.156371
0.156399
0.156399
0.156413
0.156486
0.156557
0.156579
0.156645
0.156657
0.156686
0.156838
0.156848
0.156857
0.156859
0.156893
0.156893
0.156942
0.156991
0.156985
0.156994
0.157182
0.157182
0.157182
0.157190
0.157242
0.157243
0.157250
0.157250
0.157250
0.157310
0.157394
0.157479
0.157485
0.157577
0.157591
0.157654
0.157654
0.157654
0.157648
0.157680
0.157770
0.157991
0.157991
0.158012
0.158012
0.158012
0.158141
0.158145
0.158205
0.158259
0.158260
0.158293
0.158562
0.158671
0.158680
0.158694
0.158694
0.158700
0.158845
0.158845
0.158845
0.158894
0.158894
0.158894
0.158894
0.159041
0.159041
0.159045
0.159115
0.159221
0.159221
0.159240
0.159286
0.159294
0.159294
0.159294
0.159369
0.159456
0.159456
0.159457
0.159526
0.159545
0.159548
0.159592
0.159678
0.159677
0.159677
0.159683
0.159683
0.159683
0.159695
0.159710
0.159710
0.159880
0.159880
0.159868
0.159868
0.159868
0.159868
0.159867
0.159867
0.159950
0.160030
0.160030
0.160012
0.160034
0.160042
0.160069
0.160115
0.160233
0.160431
0.160433
0.160503
0.160571
0.160571
0.160630
0.160761
0.160787
0.160946
0.160960
0.160974
0.161062
0.161084
0.161166
0.161172
0.161173
0.161190
0.161272
0.161272
0.161312
0.161312
0.161316
0.161357
0.161357
0.161472
0.161510
0.161536
0.161666
0.161724
0.161724
0.161729
0.161729
0.161729
0.161896
0.162072
0.162072
0.162087
0.162089
0.162112
0.162142
0.162141
0.162151
0.162151
0.162197
0.162572
0.162585
0.162585
0.162677
0.162687
0.162721
0.162721
0.162721
0.162857
0.162896
0.162896
0.163065
0.163143
0.163143
0.163182
0.163187
0.163187
0.163300
0.163300
0.163304
0.163416
0.163453
0.163453
0.163453
0.163459
0.163480
0.163511
0.163533
0.163551
0.163557
0.163553
0.163628
0.163644
0.163728
0.163739
0.163739
0.163741
0.163909
0.163957
0.164002
0.164007
0.164027
0.164027
0.164027
0.164086
0.164094
0.164094
0.164128
0.164174
0.164160
0.164160
0.164182
0.164260
0.164287
0.164335
0.164335
0.164385
0.164496
0.164496
0.164598
0.164610
0.164613
0.164613
0.164636
0.164667
0.164788
0.164932
0.164932
0.164977
0.164977
0.165002
0.165100
0.165116
0.165115
0.165108
0.165140
0.165140
0.165140
0.165140
0.165173
0.165173
0.165173
0.165245
0.165245
0.165255
0.165255
0.165474
0.165478
0.165478
0.165478
0.165494
0.165494
0.165558
0.165558
0.165608
0.165622
0.165622
0.165670
0.165670
0.165670
0.165707
0.165748
0.165748
0.165779
0.165811
0.165837
0.165865
0.165866
0.165868
0.165923
0.165927
0.165927
0.165965
0.166067
0.166086
0.166219
0.166360
0.166458
0.166502
0.166504
0.166612
0.166631
0.166654
0.166840
0.167011
0.167080
0.167095
0.167128
0.167219
0.167267
0.167490
0.167566
0.167566
0.167698
0.167857
0.167993
0.168054
0.168051
0.168066
0.168232
0.168289
0.168365
0.168365
0.168398
0.168397
0.168442
0.168570
0.168574
0.168625
0.168698
0.168713
0.168713
0.168713
0.168805
0.168978
0.169046
0.169049
0.169051
0.169051
0.169115
0.169199
0.169308
0.169374
0.169425
0.169425
0.169528
0.169582
0.169588
0.169610
0.169620
0.169620
0.169620
0.169632
0.169632
0.169668
0.169894
0.169886
0.169886
0.169888
0.169888
0.169912
0.169912
0.169905
0.170116
0.170154
0.170154
0.170195
0.170207
0.170212
0.170291
0.170303
0.170298
0.170313
0.170317
0.170369
0.170369
0.170423
0.170496
0.170500
0.170500
0.170532
0.170536
0.170571
0.170644
0.170661
0.170661
0.170666
0.170678
0.170683
0.170683
0.170683
0.170683
0.170739
0.170755
0.170755
0.170766
0.170889
0.170929
0.170929
0.170941
0.170990
0.171046
0.171050
0.171182
0.171176
0.171186
0.171186
0.171200
0.171203
0.171200
0.171242
0.171322
0.171391
0.171391
0.171391
0.171558
0.171576
0.171576
0.171576
0.171596
0.171596
0.171601
0.171601
0.171623
0.171633
0.171658
0.171788
0.171788
0.171788
0.171845
0.171860
0.171876
0.171931
0.171947
0.172009
0.172059
0.172075
0.172096
0.172172
0.172171
0.172328
0.172327
0.172387
0.172387
0.172515
0.172515
0.172621
0.172624
0.172636
0.172713
0.172713
0.172714
0.172830
0.172837
0.172837
0.172915
0.172968
0.172968
0.172968
0.173213
0.173213
0.173244
0.173244
0.173369
0.173374
0.173443
0.173490
0.173490
0.173510
0.173547
0.173554
0.173554
0.173673
0.173718
0.173740
0.173740
0.173849
0.173849
0.173849
0.174004
0.174002
0.174048
0.174048
0.174048
0.174048
0.174048
0.174126
0.174187
0.174187
0.174187
0.174297
0.174441
0.174447
0.174447
0.174528
0.174533
0.174547
0.174622
0.174732
0.174790
0.174803
0.174827
0.174827
0.174857
0.174857
0.174857
0.174894
0.174933
0.175158
0.175167
0.175434
0.175467
0.175554
0.175578
0.175567
0.175567
0.175572
0.175594
0.175599
0.175600
0.175759
0.175784
0.175815
0.175815
0.175840
0.175895
0.175895
0.175957
0.176067
0.176078
0.176130
0.176329
0.176329
0.176382
0.176393
0.176409
0.176409
0.176409
0.176431
0.176435
0.176483
0.176483
0.176485
0.176489
0.176494
0.176524
0.176524
0.176542
0.176542
0.176657
0.176659
0.176659
0.176659
0.176659
0.176659
0.176678
0.176678
0.176678
0.176679
0.176692
0.176762
0.176903
0.176926
0.176916
0.176916
0.176979
0.176850
0.176874
0.176958
0.176960
0.177074
0.177085
0.177110
0.177151
0.177281
0.177281
0.177297
0.177334
0.177334
0.177538
0.177728
0.177807
0.177807
0.177807
0.177842
0.177842
0.177865
0.177885
0.177918
0.177991
0.177996
0.178019
0.178018
0.178018
0.178017
0.178040
0.178040
0.178047
0.178183
0.178190
0.178194
0.178246
0.178286
0.178397
0.178397
0.178447
0.178447
0.178472
0.178657
0.178657
0.178662
0.178662
0.178702
0.178716
0.178716
0.178760
0.178785
0.178786
0.178885
0.178905
0.178905
0.178894
0.178952
0.178971
0.179091
0.179091
0.179091
0.179150
0.179154
0.179158
0.179474
0.179474
0.179474
0.179511
0.179550
0.179555
0.179555
0.179737
0.179759
0.179791
0.179803
0.179825
0.179832
0.179879
0.180007
0.180007
0.180012
0.180037
0.180037
0.180104
0.180104
0.180124
0.180143
0.180151
0.180151
0.180158
0.180158
0.180158
0.180163
0.180169
0.180192
0.180192
0.180192
0.180196
0.180198
0.180350
0.180378
0.180378
0.180368
0.180368
0.180372
0.180399
0.180399
0.180498
0.180654
0.180654
0.180715
0.180754
0.180798
0.180798
0.180803
0.180815
0.180842
0.180847
0.180847
0.180880
0.180880
0.180880
0.180900
0.180956
0.180967
0.181047
0.181046
0.181049
0.181227
0.181249
0.181249
0.181293
0.181367
0.181428
0.181428
0.181428
0.181467
0.181464
0.181469
0.181474
0.181526
0.181526
0.181526
0.181526
0.181526
0.181522
0.181544
0.181648
0.181680
0.181680
0.181680
0.181693
0.181710
0.181728
0.181772
0.181787
0.181787
0.181787
0.181917
0.181918
0.181915
0.181915
0.181919
0.181919
0.181919
0.181949
0.181949
0.181960
0.182009
0.182009
0.182012
0.182012
0.182012
0.182042
0.182093
0.182192
0.182192
0.182192
0.182182
0.182204
0.182204
0.182206
0.182206
0.182226
0.182226
0.182226
0.182273
0.182286
0.182286
0.182305
0.182345
0.182345
0.182345
0.182383
0.182383
0.182503
0.182510
0.182510
0.182540
0.182609
0.182612
0.182617
0.182790
0.182794
0.182868
0.182874
0.182893
0.182933
0.183001
0.183010
0.183008
0.183039
0.183039
0.183051
0.183136
0.183136
0.183132
0.183170
0.183203
0.183203
0.183203
0.183203
0.183314
0.183314
0.183432
0.183566
0.183636
0.183636
0.183645
0.183666
0.183671
0.183671
0.183671
0.183755
0.183805
0.183876
0.183922
0.183926
0.184050
0.184050
0.184087
0.184087
0.184087
0.184099
0.184113
0.184170
0.184170
0.184184
0.184184
0.184203
0.184242
0.184242
0.184242
0.184247
0.184237
0.184253
0.184284
0.184284
0.184284
0.184285
0.184285
0.184294
0.184294
0.184294
0.184294
0.184360
0.184381
0.184424
0.184425
0.184428
0.184458
0.184488
0.184486
0.184478
0.184546
0.184554
0.184565
0.184565
0.184565
0.184661
0.184728
0.184785
0.184857
0.184915
0.184915
0.184940
0.184959
0.184967
0.184968
0.184982
0.185006
0.185057
0.185090
0.185111
0.185111
0.185137
0.185198
0.185198
0.185203
0.185203
0.185205
0.185309
0.185311
0.185373
0.185373
0.185434
0.185428
0.185463
0.185604
0.185615
0.185672
0.185716
0.185719
0.185719
0.185746
0.185757
0.185809
0.185809
0.185850
0.185855
0.185852
0.185852
0.185855
0.185851
0.185924
0.185958
0.185967
0.185965
0.185994
0.186018
0.186028
0.186028
0.186053
0.186071
0.186071
0.186071
0.186177
0.186186
0.186260
0.186304
0.186329
0.186348
0.186348
0.186361
0.186445
0.186452
0.186513
0.186535
0.186640
0.186678
0.186704
0.186717
0.186783
0.186916
0.186919
0.186924
0.186924
0.186924
0.186924
0.186932
0.186934
0.186934
0.186934
0.186953
0.186954
0.186954
0.186954
0.186960
0.186960
0.186965
0.186991
0.187010
0.187010
0.187010
0.187124
0.187135
0.187135
0.187157
0.187157
0.187164
0.187164
0.187165
0.187165
0.187166
0.187184
0.187184
0.187254
0.187254
0.187267
0.187267
0.187262
0.187300
0.187300
0.187337
0.187352
0.187356
0.187356
0.187393
0.187410
0.187410
0.187402
0.187400
0.187405
0.187405
0.187424
0.187433
0.187475
0.187475
0.187475
0.187472
0.187520
0.187534
0.187533
0.187556
0.187564
0.187564
0.187604
0.187631
0.187631
0.187631
0.187631
0.187754
0.187785
0.187904
0.187925
0.187926
0.187926
0.187926
0.187926
0.187975
0.187975
0.187976
0.187976
0.187994
0.188039
0.188095
0.188129
0.188172
0.188173
0.188218
0.188232
0.188233
0.188307
0.188307
0.188331
0.188376
0.188382
0.188411
0.188411
0.188419
0.188423
0.188434
0.188437
0.188439
0.188439
0.188442
0.188459
0.188515
0.188555
0.188555
0.188565
0.188600
0.188600
0.188620
0.188635
0.188658
0.188658
0.188718
0.188726
0.188739
0.188739
0.188740
0.188748
0.188801
0.188802
0.188802
0.188822
0.188846
0.188910
0.188931
0.188949
0.188949
0.188949
0.188971
0.188978
0.189014
0.189014
0.189016
0.189053
0.189105
0.189160
0.189160
0.189168
0.189172
0.189179
0.189179
0.189208
0.189208
0.189218
0.189318
0.189318
0.189416
0.189437
0.189450
0.189467
0.189467
0.189471
0.189476
0.189480
0.189506
0.189508
0.189508
0.189508
0.189508
0.189531
0.189545
0.189665
0.189711
0.189716
0.189716
0.189738
0.189754
0.189754
0.189763
0.189851
0.189898
0.189923
0.189962
0.189962
0.189962
0.189966
0.189981
0.189988
0.189988
0.190063
0.190063
0.190102
0.190105
0.190161
0.190204
0.190204
0.190257
0.190266
0.190274
0.190280
0.190276
0.190278
0.190282
0.190352
0.190359
0.190359
0.190359
0.190402
0.190518
0.190518
0.190525
0.190524
0.190524
0.190616
0.190630
0.190652
0.190682
0.190711
0.190705
0.190705
0.190766
0.190788
0.190792
0.190803
0.190829
0.190886
0.190886
0.190927
0.190947
0.190978
0.190980
0.190993
0.191069
0.191112
0.191112
0.191112
0.191126
0.191140
0.191164
0.191191
0.191191
0.191191
0.191209
0.191209
0.191204
0.191235
0.191286
0.191294
0.191294
0.191305
0.191305
0.191305
0.191319
0.191319
0.191322
0.191364
0.191364
0.191364
0.191401
0.191414
0.191411
0.191412
0.191469
0.191541
0.191553
0.191552
0.191564
0.191572
0.191604
0.191602
0.191602
0.191674
0.191679
0.191714
0.191822
0.191822
0.191812
0.191841
0.191837
0.191908
0.191922
0.191922
0.191922
0.191922
0.191922
0.191997
0.191997
0.192019
0.192021
0.192072
0.192072
0.192092
0.192092
0.192244
0.192270
0.192270
0.192283
0.192283
0.192312
0.192302
0.192302
0.192342
0.192369
0.192440
0.192440
0.192437
0.192437
0.192445
0.192445
0.192445
0.192453
0.192540
0.192540
0.192547
0.192547
0.192610
0.192608
0.192630
0.192628
0.192631
0.192656
0.192670
0.192670
0.192680
0.192680
0.192682
0.192682
0.192694
0.192694
0.192695
0.192695
0.192695
0.192768
0.192786
0.192786
0.192816
0.192832
0.192874
0.192889
0.192975
0.192979
0.192979
0.192979
0.192980
0.192980
0.192982
0.193015
0.193061
0.193106
0.193136
0.193136
0.193136
0.193136
0.193136
0.193197
0.193212
0.193228
0.193235
0.193244
0.193244
0.193245
0.193290
0.193290
0.193290
0.193290
0.193291
0.193297
0.193297
0.193297
0.193320
0.193322
0.193322
0.193398
0.193407
0.193407
0.193444
0.193463
0.193463
0.193481
0.193550
0.193550
0.193549
0.193595
0.193641
0.193661
0.193661
0.193661
0.193717
0.193717
0.193718
0.193718
0.193754
0.193770
0.193771
0.193771
0.193772
0.193779
0.193856
0.193861
0.193872
0.193929
0.193938
0.193951
0.193968
0.193997
0.193997
0.194004
0.194030
0.194080
0.194111
0.194111
0.194111
0.194143
0.194144
0.194183
0.194183
0.194183
0.194280
0.194280
0.194279
0.194279
0.194310
0.194325
0.194325
0.194318
0.194323
0.194323
0.194360
0.194430
0.194430
0.194438
0.194492
0.194533
0.194533
0.194602
0.194603
0.194600
0.194599
0.194629
0.194638
0.194668
0.194668
0.194668
0.194695
0.194695
0.194705
0.194729
0.194729
0.194729
0.194754
0.194821
0.194867
0.194874
0.194874
0.194884
0.194881
0.194881
0.194941
0.194941
0.194941
0.194945
0.194957
0.194943
0.194943
0.194962
0.194964
0.194972
0.194972
0.195023
0.195065
0.195080
0.195114
0.195116
0.195116
0.195157
0.195157
0.195182
0.195182
0.195182
0.195419
0.195419
0.195414
0.195427
0.195426
0.195426
0.195426
0.195454
0.195454
0.195464
0.195465
0.195465
0.195463
0.195463
0.195463
0.195467
0.195562
0.195594
0.195622
0.195636
0.195636
0.195652
0.195685
0.195693
0.195745
0.195751
0.195771
0.195771
0.195774
0.195774
0.195774
0.195823
0.195826
0.195864
0.195875
0.195875
0.195902
0.195902
0.195902
0.195900
0.195966
0.195981
0.195981
0.195981
0.195989
0.195988
0.195989
0.195989
0.195992
0.195993
0.196014
0.196014
0.196047
0.196051
0.196051
0.196051
0.196054
0.196058
0.196058
0.196092
0.196097
0.196099
0.196099
0.196104
0.196104
0.196324
0.196330
0.196330
0.196330
0.196330
0.196333
0.196333
0.196360
0.196378
0.196408
0.196476
0.196548
0.196548
0.196548
0.196573
0.196586
0.196585
0.196652
0.196727
0.196727
0.196756
0.196756
0.196756
0.196758
0.196758
0.196783
0.196800
0.196822
0.196832
0.196837
0.196837
0.196837
0.196888
0.196848
0.196848
0.196847
0.196847
0.196862
0.196862
0.196862
0.196905
0.196905
0.196902
0.196914
0.196914
0.196919
0.196925
0.196925
0.196925
0.196925
0.196925
0.196947
0.196959
0.196961
0.196961
0.196961
0.196951
0.196951
0.197039
0.197071
0.197073
0.197098
0.197140
0.197142
0.197142
0.197150
0.197166
0.197220
0.197220
0.197219
0.197219
0.197190
0.197195
0.197195
0.197205
0.197329
0.197368
0.197374
0.197381
0.197380
0.197412
0.197412
0.197495
0.197491
0.197540
0.197586
0.197586
0.197600
0.197600
0.197595
0.197602
0.197608
0.197614
0.197618
0.197634
0.197634
0.197655
0.197655
0.197679
0.197679
0.197689
0.197689
0.197743
0.197752
0.197752
0.197752
0.197789
0.197792
0.197793
0.197850
0.197864
0.197864
0.197871
0.197871
0.197900
0.197925
0.197988
0.198029
0.198042
0.198039
0.198058
0.198075
0.198075
0.198084
0.198084
0.198084
0.198084
0.198127
0.198131
0.198156
0.198160
0.198202
0.198238
0.198238
0.198254
0.198254
0.198396
0.198393
0.198393
0.198393
0.198382
0.198382
0.198394
0.198394
0.198429
0.198444
0.198495
0.198495
0.198637
0.198636
0.198728
0.198794
0.198831
0.198870
0.198868
0.198883
0.198883
0.199081
0.199107
0.199110
0.199108
0.199108
0.199108
0.199108
0.199108
0.199108
0.199108
0.199156
0.199156
0.199245
0.199245
0.199257
0.199257
0.199319
0.199322
0.199340
0.199371
0.199421
0.199421
0.199449
0.199487
0.199495
0.199506
0.199571
0.199574
0.199587
0.199590
0.199618
0.199662
0.199662
0.199708
0.199708
0.199708
0.199716
0.199716
0.199761
0.199842
0.199842
0.199842
0.199842
0.199893
0.199910
0.199952
0.199952
0.199957
0.200003
0.200006
0.200006
0.200058
0.200071
0.200113
0.200114
0.200154
0.200163
0.200164
0.200164
0.200195
0.200206
0.200290
0.200358
0.200374
0.200378
0.200406
0.200518
0.200499
0.200503
0.200503
0.200545
0.200547
0.200547
0.200547
0.200547
0.200649
0.200653
0.200653
0.200663
0.200663
0.200664
0.200776
0.200811
0.200809
0.200831
0.200860
0.200849
0.200889
0.200889
0.200889
0.200892
0.200947
0.200947
0.200953
0.200952
0.200952
0.200952
0.200985
0.200988
0.201015
0.201037
0.201074
0.201130
0.201138
0.201268
0.201264
0.201264
0.201280
0.201280
0.201329
0.201329
0.201350
0.201350
0.201358
0.201358
0.201380
0.201380
0.201380
0.201380
0.201383
0.201382
0.201382
0.201414
0.201454
0.201476
0.201478
0.201478
0.201479
0.201479
0.201486
0.201504
0.201504
0.201504
0.201504
0.201504
0.201504
0.201528
0.201528
0.201528
0.201539
0.201541
0.201541
0.201612
0.201618
0.201618
0.201624
0.201630
0.201646
0.201660
0.201682
0.201721
0.201721
0.201734
0.201723
0.201723
0.201723
0.201723
0.201720
0.201718
0.201747
0.201767
0.201767
0.201767
0.201772
0.201772
0.201772
0.201772
0.201803
0.201804
0.201851
0.201851
0.201851
0.201851
0.201876
0.201899
0.201901
0.201901
0.201916
0.201927
0.201954
0.201960
0.201980
0.201988
0.201988
0.202039
0.202055
0.202090
0.202094
0.202099
0.202099
0.202099
0.202099
0.202148
0.202153
0.202153
0.202167
0.202167
0.202241
0.202243
0.202243
0.202248
0.202264
0.202294
0.202294
0.202405
0.202408
0.202447
0.202451
0.202487
0.202483
0.202504
0.202542
0.202542
0.202552
0.202559
0.202567
0.202567
0.202614
0.202619
0.202631
0.202631
0.202655
0.202679
0.202680
0.202680
0.202680
0.202680
0.202692
0.202694
0.202729
0.202729
0.202752
0.202786
0.202815
0.202812
0.202812
0.202812
0.202812
0.202826
0.202826
0.202826
0.202826
0.202876
0.202876
0.202887
0.202887
0.202887
0.202887
0.202887
0.202886
0.202889
0.202899
0.202950
0.203036
0.203050
0.203050
0.203044
0.203044
0.203072
0.203100
0.203095
0.203094
0.203102
0.203107
0.203107
0.203107
0.203107
0.203107
0.203142
0.203142
0.203142
0.203142
0.203211
0.203211
0.203228
0.203244
0.203283
0.203284
0.203336
0.203336
0.203336
0.203336
0.203336
0.203336
0.203354
0.203354
0.203358
0.203387
0.203387
0.203389
0.203400
0.203425
0.203425
0.203481
0.203481
0.203501
0.203501
0.203544
0.203551
0.203560
0.203583
0.203583
0.203583
0.203583
0.203583
0.203585
0.203611
0.203641
0.203644
0.203649
0.203662
0.203675
0.203697
0.203697
0.203697
0.203700
0.203700
0.203697
0.203697
0.203710
0.203710
0.203758
0.203819
0.203818
0.203818
0.203818
0.203813
0.203814
0.203830
0.203859
0.203859
0.203859
0.203860
0.203939
0.203956
0.204014
0.204014
0.204022
0.204022
0.204017
0.204017
0.204017
0.204016
0.204016
0.204026
0.204039
0.204039
0.204106
0.204106
0.204120
0.204120
0.204197
0.204197
0.204222
0.204250
0.204273
0.204273
0.204283
0.204283
0.204302
0.204322
0.204322
0.204322
0.204322
0.204343
0.204351
0.204351
0.204351
0.204373
0.204371
0.204371
0.204369
0.204371
0.204371
0.204422
0.204422
0.204428
0.204426
0.204426
0.204426
0.204426
0.204438
0.204438
0.204466
0.204485
0.204485
0.204551
0.204566
0.204657
0.204663
0.204663
0.204680
0.204707
0.204775
0.204877
0.204877
0.204858
0.204858
0.204887
0.204947
0.204949
0.204979
0.204979
0.204999
0.205015
0.205019
0.205021
0.205023
0.205023
0.205049
0.205049
0.205049
0.205072
0.205072
0.205124
0.205124
0.205143
0.205168
0.205189
0.205204
0.205240
0.205246
0.205290
0.205311
0.205346
0.205346
0.205354
0.205373
0.205373
0.205372
0.205388
0.205391
0.205391
0.205393
0.205445
0.205482
0.205482
0.205487
0.205488
0.205488
0.205488
0.205486
0.205486
0.205486
0.205486
0.205486
0.205486
0.205486
0.205486
0.205486
0.205486
0.205540
0.205540
0.205588
0.205588
0.205588
0.205599
0.205605
0.205696
0.205710
0.205710
0.205722
0.205722
0.205803
0.205870
0.205871
0.205896
0.205923
0.205923
0.205984
0.205990
0.205990
0.205990
0.206001
0.206001
0.206008
0.206008
0.206007
0.206005
0.206005
0.206076
0.206078
0.206081
0.206081
0.206080
0.206085
0.206085
0.206085
0.206088
0.206088
0.206151
0.206151
0.206200
0.206217
0.206238
0.206243
0.206243
0.206238
0.206243
0.206279
0.206279
0.206287
0.206292
0.206292
0.206303
0.206353
0.206367
0.206392
0.206392
0.206463
0.206463
0.206463
0.206496
0.206496
0.206525
0.206525
0.206541
0.206569
0.206569
0.206586
0.206591
0.206591
0.206608
0.206608
0.206608
0.206643
0.206631
0.206631
0.206639
0.206639
0.206639
0.206639
0.206654
0.206732
0.206732
0.206748
0.206746
0.206744
0.206744
0.206744
0.206761
0.206761
0.206775
0.206775
0.206775
0.206779
0.206780
0.206780
0.206801
0.206828
0.206843
0.206845
0.206869
0.206873
0.206878
0.206878
0.206878
0.206882
0.206884
0.206884
0.206896
0.206925
0.206932
0.206938
0.206957
0.206961
0.206961
0.207034
0.207034
0.207048
0.207049
0.207050
0.207050
0.207057
0.207085
0.207085
0.207083
0.207083
0.207083
0.207092
0.207092
0.207092
0.207092
0.207092
0.207092
0.207093
0.207106
0.207106
0.207121
0.207133
0.207162
0.207162
0.207183
0.207213
0.207213
0.207219
0.207227
0.207227
0.207229
0.207229
0.207229
0.207229
0.207230
0.207289
0.207287
0.207287
0.207294
0.207294
0.207294
0.207299
0.207330
0.207330
0.207331
0.207346
0.207346
0.207346
0.207369
0.207388
0.207388
0.207436
0.207436
0.207436
0.207436
0.207438
0.207438
0.207468
0.207495
0.207497
0.207497
0.207497
0.207506
0.207506
0.207506
0.207506
0.207513
0.207534
0.207534
0.207539
0.207579
0.207593
0.207593
0.207605
0.207605
0.207605
0.207605
0.207606
0.207624
0.207624
0.207624
0.207648
0.207648
0.207665
0.207665
0.207679
0.207680
0.207682
0.207700
0.207780
0.207780
0.207793
0.207778
0.207785
0.207816
0.207816
0.207842
0.207871
0.207877
0.207879
0.207882
0.207893
0.207893
0.207895
0.207913
0.207916
0.207914
0.207909
0.207924
0.207964
0.207997
0.208039
0.208044
0.208048
0.208040
0.208080
0.208084
0.208090
0.208090
0.208091
0.208094
0.208094
0.208184
0.208169
0.208169
0.208169
0.208201
0.208201
0.208196
0.208210
0.208210
0.208248
0.208248
0.208248
0.208248
0.208248
0.208252
0.208272
0.208277
0.208277
0.208280
0.208285
0.208285
0.208285
0.208288
0.208320
0.208346
0.208349
0.208349
0.208356
0.208373
0.208373
0.208373
0.208373
0.208382
0.208388
0.208388
0.208388
0.208440
0.208440
0.208440
0.208460
0.208460
0.208460
0.208470
0.208470
0.208470
0.208470
0.208466
0.208466
0.208466
0.208466
0.208533
0.208533
0.208533
0.208533
0.208533
0.208543
0.208549
0.208561
0.208561
0.208561
0.208561
0.208561
0.208561
0.208561
0.208611
0.208611
0.208611
0.208611
0.208608
0.208622
0.208622
0.208633
0.208646
0.208648
0.208649
0.208649
0.208649
0.208658
0.208658
0.208658
0.208658
0.208682
0.208688
0.208688
0.208703
0.208703
0.208753
0.208766
0.208766
0.208766
0.208766
0.208776
0.208783
0.208794
0.208820
0.208818
0.208868
0.208890
0.208893
0.208902
0.208928
0.209011
0.209083
0.209088
0.209156
0.209153
0.209201
0.209201
0.209207
0.209175
0.209175
0.209202
0.209206
0.209222
0.209222
0.209222
0.209224
0.209226
0.209226
0.209260
0.209260
0.209267
0.209267
0.209267
0.209287
0.209287
0.209287
0.209315
0.209327
0.209327
0.209331
0.209336
0.209394
0.209395
0.209404
0.209404
0.209421
0.209421
0.209449
0.209449
0.209449
0.209475
0.209474
0.209485
0.209485
0.209489
0.209489
0.209544
0.209544
0.209547
0.209547
0.209551
0.209551
0.209552
0.209552
0.209552
0.209552
0.209557
0.209557
0.209557
0.209562
0.209562
0.209575
0.209575
0.209575
0.209580
0.209592
0.209592
0.209604
0.209601
0.209612
0.209612
0.209615
0.209615
0.209612
0.209615
0.209615
0.209628
0.209628
0.209628
0.209634
0.209660
0.209664
0.209660
0.209662
0.209662
0.209662
0.209680
0.209680
0.209680
0.209683
0.209689
0.209689
0.209695
0.209695
0.209696
0.209696
0.209695
0.209695
0.209695
0.209742
0.209742
0.209740
0.209754
0.209759
0.209757
0.209778
0.209779
0.209781
0.209811
0.209813
0.209813
0.209813
0.209813
0.209813
0.209819
0.209857
0.209862
0.209863
0.209863
0.209881
0.209881
0.209881
0.209881
0.209890
0.209921
0.209922
0.209935
0.209945
0.209946
0.209946
0.209946
0.209960
0.209963
0.209963
0.209980
0.209982
0.209991
0.209994
0.209994
0.209994
0.209994
0.209993
0.209998
0.209996
0.209996
0.209996
0.210000
0.210000
0.210000
0.210001
0.209999
0.210001
0.210001
0.210001
0.210001
0.210010
0.210010
0.210024
0.210024
0.210065
0.210065
0.210055
0.210055
0.210070
0.210077
0.210095
0.210102
0.210105
0.210105
0.210105
0.210116
0.210114
0.210132
0.210132
0.210143
0.210145
0.210193
0.210197
0.210197
0.210203
0.210203
0.210199
0.210222
0.210220
0.210220
0.210220
0.210264
0.210264
0.210266
0.210277
0.210293
0.210293
0.210301
0.210301
0.210301
0.210301
0.210306
0.210312
0.210312
0.210312
0.210363
0.210370
0.210374
0.210374
0.210404
0.210407
0.210407
0.210408
0.210472
0.210474
0.210484
0.210485
0.210485
0.210505
0.210505
0.210503
0.210503
0.210527
0.210527
0.210520
0.210528
0.210544
0.210550
0.210549
0.210549
0.210649
0.210649
0.210649
0.210684
0.210701
0.210701
0.210701
0.210691
0.210690
0.210720
0.210720
0.210717
0.210732
0.210734
0.210737
0.210755
0.210761
0.210784
0.210801
0.210807
0.210807
0.210807
0.210807
0.210807
0.210825
0.210820
0.210886
0.210886
0.210891
0.210891
0.210902
0.210902
0.210904
0.210915
0.210919
0.210920
0.210920
0.210939
0.210965
0.210965
0.210965
0.210965
0.210988
0.210988
0.210988
0.210994
0.210994
0.210994
0.210996
0.210999
0.211006
0.211016
0.211022
0.211032
0.211032
0.211040
0.211053
0.211064
0.211064
0.211064
0.211065
0.211074
0.211096
0.211105
0.211124
0.211126
0.211125
0.211125
0.211126
0.211147
0.211147
0.211150
0.211150
0.211150
0.211154
0.211159
0.211159
0.211163
0.211163
0.211164
0.211164
0.211164
0.211164
0.211164
0.211166
0.211166
0.211166
0.211166
0.211166
0.211176
0.211180
0.211205
0.211205
0.211251
0.211297
0.211303
0.211314
0.211342
0.211342
0.211342
0.211335
0.211341
0.211341
0.211341
0.211341
0.211380
0.211393
0.211399
0.211400
0.211409
0.211409
0.211425
0.211431
0.211431
0.211430
0.211442
0.211455
0.211455
0.211455
0.211457
0.211458
0.211462
0.211462
0.211472
0.211472
0.211489
0.211493
0.211497
0.211508
0.211508
0.211535
0.211534
0.211533
0.211533
0.211533
0.211538
0.211538
0.211537
0.211537
0.211537
0.211537
0.211555
0.211594
0.211597
0.211601
0.211601
0.211599
0.211592
0.211596
0.211596
0.211596
0.211599
0.211599
0.211621
0.211609
0.211638
0.211757
0.211757
0.211748
0.211749
0.211749
0.211767
0.211760
0.211760
0.211791
0.211791
0.211791
0.211794
0.211794
0.211794
0.211811
0.211811
0.211806
0.211812
0.211812
0.211812
0.211818
0.211818
0.211818
0.211818
0.211837
0.211874
0.211874
0.211879
0.211886
0.211890
0.211900
0.211991
0.211988
0.211991
0.211997
0.211997
0.212007
0.212016
0.212017
0.212017
0.212024
0.212059
0.212062
0.212062
0.212065
0.212065
0.212065
0.212106
0.212108
0.212115
0.212115
0.212115
0.212115
0.212122
0.212122
0.212130
0.212142
0.212171
0.212172
0.212183
0.212239
0.212254
0.212260
0.212260
0.212260
0.212260
0.212262
0.212267
0.212272
0.212272
0.212272
0.212272
0.212278
0.212278
0.212278
0.212310
0.212310
0.212342
0.212360
0.212386
0.212386
0.212400
0.212393
0.212393
0.212406
0.212402
0.212412
0.212412
0.212428
0.212444
0.212453
0.212451
0.212462
0.212468
0.212472
0.212472
0.212487
0.212502
0.212503
0.212509
0.212537
0.212544
0.212544
0.212553
0.212553
0.212553
0.212605
0.212610
0.212640
0.212672
0.212755
0.212778
0.212780
0.212780
0.212820
0.212825
0.212826
0.212826
0.212829
0.212835
0.212835
0.212835
0.212881
0.212908
0.212911
0.212913
0.212913
0.212913
0.212913
0.212914
0.212914
0.212924
0.212924
0.212924
0.212926
0.212938
0.212938
0.212946
0.212946
0.212963
0.212963
0.212963
0.212951
0.212977
0.212997
0.213030
0.213030
0.213065
0.213109
0.213115
0.213126
0.213130
0.213139
0.213157
0.213157
0.213157
0.213157
0.213158
0.213158
0.213171
0.213189
0.213189
0.213190
0.213198
0.213198
0.213237
0.213250
0.213254
0.213242
0.213242
0.213260
0.213260
0.213260
0.213260
0.213269
0.213317
0.213317
0.213330
0.213349
0.213349
0.213363
0.213363
0.213358
0.213356
0.213367
0.213367
0.213377
0.213375
0.213379
0.213379
0.213388
0.213399
0.213405
0.213405
0.213430
0.213430
0.213478
0.213494
0.213494
0.213494
0.213513
0.213524
0.213555
0.213604
0.213604
0.213607
0.213655
0.213661
0.213661
0.213661
0.213671
0.213680
0.213688
0.213688
0.213700
0.213700
0.213700
0.213700
0.213700
0.213708
0.213719
0.213774
0.213772
0.213772
0.213780
0.213780
0.213780
0.213780
0.213780
0.213780
0.213789
0.213789
0.213793
0.213793
0.213800
0.213810
0.213810
0.213842
0.213855
0.213855
0.213862
0.213869
0.213869
0.213877
0.213877
0.213877
0.213876
0.213876
0.213876
0.213876
0.213876
0.213876
0.213876
0.213884
0.213962
0.213962
0.213999
0.214010
0.214010
0.214023
0.214033
0.214033
0.214052
0.214076
0.214080
0.214080
0.214078
0.214078
0.214080
0.214078
0.214078
0.214106
0.214122
0.214122
0.214131
0.214131
0.214131
0.214161
0.214186
0.214218
0.214218
0.214218
0.214218
0.214231
0.214231
0.214245
0.214241
0.214242
0.214242
0.214260
0.214297
0.214313
0.214313
0.214314
0.214318
0.214328
0.214336
0.214348
0.214347
0.214361
0.214375
0.214375
0.214375
0.214378
0.214380
0.214383
0.214383
0.214383
0.214384
0.214412
0.214412
0.214413
0.214413
0.214413
0.214424
0.214424
0.214424
0.214424
0.214426
0.214433
0.214435
0.214435
0.214479
0.214487
0.214487
0.214496
0.214496
0.214497
0.214497
0.214515
0.214551
0.214551
0.214551
0.214552
0.214552
0.214566
0.214563
0.214563
0.214563
0.214563
0.214562
0.214562
0.214562
0.214572
0.214589
0.214599
0.214592
0.214609
0.214609
0.214610
0.214614
0.214618
0.214632
0.214632
0.214637
0.214637
0.214637
0.214631
0.214631
0.214631
0.214638
0.214655
0.214653
0.214674
0.214689
0.214689
0.214689
0.214689
0.214703
0.214697
0.214713
0.214714
0.214714
0.214714
0.214714
0.214722
0.214725
0.214727
0.214727
0.214727
0.214727
0.214727
0.214732
0.214748
0.214748
0.214748
0.214751
0.214751
0.214751
0.214751
0.214751
0.214752
0.214764
0.214764
0.214764
0.214768
0.214768
0.214769
0.214784
0.214784
0.214817
0.214825
0.214839
0.214828
0.214828
0.214836
0.214833
0.214859
0.214862
0.214862
0.214864
0.214864
0.214864
0.214894
0.214899
0.214899
0.214899
0.214923
0.214923
0.214926
0.214926
0.214940
0.214940
0.214940
0.214940
0.214940
0.214944
0.214949
0.214949
0.214984
0.214984
0.214984
0.214997
0.214997
0.214997
0.215039
0.215050
0.215051
0.215071
0.215071
0.215066
0.215066
0.215066
0.215073
0.215088
0.215088
0.215088
0.215088
0.215098
0.215098
0.215108
0.215108
0.215108
0.215108
0.215108
0.215108
0.215135
0.215135
0.215135
0.215135
0.215135
0.215139
0.215139
0.215148
0.215148
0.215148
0.215148
0.215156
0.215157
0.215157
0.215156
0.215159
0.215182
0.215187
0.215204
0.215204
0.215251
0.215263
0.215263
0.215316
0.215316
0.215335
0.215341
0.215341
0.215342
0.215353
0.215354
0.215370
0.215393
0.215393
0.215393
0.215412
0.215412
0.215414
0.215435
0.215435
0.215435
0.215435
0.215436
0.215436
0.215436
0.215436
0.215436
0.215436
0.215436
0.215436
0.215436
0.215436
0.215449
0.215478
0.215478
0.215478
0.215491
0.215490
0.215502
0.215502
0.215512
0.215525
0.215525
0.215525
0.215525
0.215525
0.215525
0.215525
0.215525
0.215547
0.215556
0.215556
0.215556
0.215564
0.215564
0.215564
0.215564
0.215564
0.215565
0.215563
0.215563
0.215568
0.215568
0.215574
0.215581
0.215581
0.215584
0.215587
0.215588
0.215602
0.215657
0.215665
0.215671
0.215668
0.215669
0.215687
0.215687
0.215706
0.215706
0.215706
0.215724
0.215724
0.215722
0.215722
0.215750
0.215751
0.215758
0.215758
0.215804
0.215804
0.215801
0.215805
0.215815
0.215817
0.215817
0.215835
0.215927
0.215931
0.215931
0.215931
0.215942
0.215942
0.215951
0.215951
0.215951
0.215951
0.215951
0.215951
0.215966
0.215966
0.215974
0.215974
0.215976
0.215975
0.215987
0.216000
0.216000
0.216005
0.216021
0.216021
0.216021
0.216015
0.216026
0.216059
0.216056
0.216057
0.216057
0.216088
0.216088
0.216109
0.216109
0.216116
0.216117
0.216119
0.216134
0.216128
0.216134
0.216136
0.216136
0.216145
0.216145
0.216154
0.216158
0.216162
0.216160
0.216160
0.216160
0.216160
0.216167
0.216179
0.216179
0.216187
0.216184
0.216184
0.216185
0.216191
0.216191
0.216191
0.216191
0.216201
0.216210
0.216223
0.216229
0.216236
0.216242
0.216240
0.216247
0.216247
0.216247
0.216250
0.216257
0.216284
0.216327
0.216327
0.216327
0.216341
0.216348
0.216348
0.216347
0.216369
0.216369
0.216375
0.216376
0.216387
0.216386
0.216386
0.216392
0.216392
0.216422
0.216422
0.216422
0.216422
0.216422
0.216423
0.216430
0.216430
0.216430
0.216445
0.216446
0.216446
0.216457
0.216458
0.216498
0.216498
0.216542
0.216542
0.216566
0.216566
0.216587
0.216611
0.216609
0.216609
0.216609
0.216609
0.216611
0.216665
0.216660
0.216664
0.216664
0.216667
0.216667
0.216701
0.216701
0.216701
0.216717
0.216717
0.216720
0.216720
0.216727
0.216727
0.216730
0.216730
0.216733
0.216733
0.216733
0.216733
0.216744
0.216747
0.216749
0.216749
0.216748
0.216753
0.216753
0.216766
0.216766
0.216769
0.216769
0.216786
0.216808
0.216817
0.216817
0.216831
0.216843
0.216854
0.216871
0.216878
0.216931
0.216931
0.216931
0.216945
0.216945
0.216945
0.216945
0.216941
0.216946
0.216965
0.216964
0.216966
0.216966
0.216966
0.216966
0.216996
0.216996
0.217011
0.217019
0.217020
0.217025
0.217025
0.217025
0.217025
0.217030
0.217031
0.217049
0.217049
0.217082
0.217082
0.217082
0.217081
0.217081
0.217081
0.217104
0.217122
0.217125
0.217164
0.217181
0.217186
0.217189
0.217199
0.217202
0.217217
0.217214
0.217229
0.217246
0.217246
0.217251
0.217273
0.217275
0.217275
0.217280
0.217282
0.217282
0.217282
0.217283
0.217283
0.217284
0.217292
0.217292
0.217292
0.217291
0.217291
0.217295
0.217295
0.217296
0.217296
0.217296
0.217331
0.217333
0.217332
0.217332
0.217330
0.217360
0.217362
0.217370
0.217370
0.217400
0.217440
0.217440
0.217440
0.217439
0.217439
0.217447
0.217455
0.217455
0.217467
0.217467
0.217467
0.217473
0.217475
0.217502
0.217502
0.217502
0.217502
0.217509
0.217509
0.217509
0.217509
0.217509
0.217510
0.217510
0.217510
0.217510
0.217510
0.217510
0.217547
0.217547
0.217547
0.217565
0.217565
0.217565
0.217586
0.217598
0.217598
0.217598
0.217598
0.217605
0.217626
0.217631
0.217641
0.217687
0.217687
0.217686
0.217686
0.217687
0.217693
0.217693
0.217699
0.217700
0.217705
0.217723
0.217741
0.217741
0.217741
0.217741
0.217761
0.217775
0.217775
0.217775
0.217786
0.217786
0.217791
0.217792
0.217792
0.217794
0.217794
0.217793
0.217800
0.217843
0.217844
0.217852
0.217852
0.217854
0.217857
0.217858
0.217868
0.217883
0.217885
0.217885
0.217884
0.217884
0.217886
0.217905
0.217906
0.217902
0.217901
0.217901
0.217901
0.217912
0.217937
0.217941
0.217970
0.217970
0.217984
0.217984
0.217984
0.217991
0.217991
0.217991
0.218000
0.218010
0.218011
0.218011
0.218011
0.218011
0.218011
0.218011
0.218037
0.218042
0.218068
0.218068
0.218068
0.218077
0.218082
0.218082
0.218097
0.218115
0.218115
0.218115
0.218152
0.218159
0.218150
0.218150
0.218157
0.218157
0.218168
0.218176
0.218207
0.218240
0.218240
0.218240
0.218251
0.218240
0.218265
0.218269
0.218269
0.218269
0.218302
0.218304
0.218304
0.218304
0.218305
0.218324
0.218324
0.218325
0.218325
0.218325
0.218330
0.218332
0.218332
0.218332
0.218332
0.218362
0.218382
0.218382
0.218382
0.218388
0.218388
0.218391
0.218391
0.218399
0.218399
0.218399
0.218399
0.218400
0.218405
0.218405
0.218405
0.218405
0.218410
0.218410
0.218422
0.218422
0.218422
0.218427
0.218426
0.218425
0.218425
0.218433
0.218443
0.218450
0.218450
0.218455
0.218455
0.218456
0.218470
0.218469
0.218476
0.218490
0.218488
0.218488
0.218488
0.218489
0.218493
0.218493
0.218501
0.218501
0.218501
0.218501
0.218531
0.218531
0.218588
0.218588
0.218593
0.218606
0.218603
0.218603
0.218603
0.218725
0.218725
0.218725
0.218727
0.218753
0.218750
0.218748
0.218748
0.218751
0.218751
0.218751
0.218754
0.218754
0.218754
0.218754
0.218788
0.218829
0.218850
0.218850
0.218856
0.218862
0.218881
0.218883
0.218883
0.218894
0.218909
0.218912
0.218912
0.218913
0.218913
0.218914
0.218913
0.218913
0.218913
0.218972
0.218972
0.218972
0.218979
0.218985
0.218985
0.218985
0.218993
0.218993
0.219004
0.219004
0.219004
0.219008
0.219008
0.219008
0.219008
0.219012
0.219012
0.219012
0.219012
0.219012
0.219012
0.219016
0.219016
0.219016
0.219016
0.219016
0.219016
0.219016
0.219016
0.219016
0.219021
0.219045
0.219050
0.219050
0.219050
0.219063
0.219084
0.219095
0.219095
0.219095
0.219095
0.219095
0.219089
0.219089
0.219089
0.219089
0.219099
0.219125
0.219125
0.219134
0.219150
0.219150
0.219151
0.219151
0.219155
0.219184
0.219184
0.219202
0.219204
0.219204
0.219205
0.219205
0.219208
0.219210
0.219247
0.219247
0.219268
0.219269
0.219269
0.219275
0.219279
0.219279
0.219279
0.219293
0.219308
0.219308
0.219308
0.219324
0.219331
0.219330
0.219332
0.219350
0.219360
0.219360
0.219378
0.219397
0.219399
0.219413
0.219413
0.219413
0.219414
0.219414
0.219414
0.219416
0.219424
0.219419
0.219419
0.219431
0.219436
0.219436
0.219431
0.219431
0.219431
0.219435
0.219435
0.219435
0.219441
0.219441
0.219441
0.219441
0.219441
0.219477
0.219491
0.219492
0.219506
0.219512
0.219517
0.219523
0.219532
0.219536
0.219536
0.219536
0.219538
0.219538
0.219543
0.219541
0.219541
0.219541
0.219541
0.219541
0.219565
0.219569
0.219569
0.219570
0.219604
0.219605
0.219631
0.219632
0.219632
0.219632
0.219627
0.219627
0.219626
0.219626
0.219646
0.219646
0.219646
0.219653
0.219658
0.219658
0.219676
0.219774
0.219824
0.219833
0.219833
0.219838
0.219839
0.219854
0.219855
0.219855
0.219872
0.219899
0.219911
0.219918
0.219923
0.219923
0.219923
0.219923
0.219928
0.219928
0.219928
0.219929
0.219929
0.219959
0.219956
0.219962
0.219962
0.219968
0.219968
0.219970
0.219970
0.219970
0.219970
0.219970
0.219978
0.219984
0.219984
0.219984
0.219984
0.219984
0.219984
0.219991
0.220003
0.220003
0.220003
0.220003
0.220010
0.220010
0.220011
0.220011
0.220011
0.220011
0.220013
0.220013
0.220018
0.220055
0.220055
0.220062
0.220067
0.220067
0.220113
0.220122
0.220122
0.220121
0.220168
0.220175
0.220179
0.220179
0.220190
0.220184
0.220186
0.220188
0.220212
0.220212
0.220212
0.220212
0.220212
0.220212
0.220212
0.220222
0.220240
0.220240
0.220241
0.220243
0.220243
0.220247
0.220312
0.220313
0.220341
0.220341
0.220341
0.220351
0.220350
0.220352
0.220356
0.220359
0.220356
0.220356
0.220359
0.220363
0.220363
0.220363
0.220369
0.220369
0.220370
0.220370
0.220370
0.220378
0.220378
0.220402
0.220402
0.220402
0.220402
0.220427
0.220427
0.220431
0.220453
0.220457
0.220476
0.220501
0.220501
0.220531
0.220541
0.220541
0.220541
0.220541
0.220541
0.220563
0.220563
0.220566
0.220563
0.220576
0.220583
0.220593
0.220604
0.220604
0.220604
0.220618
0.220622
0.220622
0.220634
0.220632
0.220635
0.220638
0.220654
0.220654
0.220654
0.220643
0.220653
0.220660
0.220660
0.220660
0.220667
0.220669
0.220680
0.220687
0.220687
0.220694
0.220694
0.220705
0.220702
0.220702
0.220706
0.220728
0.220728
0.220751
0.220775
0.220776
0.220776
0.220817
0.220842
0.220849
0.220850
0.220859
0.220877
0.220877
0.220877
0.220886
0.220886
0.220911
0.220909
0.220912
0.220912
0.220925
0.220925
0.220925
0.220925
0.220929
0.220929
0.220932
0.220932
0.220932
0.220945
0.220948
0.220948
0.220948
0.220948
0.220948
0.220948
0.220945
0.220943
0.220943
0.220943
0.220943
0.220948
0.220977
0.220981
0.220981
0.221002
0.221005
0.221017
0.221025
0.221025
0.221025
0.221036
0.221055
0.221058
0.221058
0.221058
0.221058
0.221056
0.221066
0.221105
0.221119
0.221119
0.221118
0.221155
0.221162
0.221162
0.221163
0.221163
0.221182
0.221231
0.221232
0.221234
0.221234
0.221234
0.221234
0.221233
0.221259
0.221264
0.221264
0.221264
0.221264
0.221290
0.221291
0.221291
0.221291
0.221291
0.221296
0.221296
0.221296
0.221306
0.221306
0.221306
0.221309
0.221321
0.221321
0.221336
0.221336
0.221339
0.221339
0.221339
0.221357
0.221358
0.221379
0.221379
0.221385
0.221382
0.221382
0.221384
0.221384
0.221408
0.221433
0.221433
0.221433
0.221456
0.221464
0.221466
0.221466
0.221487
0.221487
0.221486
0.221493
0.221502
0.221502
0.221504
0.221505
0.221505
0.221505
0.221505
0.221504
0.221504
0.221504
0.221511
0.221526
0.221526
0.221536
0.221529
0.221525
0.221531
0.221540
0.221542
0.221557
0.221565
0.221569
0.221569
0.221629
0.221629
0.221629
0.221629
0.221644
0.221644
0.221642
0.221665
0.221667
0.221667
0.221667
0.221667
0.221683
0.221687
0.221687
0.221694
0.221700
0.221700
0.221700
0.221700
0.221700
0.221700
0.221718
0.221718
0.221719
0.221724
0.221725
0.221733
0.221733
0.221753
0.221763
0.221763
0.221763
0.221789
0.221789
0.221796
0.221796
0.221799
0.221799
0.221806
0.221808
0.221808
0.221808
0.221808
0.221808
0.221808
0.221808
0.221808
0.221811
0.221811
0.221811
0.221816
0.221828
0.221828
0.221835
0.221835
0.221831
0.221840
0.221855
0.221855
0.221855
0.221866
0.221866
0.221866
0.221889
0.221900
0.221916
0.221916
0.221916
0.221924
0.221941
0.221941
0.221946
0.221941
0.221941
0.221941
0.221941
0.221973
0.221973
0.221973
0.222001
0.222001
0.222002
0.222001
0.222001
0.222007
0.222048
0.222048
0.222045
0.222073
0.222073
0.222073
0.222089
0.222089
0.222089
0.222091
0.222095
0.222097
0.222097
0.222095
0.222095
0.222095
0.222095
0.222098
0.222141
0.222150
0.222150
0.222184
0.222184
0.222195
0.222210
0.222210
0.222214
0.222214
0.222223
0.222279
0.222279
0.222279
0.222279
0.222287
0.222285
0.222285
0.222308
0.222308
0.222310
0.222304
0.222304
0.222304
0.222305
0.222315
0.222344
0.222344
0.222344
0.222344
0.222344
0.222346
0.222346
0.222346
0.222346
0.222346
0.222424
0.222447
0.222447
0.222447
0.222447
0.222447
0.222470
0.222470
0.222486
0.222491
0.222498
0.222498
0.222498
0.222498
0.222501
0.222504
0.222505
0.222505
0.222518
0.222518
0.222518
0.222518
0.222518
0.222518
0.222537
0.222535
0.222535
0.222535
0.222535
0.222536
0.222536
0.222536
0.222536
0.222541
0.222539
0.222542
0.222542
0.222542
0.222550
0.222598
0.222603
0.222603
0.222608
0.222609
0.222609
0.222612
0.222612
0.222617
0.222617
0.222619
0.222645
0.222646
0.222653
0.222653
0.222664
0.222663
0.222663
0.222691
0.222690
0.222690
0.222690
0.222707
0.222718
0.222729
0.222735
0.222736
0.222734
0.222729
0.222729
0.222729
0.222731
0.222731
0.222731
0.222754
0.222759
0.222759
0.222787
0.222787
0.222786
0.222786
0.222786
0.222786
0.222790
0.222801
0.222804
0.222804
0.222815
0.222815
0.222843
0.222846
0.222846
0.222848
0.222856
0.222856
0.222856
0.222856
0.222856
0.222856
0.222858
0.222865
0.222865
0.222865
0.222875
0.222878
0.222878
0.222878
0.222871
0.222871
0.222875
0.222875
0.222934
0.222934
0.222934
0.222934
0.222937
0.222940
0.222947
0.222963
0.222968
0.222983
0.222988
0.223032
0.223032
0.223039
0.223043
0.223047
0.223047
0.223047
0.223050
0.223075
0.223077
0.223077
0.223085
0.223087
0.223088
0.223088
0.223090
0.223091
0.223091
0.223091
0.223092
0.223091
0.223099
0.223105
0.223105
0.223115
0.223119
0.223119
0.223119
0.223119
0.223139
0.223139
0.223164
0.223174
0.223174
0.223178
0.223178
0.223194
0.223198
0.223196
0.223222
0.223222
0.223240
0.223240
0.223241
0.223243
0.223243
0.223253
0.223253
0.223253
0.223251
0.223256
0.223256
0.223255
0.223294
0.223306
0.223306
0.223303
0.223303
0.223303
0.223306
0.223306
0.223306
0.223306
0.223318
0.223312
0.223339
0.223339
0.223339
0.223345
0.223345
0.223345
0.223345
0.223363
0.223363
0.223364
0.223364
0.223364
0.223367
0.223371
0.223372
0.223372
0.223379
0.223392
0.223399
0.223399
0.223397
0.223407
0.223407
0.223407
0.223406
0.223406
0.223408
0.223408
0.223427
0.223428
0.223428
0.223428
0.223432
0.223432
0.223432
0.223432
0.223432
0.223451
0.223451
0.223451
0.223467
0.223467
0.223460
0.223466
0.223466
0.223483
0.223498
0.223502
0.223502
0.223502
0.223504
0.223504
0.223512
0.223513
0.223510
0.223510
0.223605
0.223605
0.223623
0.223623
0.223627
0.223633
0.223633
0.223636
0.223636
0.223642
0.223643
0.223643
0.223659
0.223668
0.223695
0.223720
0.223720
0.223720
0.223738
0.223739
0.223738
0.223743
0.223745
0.223745
0.223746
0.223746
0.223746
0.223774
0.223774
0.223774
0.223774
0.223774
0.223774
0.223774
0.223777
0.223783
0.223783
0.223783
0.223783
0.223783
0.223783
0.223783
0.223843
0.223843
0.223832
0.223873
0.223898
0.223903
0.223925
0.223925
0.223925
0.223925
0.223925
0.223925
0.223929
0.223929
0.223929
0.223934
0.223934
0.223934
0.223936
0.223936
0.223949
0.223949
0.223964
0.223964
0.224014
0.224016
0.224016
0.224016
0.224020
0.224021
0.224021
0.224021
0.224021
0.224021
0.224021
0.224021
0.224021
0.224021
0.224021
0.224021
0.224021
0.224021
0.224009
0.224009
0.224011
0.224023
0.224023
0.224023
0.224025
0.224025
0.224025
0.224035
0.224056
0.224056
0.224059
0.224066
0.224075
0.224100
0.224100
0.224100
0.224109
0.224109
0.224104
0.224104
0.224107
0.224123
0.224124
0.224125
0.224126
0.224126
0.224129
0.224132
0.224132
0.224132
0.224140
0.224147
0.224147
0.224147
0.224157
0.224157
0.224163
0.224163
0.224166
0.224180
0.224180
0.224180
0.224183
0.224186
0.224186
0.224186
0.224186
0.224188
0.224189
0.224189
0.224189
0.224189
0.224192
0.224192
0.224195
0.224195
0.224200
0.224200
0.224211
0.224212
0.224212
0.224216
0.224235
0.224255
0.224251
0.224251
0.224251
0.224251
0.224258
0.224261
0.224262
0.224262
0.224262
0.224263
0.224263
0.224263
0.224265
0.224294
0.224294
0.224294
0.224294
0.224413
0.224413
0.224413
0.224402
0.224401
0.224401
0.224405
0.224405
0.224412
0.224415
0.224420
0.224420
0.224444
0.224444
0.224445
0.224478
0.224478
0.224479
0.224479
0.224477
0.224477
0.224477
0.224477
0.224484
0.224484
0.224484
0.224515
0.224515
0.224515
0.224520
0.224520
0.224528
0.224530
0.224530
0.224530
0.224530
0.224530
0.224530
0.224530
0.224530
0.224530
0.224553
0.224553
0.224553
0.224553
0.224556
0.224559
0.224559
0.224563
0.224564
0.224564
0.224564
0.224578
0.224578
0.224578
0.224578
0.224583
0.224590
0.224593
0.224597
0.224597
0.224594
0.224594
0.224594
0.224604
0.224604
0.224604
0.224618
0.224625
0.224625
0.224625
0.224625
0.224625
0.224625
0.224624
0.224624
0.224624
0.224638
0.224638
0.224638
0.224638
0.224639
0.224639
0.224639
0.224639
0.224639
0.224639
0.224639
0.224639
0.224637
0.224637
0.224637
0.224643
0.224643
0.224645
0.224687
0.224687
0.224687
0.224691
0.224681
0.224698
0.224698
0.224698
0.224698
0.224697
0.224697
0.224703
0.224699
0.224753
0.224753
0.224750
0.224750
0.224755
0.224789
0.224789
0.224789
0.224789
0.224803
0.224803
0.224807
0.224807
0.224820
0.224820
0.224848
0.224877
0.224877
0.224877
0.224877
0.224877
0.224877
0.224877
0.224912
0.224912
0.224912
0.224939
0.224939
0.224946
0.224946
0.224959
0.225017
0.225030
0.225030
0.225030
0.225030
0.225042
0.225036
0.225044
0.225062
0.225062
0.225067
0.225080
0.225083
0.225083
0.225083
0.225083
0.225092
0.225094
0.225102
0.225104
0.225104
0.225104
0.225106
0.225106
0.225106
0.225106
0.225106
0.225106
0.225145
0.225151
0.225173
0.225176
0.225176
0.225183
0.225208
0.225208
0.225276
0.225290
0.225290
0.225337
0.225347
0.225349
0.225344
0.225344
0.225344
0.225346
0.225353
0.225353
0.225353
0.225353
0.225354
0.225354
0.225366
0.225366
0.225366
0.225387
0.225387
0.225387
0.225387
0.225387
0.225387
0.225388
0.225388
0.225398
0.225407
0.225417
0.225417
0.225440
0.225442
0.225442
0.225442
0.225447
0.225449
0.225478
0.225496
0.225518
0.225529
0.225529
0.225532
0.225542
0.225541
0.225550
0.225548
0.225549
0.225549
0.225552
0.225555
0.225559
0.225559
0.225560
0.225567
0.225568
0.225568
0.225568
0.225576
0.225587
0.225597
0.225603
0.225604
0.225612
0.225617
0.225619
0.225619
0.225619
0.225626
0.225626
0.225626
0.225627
0.225627
0.225627
0.225627
0.225631
0.225644
0.225662
0.225662
0.225661
0.225661
0.225808
0.225814
0.225815
0.225820
0.225820
0.225831
0.225892
0.225892
0.225892
0.225892
0.225928
0.225928
0.225928
0.225950
0.225950
0.225950
0.225950
0.225950
0.225952
0.225952
0.225954
0.225954
0.225954
0.225954
0.225959
0.225959
0.225965
0.225971
0.225971
0.225971
0.225984
0.225985
0.225992
0.226005
0.226005
0.226017
0.226013
0.226013
0.226013
0.226018
0.226021
0.226038
0.226038
0.226040
0.226051
0.226051
0.226051
0.226064
0.226067
0.226067
0.226067
0.226068
0.226098
0.226098
0.226098
0.226098
0.226100
0.226107
0.226107
0.226107
0.226107
0.226116
0.226114
0.226122
0.226128
0.226136
0.226147
0.226147
0.226161
0.226161
0.226161
0.226164
0.226165
0.226165
0.226165
0.226166
0.226182
0.226182
0.226183
0.226183
0.226183
0.226183
0.226189
0.226189
0.226194
0.226257
0.226254
0.226254
0.226254
0.226259
0.226260
0.226261
0.226262
0.226266
0.226270
0.226271
0.226293
0.226293
0.226293
0.226289
0.226289
0.226289
0.226289
0.226288
0.226306
0.226312
0.226312
0.226309
0.226323
0.226323
0.226323
0.226335
0.226337
0.226337
0.226342
0.226352
0.226352
0.226365
0.226414
0.226441
0.226443
0.226467
0.226477
0.226481
0.226481
0.226480
0.226480
0.226483
0.226509
0.226520
0.226563
0.226555
0.226598
0.226601
0.226601
0.226613
0.226613
0.226617
0.226636
0.226643
0.226643
0.226643
0.226656
0.226658
0.226657
0.226657
0.226657
0.226660
0.226660
0.226660
0.226661
0.226661
0.226660
0.226660
0.226672
0.226672
0.226673
0.226682
0.226686
0.226686
0.226690
0.226694
0.226694
0.226694
0.226694
0.226694
0.226694
0.226694
0.226688
0.226689
0.226689
0.226693
0.226706
0.226706
0.226704
0.226704
0.226704
0.226704
0.226705
0.226705
0.226713
0.226713
0.226724
0.226739
0.226739
0.226739
0.226777
0.226777
0.226777
0.226778
0.226778
0.226778
0.226778
0.226778
0.226778
0.226778
0.226778
0.226769
0.226769
0.226769
0.226769
0.226774
0.226774
0.226781
0.226786
0.226786
0.226792
0.226792
0.226792
0.226796
0.226812
0.226812
0.226812
0.226812
0.226812
0.226809
0.226813
0.226813
0.226813
0.226823
0.226823
0.226823
0.226823
0.226823
0.226837
0.226837
0.226837
0.226837
0.226837
0.226835
0.226835
0.226835
0.226835
0.226831
0.226835
0.226838
0.226838
0.226842
0.226842
0.226841
0.226858
0.226858
0.226881
0.226881
0.226881
0.226882
0.226893
0.226898
0.226899
0.226899
0.226899
0.226900
0.226900
0.226899
0.226899
0.226899
0.226899
0.226899
0.226910
0.226910
0.226910
0.226910
0.226926
0.226926
0.226928
0.226928
0.226926
0.226945
0.226945
0.226946
0.226946
0.226946
0.226945
0.226945
0.226945
0.226945
0.226948
0.226957
0.226957
0.226957
0.226958
0.226958
0.226958
0.226957
0.226957
0.226960
0.226960
0.226960
0.226960
0.226960
0.226965
0.226973
0.226982
0.226982
0.226983
0.226983
0.226983
0.226985
0.226986
0.226986
0.226985
0.226988
0.226989
0.226989
0.226989
0.226989
0.226997
0.226997
0.226997
0.226997
0.226999
0.227007
0.227004
0.227016
0.227017
0.227017
0.227020
0.227020
0.227019
0.227019
0.227019
0.227027
0.227027
0.227027
0.227028
0.227058
0.227058
0.227068
0.227083
0.227083
0.227085
0.227085
0.227091
0.227138
0.227138
0.227138
0.227147
0.227177
0.227174
0.227235
0.227249
0.227249
0.227250
0.227250
0.227255
0.227257
0.227257
0.227257
0.227257
0.227269
0.227269
0.227270
0.227274
0.227296
0.227298
0.227298
0.227314
0.227314
0.227314
0.227314
0.227328
0.227338
0.227344
0.227351
0.227351
0.227371
0.227380
0.227380
0.227381
0.227381
0.227403
0.227403
0.227406
0.227408
0.227429
0.227523
0.227523
0.227538
0.227538
0.227538
0.227543
0.227544
0.227544
0.227545
0.227545
0.227540
0.227540
0.227540
0.227540
0.227540
0.227549
0.227549
0.227542
0.227542
0.227551
0.227551
0.227551
0.227551
0.227558
0.227577
0.227580
0.227621
0.227630
0.227632
0.227631
0.227635
0.227633
0.227645
0.227663
0.227663
0.227673
0.227673
0.227673
0.227683
0.227683
0.227683
0.227683
0.227708
0.227715
0.227717
0.227717
0.227717
0.227721
0.227733
0.227733
0.227733
0.227734
0.227734
0.227734
0.227742
0.227745
0.227762
0.227762
0.227762
0.227762
0.227761
0.227793
0.227798
0.227798
0.227798
0.227798
0.227798
0.227811
0.227899
0.227924
0.227924
0.227924
0.227926
0.227926
0.227926
0.227982
0.228018
0.228017
0.228017
0.228024
0.228024
0.228024
0.228024
0.228030
0.228030
0.228030
0.228033
0.228033
0.228028
0.228030
0.228030
0.228039
0.228039
0.228039
0.228043
0.228076
0.228098
0.228098
0.228112
0.228112
0.228112
0.228111
0.228111
0.228123
0.228123
0.228157
0.228164
0.228177
0.228183
0.228192
0.228192
0.228220
0.228220
0.228233
0.228262
0.228265
0.228274
0.228274
0.228274
0.228277
0.228277
0.228291
0.228291
0.228312
0.228322
0.228322
0.228322
0.228326
0.228340
0.228346
0.228346
0.228352
0.228352
0.228353
0.228353
0.228353
0.228353
0.228353
0.228355
0.228355
0.228355
0.228355
0.228369
0.228369
0.228387
0.228387
0.228387
0.228388
0.228390
0.228390
0.228393
0.228403
0.228406
0.228419
0.228420
0.228433
0.228433
0.228436
0.228436
0.228436
0.228434
0.228434
0.228436
0.228436
0.228436
0.228436
0.228436
0.228436
0.228436
0.228435
0.228435
0.228435
0.228435
0.228435
0.228435
0.228435
0.228441
0.228441
0.228441
0.228441
0.228441
0.228441
0.228441
0.228449
0.228469
0.228469
0.228469
0.228469
0.228474
0.228474
0.228481
0.228481
0.228482
0.228482
0.228481
0.228481
0.228517
0.228517
0.228517
0.228517
0.228520
0.228520
0.228533
0.228533
0.228533
0.228533
0.228533
0.228533
0.228534
0.228534
0.228549
0.228549
0.228552
0.228552
0.228556
0.228580
0.228579
0.228579
0.228586
0.228586
0.228586
0.228586
0.228588
0.228599
0.228602
0.228602
0.228602
0.228602
0.228602
0.228602
0.228603
0.228603
0.228603
0.228583
0.228583
0.228583
0.228585
0.228585
0.228585
0.228585
0.228604
0.228604
0.228604
0.228605
0.228605
0.228606
0.228630
0.228630
0.228632
0.228658
0.228658
0.228688
0.228688
0.228692
0.228692
0.228692
0.228700
0.228702
0.228707
0.228707
0.228712
0.228709
0.228710
0.228758
0.228758
0.228758
0.228758
0.228796
0.228796
0.228796
0.228796
0.228794
0.228794
0.228794
0.228804
0.228804
0.228814
0.228823
0.228823
0.228823
0.228846
0.228862
0.228862
0.228862
0.228862
0.228862
0.228861
0.228861
0.228861
0.228883
0.228883
0.228883
0.228967
0.228995
0.228996
0.228996
0.228997
0.229001
0.229017
0.229035
0.229035
0.229034
0.229046
0.229046
0.229046
0.229056
0.229057
0.229068
0.229070
0.229070
0.229077
0.229077
0.229077
0.229078
0.229076
0.229076
0.229076
0.229085
0.229085
0.229085
0.229126
0.229133
0.229132
0.229132
0.229127
0.229133
0.229140
0.229140
0.229147
0.229163
0.229164
0.229172
0.229172
0.229172
0.229173
0.229173
0.229173
0.229173
0.229174
0.229174
0.229174
0.229174
0.229174
0.229174
0.229174
0.229176
0.229176
0.229176
0.229182
0.229182
0.229182
0.229184
0.229186
0.229186
0.229186
0.229186
0.229186
0.229194
0.229196
0.229196
0.229203
0.229199
0.229199
0.229196
0.229196
0.229196
0.229196
0.229207
0.229208
0.229208
0.229240
0.229238
0.229238
0.229239
0.229239
0.229256
0.229256
0.229264
0.229264
0.229264
0.229264
0.229271
0.229271
0.229278
0.229278
0.229282
0.229282
0.229284
0.229284
0.229291
0.229291
0.229291
0.229291
0.229315
0.229315
0.229315
0.229340
0.229343
0.229343
0.229350
0.229350
0.229350
0.229353
0.229354
0.229364
0.229370
0.229370
0.229370
0.229370
0.229370
0.229373
0.229373
0.229372
0.229374
0.229389
0.229389
0.229389
0.229391
0.229391
0.229397
0.229398
0.229398
0.229400
0.229400
0.229400
0.229410
0.229410
0.229410
0.229418
0.229418
0.229426
0.229426
0.229427
0.229451
0.229454
0.229454
0.229454
0.229479
0.229479
0.229479
0.229487
0.229487
0.229492
0.229490
0.229493
0.229494
0.229494
0.229501
0.229501
0.229501
0.229502
0.229502
0.229516
0.229516
0.229516
0.229516
0.229516
0.229516
0.229517
0.229517
0.229517
0.229517
0.229517
0.229517
0.229517
0.229517
0.229517
0.229534
0.229534
0.229534
0.229537
0.229560
0.229560
0.229584
0.229584
0.229584
0.229584
0.229584
0.229584
0.229585
0.229585
0.229585
0.229585
0.229583
0.229583
0.229578
0.229582
0.229582
0.229582
0.229584
0.229581
0.229607
0.229621
0.229621
0.229636
0.229637
0.229637
0.229644
0.229647
0.229654
0.229654
0.229656
0.229659
0.229661
0.229661
0.229661
0.229684
0.229684
0.229684
0.229698
0.229698
0.229706
0.229705
0.229705
0.229707
0.229707
0.229727
0.229727
0.229727
0.229755
0.229755
0.229755
0.229755
0.229755
0.229753
0.229753
0.229753
0.229753
0.229753
0.229753
0.229753
0.229753
0.229753
0.229788
0.229788
0.229788
0.229788
0.229787
0.229787
0.229800
0.229807
0.229807
0.229807
0.229818
0.229816
0.229816
0.229816
0.229816
0.229816
0.229818
0.229818
0.229818
0.229821
0.229821
0.229821
0.229821
0.229840
0.229847
0.229847
0.229847
0.229848
0.229851
0.229851
0.229866
0.229866
0.229866
0.229870
0.229910
0.229910
0.229910
0.229906
0.229919
0.229920
0.229923
0.229923
0.229923
0.229923
0.229923
0.229946
0.229946
0.229947
0.229947
0.229947
0.229958
0.229959
0.229959
0.229958
0.230010
0.230054
0.230054
0.230054
0.230064
0.230071
0.230071
0.230071
0.230071
0.230073
0.230078
0.230078
0.230078
0.230078
0.230089
0.230106
0.230120
0.230120
0.230129
0.230129
0.230131
0.230130
0.230132
0.230134
0.230136
0.230136
0.230135
0.230140
0.230145
0.230145
0.230148
0.230153
0.230161
0.230161
0.230161
0.230164
0.230164
0.230164
0.230164
0.230168
0.230209
0.230209
0.230209
0.230209
0.230214
0.230211
0.230211
0.230211
0.230212
0.230212
0.230236
0.230241
0.230241
0.230241
0.230241
0.230241
0.230247
0.230247
0.230257
0.230258
0.230260
0.230260
0.230260
0.230246
0.230246
0.230256
0.230257
0.230257
0.230257
0.230261
0.230261
0.230271
0.230276
0.230311
0.230311
0.230311
0.230312
0.230318
0.230324
0.230346
0.230354
0.230365
0.230369
0.230368
0.230368
0.230368
0.230371
0.230374
0.230378
0.230378
0.230387
0.230387
0.230392
0.230392
0.230394
0.230412
0.230412
0.230420
0.230423
0.230423
0.230425
0.230418
0.230420
0.230423
0.230428
0.230428
0.230428
0.230429
0.230438
0.230438
0.230439
0.230446
0.230446
0.230446
0.230446
0.230446
0.230492
0.230492
0.230492
0.230492
0.230501
0.230501
0.230506
0.230506
0.230506
0.230514
0.230514
0.230514
0.230519
0.230519
0.230519
0.230519
0.230519
0.230519
0.230519
0.230519
0.230518
0.230524
0.230534
0.230534
0.230534
0.230535
0.230535
0.230539
0.230549
0.230549
0.230546
0.230546
0.230546
0.230563
0.230563
0.230567
0.230567
0.230567
0.230567
0.230571
0.230571
0.230578
0.230578
0.230578
0.230580
0.230580
0.230580
0.230580
0.230580
0.230580
0.230580
0.230591
0.230591
0.230591
0.230600
0.230600
0.230600
0.230600
0.230600
0.230600
0.230600
0.230601
0.230601
0.230601
0.230601
0.230601
0.230601
0.230601
0.230605
0.230607
0.230603
0.230603
0.230602
0.230602
0.230603
0.230603
0.230603
0.230602
0.230603
0.230608
0.230615
0.230615
0.230615
0.230620
0.230620
0.230620
0.230616
0.230616
0.230622
0.230624
0.230624
0.230624
0.230627
0.230627
0.230639
0.230665
0.230674
0.230681
0.230678
0.230678
0.230677
0.230688
0.230691
0.230693
0.230693
0.230694
0.230709
0.230714
0.230715
0.230717
0.230731
0.230736
0.230738
0.230740
0.230735
0.230736
0.230736
0.230736
0.230769
0.230769
0.230767
0.230800
0.230801
0.230805
0.230810
0.230810
0.230810
0.230810
0.230811
0.230811
0.230811
0.230811
0.230822
0.230822
0.230822
0.230822
0.230833
0.230840
0.230840
0.230905
0.230905
0.230911
0.230911
0.230911
0.230922
0.230922
0.230932
0.230932
0.230933
0.230933
0.230933
0.230933
0.230950
0.230965
0.230961
0.230961
0.230969
0.230992
0.230987
0.230992
0.230992
0.230993
0.230993
0.230993
0.230997
0.230999
0.230999
0.231003
0.231003
0.231002
0.231005
0.231005
0.231006
0.231006
0.231015
0.231015
0.231019
0.231021
0.231025
0.231027
0.231044
0.231051
0.231051
0.231051
0.231052
0.231056
0.231056
0.231058
0.231058
0.231065
0.231065
0.231065
0.231064
0.231064
0.231071
0.231075
0.231075
0.231093
0.231093
0.231095
0.231098
0.231098
0.231098
0.231098
0.231101
0.231114
0.231115
0.231115
0.231115
0.231115
0.231125
0.231126
0.231116
0.231116
0.231117
0.231117
0.231131
0.231131
0.231131
0.231131
0.231132
0.231132
0.231132
0.231137
0.231137
0.231133
0.231133
0.231133
0.231136
0.231136
0.231137
0.231144
0.231144
0.231144
0.231144
0.231146
0.231147
0.231147
0.231147
0.231147
0.231147
0.231147
0.231147
0.231147
0.231147
0.231157
0.231157
0.231157
0.231157
0.231162
0.231162
0.231165
0.231169
0.231172
0.231171
0.231176
0.231176
0.231181
0.231177
0.231183
0.231183
0.231184
0.231181
0.231181
0.231198
0.231198
0.231202
0.231202
0.231202
0.231202
0.231202
0.231202
0.231240
0.231240
0.231247
0.231247
0.231247
0.231247
0.231253
0.231253
0.231253
0.231253
0.231253
0.231259
0.231261
0.231261
0.231261
0.231266
0.231274
0.231301
0.231301
0.231306
0.231311
0.231311
0.231312
0.231327
0.231327
0.231324
0.231334
0.231334
0.231335
0.231335
0.231340
0.231340
0.231340
0.231354
0.231365
0.231365
0.231392
0.231392
0.231398
0.231411
0.231411
0.231423
0.231423
0.231426
0.231426
0.231426
0.231426
0.231428
0.231428
0.231428
0.231428
0.231428
0.231428
0.231428
0.231450
0.231450
0.231450
0.231450
0.231455
0.231455
0.231455
0.231455
0.231455
0.231461
0.231463
0.231474
0.231474
0.231493
0.231493
0.231493
0.231499
0.231499
0.231499
0.231499
0.231503
0.231503
0.231504
0.231504
0.231504
0.231504
0.231504
0.231503
0.231505
0.231505
0.231505
0.231505
0.231505
0.231505
0.231505
0.231505
0.231525
0.231527
0.231533
0.231533
0.231533
0.231533
0.231533
0.231533
0.231533
0.231537
0.231537
0.231537
0.231538
0.231538
0.231538
0.231538
0.231538
0.231538
0.231538
0.231538
0.231538
0.231538
0.231538
0.231538
0.231538
0.231534
0.231525
0.231525
0.231525
0.231528
0.231535
0.231535
0.231541
0.231550
0.231550
0.231550
0.231555
0.231554
0.231554
0.231554
0.231557
0.231557
0.231567
0.231567
0.231575
0.231575
0.231575
0.231595
0.231595
0.231601
0.231606
0.231606
0.231608
0.231608
0.231616
0.231623
0.231623
0.231637
0.231652
0.231652
0.231655
0.231656
0.231663
0.231666
0.231666
0.231666
0.231673
0.231673
0.231673
0.231673
0.231673
0.231674
0.231678
0.231678
0.231679
0.231679
0.231679
0.231679
0.231677
0.231685
0.231685
0.231685
0.231685
0.231693
0.231693
0.231693
0.231693
0.231698
0.231701
0.231719
0.231724
0.231740
0.231740
0.231739
0.231739
0.231738
0.231753
0.231761
0.231765
0.231784
0.231784
0.231789
0.231789
0.231809
0.231812
0.231812
0.231812
0.231812
0.231812
0.231812
0.231812
0.231812
0.231814
0.231814
0.231814
0.231816
0.231816
0.231816
0.231816
0.231830
0.231829
0.231835
0.231835
0.231831
0.231845
0.231844
0.231855
0.231854
0.231855
0.231855
0.231855
0.231858
0.231869
0.231869
0.231873
0.231873
0.231873
0.231873
0.231873
0.231873
0.231873
0.231873
0.231881
0.231881
0.231881
0.231883
0.231883
0.231891
0.231893
0.231891
0.231891
0.231891
0.231891
0.231891
0.231892
0.231895
0.231895
0.231895
0.231895
0.231906
0.231913
0.231913
0.231913
0.231913
0.231913
0.231908
0.231922
0.231922
0.231922
0.231927
0.231934
0.231932
0.231932
0.231941
0.231963
0.231964
0.231969
0.231972
0.231974
0.231974
0.231980
0.231981
0.231984
0.231985
0.231985
0.231985
0.231985
0.231985
0.231985
0.231985
0.231985
0.231985
0.231985
0.231985
0.231985
0.231993
0.231993
0.232015
0.232012
0.232037
0.232037
0.232037
0.232034
0.232034
0.232037
0.232037
0.232045
0.232048
0.232084
0.232084
0.232084
0.232086
0.232092
0.232092
0.232088
0.232089
0.232090
0.232090
0.232090
0.232090
0.232093
0.232093
0.232093
0.232093
0.232104
0.232125
0.232125
0.232125
0.232125
0.232124
0.232131
0.232135
0.232135
0.232135
0.232135
0.232135
0.232135
0.232134
0.232134
0.232134
0.232134
0.232141
0.232141
0.232141
0.232145
0.232147
0.232151
0.232151
0.232151
0.232152
0.232163
0.232163
0.232170
0.232170
0.232174
0.232195
0.232195
0.232197
0.232201
0.232201
0.232201
0.232195
0.232204
0.232204
0.232211
0.232221
0.232221
0.232242
0.232242
0.232252
0.232252
0.232252
0.232252
0.232252
0.232252
0.232252
0.232252
0.232252
0.232253
0.232253
0.232256
0.232261
0.232261
0.232261
0.232261
0.232261
0.232254
0.232263
0.232263
0.232277
0.232278
0.232278
0.232278
0.232283
0.232287
0.232287
0.232287
0.232287
0.232287
0.232287
0.232286
0.232286
0.232290
0.232290
0.232295
0.232298
0.232305
0.232305
0.232316
0.232315
0.232316
0.232316
0.232316
0.232316
0.232324
0.232324
0.232324
0.232328
0.232323
0.232323
0.232323
0.232330
0.232331
0.232347
0.232347
0.232364
0.232364
0.232364
0.232368
0.232372
0.232372
0.232394
0.232394
0.232405
0.232405
0.232405
0.232408
0.232407
0.232408
0.232408
0.232408
0.232409
0.232412
0.232412
0.232425
0.232451
0.232451
0.232460
0.232472
0.232483
0.232568
0.232566
0.232566
0.232568
0.232568
0.232580
0.232591
0.232601
0.232601
0.232603
0.232604
0.232604
0.232604
0.232604
0.232604
0.232605
0.232605
0.232605
0.232605
0.232605
0.232603
0.232603
0.232607
0.232607
0.232619
0.232619
0.232620
0.232620
0.232616
0.232616
0.232632
0.232634
0.232635
0.232635
0.232656
0.232656
0.232656
0.232667
0.232667
0.232688
0.232692
0.232692
0.232693
0.232693
0.232732
0.232736
0.232736
0.232736
0.232736
0.232736
0.232737
0.232737
0.232752
0.232782
0.232786
0.232786
0.232782
0.232785
0.232791
0.232796
0.232796
0.232796
0.232812
0.232812
0.232812
0.232816
0.232816
0.232829
0.232829
0.232829
0.232829
0.232829
0.232836
0.232848
0.232848
0.232849
0.232876
0.232901
0.232901
0.232905
0.232905
0.232908
0.232908
0.232908
0.232908
0.232909
0.232909
0.232908
0.232913
0.232913
0.232913
0.232912
0.232912
0.232912
0.232923
0.232925
0.232927
0.232927
0.232929
0.232929
0.232929
0.232929
0.232929
0.232929
0.232929
0.232929
0.232929
0.232929
0.232931
0.232931
0.232930
0.232930
0.232941
0.232941
0.232941
0.232946
0.232951
0.232951
0.232951
0.232951
0.232951
0.232951
0.232951
0.232951
0.232951
0.232952
0.232952
0.232952
0.232952
0.232965
0.232965
0.232966
0.232966
0.232966
0.232971
0.232971
0.232971
0.232977
0.232982
0.232990
0.232991
0.232991
0.233001
0.233001
0.233001
0.233001
0.233004
0.233002
0.233002
0.233002
0.233006
0.233016
0.233016
0.233016
0.233019
0.233025
0.233025
0.233025
0.233024
0.233024
0.233024
0.233024
0.233024
0.233025
0.233025
0.233030
0.233030
0.233032
0.233044
0.233044
0.233044
0.233052
0.233052
0.233052
0.233054
0.233062
0.233062
0.233063
0.233066
0.233066
0.233066
0.233067
0.233067
0.233068
0.233070
0.233070
0.233074
0.233077
0.233077
0.233077
0.233077
0.233077
0.233077
0.233097
0.233099
0.233099
0.233099
0.233089
0.233099
0.233102
0.233102
0.233163
0.233163
0.233163
0.233157
0.233157
0.233162
0.233179
0.233186
0.233186
0.233189
0.233189
0.233197
0.233199
0.233199
0.233200
0.233206
0.233215
0.233215
0.233216
0.233217
0.233217
0.233218
0.233219
0.233219
0.233219
0.233219
0.233225
0.233227
0.233227
0.233227
0.233241
0.233241
0.233241
0.233246
0.233246
0.233246
0.233246
0.233246
0.233246
0.233246
0.233246
0.233248
0.233248
0.233248
0.233248
0.233248
0.233256
0.233256
0.233256
0.233259
0.233264
0.233264
0.233266
0.233265
0.233265
0.233265
0.233265
0.233266
0.233268
0.233277
0.233277
0.233291
0.233291
0.233307
0.233307
0.233307
0.233310
0.233311
0.233312
0.233312
0.233312
0.233313
0.233315
0.233316
0.233323
0.233331
0.233329
0.233329
0.233348
0.233348
0.233347
0.233347
0.233348
0.233350
0.233350
0.233352
0.233354
0.233357
0.233357
0.233364
0.233369
0.233369
0.233369
0.233372
0.233372
0.233372
0.233372
0.233372
0.233372
0.233371
0.233371
0.233371
0.233371
0.233371
0.233371
0.233373
0.233373
0.233373
0.233394
0.233394
0.233394
0.233410
0.233417
0.233422
0.233422
0.233422
0.233422
0.233422
0.233427
0.233446
0.233447
0.233447
0.233459
0.233470
0.233465
0.233474
0.233468
0.233480
0.233480
0.233485
0.233490
0.233490
0.233482
0.233482
0.233482
0.233510
0.233521
0.233521
0.233517
0.233517
0.233517
0.233517
0.233517
0.233517
0.233516
0.233516
0.233516
0.233516
0.233517
0.233524
0.233522
0.233522
0.233522
0.233522
0.233529
0.233535
0.233537
0.233539
0.233539
0.233553
0.233553
0.233551
0.233555
0.233555
0.233555
0.233564
0.233564
0.233577
0.233589
0.233593
0.233590
0.233590
0.233590
0.233599
0.233607
0.233607
0.233607
0.233612
0.233612
0.233612
0.233612
0.233612
0.233612
0.233612
0.233612
0.233612
0.233612
0.233612
0.233612
0.233614
0.233614
0.233614
0.233614
0.233614
0.233614
0.233611
0.233617
0.233617
0.233617
0.233625
0.233630
0.233630
0.233630
0.233631
0.233631
0.233636
0.233639
0.233639
0.233639
0.233633
0.233633
0.233633
0.233642
0.233652
0.233653
0.233655
0.233655
0.233660
0.233666
0.233666
0.233666
0.233666
0.233660
0.233660
0.233660
0.233675
0.233675
0.233680
0.233680
0.233680
0.233680
0.233680
0.233685
0.233685
0.233687
0.233685
0.233691
0.233691
0.233691
0.233725
0.233725
0.233746
0.233769
0.233779
0.233791
0.233806
0.233836
0.233834
0.233849
0.233852
0.233854
0.233856
0.233856
0.233856
0.233856
0.233857
0.233854
0.233854
0.233854
0.233854
0.233868
0.233868
0.233868
0.233873
0.233873
0.233873
0.233873
0.233873
0.233889
0.233889
0.233912
0.233912
0.233912
0.233918
0.233918
0.233918
0.233919
0.233918
0.233918
0.233918
0.233918
0.233941
0.233943
0.233942
0.233944
0.233946
0.233941
0.233941
0.233943
0.233947
0.233948
0.233963
0.233969
0.233973
0.233973
0.233973
0.233989
0.233989
0.233988
0.233989
0.233989
0.233990
0.234017
0.234017
0.234017
0.234017
0.234018
0.234018
0.234018
0.234018
0.234018
0.234030
0.234030
0.234030
0.234032
0.234057
0.234057
0.234066
0.234065
0.234065
0.234065
0.234068
0.234068
0.234068
0.234068
0.234068
0.234091
0.234091
0.234093
0.234093
0.234093
0.234093
0.234093
0.234093
0.234093
0.234095
0.234095
0.234095
0.234094
0.234099
0.234100
0.234100
0.234126
0.234128
0.234128
0.234138
0.234154
0.234158
0.234158
0.234158
0.234166
0.234166
0.234167
0.234172
0.234172
0.234180
0.234192
0.234192
0.234191
0.234189
0.234189
0.234189
0.234200
0.234200
0.234201
0.234201
0.234205
0.234205
0.234211
0.234239
0.234239
0.234241
0.234242
0.234246
0.234244
0.234244
0.234244
0.234244
0.234248
0.234252
0.234273
0.234275
0.234273
0.234275
0.234279
0.234279
0.234279
0.234282
0.234288
0.234288
0.234288
0.234288
0.234288
0.234289
0.234289
0.234289
0.234289
0.234283
0.234283
0.234291
0.234292
0.234292
0.234292
0.234292
0.234292
0.234292
0.234292
0.234293
0.234293
0.234293
0.234322
0.234320
0.234320
0.234320
0.234320
0.234320
0.234320
0.234320
0.234320
0.234320
0.234320
0.234320
0.234320
0.234341
0.234341
0.234352
0.234352
0.234352
0.234352
0.234352
0.234352
0.234356
0.234356
0.234356
0.234356
0.234357
0.234355
0.234355
0.234355
0.234366
0.234366
0.234366
0.234366
0.234372
0.234374
0.234375
0.234375
0.234375
0.234375
0.234375
0.234390
0.234390
0.234390
0.234416
0.234421
0.234426
0.234426
0.234426
0.234434
0.234434
0.234442
0.234442
0.234463
0.234467
0.234473
0.234474
0.234476
0.234476
0.234476
0.234500
0.234504
0.234504
0.234504
0.234512
0.234514
0.234514
0.234514
0.234512
0.234512
0.234515
0.234515
0.234517
0.234519
0.234518
0.234518
0.234518
0.234518
0.234518
0.234518
0.234518
0.234518
0.234518
0.234518
0.234518
0.234524
0.234524
0.234524
0.234526
0.234526
0.234526
0.234526
0.234526
0.234526
0.234526
0.234532
0.234532
0.234564
0.234564
0.234564
0.234598
0.234626
0.234626
0.234636
0.234642
0.234642
0.234656
0.234656
0.234657
0.234661
0.234661
0.234661
0.234661
0.234663
0.234663
0.234663
0.234664
0.234664
0.234664
0.234664
0.234664
0.234664
0.234698
0.234698
0.234698
0.234698
0.234698
0.234696
0.234707
0.234707
0.234707
0.234707
0.234709
0.234709
0.234712
0.234712
0.234716
0.234716
0.234716
0.234716
0.234716
0.234716
0.234722
0.234722
0.234730
0.234730
0.234741
0.234741
0.234741
0.234760
0.234760
0.234765
0.234766
0.234766
0.234766
0.234766
0.234766
0.234780
0.234780
0.234780
0.234782
0.234782
0.234783
0.234786
0.234790
0.234790
0.234807
0.234807
0.234807
0.234807
0.234811
0.234811
0.234811
0.234810
0.234810
0.234811
0.234817
0.234817
0.234839
0.234839
0.234849
0.234849
0.234850
0.234850
0.234853
0.234853
0.234853
0.234861
0.234873
0.234873
0.234871
0.234871
0.234877
0.234875
0.234875
0.234882
0.234882
0.234887
0.234891
0.234891
0.234891
0.234893
0.234893
0.234893
0.234894
0.234906
0.234905
0.234905
0.234905
0.234905
0.234905
0.234905
0.234905
0.234906
0.234906
0.234906
0.234906
0.234908
0.234908
0.234908
0.234908
0.234908
0.234909
0.234926
0.234926
0.234933
0.234929
0.234924
0.234933
0.234946
0.234958
0.234958
0.234958
0.234974
0.234980
0.234980
0.234982
0.234983
0.234983
0.234983
0.234988
0.234988
0.234988
0.234988
0.234988
0.235002
0.235007
0.235051
0.235051
0.235051
0.235045
0.235045
0.235045
0.235045
0.235045
0.235050
0.235050
0.235050
0.235050
0.235050
0.235052
0.235055
0.235055
0.235055
0.235055
0.235055
0.235055
0.235051
0.235071
0.235075
0.235075
0.235088
0.235088
0.235087
0.235087
0.235083
0.235083
0.235083
0.235086
0.235086
0.235093
0.235093
0.235093
0.235093
0.235093
0.235093
0.235093
0.235104
0.235104
0.235104
0.235105
0.235108
0.235110
0.235110
0.235110
0.235112
0.235113
0.235127
0.235127
0.235127
0.235131
0.235121
0.235124
0.235124
0.235124
0.235124
0.235124
0.235131
0.235131
0.235154
0.235154
0.235156
0.235156
0.235156
0.235156
0.235156
0.235156
0.235156
0.235156
0.235159
0.235159
0.235161
0.235167
0.235167
0.235167
0.235172
0.235171
0.235171
0.235171
0.235171
0.235186
0.235186
0.235186
0.235186
0.235186
0.235188
0.235188
0.235201
0.235201
0.235201
0.235209
0.235209
0.235209
0.235210
0.235210
0.235211
0.235211
0.235211
0.235211
0.235211
0.235211
0.235211
0.235210
0.235226
0.235226
0.235236
0.235236
0.235236
0.235236
0.235236
0.235236
0.235236
0.235236
0.235236
0.235243
0.235243
0.235243
0.235243
0.235250
0.235250
0.235250
0.235250
0.235250
0.235250
0.235250
0.235250
0.235250
0.235250
0.235250
0.235250
0.235250
0.235266
0.235273
0.235273
0.235273
0.235273
0.235273
0.235277
0.235280
0.235280
0.235279
0.235279
0.235279
0.235279
0.235281
0.235287
0.235287
0.235287
0.235287
0.235287
0.235287
0.235287
0.235287
0.235287
0.235287
0.235288
0.235288
0.235284
0.235284
0.235284
0.235284
0.235292
0.235292
0.235292
0.235292
0.235292
0.235323
0.235321
0.235324
0.235322
0.235317
0.235317
0.235320
0.235321
0.235321
0.235321
0.235334
0.235346
0.235346
0.235346
0.235352
0.235358
0.235358
0.235358
0.235358
0.235370
0.235370
0.235370
0.235370
0.235370
0.235370
0.235371
0.235371
0.235371
0.235377
0.235377
0.235377
0.235377
0.235377
0.235381
0.235386
0.235391
0.235391
0.235391
0.235402
0.235402
0.235405
0.235413
0.235413
0.235414
0.235412
0.235412
0.235441
0.235441
0.235447
0.235445
0.235445
0.235445
0.235451
0.235452
0.235452
0.235452
0.235461
0.235461
0.235461
0.235472
0.235472
0.235472
0.235474
0.235488
0.235488
0.235506
0.235506
0.235508
0.235514
0.235515
0.235527
0.235527
0.235527
0.235527
0.235524
0.235524
0.235525
0.235525
0.235525
0.235525
0.235535
0.235545
0.235576
0.235574
0.235574
0.235574
0.235575
0.235575
0.235575
0.235575
0.235576
0.235581
0.235581
0.235581
0.235581
0.235581
0.235581
0.235589
0.235589
0.235589
0.235589
0.235595
0.235595
0.235595
0.235592
0.235594
0.235594
0.235594
0.235595
0.235602
0.235607
0.235607
0.235608
0.235608
0.235608
0.235608
0.235613
0.235614
0.235616
0.235617
0.235618
0.235618
0.235623
0.235623
0.235623
0.235625
0.235630
0.235630
0.235630
0.235638
0.235638
0.235638
0.235638
0.235639
0.235639
0.235639
0.235639
0.235639
0.235639
0.235639
0.235639
0.235639
0.235639
0.235639
0.235639
0.235639
0.235639
0.235639
0.235639
0.235639
0.235639
0.235639
0.235639
0.235639
0.235645
0.235645
0.235645
0.235645
0.235645
0.235645
0.235646
0.235646
0.235646
0.235648
0.235663
0.235663
0.235664
0.235664
0.235664
0.235664
0.235664
0.235664
0.235664
0.235679
0.235679
0.235679
0.235679
0.235679
0.235688
0.235688
0.235695
0.235703
0.235703
0.235703
0.235703
0.235703
0.235704
0.235704
0.235700
0.235704
0.235704
0.235704
0.235707
0.235707
0.235709
0.235709
0.235709
0.235709
0.235709
0.235715
0.235715
0.235715
0.235717
0.235717
0.235717
0.235717
0.235723
0.235729
0.235729
0.235729
0.235733
0.235733
0.235733
0.235731
0.235729
0.235729
0.235736
0.235735
0.235737
0.235740
0.235740
0.235740
0.235747
0.235747
0.235747
0.235747
0.235747
0.235747
0.235747
0.235747
0.235747
0.235747
0.235747
0.235744
0.235745
0.235745
0.235739
0.235744
0.235744
0.235744
0.235747
0.235747
0.235755
0.235755
0.235758
0.235768
0.235777
0.235777
0.235777
0.235777
0.235777
0.235779
0.235779
0.235775
0.235775
0.235775
0.235775
0.235775
0.235775
0.235775
0.235787
0.235787
0.235786
0.235786
0.235786
0.235786
0.235785
0.235786
0.235785
0.235795
0.235795
0.235806
0.235820
0.235824
0.235828
0.235829
0.235828
0.235828
0.235828
0.235828
0.235828
0.235828
0.235828
0.235828
0.235828
0.235828
0.235839
0.235848
0.235856
0.235856
0.235856
0.235857
0.235868
0.235868
0.235862
0.235871
0.235885
0.235887
0.235920
0.235921
0.235932
0.235939
0.235939
0.235939
0.235939
0.235940
0.235949
0.235950
0.235951
0.235951
0.235950
0.235950
0.235950
0.235950
0.235950
0.235950
0.235951
0.235951
0.235951
0.235951
0.235951
0.235951
0.235952
0.235952
0.235952
0.235952
0.235952
0.235952
0.235952
0.235964
0.235964
0.235964
0.235965
0.235965
0.235965
0.235964
0.235964
0.235964
0.235972
0.235972
0.235973
0.235973
0.235973
0.235973
0.235975
0.235976
0.235976
0.235976
0.235976
0.235996
0.235996
0.236000
0.236000
0.236000
0.235999
0.235999
0.236017
0.236017
0.236017
0.236017
0.236017
0.236017
0.236017
0.236018
0.236018
0.236018
0.236018
0.236026
0.236027
0.236027
0.236026
0.236026
0.236026
0.236042
0.236042
0.236042
0.236048
0.236064
0.236064
0.236076
0.236076
0.236085
0.236091
0.236091
0.236093
0.236095
0.236095
0.236095
0.236100
0.236112
0.236113
0.236115
0.236116
0.236116
0.236115
0.236115
0.236115
0.236126
0.236126
0.236127
0.236127
0.236126
0.236126
0.236127
0.236127
0.236127
0.236127
0.236129
0.236129
0.236129
0.236145
0.236144
0.236152
0.236152
0.236154
0.236154
0.236154
0.236164
0.236164
0.236164
0.236164
0.236164
0.236164
0.236164
0.236165
0.236165
0.236165
0.236169
0.236169
0.236169
0.236166
0.236168
0.236170
0.236170
0.236174
0.236174
0.236174
0.236176
0.236176
0.236176
0.236176
0.236175
0.236184
0.236184
0.236186
0.236189
0.236189
0.236190
0.236190
0.236191
0.236191
0.236207
0.236207
0.236207
0.236208
0.236208
0.236208
0.236214
0.236214
0.236214
0.236215
0.236223
0.236217
0.236217
0.236223
0.236223
0.236228
0.236228
0.236230
0.236230
0.236230
0.236230
0.236229
0.236229
0.236235
0.236235
0.236236
0.236236
0.236236
0.236241
0.236241
0.236241
0.236244
0.236246
0.236246
0.236256
0.236256
0.236256
0.236268
0.236268
0.236272
0.236272
0.236272
0.236273
0.236273
0.236276
0.236276
0.236276
0.236276
0.236276
0.236276
0.236276
0.236303
0.236309
0.236309
0.236326
0.236325
0.236325
0.236326
0.236330
0.236331
0.236331
0.236331
0.236334
0.236332
0.236332
0.236332
0.236332
0.236332
0.236341
0.236341
0.236341
0.236341
0.236342
0.236342
0.236344
0.236349
0.236349
0.236353
0.236353
0.236355
0.236355
0.236361
0.236362
0.236362
0.236362
0.236362
0.236362
0.236362
0.236362
0.236362
0.236362
0.236362
0.236377
0.236377
0.236374
0.236374
0.236374
0.236374
0.236378
0.236378
0.236381
0.236381
0.236381
0.236381
0.236381
0.236381
0.236381
0.236381
0.236381
0.236378
0.236378
0.236378
0.236382
0.236382
0.236387
0.236387
0.236394
0.236399
0.236399
0.236400
0.236401
0.236401
0.236402
0.236414
0.236414
0.236414
0.236414
0.236445
0.236445
0.236463
0.236479
0.236478
0.236475
0.236471
0.236472
0.236471
0.236471
0.236476
0.236476
0.236476
0.236479
0.236480
0.236480
0.236480
0.236488
0.236483
0.236485
0.236485
0.236514
0.236514
0.236514
0.236519
0.236519
0.236520
0.236520
0.236520
0.236520
0.236520
0.236520
0.236520
0.236520
0.236520
0.236521
0.236521
0.236521
0.236521
0.236521
0.236521
0.236521
0.236527
0.236527
0.236535
0.236549
0.236549
0.236549
0.236557
0.236557
0.236557
0.236557
0.236557
0.236557
0.236557
0.236557
0.236573
0.236577
0.236585
0.236592
0.236592
0.236596
0.236595
0.236595
0.236595
0.236595
0.236605
0.236606
0.236606
0.236609
0.236612
0.236611
0.236618
0.236618
0.236619
0.236630
0.236630
0.236630
0.236630
0.236630
0.236628
0.236628
0.236638
0.236638
0.236642
0.236647
0.236647
0.236646
0.236646
0.236646
0.236648
0.236649
0.236655
0.236654
0.236656
0.236656
0.236657
0.236666
0.236669
0.236670
0.236670
0.236670
0.236673
0.236675
0.236675
0.236675
0.236675
0.236678
0.236678
0.236679
0.236679
0.236682
0.236682
0.236684
0.236697
0.236697
0.236704
0.236704
0.236704
0.236704
0.236704
0.236705
0.236705
0.236705
0.236706
0.236706
0.236706
0.236706
0.236706
0.236706
0.236706
0.236706
0.236706
0.236706
0.236707
0.236723
0.236723
0.236723
0.236720
0.236720
0.236720
0.236720
0.236765
0.236765
0.236765
0.236765
0.236765
0.236750
0.236750
0.236750
0.236750
0.236759
0.236759
0.236759
0.236759
0.236759
0.236759
0.236757
0.236757
0.236757
0.236757
0.236757
0.236765
0.236784
0.236784
0.236784
0.236788
0.236786
0.236786
0.236787
0.236790
0.236790
0.236790
0.236794
0.236804
0.236804
0.236804
0.236804
0.236804
0.236820
0.236820
0.236820
0.236820
0.236824
0.236830
0.236830
0.236828
0.236828
0.236836
0.236837
0.236840
0.236848
0.236848
0.236848
0.236848
0.236848
0.236848
0.236848
0.236848
0.236848
0.236848
0.236848
0.236848
0.236848
0.236848
0.236858
0.236858
0.236858
0.236861
0.236867
0.236867
0.236867
0.236872
0.236872
0.236872
0.236876
0.236876
0.236881
0.236881
0.236887
0.236907
0.236907
0.236918
0.236918
0.236925
0.236926
0.236926
0.236926
0.236932
0.236932
0.236933
0.236938
0.236937
0.236937
0.236938
0.236942
0.236942
0.236942
0.236942
0.236946
0.236946
0.236947
0.236947
0.236947
0.236947
0.236947
0.236948
0.236978
0.236978
0.236978
0.236994
0.237007
0.237011
0.237011
0.237011
0.237010
0.237017
0.237017
0.237020
0.237025
0.237028
0.237032
0.237032
0.237032
0.237031
0.237031
0.237041
0.237047
0.237051
0.237052
0.237067
0.237067
0.237067
0.237067
0.237072
0.237074
0.237074
0.237074
0.237074
0.237080
0.237080
0.237080
0.237083
0.237083
0.237086
0.237086
0.237086
0.237086
0.237086
0.237084
0.237084
0.237084
0.237084
0.237084
0.237087
0.237087
0.237087
0.237087
0.237090
0.237090
0.237090
0.237094
0.237094
0.237094
0.237094
0.237094
0.237094
0.237093
0.237093
0.237093
0.237093
0.237130
0.237130
0.237132
0.237132
0.237135
0.237133
0.237133
0.237133
0.237133
0.237135
0.237136
0.237142
0.237142
0.237142
0.237144
0.237144
0.237144
0.237151
0.237151
0.237151
0.237158
0.237158
0.237157
0.237159
0.237159
0.237173
0.237173
0.237173
0.237173
0.237188
0.237187
0.237187
0.237199
0.237199
0.237200
0.237202
0.237218
0.237218
0.237218
0.237223
0.237226
0.237226
0.237227
0.237227
0.237227
0.237227
0.237236
0.237237
0.237237
0.237237
0.237275
0.237272
0.237267
0.237267
0.237267
0.237277
0.237284
0.237284
0.237284
0.237284
0.237282
0.237280
0.237280
0.237280
0.237281
0.237281
0.237281
0.237281
0.237281
0.237281
0.237281
0.237282
0.237298
0.237300
0.237300
0.237300
0.237300
0.237300
0.237300
0.237300
0.237300
0.237300
0.237302
0.237346
0.237346
0.237354
0.237354
0.237354
0.237355
0.237366
0.237369
0.237383
0.237383
0.237383
0.237383
0.237384
0.237384
0.237384
0.237384
0.237378
0.237378
0.237379
0.237379
0.237402
0.237402
0.237402
0.237402
0.237404
0.237404
0.237404
0.237404
0.237404
0.237406
0.237406
0.237406
0.237407
0.237407
0.237407
0.237440
0.237440
0.237441
0.237445
0.237451
0.237452
0.237460
0.237465
0.237466
0.237466
0.237466
0.237466
0.237466
0.237466
0.237466
0.237468
0.237468
0.237468
0.237468
0.237468
0.237468
0.237469
0.237472
0.237472
0.237472
0.237472
0.237476
0.237476
0.237476
0.237476
0.237476
0.237476
0.237478
0.237478
0.237495
0.237495
0.237495
0.237495
0.237495
0.237495
0.237493
0.237496
0.237496
0.237496
0.237500
0.237500
0.237504
0.237531
0.237531
0.237531
0.237531
0.237535
0.237535
0.237544
0.237544
0.237547
0.237545
0.237551
0.237552
0.237552
0.237552
0.237540
0.237540
0.237556
0.237559
0.237565
0.237575
0.237575
0.237575
0.237573
0.237573
0.237573
0.237573
0.237575
0.237581
0.237572
0.237572
0.237569
0.237576
0.237576
0.237595
0.237613
0.237613
0.237621
0.237620
0.237622
0.237622
0.237623
0.237620
0.237627
0.237633
0.237647
0.237648
0.237648
0.237648
0.237648
0.237669
0.237669
0.237669
0.237669
0.237670
0.237670
0.237675
0.237673
0.237673
0.237673
0.237673
0.237674
0.237673
0.237677
0.237685
0.237686
0.237687
0.237687
0.237687
0.237698
0.237697
0.237697
0.237711
0.237719
0.237719
0.237719
0.237718
0.237718
0.237718
0.237718
0.237719
0.237719
0.237719
