0.282590
0.289621
0.293922
0.298111
0.302239
0.303041
0.305343
0.306399
0.307162
0.307633
0.308174
0.308550
0.308796
0.309335
0.308961
0.310092
0.310446
0.311022
0.311513
0.312216
0.312568
0.312690
0.313308
0.313582
0.313761
0.313870
0.313878
0.313859
0.313869
0.313940
0.314259
0.314547
0.314550
0.315372
0.316395
0.316524
0.316608
0.316630
0.316630
0.316630
0.316731
0.316614
0.316836
0.316845
0.316969
0.317056
0.317063
0.317348
0.317479
0.317739
0.317995
0.318004
0.318108
0.318289
0.318296
0.318008
0.318147
0.318104
0.318067
0.318060
0.318060
0.318128
0.318128
0.318137
0.318544
0.318432
0.318635
0.318565
0.318478
0.318597
0.318612
0.318618
0.318671
0.318480
0.318468
0.318476
0.318562
0.318562
0.318562
0.318562
0.318751
0.318774
0.318836
0.318891
0.318921
0.319251
0.319369
0.319645
0.319811
0.319878
0.319614
0.319574
0.319590
0.319509
0.319371
0.319424
0.319424
0.319449
0.319431
0.319528
0.319575
0.319743
0.319798
0.319798
0.319782
0.319793
0.319772
0.319778
0.319796
0.319861
0.319863
0.319863
0.319889
0.319936
0.319936
0.320091
0.320091
0.320457
0.320457
0.320831
0.320931
0.320950
0.320855
0.320858
0.320895
0.320920
0.320898
0.320946
0.320939
0.320902
0.320901
0.321045
0.321041
0.321041
0.321061
0.321077
0.321077
0.321160
0.321515
0.321515
0.321515
0.321515
0.321515
0.321515
0.321524
0.321524
0.321532
0.321532
0.321517
0.321517
0.321561
0.321561
0.321561
0.321606
0.321643
0.321643
0.321643
0.321650
0.321650
0.321647
0.321701
0.321785
0.321785
0.321785
0.321791
0.321815
0.321888
0.321888
0.321888
0.321953
0.321953
0.321986
0.321986
0.321756
0.322136
0.322141
0.322141
0.322089
0.322089
0.322261
0.322419
0.322461
0.322485
0.322460
0.322559
0.322567
0.322567
0.322643
0.322726
0.322726
0.322726
0.322726
0.322734
0.323003
0.322890
0.322905
0.322916
0.322945
0.322945
0.322964
0.322964
0.322964
0.322990
0.322910
0.322910
0.322908
0.322929
0.322929
0.323109
0.323109
0.323079
0.323079
0.323387
0.323387
0.323387
0.323331
0.323331
0.323331
0.323225
0.323253
0.323265
0.323277
0.323279
0.323488
0.323488
0.323488
0.323500
0.323500
0.323572
0.323572
0.323605
0.323605
0.323605
0.323653
0.323653
0.323653
0.323653
0.323659
0.323659
0.323659
0.323659
0.323288
0.323315
0.323419
0.323419
0.323419
0.323419
0.323443
0.323443
0.323443
0.323443
0.323453
0.323573
0.323573
0.323659
0.323659
0.323668
0.323750
0.323707
0.323707
0.323707
0.323707
0.323655
0.323600
0.323600
0.323737
0.323739
0.323782
0.323793
0.323779
0.323779
0.323779
0.323779
0.323783
0.323783
0.323564
0.323564
0.323564
0.323564
0.323574
0.323574
0.323576
0.323618
0.323487
0.323532
0.323593
0.323562
0.323562
0.323579
0.323579
0.323468
0.323465
0.323486
0.323486
0.323486
0.323486
0.323501
0.323501
0.323501
0.323501
0.323501
0.323501
0.323552
0.323762
0.323795
0.323795
0.323641
0.323688
0.323684
0.323700
0.323724
0.323727
0.323751
0.323797
0.323817
0.323817
0.323668
0.323668
0.323670
0.323683
0.323755
0.323764
0.323764
0.323768
0.323969
0.323969
0.323969
0.324021
0.324042
0.324099
0.324194
0.324194
0.324194
0.324233
0.324236
0.324236
0.324195
0.324195
0.324195
0.324166
0.324206
0.324229
0.324229
0.324229
0.324233
0.324233
0.324168
0.324152
0.324164
0.324164
0.324143
0.324143
0.324143
0.324158
0.324158
0.324158
0.324158
0.324158
0.324169
0.324247
0.324328
0.324328
0.324328
0.324333
0.324333
0.324333
0.324333
0.324360
0.324386
0.324443
0.324443
0.324409
0.324409
0.324379
0.324397
0.324397
0.324397
0.324408
0.324462
0.324462
0.324462
0.324462
0.324487
0.324586
0.324604
0.324604
0.324756
0.324756
0.324756
0.324783
0.325109
0.325109
0.325109
0.325136
0.325253
0.325320
0.325320
0.325320
0.325320
0.325320
0.325320
0.325320
0.325344
0.325403
0.325403
0.325403
0.325403
0.325464
0.325446
0.325446
0.325485
0.325485
0.325487
0.325464
0.325464
0.325464
0.325472
0.325454
0.325454
0.325454
0.325462
0.325462
0.325462
0.325509
0.325509
0.325509
0.325509
0.325643
0.325659
0.325666
0.325659
0.325659
0.325659
0.325674
0.325674
0.325700
0.325708
0.325715
0.325756
0.325762
0.325771
0.326026
0.326026
0.326026
0.326027
0.326031
0.326031
0.326041
0.326045
0.326071
0.326124
0.326060
0.326031
0.326031
0.326033
0.326057
0.326057
0.325966
0.325966
0.326015
0.326015
0.326015
0.326141
0.326141
0.326126
0.326126
0.325985
0.325987
0.325916
0.325916
0.325916
0.325916
0.325910
0.325916
0.325922
0.326091
0.326113
0.325827
0.325827
0.325827
0.325842
0.325842
0.325842
0.325842
0.325848
0.325774
0.325818
0.325818
0.325855
0.325855
0.325878
0.325848
0.325848
0.325848
0.325867
0.325904
0.325997
0.325997
0.326006
0.325999
0.326055
0.326055
0.326055
0.326129
0.326117
0.326117
0.326111
0.326122
0.326138
0.326138
0.326158
0.326158
0.326158
0.326158
0.326159
0.326165
0.326165
0.326155
0.326159
0.326160
0.326160
0.326158
0.326158
0.326158
0.326174
0.326174
0.326174
0.326174
0.326182
0.326184
0.326184
0.326114
0.326114
0.326108
0.326112
0.326112
0.326114
0.326187
0.326187
0.326187
0.326187
0.326204
0.326204
0.326204
0.326204
0.326204
0.326234
0.326234
0.326234
0.326245
0.326245
0.326245
0.326239
0.326270
0.326201
0.326201
0.326234
0.326243
0.326227
0.326326
0.326335
0.326335
0.326360
0.326360
0.326378
0.326378
0.326378
0.326378
0.326378
0.326382
0.326451
0.326451
0.326458
0.326458
0.326458
0.326460
0.326559
0.326428
0.326428
0.326428
0.326441
0.326441
0.326441
0.326441
0.326443
0.326443
0.326443
0.326488
0.326507
0.326521
0.326521
0.326521
0.326525
0.326525
0.326525
0.326603
0.326603
0.326607
0.326608
0.326608
0.326628
0.326652
0.326652
0.326652
0.326652
0.326698
0.326698
0.326707
0.326707
0.326730
0.326734
0.326796
0.326796
0.326796
0.326796
0.326801
0.326801
0.326801
0.326803
0.326803
0.326789
0.326789
0.326789
0.326789
0.326789
0.326789
0.326809
0.326809
0.326826
0.326772
0.326843
0.326844
0.326844
0.326844
0.326844
0.326848
0.326849
0.326863
0.326863
0.326863
0.326863
0.326873
0.326964
0.326965
0.326978
0.327035
0.327126
0.327126
0.327156
0.327156
0.327156
0.327156
0.327156
0.327164
0.327164
0.327437
0.327441
0.327453
0.327403
0.327413
0.327418
0.327418
0.327418
0.327467
0.327492
0.327519
0.327519
0.327632
0.327636
0.327674
0.327743
0.327746
0.327805
0.327805
0.327805
0.327812
0.327812
0.328031
0.328031
0.328031
0.328031
0.328031
0.328038
0.328016
0.328016
0.328031
0.328031
0.328031
0.328031
0.328020
0.328025
0.328086
0.328035
0.328040
0.328040
0.328040
0.328040
0.328040
0.327704
0.327704
0.327727
0.327696
0.327696
0.327696
0.327696
0.327708
0.327710
0.327711
0.327755
0.327755
0.327755
0.327755
0.327755
0.327755
0.327761
0.327762
0.327773
0.327820
0.327820
0.327820
0.327817
0.327931
0.327931
0.327941
0.327942
0.327952
0.327954
0.327941
0.327941
0.327941
0.327962
0.327989
0.327989
0.327989
0.327962
0.327962
0.327962
0.327962
0.327969
0.327969
0.327973
0.327973
0.327973
0.327973
0.327973
0.328152
0.328152
0.328160
0.328160
0.328162
0.328386
0.328386
0.328386
0.328386
0.328386
0.328386
0.328535
0.328542
0.328548
0.328548
0.328550
0.328627
0.328617
0.328617
0.328617
0.328699
0.328731
0.328731
0.328731
0.328731
0.328766
0.328768
0.328768
0.328768
0.328768
0.328768
0.328770
0.328770
0.328770
0.328770
0.328783
0.328786
0.328786
0.328786
0.328797
0.328798
0.328798
0.328803
0.328810
0.328811
0.328811
0.328824
0.328824
0.328825
0.328825
0.328825
0.328863
0.328864
0.328864
0.328864
0.329000
0.328982
0.328982
0.328982
0.328982
0.328992
0.329002
0.329046
0.329046
0.329048
0.329048
0.329048
0.329048
0.329048
0.329048
0.329048
0.329048
0.328934
0.328934
0.328934
0.328966
0.328970
0.328970
0.328971
0.328971
0.328981
0.328981
0.328981
0.328981
0.328981
0.328981
0.328981
0.329076
0.329080
0.329080
0.329080
0.329180
0.329185
0.329185
0.329185
0.329197
0.329197
0.329228
0.329227
0.329227
0.329263
0.329266
0.329267
0.329267
0.329112
0.329116
0.329116
0.329119
0.329119
0.329121
0.329131
0.329131
0.329131
0.329131
0.329164
0.329216
0.329227
0.329227
0.329230
0.329218
0.329227
0.329227
0.329190
0.329199
0.329199
0.329208
0.329209
0.329210
0.329210
0.329210
0.329210
0.329210
0.329166
0.329166
0.329166
0.329167
0.329173
0.329173
0.329160
0.329176
0.329176
0.329176
0.329176
0.329200
0.329201
0.329201
0.329209
0.329209
0.329209
0.329209
0.329206
0.329206
0.329206
0.329206
0.329207
0.329082
0.329082
0.329082
0.329107
0.329110
0.329116
0.329170
0.329298
0.329311
0.329311
0.329361
0.329361
0.329499
0.329499
0.329499
0.329499
0.329503
0.329503
0.329509
0.329509
0.329509
0.329509
0.329509
0.329509
0.329509
0.329509
0.329547
0.329636
0.329636
0.329636
0.329649
0.329649
0.329649
0.329649
0.329651
0.329651
0.329651
0.329651
0.329651
0.329651
0.329651
0.329660
0.329675
0.329675
0.329675
0.329675
0.329675
0.329684
0.329684
0.329899
0.329799
0.329799
0.329799
0.329804
0.329804
0.329804
0.329833
0.329833
0.329833
0.329833
0.329856
0.329856
0.329856
0.329856
0.329856
0.329870
0.329870
0.329870
0.329958
0.329958
0.329958
0.329958
0.329958
0.329960
0.329960
0.329960
0.329960
0.329977
0.329977
0.329977
0.329977
0.330028
0.330028
0.330043
0.330043
0.330043
0.330052
0.330052
0.330054
0.330060
0.330089
0.330000
0.330000
0.330000
0.330000
0.330000
0.330000
0.329973
0.329973
0.329973
0.329973
0.329973
0.329973
0.329973
0.330025
0.330025
0.330030
0.330046
0.330046
0.330056
0.330023
0.330023
0.330081
0.330081
0.330156
0.330156
0.330158
0.330158
0.330140
0.330142
0.330148
0.330154
0.330145
0.330145
0.330145
0.330145
0.330145
0.330145
0.330145
0.330154
0.330162
0.330162
0.330168
0.330168
0.330168
0.330168
0.330168
0.330168
0.330168
0.330237
0.330245
0.330245
0.330245
0.330245
0.330245
0.330245
0.330247
0.330247
0.330247
0.330247
0.330247
0.330255
0.330273
0.330299
0.330299
0.330354
0.330357
0.330371
0.330371
0.330371
0.330371
0.330371
0.330371
0.330371
0.330371
0.330371
0.330399
0.330399
0.330399
0.330405
0.330405
0.330406
0.330406
0.330406
0.330411
0.330475
0.330475
0.330476
0.330495
0.330498
0.330498
0.330498
0.330498
0.330510
0.330511
0.330511
0.330514
0.330606
0.330606
0.330606
0.330606
0.330666
0.330682
0.330682
0.330682
0.330682
0.330688
0.330688
0.330688
0.330688
0.330688
0.330648
0.330658
0.330658
0.330658
0.330664
0.330664
0.330664
0.330665
0.330665
0.330665
0.330665
0.330665
0.330665
0.330665
0.330665
0.330696
0.330708
0.330708
0.330708
0.330708
0.330731
0.330731
0.330733
0.330733
0.330733
0.330733
0.330737
0.330754
0.330754
0.330766
0.330754
0.330763
0.330770
0.330817
0.330817
0.330832
0.330832
0.330832
0.330832
0.330836
0.330836
0.330845
0.330845
0.330856
0.330891
0.330900
0.330900
0.330901
0.330901
0.330901
0.330963
0.330970
0.330970
0.330970
0.330999
0.331000
0.331006
0.331075
0.331075
0.330969
0.330969
0.330969
0.330969
0.330977
0.330977
0.330977
0.330977
0.330977
0.330977
0.331010
0.331048
0.331048
0.331048
0.331048
0.331048
0.331048
0.331048
0.331048
0.331048
0.331040
0.331039
0.331043
0.331043
0.330922
0.330938
0.330938
0.330941
0.330941
0.330941
0.330941
0.330954
0.330954
0.330954
0.330954
0.330957
0.330957
0.331062
0.331064
0.331074
0.331074
0.331063
0.331063
0.331066
0.331067
0.331067
0.331113
0.331113
0.331113
0.331117
0.331117
0.331117
0.331122
0.331165
0.331165
0.331165
0.331165
0.331175
0.331175
0.331175
0.331175
0.331175
0.331178
0.331178
0.331180
0.331180
0.331180
0.331180
0.331180
0.331180
0.331185
0.331160
0.331163
0.331163
0.331177
0.331179
0.331179
0.331179
0.331179
0.331185
0.331170
0.331170
0.331170
0.331170
0.331170
0.331175
0.331192
0.331196
0.331196
0.331196
0.331196
0.331200
0.331200
0.331200
0.331212
0.331212
0.331212
0.331212
0.331212
0.331212
0.331283
0.331283
0.331283
0.331283
0.331285
0.331285
0.331285
0.331285
0.331285
0.331294
0.331329
0.331322
0.331326
0.331401
0.331407
0.331412
0.331412
0.331412
0.331412
0.331412
0.331412
0.331426
0.331433
0.331450
0.331450
0.331450
0.331451
0.331457
0.331461
0.331461
0.331461
0.331499
0.331506
0.331506
0.331506
0.331506
0.331510
0.331514
0.331529
0.331529
0.331530
0.331530
0.331530
0.331530
0.331530
0.331585
0.331585
0.331585
0.331595
0.331595
0.331597
0.331597
0.331615
0.331623
0.331623
0.331623
0.331623
0.331626
0.331630
0.331632
0.331632
0.331697
0.331746
0.331746
0.331746
0.331746
0.331746
0.331746
0.331746
0.331746
0.331746
0.331820
0.331820
0.331820
0.331826
0.331834
0.331834
0.331760
0.331760
0.331760
0.331760
0.331760
0.331764
0.331764
0.331764
0.331764
0.331779
0.331779
0.331783
0.331783
0.331824
0.331824
0.331824
0.331824
0.331836
0.331836
0.331836
0.331837
0.331837
0.331837
0.331837
0.331837
0.331890
0.331890
0.331890
0.331894
0.331894
0.331894
0.331901
0.331910
0.331910
0.331910
0.331910
0.331910
0.331997
0.331997
0.331997
0.332042
0.332042
0.332059
0.332059
0.332059
0.332059
0.332059
0.332059
0.332059
0.332059
0.332059
0.332022
0.332025
0.332025
0.332030
0.332031
0.332031
0.332031
0.332031
0.332031
0.332031
0.332036
0.332036
0.332051
0.332051
0.332051
0.332051
0.332069
0.332118
0.332118
0.332118
0.332118
0.332118
0.332165
0.332165
0.332165
0.332165
0.332170
0.332170
0.332170
0.332170
0.332170
0.332170
0.332170
0.332178
0.332178
0.332178
0.332130
0.332130
0.332175
0.332175
0.332175
0.332175
0.332175
0.332175
0.332174
0.332190
0.332204
0.332205
0.332205
0.332205
0.332205
0.332208
0.332223
0.332223
0.332223
0.332223
0.332229
0.332229
0.332416
0.332434
0.332434
0.332434
0.332434
0.332434
0.332434
0.332434
0.332446
0.332446
0.332449
0.332449
0.332449
0.332449
0.332453
0.332334
0.332335
0.332335
0.332335
0.332335
0.332335
0.332367
0.332370
0.332370
0.332371
0.332371
0.332371
0.332372
0.332375
0.332375
0.332315
0.332315
0.332315
0.332320
0.332379
0.332379
0.332379
0.332379
0.332387
0.332387
0.332387
0.332183
0.332225
0.332225
0.332225
0.332237
0.332237
0.332241
0.332247
0.332247
0.332251
0.332251
0.332251
0.332282
0.332282
0.332282
0.332293
0.332293
0.332307
0.332350
0.332353
0.332353
0.332353
0.332528
0.332693
0.332695
0.332695
0.332695
0.332695
0.332695
0.332687
0.332687
0.332687
0.332687
0.332695
0.332695
0.332695
0.332815
0.332824
0.332902
0.332911
0.332911
0.332917
0.332917
0.332917
0.332917
0.332917
0.332917
0.332917
0.332917
0.332926
0.332926
0.332926
0.332926
0.332926
0.332953
0.332959
0.332966
0.332967
0.333023
0.333023
0.333023
0.333058
0.333071
0.333071
0.333071
0.333071
0.333071
0.333071
0.333071
0.333072
0.333072
0.333066
0.333071
0.333150
0.333150
0.333150
0.333154
0.333154
0.333154
0.333155
0.333169
0.333169
0.333169
0.333181
0.333181
0.333181
0.333181
0.333181
0.333119
0.333119
0.333119
0.333119
0.333120
0.333123
0.333123
0.333123
0.333123
0.333123
0.333123
0.333123
0.333123
0.333123
0.333122
0.333123
0.333123
0.333125
0.333091
0.333100
0.333123
0.333123
0.333123
0.333125
0.333125
0.333125
0.333125
0.333125
0.333125
0.333098
0.333099
0.333099
0.333099
0.333103
0.333115
0.333115
0.333115
0.333115
0.333115
0.333118
0.333118
0.333117
0.333117
0.333117
0.333117
0.333128
0.333128
0.333138
0.333138
0.333134
0.333151
0.333151
0.333200
0.333200
0.333211
0.333211
0.333267
0.333292
0.333292
0.333301
0.333304
0.333304
0.333304
0.333304
0.333304
0.333304
0.333319
0.333319
0.333310
0.333310
0.333316
0.333316
0.333316
0.333316
0.333247
0.333247
0.333256
0.333256
0.333256
0.333273
0.333274
0.333274
0.333225
0.333225
0.333225
0.333225
0.333225
0.333225
0.333225
0.333250
0.333250
0.333250
0.333364
0.333364
0.333364
0.333367
0.333371
0.333371
0.333375
0.333423
0.333423
0.333423
0.333423
0.333423
0.333435
0.333440
0.333440
0.333440
0.333440
0.333440
0.333450
0.333451
0.333473
0.333473
0.333474
0.333474
0.333474
0.333474
0.333484
0.333496
0.333560
0.333562
0.333562
0.333564
0.333564
0.333574
0.333574
0.333574
0.333574
0.333574
0.333574
0.333574
0.333574
0.333574
0.333581
0.333581
0.333581
0.333581
0.333581
0.333588
0.333607
0.333607
0.333607
0.333614
0.333617
0.333617
0.333617
0.333622
0.333622
0.333622
0.333622
0.333622
0.333625
0.333625
0.333487
0.333509
0.333509
0.333510
0.333510
0.333510
0.333510
0.333510
0.333519
0.333520
0.333520
0.333520
0.333520
0.333520
0.333520
0.333520
0.333520
0.333520
0.333520
0.333520
0.333520
0.333522
0.333522
0.333522
0.333536
0.333536
0.333536
0.333536
0.333560
0.333652
0.333652
0.333655
0.333655
0.333655
0.333655
0.333655
0.333668
0.333668
0.333669
0.333669
0.333670
0.333677
0.333677
0.333683
0.333690
0.333690
0.333690
0.333690
0.333690
0.333690
0.333690
0.333690
0.333690
0.333690
0.333707
0.333707
0.333731
0.333743
0.333750
0.333750
0.333752
0.333755
0.333755
0.333756
0.333758
0.333758
0.333758
0.333758
0.333655
0.333655
0.333665
0.333665
0.333665
0.333665
0.333665
0.333665
0.333665
0.333697
0.333705
0.333705
0.333705
0.333719
0.333719
0.333719
0.333719
0.333719
0.333696
0.333696
0.333696
0.333696
0.333696
0.333696
0.333696
0.333696
0.333696
0.333696
0.333696
0.333696
0.333696
0.333696
0.333696
0.333696
0.333697
0.333702
0.333724
0.333724
0.333724
0.333725
0.333693
0.333693
0.333693
0.333693
0.333476
0.333476
0.333485
0.333485
0.333485
0.333485
0.333481
0.333489
0.333496
0.333503
0.333496
0.333496
0.333381
0.333378
0.333386
0.333386
0.333387
0.333330
0.333330
0.333330
0.333332
0.333338
0.333347
0.333347
0.333347
0.333347
0.333347
0.333347
0.333348
0.333348
0.333348
0.333348
0.333348
0.333348
0.333348
0.333348
0.333356
0.333356
0.333356
0.333356
0.333356
0.333356
0.333356
0.333362
0.333362
0.333362
0.333362
0.333362
0.333504
0.333513
0.333513
0.333513
0.333525
0.333525
0.333535
0.333539
0.333506
0.333506
0.333506
0.333506
0.333506
0.333506
0.333506
0.333506
0.333506
0.333506
0.333506
0.333514
0.333526
0.333526
0.333526
0.333526
0.333545
0.333545
0.333545
0.333559
0.333559
0.333559
0.333601
0.333601
0.333601
0.333601
0.333601
0.333609
0.333669
0.333669
0.333669
0.333669
0.333672
0.333672
0.333672
0.333672
0.333680
0.333680
0.333643
0.333658
0.333667
0.333667
0.333670
0.333670
0.333682
0.333708
0.333708
0.333709
0.333709
0.333709
0.333710
0.333716
0.333716
0.333716
0.333717
0.333717
0.333719
0.333719
0.333719
0.333719
0.333722
0.333722
0.333722
0.333722
0.333688
0.333693
0.333696
0.333696
0.333699
0.333701
0.333727
0.333727
0.333727
0.333727
0.333727
0.333727
0.333727
0.333727
0.333740
0.333740
0.333751
0.333751
0.333751
0.333751
0.333751
0.333751
0.333751
0.333751
0.333760
0.333774
0.333774
0.333774
0.333775
0.333775
0.333775
0.333775
0.333775
0.333775
0.333779
0.333785
0.333796
0.333796
0.333796
0.333804
0.333804
0.333804
0.333804
0.333804
0.333811
0.333811
0.333811
0.333811
0.333847
0.333847
0.333876
0.333876
0.333876
0.333876
0.333870
0.333870
0.333870
0.333870
0.333870
0.333882
0.333882
0.333882
0.333882
0.333882
0.333887
0.333887
0.333891
0.333891
0.333897
0.333897
0.333900
0.333900
0.333900
0.333900
0.333900
0.333900
0.333900
0.333900
0.333900
0.333900
0.333921
0.333921
0.333922
0.333922
0.333922
0.333922
0.333939
0.333939
0.333939
0.333939
0.333939
0.333939
0.333939
0.333948
0.333977
0.333977
0.333977
0.333985
0.333990
0.334038
0.334041
0.334041
0.334041
0.334041
0.334041
0.334041
0.334041
0.334041
0.334041
0.334041
0.334041
0.334041
0.334041
0.334041
0.334074
0.334074
0.334267
0.334267
0.334267
0.334267
0.334267
0.334267
0.334267
0.334267
0.334092
0.334106
0.334121
0.334121
0.334121
0.334121
0.334121
0.334123
0.334123
0.334123
0.334123
0.334123
0.334123
0.334123
0.334138
0.334138
0.334138
0.334138
0.334237
0.334244
0.334244
0.334244
0.334285
0.334296
0.334296
0.334296
0.334296
0.334306
0.334306
0.334306
0.334306
0.334306
0.334308
0.334316
0.334316
0.334323
0.334345
0.334345
0.334339
0.334339
0.334345
0.334345
0.334345
0.334317
0.334459
0.334462
0.334462
0.334462
0.334462
0.334462
0.334462
0.334465
0.334488
0.334488
0.334488
0.334499
0.334518
0.334518
0.334518
0.334518
0.334518
0.334518
0.334518
0.334518
0.334518
0.334518
0.334518
0.334518
0.334523
0.334523
0.334523
0.334550
0.334550
0.334553
0.334553
0.334554
0.334554
0.334561
0.334561
0.334561
0.334561
0.334570
0.334570
0.334570
0.334570
0.334551
0.334565
0.334565
0.334565
0.334565
0.334617
0.334617
0.334617
0.334617
0.334617
0.334617
0.334617
0.334623
0.334623
0.334623
0.334623
0.334751
0.334761
0.334761
0.334761
0.334761
0.334761
0.334761
0.334780
0.334780
0.334780
0.334780
0.334780
0.334780
0.334780
0.334780
0.334780
0.334780
0.334780
0.334974
0.334974
0.334974
0.334974
0.334974
0.334974
0.334974
0.334984
0.335054
0.335054
0.335054
0.335054
0.335054
0.335054
0.335054
0.335087
0.335087
0.335087
0.335087
0.335116
0.335116
0.335116
0.335116
0.335116
0.335116
0.335095
0.335098
0.335104
0.335104
0.335104
0.335104
0.335106
0.335108
0.335108
0.335108
0.335108
0.335108
0.335108
0.335125
0.335113
0.335113
0.335113
0.335113
0.335113
0.335121
0.335121
0.335125
0.335129
0.335129
0.335133
0.335134
0.335134
0.335134
0.335134
0.335134
0.335134
0.335150
0.335150
0.335150
0.335150
0.335136
0.335136
0.335136
0.335136
0.335164
0.335216
0.335218
0.335224
0.335226
0.335226
0.335226
0.335230
0.335230
0.335230
0.335230
0.335239
0.335239
0.335239
0.335249
0.335262
0.335263
0.335278
0.335284
0.335293
0.335293
0.335293
0.335293
0.335293
0.335293
0.335293
0.335293
0.335293
0.335293
0.335293
0.335293
0.335293
0.335293
0.335293
0.335293
0.335297
0.335297
0.335297
0.335297
0.335390
0.335390
0.335390
0.335401
0.335401
0.335420
0.335421
0.335421
0.335421
0.335421
0.335421
0.335421
0.335453
0.335453
0.335453
0.335453
0.335454
0.335454
0.335454
0.335454
0.335454
0.335454
0.335454
0.335454
0.335454
0.335454
0.335454
0.335454
0.335454
0.335438
0.335438
0.335438
0.335438
0.335438
0.335449
0.335449
0.335454
0.335454
0.335473
0.335473
0.335473
0.335473
0.335473
0.335501
0.335508
0.335508
0.335508
0.335508
0.335508
0.335508
0.335508
0.335511
0.335511
0.335511
0.335511
0.335515
0.335515
0.335571
0.335571
0.335571
0.335572
0.335572
0.335339
0.335340
0.335347
0.335347
0.335510
0.335518
0.335518
0.335518
0.335518
0.335518
0.335518
0.335551
0.335554
0.335554
0.335554
0.335554
0.335563
0.335565
0.335565
0.335565
0.335565
0.335565
0.335567
0.335567
0.335572
0.335561
0.335787
0.335787
0.335787
0.335787
0.335787
0.335791
0.335791
0.335791
0.335791
0.335791
0.335791
0.335791
0.335791
0.335791
0.335791
0.335791
0.335624
0.335624
0.335620
0.335620
0.335620
0.335620
0.335764
0.335764
0.335764
0.335764
0.335764
0.335764
0.335764
0.335764
0.335794
0.335794
0.335877
0.335937
0.335942
0.335943
0.335943
0.335943
0.335950
0.335950
0.335979
0.335979
0.335918
0.335918
0.335965
0.335967
0.335967
0.335969
0.335969
0.335969
0.335969
0.335969
0.335986
0.335986
0.336046
0.336053
0.336053
0.336075
0.336075
0.336091
0.336091
0.336091
0.336123
0.336123
0.336123
0.336128
0.336128
0.336128
0.336128
0.336128
0.336128
0.336128
0.336128
0.336128
0.336128
0.336057
0.336057
0.336057
0.336057
0.336065
0.336065
0.336065
0.336065
0.336065
0.336066
0.336066
0.336141
0.336141
0.336143
0.336143
0.336163
0.336163
0.336163
0.336163
0.336163
0.336176
0.336228
0.336228
0.336232
0.336232
0.336271
0.336271
0.336271
0.336271
0.336282
0.336303
0.336326
0.336326
0.336326
0.336326
0.336331
0.336335
0.336335
0.336301
0.336301
0.336301
0.336301
0.336301
0.336301
0.336323
0.336336
0.336334
0.336334
0.336334
0.336334
0.336306
0.336306
0.336306
0.336306
0.336306
0.336306
0.336317
0.336317
0.336318
0.336318
0.336318
0.336318
0.336318
0.336318
0.336333
0.336333
0.336333
0.336333
0.336333
0.336333
0.336333
0.336333
0.336333
0.336355
0.336355
0.336355
0.336374
0.336374
0.336346
0.336346
0.336346
0.336346
0.336346
0.336350
0.336350
0.336350
0.336350
0.336350
0.336350
0.336350
0.336350
0.336350
0.336351
0.336351
0.336378
0.336378
0.336378
0.336378
0.336381
0.336381
0.336381
0.336381
0.336381
0.336381
0.336381
0.336381
0.336384
0.336384
0.336384
0.336384
0.336384
0.336386
0.336386
0.336386
0.336386
0.336386
0.336386
0.336390
0.336391
0.336417
0.336417
0.336418
0.336422
0.336437
0.336437
0.336442
0.336442
0.336448
0.336462
0.336462
0.336462
0.336462
0.336462
0.336462
0.336471
0.336471
0.336471
0.336471
0.336471
0.336471
0.336471
0.336485
0.336485
0.336485
0.336485
0.336485
0.336485
0.336485
0.336485
0.336485
0.336485
0.336486
0.336486
0.336486
0.336489
0.336472
0.336472
0.336472
0.336472
0.336472
0.336472
0.336472
0.336472
0.336479
0.336479
0.336479
0.336479
0.336479
0.336481
0.336481
0.336481
0.336481
0.336481
0.336481
0.336481
0.336481
0.336481
0.336487
0.336487
0.336487
0.336487
0.336487
0.336487
0.336487
0.336494
0.336494
0.336527
0.336527
0.336527
0.336527
0.336527
0.336527
0.336527
0.336528
0.336528
0.336528
0.336528
0.336530
0.336530
0.336530
0.336532
0.336532
0.336532
0.336532
0.336532
0.336532
0.336532
0.336532
0.336532
0.336532
0.336538
0.336538
0.336538
0.336538
0.336538
0.336538
0.336538
0.336538
0.336538
0.336538
0.336538
0.336543
0.336566
0.336566
0.336566
0.336566
0.336570
0.336570
0.336570
0.336570
0.336574
0.336598
0.336598
0.336605
0.336605
0.336605
0.336605
0.336605
0.336605
0.336605
0.336605
0.336605
0.336605
0.336605
0.336605
0.336605
0.336608
0.336608
0.336608
0.336608
0.336608
0.336608
0.336611
0.336612
0.336612
0.336614
0.336614
0.336614
0.336614
0.336614
0.336615
0.336613
0.336613
0.336613
0.336772
0.336772
0.336775
0.336775
0.336775
0.336775
0.336775
0.336775
0.336775
0.336775
0.336775
0.336775
0.336775
0.336775
0.336776
0.336791
0.336791
0.336791
0.336791
0.336791
0.336791
0.336791
0.336794
0.336794
0.336794
0.336832
0.336832
0.336845
0.336846
0.336850
0.336850
0.336854
0.336854
0.336854
0.336854
0.336854
0.336854
0.336854
0.336854
0.336854
0.336859
0.336859
0.336859
0.336859
0.336859
0.336860
0.336860
0.336866
0.336866
0.336890
0.336890
0.336890
0.336890
0.336890
0.336900
0.336889
0.336889
0.336892
0.336894
0.336894
0.336903
0.336905
0.336905
0.336905
0.336905
0.336908
0.336908
0.336913
0.336913
0.336913
0.336913
0.336913
0.336913
0.336913
0.336870
0.336875
0.336895
0.336895
0.336895
0.336895
0.336895
0.336895
0.336895
0.336895
0.336895
0.336896
0.336896
0.336843
0.336847
0.336847
0.336847
0.336859
0.336859
0.336859
0.336859
0.336859
0.336866
0.336874
0.336874
0.336874
0.336877
0.336877
0.336891
0.336845
0.336845
0.336845
0.336845
0.336853
0.336860
0.336860
0.336862
0.336862
0.336862
0.336865
0.336865
0.336865
0.336865
0.336865
0.336865
0.336865
0.336865
0.336865
0.336865
0.336865
0.336865
0.336865
0.336865
0.336871
0.336871
0.336871
0.336871
0.336871
0.336871
0.336824
0.336824
0.336824
0.336824
0.336824
0.336834
0.336844
0.336844
0.336844
0.336844
0.336844
0.336848
0.336848
0.336848
0.336848
0.336848
0.336848
0.336848
0.336848
0.336848
0.336938
0.336938
0.336938
0.336938
0.336938
0.336938
0.336959
0.336959
0.336959
0.336959
0.336962
0.336962
0.336962
0.336962
0.336962
0.336962
0.336909
0.336916
0.336916
0.336916
0.336876
0.336876
0.336876
0.336879
0.336879
0.336879
0.336888
0.336888
0.336888
0.336890
0.336891
0.336891
0.336891
0.336891
0.336891
0.336901
0.336901
0.336901
0.336901
0.336901
0.336901
0.336901
0.336901
0.336901
0.336901
0.336901
0.336915
0.336985
0.337046
0.337046
0.337046
0.337046
0.337046
0.337087
0.337087
0.337087
0.337087
0.337087
0.337087
0.337089
0.337185
0.337185
0.337230
0.337230
0.337230
0.337230
0.337267
0.337270
0.337270
0.337301
0.337301
0.337301
0.337303
0.337303
0.337360
0.337361
0.337151
0.337157
0.337178
0.337178
0.337191
0.337191
0.337191
0.337191
0.337191
0.337191
0.337191
0.337191
0.337191
0.337191
0.337191
0.337191
0.337191
0.337191
0.337191
0.337186
0.337186
0.337186
0.337186
0.337186
0.337191
0.337191
0.337191
0.337203
0.337203
0.337203
0.337203
0.337220
0.337220
0.337249
0.337284
0.337286
0.337286
0.337316
0.337316
0.337316
0.337316
0.337316
0.337316
0.337325
0.337325
0.337333
0.337333
0.337353
0.337353
0.337353
0.337353
0.337354
0.337354
0.337354
0.337354
0.337354
0.337354
0.337354
0.337354
0.337360
0.337360
0.337364
0.337364
0.337364
0.337364
0.337364
0.337365
0.337369
0.337369
0.337369
0.337369
0.337369
0.337370
0.337275
0.337275
0.337280
0.337280
0.337282
0.337270
0.337270
0.337206
0.337206
0.337206
0.337206
0.337206
0.337206
0.337228
0.337261
0.337262
0.337262
0.337262
0.337262
0.337262
0.337262
0.337262
0.337250
0.337250
0.337250
0.337259
0.337259
0.337259
0.337261
0.337264
0.337264
0.337246
0.337246
0.337246
0.337251
0.337250
0.337250
0.337250
0.337250
0.337266
0.337273
0.337446
0.337446
0.337446
0.337446
0.337446
0.337446
0.337446
0.337446
0.337462
0.337464
0.337476
0.337476
0.337479
0.337479
0.337479
0.337516
0.337516
0.337516
0.337516
0.337520
0.337520
0.337520
0.337527
0.337528
0.337531
0.337531
0.337531
0.337531
0.337531
0.337531
0.337531
0.337531
0.337593
0.337593
0.337595
0.337595
0.337595
0.337595
0.337595
0.337607
0.337609
0.337609
0.337609
0.337609
0.337609
0.337633
0.337654
0.337654
0.337708
0.337721
0.337721
0.337722
0.337722
0.337722
0.337722
0.337722
0.337722
0.337722
0.337722
0.337647
0.337647
0.337647
0.337651
0.337651
0.337680
0.337680
0.337681
0.337684
0.337684
0.337684
0.337705
0.337705
0.337705
0.337705
0.337705
0.337705
0.337705
0.337708
0.337708
0.337708
0.337716
0.337716
0.337716
0.337716
0.337716
0.337716
0.337716
0.337716
0.337716
0.337716
0.337716
0.337716
0.337716
0.337716
0.337720
0.337720
0.337721
0.337721
0.337748
0.337748
0.337748
0.337748
0.337748
0.337765
0.337765
0.337765
0.337765
0.337765
0.337765
0.337765
0.337765
0.337765
0.337765
0.337781
0.337781
0.337756
0.337756
0.337756
0.337756
0.337756
0.337756
0.337756
0.337756
0.337756
0.337756
0.337756
0.337756
0.337756
0.337762
0.337762
0.337765
0.337765
0.337769
0.337769
0.337769
0.337767
0.337767
0.337767
0.337767
0.337767
0.337767
0.337767
0.337768
0.337768
0.337787
0.337787
0.337787
0.337800
0.337801
0.337849
0.337849
0.337854
0.337854
0.337858
0.337858
0.337858
0.337860
0.337860
0.337860
0.337860
0.337860
0.337860
0.337860
0.337860
0.337862
0.337862
0.337862
0.337862
0.337862
0.337862
0.337877
0.337884
0.337884
0.337888
0.337888
0.337888
0.337888
0.337888
0.337888
0.337860
0.337860
0.337858
0.337860
0.337901
0.337901
0.337901
0.337901
0.337901
0.337901
0.337901
0.337901
0.337903
0.337903
0.337903
0.337903
0.337903
0.337903
0.337903
0.337903
0.337903
0.337915
0.337915
0.337915
0.337915
0.337915
0.337915
0.337915
0.337915
0.337915
0.337915
0.337915
0.337915
0.337915
0.337937
0.337937
0.337937
0.337937
0.337935
0.337937
0.337937
0.337937
0.337940
0.337948
0.337948
0.337948
0.337948
0.337949
0.337949
0.337949
0.337955
0.337958
0.337958
0.337958
0.337958
0.337958
0.337958
0.337853
0.337853
0.337853
0.337853
0.337853
0.337866
0.337899
0.337903
0.337903
0.337903
0.337919
0.337919
0.337919
0.337919
0.337928
0.337928
0.337928
0.337928
0.337933
0.337933
0.337933
0.337942
0.337942
0.337942
0.337942
0.337942
0.337942
0.337942
0.337969
0.337969
0.337969
0.337972
0.337972
0.337972
0.337972
0.337972
0.337973
0.337973
0.337973
0.337991
0.337991
0.337990
0.337990
0.338084
0.338084
0.338103
0.338103
0.338103
0.338103
0.338103
0.338103
0.338103
0.338106
0.338106
0.338106
0.338106
0.338106
0.338106
0.338112
0.338113
0.338113
0.338113
0.338128
0.338128
0.338128
0.338192
0.338215
0.338215
0.338215
0.338216
0.338216
0.338216
0.338242
0.338242
0.338247
0.338247
0.338247
0.338254
0.338261
0.338261
0.338268
0.338268
0.338268
0.338268
0.338273
0.338294
0.338298
0.338306
0.338306
0.338306
0.338333
0.338333
0.338333
0.338333
0.338333
0.338335
0.338337
0.338339
0.338339
0.338344
0.338351
0.338366
0.338358
0.338358
0.338358
0.338358
0.338426
0.338426
0.338428
0.338436
0.338436
0.338436
0.338441
0.338441
0.338441
0.338441
0.338441
0.338449
0.338449
0.338449
0.338449
0.338429
0.338429
0.338429
0.338429
0.338429
0.338429
0.338468
0.338468
0.338476
0.338476
0.338476
0.338476
0.338476
0.338482
0.338482
0.338482
0.338482
0.338482
0.338485
0.338502
0.338502
0.338502
0.338530
0.338530
0.338530
0.338530
0.338530
0.338530
0.338530
0.338530
0.338530
0.338530
0.338530
0.338530
0.338530
0.338530
0.338530
0.338530
0.338533
0.338533
0.338533
0.338533
0.338564
0.338564
0.338564
0.338564
0.338568
0.338568
0.338568
0.338568
0.338568
0.338568
0.338609
0.338609
0.338598
0.338604
0.338604
0.338605
0.338605
0.338605
0.338605
0.338605
0.338640
0.338640
0.338645
0.338647
0.338647
0.338655
0.338657
0.338657
0.338657
0.338657
0.338657
0.338657
0.338657
0.338657
0.338714
0.338714
0.338714
0.338714
0.338714
0.338714
0.338715
0.338715
0.338715
0.338715
0.338727
0.338727
0.338727
0.338727
0.338727
0.338733
0.338733
0.338733
0.338734
0.338734
0.338734
0.338734
0.338734
0.338766
0.338766
0.338766
0.338766
0.338766
0.338766
0.338768
0.338769
0.338768
0.338780
0.338790
0.338790
0.338790
0.338790
0.338793
0.338793
0.338793
0.338796
0.338811
0.338812
0.338812
0.338812
0.338812
0.338824
0.338829
0.338829
0.338829
0.338829
0.338829
0.338829
0.338829
0.338829
0.338829
0.338829
0.338829
0.338866
0.338873
0.338873
0.338873
0.338873
0.338873
0.338873
0.338873
0.338874
0.338873
0.338877
0.338877
0.338877
0.338877
0.338877
0.338915
0.338910
0.338910
0.338910
0.338910
0.338922
0.338922
0.338922
0.338922
0.338922
0.338922
0.338929
0.338929
0.338929
0.338929
0.338929
0.338929
0.338929
0.338929
0.338929
0.338929
0.338929
0.338929
0.338963
0.338963
0.338967
0.338967
0.338967
0.338967
0.338967
0.338981
0.338994
0.338994
0.338994
0.338994
0.339001
0.339001
0.339259
0.339260
0.339265
0.339265
0.339265
0.339280
0.339280
0.339280
0.339280
0.339280
0.339280
0.339299
0.339299
0.339309
0.339325
0.339325
0.339325
0.339325
0.339325
0.339325
0.339363
0.339363
0.339363
0.339363
0.339363
0.339363
0.339363
0.339363
0.339363
0.339382
0.339382
0.339384
0.339384
0.339386
0.339387
0.339387
0.339387
0.339387
0.339387
0.339387
0.339387
0.339387
0.339389
0.339389
0.339389
0.339389
0.339424
0.339426
0.339426
0.339426
0.339426
0.339426
0.339426
0.339426
0.339426
0.339436
0.339436
0.339436
0.339436
0.339436
0.339440
0.339440
0.339440
0.339440
0.339442
0.339442
0.339442
0.339442
0.339442
0.339448
0.339448
0.339464
0.339464
0.339495
0.339496
0.339496
0.339496
0.339496
0.339496
0.339504
0.339504
0.339504
0.339504
0.339504
0.339506
0.339506
0.339506
0.339558
0.339562
0.339563
0.339564
0.339568
0.339568
0.339568
0.339578
0.339578
0.339578
0.339584
0.339584
0.339584
0.339584
0.339584
0.339584
0.339584
0.339584
0.339584
0.339530
0.339530
0.339530
0.339536
0.339536
0.339536
0.339545
0.339545
0.339545
0.339545
0.339545
0.339545
0.339545
0.339545
0.339545
0.339547
0.339547
0.339547
0.339547
0.339547
0.339547
0.339547
0.339547
0.339553
0.339553
0.339553
0.339553
0.339607
0.339612
0.339612
0.339612
0.339612
0.339612
0.339617
0.339617
0.339617
0.339618
0.339618
0.339618
0.339618
0.339618
0.339624
0.339634
0.339634
0.339634
0.339634
0.339634
0.339634
0.339634
0.339634
0.339634
0.339634
0.339634
0.339634
0.339634
0.339634
0.339634
0.339634
0.339634
0.339634
0.339634
0.339642
0.339642
0.339678
0.339678
0.339678
0.339715
0.339715
0.339715
0.339719
0.339719
0.339719
0.339719
0.339739
0.339739
0.339739
0.339739
0.339739
0.339739
0.339739
0.339751
0.339769
0.339769
0.339769
0.339840
0.339840
0.339840
0.339840
0.339851
0.339851
0.339862
0.339839
0.339839
0.339839
0.339839
0.339839
0.339839
0.339839
0.339839
0.339839
0.339839
0.339886
0.339890
0.339890
0.339890
0.339890
0.339892
0.339892
0.339911
0.339945
0.339945
0.339945
0.339945
0.339954
0.339954
0.339954
0.339954
0.339959
0.339959
0.339973
0.339973
0.339973
0.339973
0.339973
0.339974
0.339974
0.339974
0.340004
0.340004
0.340004
0.340004
0.340004
0.340006
0.340006
0.340006
0.340006
0.340006
0.340006
0.340012
0.340014
0.340014
0.340014
0.340014
0.340018
0.340018
0.340022
0.340022
0.340034
0.340044
0.340044
0.340044
0.340044
0.340045
0.340045
0.340109
0.340111
0.340111
0.340111
0.340111
0.340119
0.340119
0.340126
0.340126
0.340126
0.340126
0.340119
0.340119
0.340120
0.340120
0.340125
0.340125
0.340052
0.340052
0.340073
0.340079
0.340079
0.340079
0.340079
0.340080
0.340080
0.340080
0.340080
0.340080
0.340083
0.340086
0.340097
0.339949
0.339953
0.339953
0.339953
0.339962
0.339962
0.339962
0.339966
0.339967
0.339967
0.339967
0.339972
0.339991
0.339991
0.339991
0.339991
0.339969
0.339974
0.339974
0.339974
0.339974
0.339974
0.339974
0.339975
0.339975
0.339975
0.339975
0.339975
0.339975
0.339976
0.339976
0.339976
0.339989
0.339989
0.339989
0.339989
0.339989
0.339989
0.339989
0.339994
0.339994
0.339998
0.339998
0.339998
0.340013
0.340018
0.340023
0.340023
0.340027
0.340036
0.340036
0.340036
0.340036
0.340172
0.340172
0.340172
0.340172
0.340172
0.340172
0.340124
0.340124
0.340130
0.340140
0.340140
0.340155
0.340155
0.340157
0.340162
0.340165
0.340165
0.340172
0.340172
0.340172
0.340174
0.340174
0.340174
0.340174
0.340174
0.340188
0.340188
0.340188
0.340190
0.340190
0.340190
0.340190
0.340195
0.340195
0.340195
0.340195
0.340202
0.340203
0.340203
0.340245
0.340251
0.340251
0.340251
0.340251
0.340251
0.340251
0.340251
0.340254
0.340254
0.340256
0.340268
0.340268
0.340268
0.340268
0.340268
0.340268
0.340320
0.340320
0.340321
0.340321
0.340341
0.340341
0.340341
0.340341
0.340341
0.340341
0.340341
0.340341
0.340344
0.340345
0.340345
0.340345
0.340281
0.340283
0.340283
0.340310
0.340310
0.340317
0.340317
0.340317
0.340317
0.340329
0.340329
0.340332
0.340332
0.340332
0.340332
0.340333
0.340333
0.340333
0.340333
0.340333
0.340334
0.340334
0.340346
0.340346
0.340346
0.340346
0.340363
0.340363
0.340363
0.340363
0.340366
0.340366
0.340366
0.340366
0.340377
0.340377
0.340397
0.340397
0.340397
0.340397
0.340400
0.340411
0.340411
0.340418
0.340418
0.340418
0.340419
0.340419
0.340419
0.340419
0.340419
0.340419
0.340419
0.340419
0.340419
0.340425
0.340425
0.340425
0.340429
0.340482
0.340482
0.340482
0.340482
0.340482
0.340482
0.340482
0.340482
0.340482
0.340482
0.340509
0.340509
0.340509
0.340509
0.340493
0.340498
0.340503
0.340514
0.340514
0.340514
0.340517
0.340517
0.340517
0.340517
0.340517
0.340517
0.340517
0.340517
0.340517
0.340526
0.340526
0.340530
0.340543
0.340566
0.340566
0.340566
0.340566
0.340568
0.340568
0.340570
0.340570
0.340570
0.340570
0.340570
0.340574
0.340574
0.340574
0.340584
0.340584
0.340584
0.340584
0.340584
0.340584
0.340584
0.340584
0.340587
0.340587
0.340592
0.340592
0.340592
0.340592
0.340592
0.340592
0.340607
0.340612
0.340612
0.340615
0.340615
0.340615
0.340615
0.340615
0.340664
0.340664
0.340666
0.340666
0.340666
0.340666
0.340666
0.340667
0.340667
0.340667
0.340667
0.340667
0.340667
0.340667
0.340667
0.340667
0.340667
0.340667
0.340667
0.340667
0.340811
0.340811
0.340811
0.340811
0.340811
0.340811
0.340859
0.340859
0.340862
0.340862
0.340862
0.340866
0.340866
0.340866
0.340857
0.340857
0.340793
0.340793
0.340793
0.340793
0.340795
0.340830
0.340836
0.340836
0.340836
0.340836
0.340836
0.340837
0.340843
0.340843
0.340843
0.340843
0.340843
0.340843
0.340843
0.340843
0.340843
0.340844
0.340860
0.340860
0.340860
0.340864
0.340869
0.340869
0.340869
0.340869
0.340869
0.340869
0.340870
0.340870
0.340871
0.340871
0.340871
0.340878
0.340878
0.340890
0.340890
0.340890
0.340890
0.340890
0.340890
0.340890
0.340890
0.340890
0.340890
0.340890
0.340901
0.340901
0.340901
0.340908
0.340908
0.340908
0.340909
0.340909
0.340919
0.340919
0.340919
0.340919
0.340919
0.340964
0.340964
0.340964
0.340972
0.340951
0.340951
0.340957
0.340957
0.340982
0.340987
0.340996
0.340996
0.340996
0.340987
0.340987
0.340987
0.340987
0.340987
0.340987
0.340987
0.340991
0.340991
0.340991
0.340999
0.340999
0.340999
0.341000
0.341000
0.341007
0.341007
0.341007
0.341013
0.341013
0.341013
0.341013
0.341013
0.341031
0.341031
0.341031
0.341031
0.341034
0.341034
0.341034
0.341034
0.341034
0.341052
0.341052
0.341056
0.341056
0.341056
0.341056
0.341054
0.341054
0.341054
0.341054
0.341054
0.341054
0.341054
0.341122
0.341123
0.341123
0.341123
0.341123
0.341123
0.341129
0.341131
0.341131
0.341136
0.341136
0.341136
0.341136
0.341136
0.341136
0.341137
0.341137
0.341140
0.341140
0.341140
0.341140
0.341140
0.341140
0.341140
0.341140
0.341145
0.341145
0.341145
0.341145
0.341145
0.341145
0.341147
0.341159
0.341159
0.341159
0.341164
0.341189
0.341189
0.341189
0.341189
0.341189
0.341189
0.341218
0.341218
0.341218
0.341218
0.341218
0.341218
0.341218
0.341218
0.341218
0.341218
0.341218
0.341218
0.341218
0.341218
0.341218
0.341218
0.341220
0.341220
0.341220
0.341226
0.341226
0.341226
0.341226
0.341250
0.341250
0.341250
0.341250
0.341250
0.341250
0.341250
0.341270
0.341270
0.341270
0.341275
0.341275
0.341275
0.341275
0.341275
0.341275
0.341275
0.341275
0.341330
0.341330
0.341330
0.341330
0.341332
0.341332
0.341332
0.341333
0.341333
0.341333
0.341334
0.341334
0.341334
0.341334
0.341334
0.341335
0.341340
0.341340
0.341340
0.341340
0.341341
0.341341
0.341341
0.341364
0.341364
0.341390
0.341390
0.341398
0.341398
0.341398
0.341398
0.341427
0.341427
0.341427
0.341427
0.341427
0.341427
0.341427
0.341437
0.341437
0.341437
0.341437
0.341437
0.341437
0.341432
0.341455
0.341453
0.341453
0.341453
0.341453
0.341453
0.341453
0.341453
0.341453
0.341533
0.341533
0.341533
0.341533
0.341533
0.341537
0.341539
0.341539
0.341539
0.341547
0.341547
0.341547
0.341547
0.341547
0.341547
0.341549
0.341549
0.341549
0.341549
0.341549
0.341549
0.341549
0.341549
0.341549
0.341549
0.341559
0.341562
0.341562
0.341562
0.341562
0.341562
0.341562
0.341567
0.341567
0.341574
0.341574
0.341574
0.341574
0.341574
0.341574
0.341574
0.341585
0.341586
0.341590
0.341590
0.341592
0.341523
0.341535
0.341535
0.341535
0.341548
0.341548
0.341548
0.341554
0.341554
0.341554
0.341561
0.341564
0.341564
0.341564
0.341615
0.341615
0.341615
0.341615
0.341615
0.341615
0.341684
0.341690
0.341690
0.341690
0.341648
0.341647
0.341647
0.341656
0.341656
0.341657
0.341657
0.341657
0.341657
0.341657
0.341657
0.341674
0.341681
0.341681
0.341683
0.341683
0.341567
0.341567
0.341567
0.341567
0.341569
0.341569
0.341569
0.341569
0.341569
0.341569
0.341569
0.341569
0.341572
0.341572
0.341599
0.341570
0.341570
0.341570
0.341579
0.341583
0.341583
0.341583
0.341583
0.341585
0.341585
0.341585
0.341585
0.341528
0.341528
0.341528
0.341528
0.341529
0.341529
0.341542
0.341542
0.341542
0.341548
0.341551
0.341551
0.341551
0.341551
0.341551
0.341436
0.341436
0.341437
0.341437
0.341437
0.341474
0.341474
0.341474
0.341474
0.341479
0.341480
0.341480
0.341495
0.341495
0.341495
0.341511
0.341511
0.341511
0.341528
0.341540
0.341484
0.341500
0.341500
0.341500
0.341530
0.341530
0.341530
0.341530
0.341530
0.341530
0.341537
0.341542
0.341546
0.341546
0.341546
0.341546
0.341555
0.341564
0.341564
0.341564
0.341566
0.341566
0.341566
0.341574
0.341574
0.341574
0.341574
0.341574
0.341574
0.341574
0.341574
0.341574
0.341506
0.341506
0.341506
0.341512
0.341512
0.341512
0.341512
0.341512
0.341521
0.341521
0.341521
0.341525
0.341525
0.341525
0.341525
0.341593
0.341504
0.341511
0.341511
0.341511
0.341511
0.341511
0.341514
0.341514
0.341514
0.341514
0.341514
0.341514
0.341514
0.341514
0.341514
0.341517
0.341519
0.341519
0.341519
0.341519
0.341519
0.341519
0.341519
0.341519
0.341519
0.341519
0.341524
0.341524
0.341524
0.341524
0.341524
0.341524
0.341524
0.341524
0.341524
0.341524
0.341540
0.341540
0.341540
0.341540
0.341540
0.341540
0.341540
0.341502
0.341502
0.341502
0.341502
0.341502
0.341503
0.341503
0.341503
0.341518
0.341518
0.341518
0.341518
0.341519
0.341519
0.341519
0.341519
0.341542
0.341546
0.341546
0.341546
0.341546
0.341546
0.341546
0.341546
0.341546
0.341547
0.341547
0.341547
0.341605
0.341587
0.341587
0.341587
0.341587
0.341595
0.341595
0.341595
0.341595
0.341595
0.341595
0.341595
0.341595
0.341595
0.341595
0.341595
0.341595
0.341595
0.341595
0.341595
0.341595
0.341596
0.341596
0.341596
0.341592
0.341592
0.341592
0.341594
0.341606
0.341606
0.341606
0.341606
0.341614
0.341614
0.341616
0.341616
0.341616
0.341616
0.341616
0.341698
0.341698
0.341713
0.341720
0.341720
0.341720
0.341720
0.341720
0.341720
0.341720
0.341720
0.341720
0.341720
0.341720
0.341720
0.341726
0.341726
0.341732
0.341732
0.341732
0.341740
0.341744
0.341744
0.341744
0.341744
0.341744
0.341744
0.341744
0.341744
0.341744
0.341744
0.341803
0.341803
0.341808
0.341808
0.341808
0.341808
0.341808
0.341811
0.341814
0.341814
0.341814
0.341814
0.341814
0.341820
0.341820
0.341820
0.341848
0.341848
0.341851
0.341851
0.341851
0.341851
0.341851
0.341851
0.341851
0.341851
0.341851
0.341860
0.341874
0.341898
0.341898
0.341898
0.341898
0.341898
0.341898
0.341898
0.341898
0.341898
0.341898
0.341905
0.341905
0.341905
0.341905
0.341905
0.341922
0.341922
0.341925
0.341927
0.341927
0.341927
0.341927
0.341927
0.341927
0.341927
0.341927
0.341927
0.341927
0.341927
0.341927
0.341933
0.341933
0.341933
0.341943
0.341943
0.341943
0.341943
0.341943
0.341943
0.341943
0.341943
0.341943
0.341943
0.341943
0.341943
0.341943
0.341943
0.341943
0.341943
0.341948
0.341948
0.341948
0.341948
0.341948
0.341948
0.341948
0.341950
0.341952
0.341955
0.341955
0.341955
0.341955
0.341955
0.341955
0.342000
0.342000
0.342000
0.342004
0.342004
0.342005
0.342005
0.342013
0.342013
0.342013
0.342018
0.342019
0.342019
0.342019
0.342032
0.342035
0.342040
0.342047
0.342047
0.342047
0.342047
0.342049
0.342049
0.342050
0.342050
0.342043
0.342051
0.342051
0.342051
0.342051
0.342051
0.342051
0.342051
0.342052
0.342052
0.342052
0.342057
0.342057
0.342061
0.342061
0.342061
0.342066
0.342066
0.342066
0.342066
0.342066
0.342067
0.342067
0.342068
0.342068
0.342068
0.342068
0.342068
0.342047
0.342047
0.342047
0.342047
0.342047
0.342047
0.342049
0.342049
0.342049
0.342049
0.342029
0.342029
0.342029
0.342029
0.342029
0.342029
0.342029
0.342029
0.342029
0.342029
0.342029
0.342029
0.342029
0.342032
0.342032
0.342032
0.342035
0.342035
0.342045
0.342045
0.342045
0.342045
0.342045
0.342045
0.342045
0.342045
0.342045
0.342045
0.342045
0.342045
0.342086
0.342086
0.342086
0.342086
0.342086
0.342096
0.342096
0.342096
0.342096
0.342139
0.342139
0.342139
0.342139
0.342139
0.342139
0.342139
0.342139
0.342139
0.342139
0.342139
0.342139
0.342174
0.342174
0.342178
0.342178
0.342079
0.342079
0.342079
0.342079
0.342079
0.342079
0.342079
0.342079
0.342078
0.342078
0.342083
0.342083
0.342083
0.342083
0.342083
0.342083
0.342083
0.342083
0.342083
0.342097
0.342097
0.342097
0.342097
0.342097
0.342097
0.342097
0.342097
0.342097
0.342097
0.342097
0.342098
0.342098
0.342098
0.342098
0.342098
0.342100
0.342100
0.342100
0.342102
0.342130
0.342130
0.342130
0.342130
0.342130
0.342130
0.342130
0.342130
0.342130
0.342130
0.342130
0.342130
0.342130
0.342130
0.342130
0.342130
0.342141
0.342144
0.342144
0.342144
0.342144
0.342144
0.342145
0.342145
0.342145
0.342145
0.342145
0.342145
0.342150
0.342152
0.342209
0.342209
0.342209
0.342209
0.342209
0.342211
0.342216
0.342216
0.342219
0.342219
0.342219
0.342219
0.342219
0.342219
0.342219
0.342219
0.342219
0.342224
0.342224
0.342226
0.342232
0.342232
0.342232
0.342232
0.342232
0.342232
0.342255
0.342254
0.342254
0.342254
0.342254
0.342254
0.342254
0.342254
0.342254
0.342254
0.342254
0.342254
0.342258
0.342280
0.342272
0.342272
0.342272
0.342272
0.342272
0.342272
0.342216
0.342216
0.342216
0.342186
0.342186
0.342186
0.342190
0.342190
0.342190
0.342190
0.342194
0.342194
0.342207
0.342208
0.342208
0.342208
0.342216
0.342216
0.342216
0.342216
0.342216
0.342216
0.342216
0.342216
0.342216
0.342216
0.342216
0.342216
0.342216
0.342216
0.342313
0.342313
0.342313
0.342437
0.342438
0.342440
0.342449
0.342449
0.342449
0.342449
0.342568
0.342568
0.342569
0.342569
0.342571
0.342571
0.342589
0.342598
0.342616
0.342616
0.342616
0.342616
0.342616
0.342621
0.342621
0.342624
0.342624
0.342624
0.342624
0.342625
0.342625
0.342625
0.342625
0.342632
0.342632
0.342633
0.342633
0.342633
0.342633
0.342633
0.342634
0.342634
0.342638
0.342638
0.342638
0.342650
0.342706
0.342706
0.342706
0.342733
0.342740
0.342740
0.342741
0.342780
0.342780
0.342796
0.342796
0.342796
0.342796
0.342801
0.342801
0.342805
0.342811
0.342815
0.342815
0.342815
0.342815
0.342815
0.342961
0.342974
0.342911
0.342911
0.342911
0.342911
0.342912
0.342912
0.342912
0.342912
0.342914
0.342916
0.342916
0.342916
0.342916
0.342916
0.342920
0.342929
0.342931
0.342931
0.342931
0.342933
0.342925
0.342925
0.342925
0.342929
0.342929
0.342929
0.342929
0.342929
0.342929
0.342886
0.342886
0.342891
0.342896
0.342895
0.342896
0.342896
0.342897
0.342901
0.342901
0.342901
0.342901
0.342901
0.342901
0.342901
0.342905
0.342905
0.342906
0.342906
0.342911
0.342911
0.342911
0.342911
0.342911
0.342911
0.342911
0.342911
0.342914
0.342914
0.342912
0.342912
0.342941
0.342941
0.342942
0.342942
0.342942
0.342937
0.342939
0.342941
0.342941
0.342941
0.342941
0.342944
0.342947
0.342953
0.342953
0.342953
0.342956
0.342958
0.342958
0.342958
0.342958
0.342996
0.342995
0.342995
0.342995
0.342995
0.342995
0.343008
0.343008
0.343022
0.343022
0.343022
0.343022
0.343022
0.343022
0.343027
0.343027
0.343027
0.343027
0.343027
0.343027
0.343030
0.343030
0.343030
0.343032
0.343032
0.343051
0.343051
0.343037
0.343037
0.343037
0.343037
0.343037
0.343039
0.343040
0.343055
0.343055
0.343059
0.343059
0.343063
0.343063
0.343063
0.343063
0.343070
0.343070
0.343070
0.343071
0.343071
0.343074
0.343074
0.343074
0.343074
0.343106
0.343109
0.343109
0.343109
0.343109
0.343109
0.343109
0.343122
0.343122
0.343122
0.343122
0.343122
0.343122
0.343122
0.343140
0.343143
0.343143
0.343143
0.343143
0.343143
0.343143
0.343143
0.343158
0.343158
0.343158
0.343162
0.343162
0.343150
0.343151
0.343151
0.343151
0.343153
0.343153
0.343153
0.343153
0.343153
0.343174
0.343174
0.343174
0.343174
0.343174
0.343174
0.343175
0.343175
0.343175
0.343193
0.343193
0.343193
0.343199
0.343199
0.343199
0.343199
0.343199
0.343199
0.343201
0.343201
0.343219
0.343219
0.343219
0.343220
0.343220
0.343220
0.343221
0.343221
0.343221
0.343221
0.343221
0.343222
0.343222
0.343222
0.343222
0.343225
0.343225
0.343225
0.343225
0.343225
0.343225
0.343226
0.343226
0.343263
0.343263
0.343263
0.343263
0.343263
0.343263
0.343263
0.343263
0.343263
0.343264
0.343271
0.343271
0.343269
0.343269
0.343269
0.343269
0.343269
0.343269
0.343269
0.343269
0.343269
0.343271
0.343271
0.343271
0.343271
0.343271
0.343271
0.343271
0.343271
0.343271
0.343277
0.343277
0.343281
0.343281
0.343281
0.343281
0.343281
0.343281
0.343281
0.343281
0.343288
0.343319
0.343319
0.343319
0.343319
0.343322
0.343327
0.343327
0.343327
0.343328
0.343328
0.343328
0.343328
0.343328
0.343328
0.343328
0.343338
0.343337
0.343337
0.343337
0.343337
0.343337
0.343348
0.343348
0.343348
0.343348
0.343348
0.343348
0.343374
0.343374
0.343374
0.343374
0.343374
0.343374
0.343374
0.343374
0.343374
0.343374
0.343374
0.343374
0.343374
0.343374
0.343374
0.343374
0.343374
0.343374
0.343374
0.343374
0.343374
0.343378
0.343378
0.343378
0.343362
0.343369
0.343369
0.343369
0.343369
0.343372
0.343372
0.343376
0.343378
0.343382
0.343382
0.343382
0.343383
0.343383
0.343385
0.343385
0.343385
0.343385
0.343385
0.343385
0.343385
0.343386
0.343386
0.343386
0.343386
0.343387
0.343387
0.343387
0.343387
0.343388
0.343388
0.343388
0.343390
0.343390
0.343390
0.343390
0.343390
0.343390
0.343390
0.343390
0.343395
0.343395
0.343397
0.343397
0.343397
0.343397
0.343397
0.343417
0.343417
0.343417
0.343417
0.343417
0.343417
0.343417
0.343417
0.343417
0.343417
0.343417
0.343417
0.343426
0.343426
0.343428
0.343456
0.343456
0.343474
0.343475
0.343475
0.343475
0.343475
0.343700
0.343700
0.343706
0.343706
0.343706
0.343706
0.343706
0.343706
0.343707
0.343711
0.343711
0.343714
0.343714
0.343717
0.343717
0.343717
0.343719
0.343719
0.343719
0.343719
0.343719
0.343719
0.343719
0.343719
0.343719
0.343721
0.343721
0.343721
0.343721
0.343721
0.343721
0.343721
0.343721
0.343721
0.343721
0.343721
0.343721
0.343721
0.343721
0.343721
0.343721
0.343722
0.343722
0.343722
0.343727
0.343727
0.343730
0.343730
0.343730
0.343730
0.343730
0.343730
0.343730
0.343731
0.343731
0.343731
0.343739
0.343742
0.343742
0.343742
0.343745
0.343745
0.343745
0.343747
0.343747
0.343747
0.343747
0.343747
0.343747
0.343747
0.343747
0.343747
0.343747
0.343747
0.343820
0.343820
0.343830
0.343830
0.343830
0.343830
0.343830
0.343688
0.343688
0.343715
0.343739
0.343739
0.343739
0.343739
0.343741
0.343761
0.343761
0.343761
0.343761
0.343764
0.343769
0.343769
0.343769
0.343769
0.343769
0.343769
0.343776
0.343776
0.343779
0.343779
0.343783
0.343783
0.343787
0.343795
0.343795
0.343795
0.343795
0.343795
0.343798
0.343798
0.343798
0.343798
0.343799
0.343799
0.343799
0.343799
0.343801
0.343803
0.343803
0.343803
0.343803
0.343803
0.343803
0.343811
0.343811
0.343813
0.343832
0.343832
0.343832
0.343832
0.343833
0.343837
0.343849
0.343849
0.343849
0.343849
0.343849
0.343852
0.343852
0.343852
0.343855
0.343855
0.343855
0.343855
0.343855
0.343855
0.343855
0.343857
0.343857
0.343857
0.343857
0.343857
0.343857
0.343857
0.343857
0.343858
0.343859
0.343859
0.343859
0.343859
0.343860
0.343860
0.343860
0.343860
0.343860
0.343861
0.343864
0.343864
0.343864
0.343864
0.343864
0.343864
0.343864
0.343868
0.343868
0.343868
0.343862
0.343862
0.343863
0.343863
0.343863
0.343863
0.343863
0.343863
0.343863
0.343863
0.343863
0.343863
0.343863
0.343863
0.343863
0.343863
0.343863
0.343866
0.343866
0.343867
0.343867
0.343874
0.343874
0.343877
0.343877
0.343877
0.343913
0.343913
0.343913
0.343922
0.343977
0.343977
0.343977
0.343977
0.343977
0.343977
0.344058
0.344058
0.344053
0.344053
0.344053
0.344053
0.344056
0.344056
0.344056
0.344056
0.344056
0.344056
0.344077
0.344085
0.344085
0.344085
0.344085
0.344085
0.344085
0.344093
0.344093
0.344093
0.344093
0.344093
0.344093
0.344094
0.344100
0.344107
0.344107
0.344107
0.344110
0.344110
0.344110
0.344110
0.344110
0.344110
0.344110
0.344110
0.344110
0.344110
0.344110
0.344110
0.344110
0.344094
0.344118
0.344119
0.344119
0.344119
0.344119
0.344119
0.344119
0.344119
0.344176
0.344176
0.344176
0.344176
0.344176
0.344179
0.344179
0.344179
0.344179
0.344179
0.344179
0.344179
0.344179
0.344179
0.344179
0.344179
0.344171
0.344171
0.344171
0.344184
0.344184
0.344184
0.344184
0.344184
0.344184
0.344184
0.344184
0.344184
0.344184
0.344184
0.344184
0.344184
0.344188
0.344188
0.344188
0.344201
0.344211
0.344212
0.344212
0.344213
0.344213
0.344213
0.344213
0.344213
0.344213
0.344213
0.344213
0.344214
0.344214
0.344214
0.344214
0.344214
0.344214
0.344214
0.344217
0.344217
0.344217
0.344217
0.344217
0.344218
0.344219
0.344220
0.344220
0.344220
0.344220
0.344230
0.344231
0.344231
0.344231
0.344231
0.344237
0.344237
0.344237
0.344237
0.344238
0.344240
0.344240
0.344240
0.344240
0.344240
0.344240
0.344240
0.344240
0.344240
0.344240
0.344240
0.344242
0.344244
0.344244
0.344244
0.344246
0.344273
0.344273
0.344273
0.344273
0.344273
0.344273
0.344273
0.344273
0.344273
0.344340
0.344340
0.344340
0.344342
0.344342
0.344338
0.344338
0.344338
0.344339
0.344339
0.344339
0.344342
0.344342
0.344342
0.344342
0.344342
0.344348
0.344348
0.344348
0.344348
0.344348
0.344348
0.344348
0.344348
0.344348
0.344406
0.344406
0.344406
0.344406
0.344406
0.344409
0.344409
0.344409
0.344409
0.344416
0.344417
0.344417
0.344417
0.344417
0.344417
0.344419
0.344419
0.344423
0.344427
0.344427
0.344427
0.344427
0.344427
0.344427
0.344427
0.344427
0.344427
0.344427
0.344427
0.344427
0.344427
0.344427
0.344427
0.344427
0.344427
0.344427
0.344433
0.344433
0.344433
0.344433
0.344435
0.344435
0.344435
0.344435
0.344435
0.344440
0.344440
0.344440
0.344440
0.344440
0.344440
0.344440
0.344440
0.344449
0.344449
0.344449
0.344449
0.344449
0.344449
0.344459
0.344459
0.344459
0.344459
0.344459
0.344459
0.344462
0.344462
0.344462
0.344459
0.344459
0.344460
0.344460
0.344460
0.344461
0.344462
0.344460
0.344460
0.344460
0.344461
0.344461
0.344461
0.344461
0.344461
0.344461
0.344461
0.344461
0.344461
0.344461
0.344461
0.344461
0.344461
0.344458
0.344464
0.344464
0.344470
0.344470
0.344470
0.344470
0.344470
0.344470
0.344470
0.344470
0.344470
0.344472
0.344472
0.344472
0.344472
0.344483
0.344483
0.344483
0.344483
0.344483
0.344483
0.344483
0.344487
0.344489
0.344489
0.344489
0.344489
0.344489
0.344489
0.344489
0.344540
0.344540
0.344540
0.344540
0.344540
0.344540
0.344541
0.344547
0.344547
0.344551
0.344551
0.344551
0.344556
0.344556
0.344556
0.344556
0.344560
0.344560
0.344560
0.344560
0.344563
0.344563
0.344563
0.344563
0.344563
0.344563
0.344563
0.344563
0.344563
0.344577
0.344577
0.344577
0.344577
0.344553
0.344536
0.344536
0.344536
0.344536
0.344536
0.344536
0.344536
0.344536
0.344536
0.344536
0.344536
0.344536
0.344536
0.344551
0.344551
0.344551
0.344561
0.344561
0.344561
0.344561
0.344561
0.344561
0.344561
0.344569
0.344576
0.344576
0.344580
0.344585
0.344589
0.344589
0.344595
0.344595
0.344601
0.344602
0.344602
0.344602
0.344602
0.344602
0.344602
0.344602
0.344602
0.344602
0.344611
0.344614
0.344614
0.344615
0.344618
0.344618
0.344618
0.344618
0.344627
0.344627
0.344627
0.344627
0.344629
0.344631
0.344631
0.344631
0.344631
0.344631
0.344631
0.344631
0.344631
0.344631
0.344629
0.344629
0.344629
0.344629
0.344629
0.344629
0.344629
0.344629
0.344630
0.344630
0.344630
0.344630
0.344630
0.344630
0.344641
0.344646
0.344646
0.344646
0.344654
0.344654
0.344654
0.344654
0.344654
0.344657
0.344657
0.344657
0.344657
0.344657
0.344657
0.344660
0.344666
0.344668
0.344602
0.344602
0.344602
0.344602
0.344602
0.344603
0.344603
0.344603
0.344603
0.344603
0.344643
0.344643
0.344645
0.344645
0.344645
0.344645
0.344645
0.344648
0.344648
0.344648
0.344655
0.344655
0.344655
0.344655
0.344655
0.344655
0.344655
0.344655
0.344661
0.344661
0.344661
0.344661
0.344663
0.344663
0.344703
0.344703
0.344704
0.344704
0.344704
0.344704
0.344656
0.344658
0.344658
0.344641
0.344641
0.344641
0.344641
0.344641
0.344641
0.344641
0.344641
0.344647
0.344647
0.344647
0.344647
0.344647
0.344647
0.344647
0.344647
0.344647
0.344647
0.344647
0.344647
0.344647
0.344647
0.344647
0.344647
0.344647
0.344647
0.344647
0.344647
0.344647
0.344654
0.344654
0.344654
0.344654
0.344657
0.344657
0.344657
0.344657
0.344657
0.344657
0.344657
0.344657
0.344657
0.344657
0.344657
0.344657
0.344657
0.344657
0.344658
0.344587
0.344587
0.344587
0.344587
0.344587
0.344587
0.344587
0.344587
0.344587
0.344587
0.344587
0.344587
0.344587
0.344587
0.344587
0.344594
0.344594
0.344594
0.344594
0.344594
0.344594
0.344594
0.344595
0.344595
0.344595
0.344595
0.344595
0.344595
0.344598
0.344598
0.344582
0.344582
0.344582
0.344582
0.344582
0.344582
0.344582
0.344582
0.344582
0.344582
0.344626
0.344626
0.344626
0.344626
0.344626
0.344629
0.344629
0.344629
0.344629
0.344633
0.344633
0.344633
0.344633
0.344633
0.344633
0.344633
0.344633
0.344633
0.344633
0.344607
0.344607
0.344607
0.344607
0.344607
0.344607
0.344607
0.344607
0.344607
0.344612
0.344612
0.344644
0.344644
0.344659
0.344667
0.344668
0.344668
0.344668
0.344668
0.344668
0.344668
0.344668
0.344668
0.344668
0.344668
0.344668
0.344668
0.344668
0.344668
0.344668
0.344668
0.344668
0.344668
0.344668
0.344706
0.344706
0.344706
0.344706
0.344706
0.344706
0.344706
0.344712
0.344712
0.344712
0.344709
0.344709
0.344709
0.344709
0.344709
0.344716
0.344716
0.344716
0.344716
0.344716
0.344716
0.344716
0.344716
0.344716
0.344716
0.344716
0.344716
0.344716
0.344716
0.344722
0.344722
0.344722
0.344722
0.344722
0.344722
0.344722
0.344722
0.344722
0.344722
0.344724
0.344723
0.344723
0.344723
0.344723
0.344723
0.344723
0.344723
0.344723
0.344726
0.344726
0.344726
0.344726
0.344726
0.344726
0.344726
0.344726
0.344726
0.344726
0.344726
0.344728
0.344728
0.344728
0.344728
0.344728
0.344728
0.344728
0.344728
0.344728
0.344728
0.344728
0.344728
0.344728
0.344732
0.344732
0.344734
0.344746
0.344746
0.344746
0.344746
0.344746
0.344746
0.344746
0.344746
0.344746
0.344746
0.344746
0.344746
0.344746
0.344746
0.344746
0.344746
0.344746
0.344746
0.344746
0.344746
0.344745
0.344751
0.344751
0.344751
0.344751
0.344751
0.344751
0.344751
0.344760
0.344760
0.344760
0.344760
0.344771
0.344771
0.344771
0.344771
0.344784
0.344784
0.344784
0.344784
0.344784
0.344784
0.344784
0.344784
0.344784
0.344784
0.344788
0.344788
0.344800
0.344800
0.344800
0.344800
0.344800
0.344800
0.344800
0.344800
0.344800
0.344800
0.344800
0.344800
0.344886
0.344889
0.344889
0.344889
0.344890
0.344892
0.344892
0.344829
0.344829
0.344829
0.344829
0.344830
0.344830
0.344830
0.344835
0.344840
0.344840
0.344840
0.344840
0.344840
0.344843
0.344843
0.344843
0.344843
0.344843
0.344843
0.344843
0.344941
0.344941
0.344941
0.344937
0.344937
0.344937
0.344974
0.344974
0.344978
0.344978
0.344978
0.344978
0.344978
0.344981
0.344981
0.344981
0.344996
0.344996
0.344996
0.344996
0.344996
0.344996
0.344996
0.344996
0.344996
0.344996
0.345000
0.345000
0.345000
0.345000
0.345000
0.345000
0.345000
0.345000
0.345000
0.345000
0.345000
0.345001
0.345001
0.345084
0.345084
0.345084
0.345097
0.345097
0.345125
0.345125
0.345135
0.345135
0.345135
0.345135
0.345135
0.345135
0.345135
0.345135
0.345175
0.345187
0.345187
0.345187
0.345187
0.345187
0.345187
0.345187
0.345187
0.345187
0.345187
0.345187
0.345187
0.345187
0.345188
0.345188
0.345188
0.345188
0.345188
0.345188
0.345188
0.345188
0.345191
0.345191
0.345191
0.345203
0.345203
0.345205
0.345205
0.345205
0.345205
0.345205
0.345205
0.345205
0.345205
0.345205
0.345215
0.345215
0.345215
0.345215
0.345225
0.345225
0.345225
0.345225
0.345225
0.345225
0.345225
0.345225
0.345225
0.345225
0.345225
0.345225
0.345225
0.345225
0.345227
0.345227
0.345227
0.345230
0.345230
0.345230
0.345230
0.345230
0.345232
0.345246
0.345246
0.345246
0.345257
0.345257
0.345257
0.345259
0.345259
0.345259
0.345259
0.345259
0.345259
0.345262
0.345262
0.345262
0.345262
0.345262
0.345282
0.345282
0.345282
0.345282
0.345281
0.345281
0.345281
0.345281
0.345281
0.345281
0.345281
0.345291
0.345291
0.345291
0.345291
0.345291
0.345291
0.345294
0.345297
0.345298
0.345294
0.345294
0.345294
0.345294
0.345294
0.345294
0.345294
0.345311
0.345311
0.345311
0.345311
0.345311
0.345311
0.345311
0.345311
0.345311
0.345313
0.345313
0.345313
0.345313
0.345315
0.345315
0.345315
0.345315
0.345315
0.345315
0.345315
0.345327
0.345327
0.345327
0.345338
0.345338
0.345338
0.345338
0.345315
0.345315
0.345315
0.345317
0.345317
0.345317
0.345317
0.345317
0.345317
0.345317
0.345317
0.345320
0.345320
0.345320
0.345323
0.345323
0.345323
0.345323
0.345173
0.345173
0.345177
0.345177
0.345177
0.345177
0.345177
0.345177
0.345177
0.345177
0.345117
0.345123
0.345123
0.345123
0.345143
0.345143
0.345143
0.345143
0.345144
0.345145
0.345145
0.345151
0.345152
0.345152
0.345160
0.345160
0.345160
0.345160
0.345160
0.345172
0.345172
0.345172
0.345172
0.345172
0.345172
0.345172
0.345172
0.345150
0.345151
0.345151
0.345151
0.345151
0.345151
0.345151
0.345151
0.345150
0.345151
0.345151
0.345151
0.345151
0.345152
0.345152
0.345152
0.345153
0.345166
0.345166
0.345166
0.345166
0.345166
0.345104
0.345104
0.345104
0.345108
0.345119
0.345119
0.345119
0.345119
0.345125
0.345125
0.345125
0.345123
0.345123
0.345123
0.345123
0.345124
0.345124
0.345124
0.345124
0.345124
0.345124
0.345124
0.345124
0.345144
0.345144
0.345144
0.345144
0.345144
0.345144
0.345144
0.345144
0.345144
0.345144
0.345145
0.345145
0.345145
0.345145
0.345147
0.345147
0.345147
0.345147
0.345147
0.345147
0.345149
0.345149
0.345149
0.345149
0.345149
0.345151
0.345151
0.345151
0.345151
0.345151
0.345149
0.345149
0.345152
0.345152
0.345152
0.345152
0.345152
0.345158
0.345158
0.345158
0.345158
0.345158
0.345159
0.345159
0.345231
0.345231
0.345231
0.345231
0.345231
0.345233
0.345233
0.345236
0.345236
0.345236
0.345236
0.345236
0.345240
0.345240
0.345240
0.345240
0.345240
0.345240
0.345240
0.345240
0.345245
0.345245
0.345245
0.345245
0.345245
0.345248
0.345248
0.345255
0.345255
0.345255
0.345255
0.345255
0.345255
0.345255
0.345266
0.345266
0.345266
0.345266
0.345261
0.345261
0.345261
0.345261
0.345261
0.345261
0.345261
0.345269
0.345269
0.345269
0.345269
0.345269
0.345269
0.345269
0.345269
0.345269
0.345269
0.345270
0.345270
0.345270
0.345270
0.345270
0.345270
0.345270
0.345270
0.345270
0.345270
0.345270
0.345271
0.345271
0.345271
0.345271
0.345263
0.345263
0.345263
0.345263
0.345263
0.345263
0.345263
0.345263
0.345263
0.345263
0.345263
0.345266
0.345266
0.345266
0.345266
0.345266
0.345266
0.345270
0.345273
0.345287
0.345287
0.345287
0.345287
0.345287
0.345287
0.345287
0.345287
0.345287
0.345287
0.345289
0.345293
0.345293
0.345293
0.345293
0.345293
0.345293
0.345293
0.345293
0.345293
0.345293
0.345293
0.345293
0.345300
0.345300
0.345300
0.345302
0.345302
0.345302
0.345302
0.345302
0.345302
0.345302
0.345302
0.345302
0.345302
0.345302
0.345302
0.345302
0.345302
0.345302
0.345302
0.345302
0.345302
0.345302
0.345302
0.345302
0.345303
0.345303
0.345303
0.345303
0.345303
0.345303
0.345303
0.345303
0.345315
0.345315
0.345334
0.345334
0.345335
0.345335
0.345335
0.345335
0.345335
0.345339
0.345339
0.345339
0.345339
0.345340
0.345340
0.345340
0.345340
0.345340
0.345340
0.345340
0.345340
0.345340
0.345340
0.345342
0.345342
0.345342
0.345342
0.345351
0.345351
0.345351
0.345381
0.345381
0.345381
0.345381
0.345381
0.345381
0.345428
0.345428
0.345428
0.345428
0.345428
0.345429
0.345384
0.345381
0.345381
0.345381
0.345381
0.345384
0.345394
0.345378
0.345378
0.345399
0.345404
0.345404
0.345404
0.345404
0.345404
0.345404
0.345404
0.345404
0.345404
0.345404
0.345404
0.345404
0.345404
0.345404
0.345404
0.345406
0.345406
0.345406
0.345406
0.345406
0.345406
0.345406
0.345406
0.345406
0.345406
0.345406
0.345406
0.345420
0.345445
0.345445
0.345447
0.345447
0.345447
0.345447
0.345447
0.345447
0.345447
0.345447
0.345447
0.345451
0.345451
0.345451
0.345451
0.345451
0.345451
0.345451
0.345451
0.345451
0.345469
0.345469
0.345469
0.345480
0.345482
0.345482
0.345482
0.345483
0.345483
0.345483
0.345483
0.345483
0.345483
0.345483
0.345483
0.345483
0.345483
0.345483
0.345488
0.345488
0.345528
0.345532
0.345532
0.345531
0.345531
0.345531
0.345531
0.345531
0.345534
0.345534
0.345538
0.345538
0.345538
0.345538
0.345538
0.345538
0.345538
0.345538
0.345539
0.345539
0.345539
0.345539
0.345538
0.345538
0.345538
0.345538
0.345544
0.345544
0.345544
0.345544
0.345544
0.345544
0.345544
0.345544
0.345545
0.345547
0.345547
0.345551
0.345551
0.345551
0.345551
0.345551
0.345551
0.345563
0.345563
0.345563
0.345563
0.345563
0.345563
0.345566
0.345615
0.345620
0.345620
0.345620
0.345620
0.345620
0.345620
0.345620
0.345686
0.345686
0.345691
0.345691
0.345681
0.345681
0.345681
0.345681
0.345681
0.345703
0.345703
0.345705
0.345706
0.345706
0.345712
0.345712
0.345713
0.345713
0.345713
0.345713
0.345713
0.345713
0.345713
0.345716
0.345716
0.345717
0.345717
0.345717
0.345717
0.345715
0.345715
0.345715
0.345715
0.345715
0.345715
0.345715
0.345726
0.345726
0.345726
0.345726
0.345726
0.345731
0.345731
0.345733
0.345733
0.345747
0.345747
0.345747
0.345760
0.345797
0.345809
0.345809
0.345811
0.345811
0.345811
0.345814
0.345814
0.345814
0.345814
0.345814
0.345814
0.345814
0.345814
0.345814
0.345814
0.345814
0.345814
0.345812
0.345812
0.345815
0.345815
0.345819
0.345819
0.345820
0.345820
0.345820
0.345820
0.345820
0.345820
0.345789
0.345789
0.345789
0.345789
0.345789
0.345789
0.345789
0.345789
0.345796
0.345796
0.345796
0.345796
0.345796
0.345796
0.345796
0.345796
0.345797
0.345797
0.345801
0.345801
0.345801
0.345801
0.345801
0.345801
0.345801
0.345809
0.345808
0.345810
0.345810
0.345810
0.345810
0.345815
0.345819
0.345819
0.345819
0.345819
0.345819
0.345822
0.345822
0.345822
0.345822
0.345827
0.345827
0.345831
0.345831
0.345831
0.345837
0.345837
0.345837
0.345839
0.345839
0.345849
0.345849
0.345849
0.345849
0.345855
0.345855
0.345855
0.345855
0.345849
0.345857
0.345858
0.345858
0.345868
0.345868
0.345868
0.345870
0.345870
0.345870
0.345870
0.345873
0.345873
0.345873
0.345873
0.345873
0.345873
0.345873
0.345873
0.345873
0.345873
0.345851
0.345852
0.345852
0.345852
0.345852
0.345852
0.345852
0.345858
0.345858
0.345858
0.345858
0.345858
0.345858
0.345858
0.345858
0.345858
0.345891
0.345891
0.345891
0.345891
0.345895
0.345895
0.345895
0.345895
0.345895
0.345895
0.345895
0.345895
0.345895
0.345895
0.345895
0.345895
0.345895
0.345901
0.345901
0.345901
0.345901
0.345902
0.345902
0.345902
0.345902
0.345902
0.345902
0.345902
0.345902
0.345904
0.345904
0.345904
0.345904
0.345904
0.345904
0.345904
0.345904
0.345904
0.345904
0.345904
0.345904
0.345904
0.345904
0.345904
0.345904
0.345904
0.345904
0.345904
0.345904
0.345904
0.345904
0.345904
0.345904
0.345904
0.345917
0.345917
0.345917
0.345917
0.345917
0.345917
0.345917
0.345917
0.345917
0.345917
0.345922
0.345922
0.345922
0.345922
0.345922
0.345922
0.345922
0.345922
0.345922
0.345923
0.345925
0.345925
0.345925
0.345925
0.345924
0.345924
0.345946
0.345928
0.345928
0.345928
0.345928
0.345928
0.345928
0.345928
0.345928
0.345928
0.345929
0.345929
0.345929
0.345930
0.345930
0.345930
0.345931
0.345931
0.345931
0.345940
0.345940
0.345941
0.345941
0.345941
0.345941
0.345941
0.345972
0.345972
0.346043
0.346043
0.346043
0.346043
0.346043
0.346043
0.346043
0.346043
0.346043
0.346045
0.346045
0.346056
0.346056
0.346059
0.346059
0.346059
0.346059
0.346059
0.346042
0.346042
0.346042
0.346047
0.346047
0.346047
0.346047
0.346047
0.346047
0.346047
0.346047
0.346047
0.346047
0.346047
0.346087
0.346087
0.346087
0.346087
0.346087
0.346090
0.346090
0.346090
0.346090
0.346090
0.346090
0.346090
0.346090
0.346090
0.346090
0.346090
0.346097
0.346097
0.346097
0.346097
0.346101
0.346101
0.346101
0.346103
0.346103
0.346103
0.346116
0.346116
0.346116
0.346116
0.346116
0.346116
0.346116
0.346116
0.346116
0.346116
0.346116
0.346214
0.346214
0.346214
0.346214
0.346214
0.346214
0.346214
0.346214
0.346214
0.346215
0.346215
0.346220
0.346220
0.346222
0.346222
0.346222
0.346222
0.346222
0.346227
0.346227
0.346227
0.346235
0.346235
0.346237
0.346237
0.346237
0.346237
0.346240
0.346240
0.346240
0.346240
0.346240
0.346240
0.346240
0.346243
0.346243
0.346244
0.346247
0.346263
0.346263
0.346263
0.346244
0.346244
0.346244
0.346244
0.346244
0.346245
0.346245
0.346245
0.346245
0.346252
0.346252
0.346252
0.346258
0.346258
0.346258
0.346258
0.346258
0.346258
0.346289
0.346289
0.346289
0.346289
0.346289
0.346289
0.346289
0.346289
0.346289
0.346290
0.346289
0.346299
0.346299
0.346300
0.346300
0.346300
0.346300
0.346300
0.346300
0.346300
0.346300
0.346300
0.346300
0.346300
0.346300
0.346300
0.346300
0.346300
0.346300
0.346300
0.346300
0.346301
0.346302
0.346302
0.346302
0.346302
0.346302
0.346302
0.346302
0.346302
0.346302
0.346302
0.346302
0.346302
0.346305
0.346307
0.346307
0.346307
0.346307
0.346307
0.346309
0.346309
0.346309
0.346309
0.346309
0.346309
0.346309
0.346309
0.346309
0.346309
0.346309
0.346310
0.346310
0.346310
0.346310
0.346334
0.346334
0.346334
0.346334
0.346334
0.346370
0.346370
0.346375
0.346378
0.346378
0.346378
0.346378
0.346378
0.346378
0.346378
0.346378
0.346378
0.346378
0.346379
0.346386
0.346386
0.346386
0.346386
0.346386
0.346386
0.346363
0.346363
0.346363
0.346363
0.346363
0.346363
0.346363
0.346365
0.346365
0.346383
0.346388
0.346392
0.346392
0.346392
0.346392
0.346398
0.346398
0.346398
0.346399
0.346403
0.346403
0.346403
0.346403
0.346403
0.346409
0.346409
0.346409
0.346409
0.346416
0.346416
0.346416
0.346416
0.346416
0.346416
0.346416
0.346416
0.346416
0.346419
0.346419
0.346419
0.346419
0.346419
0.346419
0.346419
0.346419
0.346419
0.346426
0.346426
0.346428
0.346428
0.346430
0.346430
0.346430
0.346430
0.346430
0.346430
0.346430
0.346430
0.346437
0.346450
0.346450
0.346449
0.346449
0.346449
0.346449
0.346452
0.346455
0.346455
0.346455
0.346462
0.346462
0.346462
0.346465
0.346473
0.346473
0.346473
0.346473
0.346476
0.346477
0.346477
0.346477
0.346477
0.346477
0.346477
0.346477
0.346477
0.346477
0.346477
0.346479
0.346479
0.346474
0.346474
0.346475
0.346475
0.346475
0.346475
0.346475
0.346475
0.346475
0.346475
0.346475
0.346475
0.346475
0.346475
0.346475
0.346475
0.346475
0.346475
0.346475
0.346475
0.346475
0.346475
0.346475
0.346475
0.346475
0.346477
0.346477
0.346477
0.346477
0.346477
0.346477
0.346477
0.346477
0.346477
0.346477
0.346477
0.346477
0.346483
0.346483
0.346483
0.346483
0.346483
0.346483
0.346483
0.346483
0.346483
0.346483
0.346483
0.346483
0.346483
0.346483
0.346483
0.346483
0.346483
0.346483
0.346484
0.346484
0.346484
0.346484
0.346484
0.346485
0.346485
0.346485
0.346485
0.346485
0.346489
0.346490
0.346490
0.346490
0.346490
0.346495
0.346495
0.346495
0.346495
0.346495
0.346495
0.346495
0.346495
0.346495
0.346502
0.346502
0.346506
0.346506
0.346511
0.346511
0.346519
0.346519
0.346519
0.346519
0.346519
0.346519
0.346519
0.346519
0.346519
0.346519
0.346519
0.346528
0.346528
0.346536
0.346536
0.346536
0.346539
0.346539
0.346553
0.346553
0.346553
0.346553
0.346553
0.346762
0.346762
0.346762
0.346762
0.346762
0.346762
0.346762
0.346762
0.346762
0.346762
0.346762
0.346780
0.346780
0.346781
0.346781
0.346781
0.346781
0.346781
0.346784
0.346784
0.346787
0.346787
0.346793
0.346795
0.346796
0.346796
0.346796
0.346796
0.346796
0.346796
0.346796
0.346796
0.346805
0.346805
0.346805
0.346805
0.346805
0.346806
0.346806
0.346806
0.346806
0.346806
0.346763
0.346763
0.346763
0.346763
0.346716
0.346716
0.346716
0.346716
0.346716
0.346716
0.346716
0.346716
0.346716
0.346716
0.346759
0.346759
0.346764
0.346764
0.346771
0.346778
0.346778
0.346778
0.346778
0.346779
0.346779
0.346779
0.346791
0.346791
0.346791
0.346791
0.346791
0.346791
0.346791
0.346791
0.346791
0.346791
0.346705
0.346705
0.346705
0.346705
0.346705
0.346705
0.346705
0.346705
0.346705
0.346705
0.346707
0.346707
0.346707
0.346707
0.346707
0.346707
0.346707
0.346707
0.346707
0.346706
0.346706
0.346566
0.346566
0.346566
0.346566
0.346566
0.346571
0.346571
0.346571
0.346571
0.346571
0.346571
0.346571
0.346571
0.346571
0.346571
0.346571
0.346574
0.346574
0.346574
0.346574
0.346574
0.346574
0.346577
0.346577
0.346577
0.346580
0.346580
0.346580
0.346580
0.346580
0.346580
0.346580
0.346580
0.346580
0.346592
0.346592
0.346592
0.346592
0.346592
0.346592
0.346592
0.346592
0.346593
0.346593
0.346593
0.346602
0.346602
0.346602
0.346602
0.346602
0.346602
0.346602
0.346607
0.346607
0.346607
0.346607
0.346608
0.346608
0.346608
0.346608
0.346608
0.346613
0.346613
0.346613
0.346613
0.346613
0.346613
0.346617
0.346631
0.346631
0.346631
0.346632
0.346632
0.346632
0.346632
0.346632
0.346632
0.346632
0.346632
0.346632
0.346634
0.346635
0.346635
0.346635
0.346635
0.346635
0.346635
0.346742
0.346742
0.346742
0.346742
0.346742
0.346744
0.346744
0.346744
0.346744
0.346744
0.346744
0.346744
0.346744
0.346744
0.346744
0.346748
0.346748
0.346750
0.346750
0.346750
0.346760
0.346760
0.346851
0.346851
0.346855
0.346855
0.346855
0.346855
0.346855
0.346863
0.346865
0.346865
0.346865
0.346868
0.346881
0.346881
0.346882
0.346882
0.346882
0.346882
0.346882
0.346882
0.346882
0.346883
0.346884
0.346884
0.346919
0.346922
0.346922
0.346922
0.346922
0.346922
0.346922
0.346922
0.346922
0.346922
0.346922
0.346922
0.346922
0.346922
0.346922
0.346922
0.346922
0.346922
0.346922
0.346922
0.346939
0.346939
0.346939
0.346939
0.346939
0.346939
0.346940
0.346940
0.346956
0.346956
0.346956
0.346956
0.346985
0.346985
0.346985
0.346985
0.346985
0.346985
0.346985
0.346986
0.346986
0.346986
0.346986
0.346986
0.346986
0.346986
0.346986
0.346996
0.346996
0.346996
0.346996
0.346967
0.346967
0.346967
0.346967
0.346967
0.346967
0.346994
0.346994
0.346987
0.346987
0.346987
0.346987
0.346985
0.346985
0.346985
0.346985
0.346980
0.346980
0.346980
0.346980
0.346980
0.346980
0.346980
0.346992
0.346992
0.346992
0.346992
0.346992
0.346992
0.346995
0.347001
0.347001
0.347001
0.347001
0.347001
0.347001
0.347007
0.347007
0.347007
0.347007
0.347007
0.347007
0.347007
0.347012
0.347017
0.347017
0.347026
0.347029
0.347029
0.347029
0.347029
0.347029
0.347029
0.347030
0.347030
0.347030
0.347030
0.347030
0.347058
0.347058
0.347058
0.347058
0.347058
0.347062
0.347067
0.347073
0.347073
0.347073
0.347073
0.347073
0.347073
0.347073
0.347073
0.347073
0.347073
0.347073
0.347073
0.347073
0.347073
0.347073
0.347073
0.347073
0.347073
0.347073
0.347073
0.347073
0.347061
0.347074
0.347074
0.347074
0.347074
0.347074
0.347074
0.347075
0.347075
0.347075
0.347075
0.347075
0.347075
0.347077
0.347080
0.347080
0.347080
0.347080
0.347080
0.347080
0.347080
0.347084
0.347084
0.347089
0.347089
0.347090
0.347090
0.347090
0.347090
0.347090
0.347090
0.347090
0.347090
0.347090
0.347090
0.347090
0.347095
0.347095
0.347095
0.347095
0.347095
0.347095
0.347095
0.347095
0.347101
0.347101
0.347105
0.347105
0.347105
0.347105
0.347105
0.347110
0.347110
0.347110
0.347112
0.347112
0.347112
0.347112
0.347112
0.347112
0.347114
0.347257
0.347257
0.347257
0.347257
0.347260
0.347260
0.347260
0.347260
0.347260
0.347260
0.347260
0.347260
0.347260
0.347260
0.347260
0.347261
0.347261
0.347261
0.347261
0.347266
0.347266
0.347266
0.347266
0.347266
0.347266
0.347266
0.347266
0.347266
0.347266
0.347266
0.347266
0.347267
0.347268
0.347268
0.347268
0.347268
0.347268
0.347268
0.347277
0.347277
0.347277
0.347277
0.347277
0.347277
0.347277
0.347277
0.347277
0.347277
0.347277
0.347277
0.347277
0.347277
0.347298
0.347298
0.347298
0.347298
0.347303
0.347303
0.347303
0.347303
0.347303
0.347303
0.347303
0.347312
0.347312
0.347312
0.347312
0.347315
0.347315
0.347325
0.347325
0.347317
0.347317
0.347320
0.347324
0.347374
0.347380
0.347380
0.347380
0.347385
0.347385
0.347385
0.347385
0.347388
0.347388
0.347388
0.347388
0.347391
0.347391
0.347352
0.347361
0.347361
0.347361
0.347361
0.347361
0.347361
0.347362
0.347362
0.347362
0.347362
0.347362
0.347362
0.347362
0.347362
0.347362
0.347362
0.347362
0.347359
0.347357
0.347357
0.347357
0.347357
0.347357
0.347358
0.347358
0.347358
0.347324
0.347324
0.347324
0.347326
0.347327
0.347327
0.347328
0.347328
0.347328
0.347328
0.347328
0.347328
0.347328
0.347328
0.347328
0.347328
0.347353
0.347353
0.347353
0.347353
0.347353
0.347353
0.347355
0.347355
0.347361
0.347361
0.347361
0.347360
0.347438
0.347438
0.347441
0.347441
0.347441
0.347442
0.347442
0.347442
0.347456
0.347456
0.347456
0.347456
0.347459
0.347466
0.347466
0.347466
0.347466
0.347466
0.347466
0.347466
0.347466
0.347466
0.347466
0.347466
0.347478
0.347478
0.347478
0.347478
0.347478
0.347500
0.347500
0.347500
0.347500
0.347500
0.347500
0.347500
0.347500
0.347500
0.347500
0.347500
0.347500
0.347500
0.347500
0.347500
0.347500
0.347500
0.347500
0.347500
0.347500
0.347502
0.347508
0.347508
0.347508
0.347508
0.347508
0.347508
0.347508
0.347508
0.347508
0.347510
0.347510
0.347510
0.347510
0.347510
0.347510
0.347511
0.347518
0.347517
0.347517
0.347517
0.347517
0.347518
0.347518
0.347517
0.347519
0.347520
0.347520
0.347520
0.347520
0.347520
0.347520
0.347520
0.347520
0.347520
0.347544
0.347544
0.347544
0.347546
0.347546
0.347553
0.347553
0.347553
0.347553
0.347553
0.347553
0.347553
0.347553
0.347553
0.347553
0.347553
0.347553
0.347553
0.347584
0.347584
0.347588
0.347591
0.347591
0.347591
0.347591
0.347591
0.347601
0.347601
0.347601
0.347601
0.347601
0.347602
0.347602
0.347619
0.347619
0.347619
0.347619
0.347622
0.347640
0.347640
0.347640
0.347640
0.347640
0.347640
0.347640
0.347640
0.347640
0.347640
0.347640
0.347641
0.347641
0.347641
0.347641
0.347641
0.347641
0.347641
0.347641
0.347641
0.347641
0.347641
0.347641
0.347641
0.347643
0.347643
0.347680
0.347680
0.347680
0.347680
0.347680
0.347680
0.347680
0.347680
0.347685
0.347685
0.347685
0.347685
0.347685
0.347685
0.347691
0.347691
0.347691
0.347691
0.347691
0.347691
0.347691
0.347691
0.347691
0.347691
0.347691
0.347691
0.347691
0.347691
0.347691
0.347691
0.347691
0.347693
0.347693
0.347693
0.347693
0.347693
0.347693
0.347693
0.347693
0.347693
0.347708
0.347711
0.347715
0.347715
0.347715
0.347715
0.347715
0.347715
0.347715
0.347715
0.347715
0.347715
0.347715
0.347715
0.347715
0.347715
0.347715
0.347715
0.347725
0.347725
0.347743
0.347743
0.347774
0.347774
0.347774
0.347774
0.347774
0.347777
0.347777
0.347781
0.347781
0.347781
0.347781
0.347783
0.347791
0.347791
0.347791
0.347791
0.347791
0.347791
0.347791
0.347794
0.347794
0.347794
0.347794
0.347794
0.347794
0.347794
0.347795
0.347795
0.347798
0.347798
0.347798
0.347798
0.347798
0.347798
0.347813
0.347812
0.347812
0.347812
0.347813
0.347813
0.347813
0.347813
0.347813
0.347813
0.347813
0.347813
0.347813
0.347822
0.347830
0.347830
0.347830
0.347830
0.347830
0.347800
0.347800
0.347800
0.347800
0.347800
0.347800
0.347800
0.347801
0.347801
0.347804
0.347804
0.347804
0.347804
0.347804
0.347804
0.347804
0.347804
0.347804
0.347804
0.347804
0.347804
0.347804
0.347804
0.347804
0.347805
0.347803
0.347803
0.347803
0.347803
0.347803
0.347768
0.347768
0.347768
0.347768
0.347768
0.347768
0.347768
0.347779
0.347779
0.347779
0.347779
0.347779
0.347779
0.347779
0.347779
0.347779
0.347779
0.347794
0.347795
0.347752
0.347752
0.347754
0.347754
0.347761
0.347761
0.347762
0.347774
0.347774
0.347778
0.347778
0.347784
0.347784
0.347784
0.347784
0.347786
0.347787
0.347787
0.347787
0.347787
0.347787
0.347787
0.347787
0.347787
0.347787
0.347787
0.347787
0.347793
0.347793
0.347793
0.347793
0.347794
0.347795
0.347795
0.347795
0.347795
0.347795
0.347809
0.347809
0.347809
0.347809
0.347809
0.347809
0.347818
0.347818
0.347819
0.347819
0.347819
0.347819
0.347819
0.347819
0.347819
0.347819
0.347821
0.347821
0.347821
0.347821
0.347831
0.347835
0.347839
0.347839
0.347839
0.347839
0.347839
0.347839
0.347845
0.347845
0.347845
0.347847
0.347856
0.347856
0.347856
0.347859
0.347859
0.347859
0.347859
0.347866
0.347866
0.347866
0.347866
0.347866
0.347866
0.347866
0.347866
0.347866
0.347866
0.347860
0.347860
0.347860
0.347860
0.347868
0.347870
0.347870
0.347870
0.347870
0.347870
0.347869
0.347869
0.347869
0.347869
0.347869
0.347869
0.347869
0.347869
0.347872
0.347874
0.347874
0.347874
0.347875
0.347875
0.347875
0.347875
0.347884
0.347884
0.347884
0.347884
0.347884
0.347884
0.347884
0.347884
0.347884
0.347884
0.347884
0.347884
0.347884
0.347886
0.347903
0.347791
0.347791
0.347791
0.347791
0.347791
0.347791
0.347791
0.347791
0.347791
0.347772
0.347772
0.347781
0.347781
0.347819
0.347819
0.347819
0.347819
0.347819
0.347819
0.347819
0.347821
0.347821
0.347821
0.347822
0.347822
0.347822
0.347822
0.347822
0.347824
0.347824
0.347824
0.347824
0.347824
0.347824
0.347824
0.347824
0.347824
0.347825
0.347825
0.347825
0.347825
0.347825
0.347828
0.347828
0.347828
0.347844
0.347844
0.347844
0.347844
0.347844
0.347844
0.347844
0.347844
0.347844
0.347844
0.347844
0.347846
0.347846
0.347846
0.347846
0.347846
0.347846
0.347846
0.347846
0.347846
0.347878
0.347878
0.347878
0.347890
0.347890
0.347890
0.347890
0.347890
0.347890
0.347890
0.347891
0.347891
0.347891
0.347891
0.347891
0.347889
0.347889
0.347889
0.347886
0.347886
0.347886
0.347886
0.347886
0.347886
0.347886
0.347887
0.347887
0.347887
0.347887
0.347887
0.347892
0.347892
0.347892
0.347892
0.347894
0.347894
0.347894
0.347894
0.347894
0.347917
0.347917
0.347917
0.347917
0.347917
0.347917
0.347917
0.347917
0.347917
0.347917
0.347917
0.347917
0.347917
0.347917
0.347917
0.347917
0.347970
0.347970
0.347970
0.347970
0.347970
0.347970
0.347970
0.347970
0.347970
0.347970
0.347970
0.347970
0.347971
0.347976
0.347976
0.347976
0.347976
0.347976
0.347971
0.347972
0.347972
0.347972
0.347983
0.347983
0.347985
0.347985
0.347987
0.347990
0.347990
0.347990
0.347990
0.347990
0.347990
0.347990
0.347990
0.347990
0.347990
0.347988
0.348002
0.347978
0.347979
0.347979
0.347987
0.347987
0.347987
0.347987
0.347987
0.347987
0.347992
0.347992
0.347992
0.347992
0.347928
0.347928
0.347928
0.347928
0.347928
0.347928
0.347932
0.347932
0.347932
0.347932
0.347932
0.347932
0.347932
0.347932
0.347932
0.347934
0.347937
0.347937
0.347949
0.347949
0.347949
0.347949
0.347949
0.347957
0.347957
0.347957
0.347957
0.347957
0.347957
0.347957
0.347957
0.347957
0.347961
0.347961
0.347961
0.347961
0.347961
0.347961
0.347961
0.347961
0.347961
0.347961
0.347961
0.347961
0.347961
0.347961
0.347963
0.347932
0.347932
0.347932
0.347932
0.347934
0.347934
0.347934
0.347934
0.347934
0.347934
0.347934
0.347938
0.347938
0.347938
0.347938
0.347938
0.347938
0.347938
0.347938
0.347941
0.347941
0.347941
0.347942
0.347942
0.347942
0.347942
0.347942
0.347948
0.347948
0.347953
0.347955
0.347955
0.347955
0.347955
0.347955
0.347955
0.347955
0.347955
0.347955
0.347955
0.347955
0.347955
0.347949
0.347949
0.347949
0.347949
0.347949
0.347949
0.347949
0.347949
0.347956
0.347956
0.347956
0.347966
0.347966
0.347966
0.347966
0.347966
0.347967
0.347967
0.347967
0.347967
0.347967
0.347993
0.347993
0.347993
0.347993
0.347993
0.347993
0.347993
0.347993
0.347993
0.347996
0.347996
0.347996
0.347996
0.348000
0.348000
0.348001
0.348001
0.347998
0.347998
0.347968
0.347968
0.347968
0.347968
0.347968
0.347968
0.347968
0.347968
0.347968
0.347968
0.347968
0.347968
0.347968
0.347968
0.347960
0.347960
0.347960
0.347960
0.347963
0.347963
0.347963
0.347963
0.347963
0.347975
0.347975
0.347975
0.347975
0.347975
0.347975
0.347975
0.347975
0.347975
0.347975
0.347980
0.347980
0.347981
0.347981
0.347981
0.347981
0.347981
0.347981
0.347981
0.347981
0.347981
0.347983
0.347983
0.347983
0.347983
0.347983
0.347983
0.347983
0.347983
0.347983
0.347992
0.347992
0.347992
0.347992
0.347992
0.347992
0.347992
0.347992
0.347992
0.347992
0.347986
0.347986
0.347986
0.347986
0.347989
0.347989
0.347989
0.347989
0.347989
0.347989
0.347995
0.347995
0.347995
0.347995
0.347995
0.347995
0.347998
0.347998
0.347993
0.347993
0.347993
0.347993
0.347993
0.347993
0.347993
0.347993
0.347996
0.347996
0.347996
0.348020
0.348020
0.348023
0.348023
0.348023
0.348023
0.348023
0.348023
0.348038
0.348038
0.348038
0.348038
0.348083
0.348084
0.348081
0.348081
0.348081
0.348081
0.348081
0.348081
0.348081
0.348081
0.348081
0.348081
0.348081
0.348081
0.348081
0.348081
0.348081
0.348081
0.348081
0.348092
0.348092
0.348092
0.348092
0.348126
0.348126
0.348126
0.348126
0.348126
0.348136
0.348136
0.348137
0.348137
0.348137
0.348137
0.348137
0.348137
0.348137
0.348137
0.348152
0.348152
0.348158
0.348158
0.348158
0.348158
0.348158
0.348158
0.348158
0.348158
0.348158
0.348161
0.348161
0.348161
0.348162
0.348162
0.348162
0.348162
0.348162
0.348162
0.348162
0.348162
0.348162
0.348162
0.348162
0.348162
0.348162
0.348162
0.348162
0.348162
0.348163
0.348173
0.348173
0.348173
0.348173
0.348173
0.348173
0.348173
0.348173
0.348173
0.348173
0.348182
0.348182
0.348182
0.348182
0.348182
0.348182
0.348182
0.348182
0.348182
0.348182
0.348182
0.348182
0.348181
0.348183
0.348185
0.348185
0.348185
0.348185
0.348185
0.348185
0.348185
0.348177
0.348177
0.348177
0.348177
0.348185
0.348255
0.348336
0.348336
0.348336
0.348336
0.348336
0.348338
0.348341
0.348341
0.348342
0.348342
0.348342
0.348342
0.348342
0.348342
0.348342
0.348342
0.348342
0.348343
0.348349
0.348349
0.348349
0.348349
0.348349
0.348349
0.348349
0.348350
0.348350
0.348350
0.348355
0.348355
0.348355
0.348355
0.348394
0.348400
0.348400
0.348417
0.348417
0.348417
0.348417
0.348417
0.348417
0.348421
0.348421
0.348421
0.348421
0.348421
0.348421
0.348421
0.348421
0.348421
0.348421
0.348421
0.348421
0.348421
0.348421
0.348422
0.348422
0.348422
0.348422
0.348422
0.348410
0.348410
0.348410
0.348415
0.348415
0.348415
0.348422
0.348422
0.348424
0.348425
0.348425
0.348425
0.348425
0.348425
0.348425
0.348425
0.348425
0.348425
0.348426
0.348426
0.348426
0.348426
0.348426
0.348430
0.348430
0.348430
0.348430
0.348430
0.348430
0.348451
0.348452
0.348452
0.348452
0.348452
0.348452
0.348452
0.348452
0.348452
0.348450
0.348450
0.348464
0.348464
0.348464
0.348464
0.348464
0.348464
0.348464
0.348464
0.348464
0.348464
0.348464
0.348460
0.348460
0.348460
0.348461
0.348461
0.348461
0.348461
0.348464
0.348466
0.348474
0.348474
0.348474
0.348475
0.348475
0.348475
0.348475
0.348478
0.348478
0.348482
0.348482
0.348482
0.348482
0.348488
0.348488
0.348489
0.348492
0.348551
0.348553
0.348560
0.348560
0.348560
0.348561
0.348561
0.348561
0.348561
0.348562
0.348576
0.348576
0.348576
0.348576
0.348578
0.348578
0.348579
0.348579
0.348579
0.348579
0.348579
0.348579
0.348579
0.348580
0.348580
0.348580
0.348580
0.348585
0.348585
0.348585
0.348586
0.348586
0.348586
0.348586
0.348586
0.348586
0.348586
0.348591
0.348591
0.348591
0.348591
0.348591
0.348594
0.348595
0.348595
0.348610
0.348604
0.348604
0.348604
0.348604
0.348604
0.348604
0.348604
0.348604
0.348604
0.348604
0.348604
0.348604
0.348604
0.348604
0.348604
0.348604
0.348613
0.348613
0.348613
0.348620
0.348620
0.348620
0.348619
0.348619
0.348619
0.348619
0.348622
0.348622
0.348622
0.348622
0.348622
0.348622
0.348622
0.348623
0.348623
0.348623
0.348623
0.348624
0.348624
0.348633
0.348633
0.348633
0.348633
0.348633
0.348633
0.348633
0.348633
0.348633
0.348655
0.348656
0.348656
0.348656
0.348656
0.348715
0.348715
0.348755
0.348755
0.348755
0.348774
0.348774
0.348774
0.348774
0.348776
0.348776
0.348776
0.348776
0.348776
0.348776
0.348777
0.348777
0.348777
0.348780
0.348780
0.348781
0.348781
0.348781
0.348781
0.348781
0.348793
0.348793
0.348793
0.348793
0.348793
0.348793
0.348795
0.348795
0.348795
0.348795
0.348795
0.348795
0.348795
0.348795
0.348795
0.348798
0.348798
0.348798
0.348798
0.348807
0.348839
0.348839
0.348839
0.348839
0.348839
0.348839
0.348844
0.348844
0.348844
0.348844
0.348844
0.348844
0.348837
0.348837
0.348837
0.348837
0.348837
0.348839
0.348839
0.348839
0.348839
0.348839
0.348839
0.348839
0.348839
0.348839
0.348839
0.348839
0.348840
0.348840
0.348840
0.348840
0.348840
0.348840
0.348855
0.348855
0.348867
0.348867
0.348867
0.348867
0.348875
0.348875
0.348875
0.348875
0.348875
0.348875
0.348875
0.348875
0.348875
0.348875
0.348875
0.348878
0.348878
0.348880
0.348880
0.348907
0.348907
0.348880
0.348880
0.348880
0.348882
0.348882
0.348882
0.348882
0.348882
0.348882
0.348882
0.348886
0.348886
0.348886
0.348886
0.348886
0.348898
0.348898
0.348898
0.348898
0.348898
0.348898
0.348915
0.348915
0.348924
0.348924
0.348924
0.348930
0.348930
0.348930
0.348930
0.348930
0.348930
0.348930
0.348930
0.348930
0.348930
0.348930
0.348930
0.348930
0.348930
0.348930
0.348930
0.348930
0.348930
0.348931
0.348931
0.348931
0.348931
0.348931
0.348931
0.348965
0.348967
0.348967
0.348967
0.348970
0.348970
0.348970
0.348970
0.348970
0.348970
0.348974
0.348974
0.348974
0.348974
0.348974
0.348974
0.348974
0.348974
0.348974
0.348981
0.348995
0.348995
0.348995
0.349001
0.349001
0.349001
0.349001
0.349001
0.349001
0.349001
0.349001
0.349001
0.348990
0.348991
0.348996
0.348996
0.349009
0.349006
0.349006
0.349006
0.349006
0.349006
0.349006
0.349008
0.349011
0.349011
0.349011
0.349000
0.349000
0.349000
0.349000
0.349011
0.349011
0.349011
0.349011
0.349011
0.349011
0.349011
0.349011
0.349011
0.349011
0.349011
0.349011
0.349011
0.349011
0.349024
0.349024
0.349026
0.349054
0.349054
0.349054
0.349054
0.349054
0.349054
0.349054
0.349054
0.349054
0.349054
0.349054
0.349054
0.349054
0.349054
0.349054
0.348956
0.348956
0.348956
0.348956
0.348956
0.348956
0.348956
0.348956
0.348953
0.348953
0.348953
0.349069
0.349083
0.349083
0.349083
0.349083
0.349083
0.349083
0.349083
0.349083
0.349083
0.349086
0.349106
0.349106
0.349106
0.349106
0.349106
0.349106
0.349106
0.349106
0.349106
0.349106
0.349106
0.349106
0.349106
0.349106
0.349106
0.349106
0.349106
0.349106
0.349106
0.348975
0.348975
0.348975
0.348978
0.348978
0.348978
0.348981
0.348981
0.348966
0.348966
0.348966
0.348966
0.348966
0.348966
0.348969
0.348969
0.348969
0.348969
0.348969
0.349072
0.349076
0.349076
0.349076
0.349076
