-0.145644
-0.133959
-0.129677
-0.124264
-0.115262
-0.109077
-0.107534
-0.103386
-0.101567
-0.099420
-0.098501
-0.096381
-0.090922
-0.089268
-0.086581
-0.087916
-0.085804
-0.080439
-0.079091
-0.074255
-0.073627
-0.074153
-0.072185
-0.071243
-0.070064
-0.066252
-0.063915
-0.063080
-0.059287
-0.056251
-0.057954
-0.057632
-0.050363
-0.054558
-0.059522
-0.052404
-0.050115
-0.045595
-0.047546
-0.051627
-0.044803
-0.042348
-0.042485
-0.036215
-0.035005
-0.030952
-0.035129
-0.031180
-0.033968
-0.032891
-0.033661
-0.031092
-0.028337
-0.024039
-0.024544
-0.022170
-0.023863
-0.024270
-0.021259
-0.022204
-0.018857
-0.023073
-0.017780
-0.021364
-0.017737
-0.016109
-0.017386
-0.017234
-0.014097
-0.010739
-0.014520
-0.017446
-0.016080
-0.009582
-0.012273
-0.011466
-0.017087
-0.011831
-0.014640
-0.006594
-0.014554
-0.005670
-0.005786
-0.007574
-0.010059
-0.006665
-0.005455
-0.003264
-0.005784
0.003056
-0.000194
0.002031
0.004327
0.001963
0.007468
0.007103
0.006233
0.004102
0.004761
0.002580
0.000806
0.005884
0.007830
0.008751
0.011334
0.012671
0.008986
0.012690
0.015701
0.014499
0.015155
-0.000178
0.008830
0.015146
0.016254
0.016613
0.012813
0.015170
0.017694
0.017937
0.012840
0.013137
0.013724
0.013627
0.013514
0.013097
0.013992
0.018088
0.021074
0.022006
0.016470
0.023214
0.014478
0.016602
0.018305
0.025379
0.025949
0.017184
0.027665
0.027165
0.030700
0.026114
0.022397
0.028706
0.024363
0.028920
0.023179
0.028540
0.019961
0.018637
0.024744
0.025728
0.033508
0.029242
0.023138
0.032505
0.034358
0.035210
0.035042
0.024992
0.039411
0.036563
0.036213
0.039057
0.038256
0.037113
0.037545
0.034378
0.034095
0.042977
0.041794
0.037505
0.043141
0.038836
0.042388
0.042048
0.037929
0.036321
0.043346
0.036211
0.028780
0.039832
0.037296
0.046023
0.044326
0.047684
0.043543
0.044993
0.045881
0.047882
0.049150
0.044076
0.040031
0.043501
0.045596
0.049192
0.046070
0.053804
0.048967
0.049109
0.057270
0.054787
0.056302
0.053448
0.047636
0.042145
0.057031
0.060237
0.056408
0.052260
0.056506
0.046967
0.050808
0.061939
0.054016
0.046898
0.055908
0.059540
0.057188
0.053927
0.045980
0.059650
0.060048
0.059337
0.058507
0.057741
0.069254
0.064040
0.065301
0.061996
0.052239
0.054576
0.053043
0.062027
0.060217
0.057562
0.053759
0.061047
0.061344
0.059602
0.055499
0.063881
0.065882
0.060428
0.060362
0.061713
0.065675
0.062251
0.061135
0.066890
0.072873
0.072117
0.062564
0.063039
0.060565
0.053721
0.056444
0.065912
0.066909
0.071384
0.074289
0.068419
0.070259
0.069132
0.074177
0.064414
0.073660
0.068886
0.060841
0.061424
0.055389
0.056244
0.067944
0.068058
0.065564
0.078159
0.078559
0.075876
0.068504
0.066100
0.052054
0.067928
0.074537
0.079266
0.071717
0.071909
0.082099
0.078816
0.068801
0.070594
0.072045
0.071119
0.072470
0.076837
0.079113
0.079948
0.075653
0.075617
0.073276
0.074920
0.066207
0.066874
0.081538
0.076716
0.080873
0.086253
0.082539
0.069238
0.071109
0.075737
0.073507
0.081451
0.077980
0.068626
0.083765
0.071957
0.079596
0.076247
0.079071
0.067229
0.076322
0.083533
0.081333
0.087842
0.080535
0.082758
0.084855
0.085369
0.084019
0.082208
0.073934
0.081587
0.089722
0.088248
0.085367
0.088745
0.084297
0.078464
0.083809
0.075680
0.083621
0.091793
0.084854
0.081934
0.082692
0.090993
0.084088
0.087827
0.082828
0.086857
0.081203
0.086100
0.080436
0.081136
0.081922
0.094624
0.087536
0.080369
0.083155
0.083312
0.086430
0.067539
0.076577
0.086252
0.084722
0.076831
0.087122
0.075946
0.077332
0.092567
0.088926
0.083895
0.079193
0.083258
0.085357
0.092108
0.089122
0.083237
0.088757
0.087879
0.099713
0.093275
0.097574
0.096847
0.080209
0.096488
0.098533
0.101020
0.090297
0.088625
0.101172
0.092519
0.087948
0.074568
0.078448
0.088449
0.076673
0.075221
0.088519
0.100541
0.096530
0.108088
0.100808
0.101872
0.091715
0.086491
0.090929
0.089285
0.091173
0.087317
0.083351
0.094100
0.100873
0.098898
0.092837
0.102918
0.104293
0.104598
0.090819
0.098836
0.097326
0.090827
0.096912
0.090241
0.102771
0.096122
0.099039
0.089421
0.091901
0.086899
0.089967
0.103024
0.093608
0.097455
0.091009
0.092124
0.092152
0.099409
0.093672
0.097488
0.098867
0.094724
0.094195
0.093257
0.093997
0.091254
0.096451
0.099555
0.093401
0.109818
0.103453
0.103375
0.100879
0.106741
0.105700
0.099089
0.104969
0.107439
0.100843
0.097977
0.091794
0.100582
0.107379
0.102081
0.109420
0.098979
0.101328
0.103104
0.103040
0.102034
0.091220
0.088470
0.098578
0.091430
0.107158
0.105472
0.100741
0.113472
0.105403
0.109965
0.104270
0.106584
0.100210
0.098626
0.109891
0.106405
0.098235
0.101542
0.108634
0.098291
0.116893
0.107510
0.104870
0.104416
0.108587
0.103012
0.101512
0.105497
0.109519
0.102903
0.114957
0.110881
0.107842
0.100151
0.096106
0.105995
0.102628
0.110283
0.114807
0.105828
0.105699
0.111382
0.109610
0.112217
0.108210
0.101724
0.107041
0.121050
0.117543
0.111502
0.102813
0.111014
0.108241
0.105732
0.115823
0.109629
0.122149
0.101739
0.108985
0.111628
0.112224
0.111912
0.112826
0.105307
0.121490
0.102339
0.109237
0.112883
0.105867
0.105360
0.096442
0.096060
0.104592
0.111968
0.107809
0.116409
0.113502
0.111261
0.112206
0.111794
0.111711
0.104493
0.111303
0.109432
0.103040
0.112691
0.111468
0.108715
0.118025
0.110978
0.119774
0.113589
0.109000
0.117494
0.113320
0.110651
0.114703
0.111563
0.106657
0.113551
0.109424
0.108278
0.113376
0.107922
0.112855
0.120941
0.115016
0.120321
0.111862
0.112212
0.122362
0.114090
0.110027
0.118289
0.113124
0.110467
0.115774
0.118773
0.114157
0.120355
0.116667
0.124302
0.119882
0.110331
0.107544
0.125477
0.111405
0.107142
0.123218
0.118446
0.122314
0.120637
0.125067
0.111243
0.109870
0.126780
0.119621
0.120610
0.126634
0.111726
0.109774
0.116154
0.129100
0.108520
0.115815
0.124971
0.121882
0.124269
0.119351
0.131287
0.120901
0.119100
0.120468
0.119845
0.115599
0.119680
0.106617
0.123824
0.126934
0.126165
0.125637
0.124466
0.126515
0.120477
0.119396
0.110673
0.122339
0.116839
0.112682
0.117605
0.127515
0.130443
0.117321
0.118487
0.123314
0.126410
0.121876
0.124068
0.113884
0.111421
0.125549
0.124275
0.126511
0.133685
0.128346
0.132780
0.128364
0.131404
0.119976
0.127015
0.132753
0.121245
0.118619
0.121685
0.121561
0.112570
0.113037
0.129008
0.131360
0.131923
0.110819
0.128175
0.132839
0.130413
0.118919
0.126232
0.111579
0.122336
0.124317
0.128568
0.119879
0.129817
0.133011
0.125978
0.133196
0.124936
0.122979
0.119102
0.132504
0.130518
0.113879
0.101755
0.133767
0.125014
0.119858
0.128814
0.125344
0.128121
0.130884
0.117392
0.116185
0.122931
0.121332
0.128875
0.127036
0.120466
0.133066
0.123412
0.121139
0.119930
0.118426
0.110809
0.117210
0.113702
0.126146
0.126243
0.132820
0.134775
0.133319
0.129648
0.131101
0.111882
0.135056
0.141067
0.134372
0.131607
0.130587
0.129151
0.137055
0.119032
0.121814
0.140050
0.138763
0.137258
0.129879
0.125468
0.127081
0.120317
0.124522
0.130310
0.132276
0.123433
0.129948
0.130895
0.131371
0.116797
0.139126
0.138469
0.143935
0.138886
0.125425
0.125157
0.137873
0.136122
0.130582
0.129357
0.135102
0.138136
0.139719
0.132233
0.133953
0.107872
0.121457
0.131409
0.125339
0.141705
0.119248
0.124596
0.116511
0.116124
0.139003
0.133622
0.142225
0.138963
0.140732
0.125086
0.115537
0.116786
0.125151
0.135622
0.126883
0.132540
0.134608
0.130498
0.129007
0.134321
0.134281
0.146503
0.136117
0.138450
0.141620
0.128378
0.138111
0.135947
0.138090
0.143933
0.136516
0.126121
0.130693
0.131345
0.137910
0.141620
0.122270
0.131363
0.121263
0.137518
0.142703
0.133677
0.127927
0.116464
0.119827
0.127386
0.135342
0.135970
0.129253
0.124707
0.126286
0.131198
0.135478
0.140114
0.143715
0.130234
0.139323
0.134416
0.126243
0.134249
0.140884
0.132548
0.133650
0.134272
0.138859
0.144874
0.131529
0.124509
0.130025
0.133984
0.131394
0.135008
0.137565
0.140728
0.135140
0.136159
0.139795
0.128370
0.125936
0.122094
0.126156
0.134744
0.140309
0.146070
0.131361
0.140865
0.136943
0.131058
0.133564
0.143078
0.123693
0.124832
0.125860
0.146007
0.148193
0.127314
0.124392
0.120324
0.140886
0.141584
0.130261
0.132044
0.126886
0.133341
0.132003
0.144482
0.148891
0.143779
0.144420
0.138602
0.141565
0.140561
0.135878
0.130045
0.139128
0.133402
0.127971
0.123871
0.117915
0.118837
0.125778
0.126789
0.128854
0.126621
0.138035
0.140022
0.144296
0.144588
0.135987
0.120351
0.146487
0.132803
0.141851
0.144636
0.146092
0.138014
0.144539
0.155033
0.148647
0.138943
0.128922
0.130583
0.142034
0.150849
0.138963
0.135665
0.141577
0.139992
0.130042
0.147048
0.130884
0.145602
0.142209
0.136730
0.138576
0.146269
0.146962
0.146803
0.132012
0.149531
0.146233
0.129715
0.136185
0.138038
0.135528
0.120086
0.129991
0.131289
0.122483
0.120288
0.140689
0.139944
0.143738
0.146660
0.144435
0.146149
0.139198
0.131257
0.139278
0.146937
0.143170
0.120398
0.105229
0.137369
0.143774
0.146281
0.144731
0.141558
0.136845
0.140827
0.150012
0.144738
0.144367
0.150569
0.148089
0.143195
0.153209
0.145032
0.139750
0.142214
0.151840
0.145546
0.140416
0.151428
0.147274
0.145132
0.139970
0.152071
0.136133
0.142411
0.140188
0.135716
0.131672
0.155578
0.148694
0.156171
0.145457
0.156836
0.143628
0.150624
0.149003
0.149619
0.153434
0.138529
0.129113
0.138853
0.127151
0.153420
0.145585
0.147136
0.139296
0.133727
0.150375
0.150223
0.146728
0.148284
0.151565
0.146744
0.146819
0.153934
0.136683
0.143808
0.140577
0.145913
0.153194
0.152849
0.149750
0.145270
0.158886
0.146498
0.142098
0.148048
0.150422
0.141369
0.145084
0.145665
0.151096
0.142922
0.157887
0.152785
0.144375
0.132563
0.146631
0.155713
0.141743
0.145777
0.141691
0.138220
0.135142
0.147565
0.149735
0.146599
0.133390
0.143627
0.136597
0.141663
0.128524
0.139609
0.127780
0.135181
0.155261
0.142077
0.135788
0.130399
0.130858
0.152507
0.150116
0.158203
0.141737
0.153472
0.143960
0.149122
0.136172
0.143742
0.139430
0.151931
0.153318
0.151722
0.145720
0.146109
0.139098
0.140758
0.134286
0.147668
0.140972
0.143239
0.136614
0.140849
0.152008
0.143375
0.133002
0.111882
0.145356
0.134814
0.140818
0.157768
0.155787
0.144821
0.158524
0.145008
0.146961
0.139429
0.139143
0.127737
0.150231
0.148868
0.153457
0.147947
0.139407
0.132592
0.153889
0.154663
0.154828
0.145898
0.153718
0.149741
0.153758
0.147243
0.150900
0.139018
0.148575
0.158960
0.155827
0.149330
0.151675
0.153104
0.152341
0.147511
0.155980
0.153504
0.149047
0.153126
0.151505
0.134146
0.150545
0.146353
0.156900
0.154403
0.161223
0.154154
0.155015
0.144358
0.139942
0.154575
0.148741
0.143608
0.132535
0.141300
0.155322
0.139230
0.142601
0.140617
0.153184
0.137078
0.146482
0.148853
0.144661
0.137633
0.140152
0.154109
0.149734
0.153447
0.155349
0.157879
0.138060
0.150394
0.144653
0.158183
0.152061
0.146842
0.136462
0.153151
0.139595
0.124277
0.140582
0.131507
0.143938
0.152646
0.148141
0.139816
0.155152
0.153843
0.145463
0.150677
0.158895
0.142155
0.149228
0.160312
0.153088
0.158507
0.160934
0.149208
0.150531
0.154329
0.148196
0.144792
0.156889
0.138596
0.159265
0.154152
0.160062
0.150163
0.151537
0.147966
0.146098
0.144854
0.139716
0.141992
0.165215
0.149458
0.165102
0.149773
0.147426
0.149451
0.143058
0.153830
0.150222
0.143329
0.132945
0.151189
0.141538
0.148487
0.156104
0.163346
0.156672
0.163169
0.158711
0.158642
0.148454
0.154944
0.164371
0.161498
0.157712
0.157390
0.153479
0.161610
0.151584
0.155829
0.148821
0.141448
0.160294
0.160258
0.147792
0.153936
0.165412
0.158697
0.155519
0.156402
0.159399
0.160794
0.155545
0.148428
0.153146
0.159870
0.140522
0.151562
0.148884
0.142907
0.148084
0.136600
0.135068
0.154376
0.160301
0.154421
0.165704
0.144638
0.140113
0.135818
0.149000
0.141011
0.128610
0.139377
0.134160
0.148772
0.155102
0.163791
0.155607
0.154383
0.165796
0.162236
0.151805
0.121124
0.144602
0.142179
0.154492
0.155243
0.166243
0.160480
0.160778
0.162091
0.151778
0.147770
0.117236
0.149768
0.158826
0.164142
0.161415
0.154343
0.158331
0.156281
0.144964
0.149070
0.150246
0.159132
0.164694
0.159854
0.163244
0.151504
0.147509
0.140717
0.136092
0.160068
0.164702
0.165001
0.160177
0.160978
0.160761
0.165586
0.154074
0.160342
0.159578
0.149723
0.147174
0.152110
0.157116
0.150566
0.145453
0.136166
0.164494
0.150322
0.155560
0.153346
0.157618
0.164509
0.157898
0.148407
0.147418
0.166977
0.153587
0.163393
0.145712
0.163457
0.148196
0.152070
0.171236
0.172482
0.172338
0.165732
0.161653
0.157076
0.160276
0.142918
0.158063
0.163310
0.164029
0.148206
0.145797
0.159510
0.151305
0.147502
0.133451
0.165927
0.160481
0.161749
0.166403
0.165519
0.162874
0.171012
0.172077
0.160810
0.161423
0.167992
0.157079
0.154277
0.155511
0.167143
0.161796
0.160900
0.157010
0.156540
0.161261
0.158025
0.172982
0.162942
0.153720
0.159462
0.159159
0.145487
0.161338
0.161592
0.165312
0.162447
0.148539
0.162707
0.158383
0.156048
0.155653
0.158427
0.166063
0.164172
0.162287
0.150247
0.167234
0.131588
0.140985
0.147057
0.149952
0.163323
0.165512
0.166503
0.167529
0.171180
0.168918
0.172803
0.170232
0.167724
0.169033
0.158715
0.151287
0.153942
0.155982
0.161304
0.162185
0.143437
0.145789
0.161240
0.171157
0.170294
0.173952
0.167229
0.158148
0.149430
0.157826
0.157994
0.159953
0.164545
0.151073
0.170636
0.158408
0.168929
0.170688
0.170007
0.159024
0.160941
0.144341
0.146663
0.152949
0.157009
0.168517
0.167175
0.160487
0.164703
0.146700
0.168909
0.152958
0.173366
0.156903
0.166919
0.162797
0.160272
0.167395
0.170327
0.167534
0.172742
0.163560
0.158227
0.157349
0.173590
0.154516
0.145895
0.152132
0.163512
0.157491
0.161313
0.170619
0.158780
0.157018
0.170240
0.147955
0.152252
0.148044
0.141083
0.167068
0.156851
0.144406
0.149925
0.142850
0.172856
0.164272
0.166084
0.162809
0.165300
0.165983
0.164614
0.164248
0.150327
0.165033
0.160424
0.155292
0.165983
0.149263
0.170024
0.167357
0.147545
0.164078
0.162534
0.160392
0.159180
0.158708
0.157570
0.154093
0.154712
0.158884
0.143874
0.169061
0.157338
0.147388
0.160687
0.165338
0.158611
0.163016
0.170315
0.176498
0.146385
0.151256
0.147281
0.154593
0.166699
0.155491
0.160825
0.162843
0.167585
0.167096
0.158024
0.160804
0.173636
0.168987
0.169179
0.171050
0.156053
0.174817
0.173924
0.157793
0.148756
0.156634
0.146837
0.139197
0.137892
0.149091
0.172117
0.159171
0.173438
0.166995
0.177694
0.161830
0.175827
0.161745
0.168954
0.167271
0.164837
0.148172
0.161302
0.169925
0.177539
0.163459
0.169341
0.163664
0.159921
0.151336
0.167112
0.169812
0.161765
0.179877
0.173107
0.157893
0.159693
0.172293
0.170628
0.170764
0.168165
0.163230
0.161697
0.160308
0.153633
0.173250
0.174524
0.170139
0.154285
0.169961
0.169688
0.179457
0.173640
0.159141
0.149555
0.143097
0.161133
0.167695
0.173158
0.169766
0.156334
0.148440
0.169130
0.148607
0.169034
0.160307
0.166261
0.168561
0.161372
0.163209
0.179983
0.168671
0.171506
0.160070
0.163271
0.154944
0.166373
0.173354
0.169467
0.181314
0.177073
0.167402
0.162374
0.171357
0.170602
0.171564
0.172654
0.177165
0.177649
0.178590
0.157991
0.154887
0.138623
0.162764
0.174771
0.170280
0.164580
0.160046
0.155526
0.158875
0.157076
0.158718
0.175536
0.151822
0.165570
0.169982
0.156089
0.160484
0.161995
0.168475
0.156714
0.177558
0.188190
0.166514
0.181153
0.163590
0.167276
0.153744
0.162085
0.159268
0.174451
0.177752
0.167306
0.166879
0.172686
0.177530
0.171335
0.172024
0.157758
0.171009
0.158369
0.166374
0.155165
0.164121
0.166753
0.169854
0.176383
0.174916
0.172101
0.163787
0.167528
0.158083
0.172882
0.182057
0.177688
0.175029
0.167496
0.177288
0.159841
0.151042
0.162536
0.166072
0.168285
0.165883
0.178430
0.167393
0.156035
0.161358
0.157966
0.155099
0.154397
0.168748
0.161109
0.166498
0.167018
0.163690
0.168644
0.172658
0.165344
0.167563
0.179303
0.161089
0.160320
0.166671
0.161026
0.164531
0.160022
0.148422
0.151696
0.175877
0.176309
0.171529
0.181460
0.175922
0.165402
0.162087
0.166452
0.160369
0.171766
0.176311
0.170213
0.163792
0.145755
0.167743
0.165844
0.180930
0.180658
0.179816
0.164632
0.169594
0.168102
0.183864
0.166717
0.170410
0.166133
0.178136
0.183655
0.167164
0.161988
0.165184
0.163132
0.151295
0.149819
0.165478
0.156017
0.155740
0.171708
0.171166
0.167086
0.167594
0.167229
0.168275
0.161096
0.163487
0.172832
0.168487
0.164924
0.176274
0.162072
0.139425
0.154303
0.170221
0.157974
0.158744
0.177802
0.171546
0.179656
0.171304
0.157514
0.161810
0.172137
0.165240
0.176675
0.167421
0.186647
0.186422
0.172584
0.173204
0.175231
0.169596
0.173022
0.176520
0.185077
0.184606
0.180859
0.166670
0.162507
0.167943
0.179839
0.175602
0.165062
0.166713
0.171259
0.144659
0.184981
0.178314
0.173248
0.167281
0.160024
0.167201
0.174486
0.171518
0.164303
0.166393
0.165542
0.162307
0.164550
0.182584
0.176029
0.180509
0.165675
0.173619
0.176041
0.162577
0.152653
0.148602
0.150353
0.173018
0.172124
0.170170
0.167160
0.174952
0.167576
0.150147
0.170834
0.161643
0.153456
0.159124
0.165410
0.141263
0.158405
0.152855
0.159910
0.171407
0.169920
0.170341
0.157990
0.168942
0.169653
0.177288
0.174872
0.170433
0.163933
0.167609
0.176465
0.193189
0.185076
0.171048
0.159860
0.188495
0.179772
0.177940
0.173325
0.182167
0.170490
0.176640
0.177945
0.182370
0.174030
0.164288
0.159989
0.157456
0.180569
0.177346
0.157867
0.176208
0.154953
0.180532
0.171778
0.174169
0.176111
0.164905
0.158655
0.186798
0.170062
0.159975
0.183801
0.186745
0.178738
0.183351
0.182877
0.172504
0.176111
0.166743
0.143475
0.164439
0.181731
0.179205
0.178378
0.179781
0.179509
0.177225
0.176052
0.178239
0.178684
0.161325
0.158705
0.156646
0.172933
0.148761
0.168146
0.183270
0.175824
0.173670
0.176400
0.171861
0.171954
0.158135
0.163081
0.162070
0.165157
0.159616
0.181022
0.172470
0.175220
0.182865
0.169879
0.173379
0.175298
0.180904
0.166881
0.177464
0.168897
0.167325
0.157659
0.170235
0.183978
0.155845
0.164180
0.158470
0.177214
0.185413
0.170882
0.167629
0.144808
0.163317
0.178965
0.159310
0.157565
0.165698
0.173713
0.166507
0.161052
0.155512
0.159039
0.178367
0.159256
0.155958
0.150162
0.164091
0.167945
0.160486
0.168477
0.183998
0.166768
0.175417
0.173625
0.168819
0.177837
0.185256
0.180387
0.178377
0.176833
0.178506
0.153258
0.154042
0.176435
0.173543
0.184944
0.178940
0.153115
0.179468
0.179417
0.172267
0.183236
0.187188
0.176989
0.165299
0.158364
0.156716
0.168776
0.175600
0.162794
0.160634
0.174535
0.177505
0.176530
0.159940
0.172215
0.172678
0.167239
0.171389
0.168047
0.177860
0.179897
0.185184
0.173578
0.181390
0.188566
0.178776
0.189522
0.189986
0.164272
0.177796
0.182107
0.171686
0.168748
0.163388
0.162274
0.159122
0.176543
0.171335
0.167551
0.177605
0.180538
0.171604
0.171963
0.176431
0.179118
0.168306
0.179968
0.182140
0.163585
0.158301
0.187597
0.178166
0.169643
0.174869
0.188862
0.168559
0.180554
0.183172
0.176920
0.171011
0.178913
0.171721
0.190480
0.165875
0.170529
0.192733
0.181481
0.182857
0.191244
0.174730
0.192204
0.183691
0.163490
0.186368
0.155123
0.166685
0.166619
0.173271
0.185431
0.176912
0.186563
0.165965
0.161691
0.168902
0.153233
0.145853
0.163714
0.170053
0.184160
0.183484
0.179890
0.192658
0.174699
0.188784
0.177973
0.181624
0.183747
0.178591
0.187781
0.175113
0.168148
0.180831
0.182430
0.176464
0.169653
0.175231
0.171667
0.176349
0.173471
0.180097
0.163247
0.181103
0.176169
0.175156
0.187316
0.182495
0.190730
0.169628
0.164883
0.180870
0.188242
0.185180
0.165965
0.191615
0.187613
0.187946
0.175348
0.174983
0.172946
0.185387
0.181471
0.183928
0.185242
0.184473
0.167488
0.157459
0.150320
0.159060
0.178543
0.166158
0.182280
0.177793
0.185307
0.177842
0.161446
0.166390
0.179217
0.183249
0.185171
0.190170
0.187831
0.181446
0.184652
0.175714
0.185177
0.176788
0.160371
0.164424
0.181649
0.186356
0.181964
0.179584
0.191939
0.188431
0.185863
0.186544
0.177368
0.166357
0.177338
0.157289
0.163815
0.177325
0.177564
0.185240
0.181170
0.174750
0.175481
0.155480
0.153743
0.177275
0.183732
0.169714
0.178797
0.178096
0.179648
0.189909
0.179842
0.185639
0.180863
0.178169
0.173134
0.180541
0.189143
0.187444
0.167008
0.173363
0.181208
0.178528
0.167627
0.173146
0.157548
0.176504
0.167246
0.176397
0.176238
0.154047
0.166575
0.169642
0.183013
0.172476
0.175624
0.170103
0.182846
0.191291
0.182984
0.181701
0.199789
0.179746
0.179947
0.185996
0.170135
0.174065
0.179805
0.180740
0.189404
0.180391
0.190413
0.176299
0.185183
0.180572
0.178051
0.180034
0.182427
0.165138
0.172649
0.180251
0.181437
0.188212
0.172764
0.159346
0.164259
0.163596
0.169450
0.170023
0.179292
0.183305
0.181812
0.185598
0.185369
0.178076
0.179372
0.190754
0.180647
0.167697
0.168103
0.169307
0.179572
0.183791
0.175001
0.188691
0.190171
0.174363
0.161028
0.154509
0.182149
0.169479
0.143383
0.160366
0.160962
0.174327
0.179519
0.175332
0.183405
0.185455
0.175684
0.175193
0.174472
0.169046
0.173750
0.169045
0.165090
0.183151
0.178721
0.185221
0.181008
0.175000
0.189256
0.191317
0.181900
0.174498
0.155760
0.174081
0.193927
0.188300
0.193389
0.185735
0.175765
0.187906
0.187609
0.186147
0.174959
0.180604
0.190366
0.188339
0.193499
0.187693
0.193852
0.185144
0.177272
0.172642
0.179775
0.188167
0.189294
0.179228
0.186788
0.185284
0.187255
0.181097
0.182022
0.175213
0.148794
0.160952
0.191349
0.176490
0.188758
0.180616
0.190692
0.175411
0.165732
0.155265
0.191699
0.195130
0.170084
0.177300
0.191437
0.178322
0.184044
0.185419
0.173524
0.180834
0.182511
0.170458
0.163089
0.183014
0.190188
0.184420
0.174132
0.178000
0.178238
0.183030
0.178347
0.174761
0.165227
0.176789
0.175067
0.189082
0.179244
0.177381
0.183207
0.178970
0.187190
0.186515
0.196804
0.191061
0.170638
0.184402
0.190566
0.184089
0.188549
0.180817
0.187093
0.189258
0.187667
0.191831
0.192091
0.177631
0.175892
0.171475
0.175770
0.178333
0.194599
0.189418
0.182803
0.172750
0.195919
0.188816
0.183874
0.178933
0.185042
0.191202
0.173278
0.194123
0.163231
0.187604
0.195034
0.186230
0.171683
0.176173
0.176651
0.174572
0.182347
0.192239
0.190991
0.179531
0.174990
0.178656
0.176021
0.187520
0.186251
0.183104
0.188857
0.179337
0.192042
0.181652
0.182514
0.190341
0.174161
0.170728
0.180651
0.178317
0.193376
0.193005
0.169857
0.195147
0.187716
0.190491
0.186305
0.177455
0.184630
0.176526
0.190089
0.204819
0.189976
0.189085
0.172067
0.174894
0.184413
0.180183
0.187058
0.184412
0.162558
0.177887
0.193679
0.177677
0.192511
0.185654
0.198747
0.187574
0.187280
0.186850
0.172353
0.168996
0.169079
0.179133
0.189374
0.172729
0.175037
0.174923
0.189808
0.176587
0.188775
0.184596
0.175714
0.182967
0.184297
0.192877
0.176158
0.174958
0.186844
0.183536
0.186820
0.176644
0.188498
0.199088
0.179550
0.177881
0.186727
0.186425
0.189275
0.174686
0.189218
0.191655
0.192249
0.173174
0.167745
0.164219
0.182936
0.191688
0.183798
0.175357
0.183932
0.174523
0.184167
0.194274
0.177525
0.187795
0.194780
0.177430
0.188607
0.182905
0.176218
0.181748
0.184459
0.193147
0.178028
0.168552
0.173560
0.186330
0.191595
0.182968
0.184239
0.186422
0.168599
0.169948
0.190581
0.185219
0.181622
0.180064
0.196457
0.185043
0.202062
0.179995
0.182206
0.186983
0.193622
0.186455
0.169544
0.180930
0.192866
0.200439
0.198067
0.199567
0.176369
0.195227
0.194950
0.195352
0.184921
0.183627
0.185246
0.176142
0.179857
0.179973
0.181505
0.157245
0.194259
0.194365
0.191677
0.192836
0.168470
0.186748
0.175059
0.203481
0.184165
0.193441
0.191347
0.184233
0.172200
0.177811
0.179096
0.182162
0.191918
0.191695
0.200302
0.194135
0.182337
0.184025
0.178763
0.192341
0.183457
0.198716
0.196421
0.190388
0.197900
0.180937
0.171651
0.187572
0.192518
0.180438
0.172266
0.181783
0.198529
0.190778
0.186076
0.200947
0.194488
0.182874
0.182161
0.156091
0.156923
0.184970
0.179358
0.184883
0.199375
0.200431
0.187829
0.160513
0.199706
0.191287
0.175386
0.167323
0.183820
0.180389
0.184593
0.191495
0.192578
0.188842
0.170314
0.177346
0.157989
0.187225
0.187043
0.160139
0.175104
0.182802
0.184203
0.172931
0.162189
0.185349
0.198620
0.189408
0.189133
0.189305
0.184717
0.202910
0.185785
0.179148
0.197253
0.189180
0.184497
0.162136
0.186002
0.186463
0.193211
0.197436
0.181781
0.166294
0.190513
0.196604
0.181078
0.195087
0.182016
0.187989
0.173458
0.167369
0.164492
0.194093
0.193680
0.195030
0.200799
0.201326
0.193052
0.192246
0.188887
0.179057
0.192031
0.200890
0.191500
0.203468
0.187965
0.194538
0.188168
0.201988
0.203338
0.199101
0.179200
0.183477
0.166223
0.198719
0.193627
0.190419
0.193319
0.199761
0.173865
0.188739
0.185288
0.186729
0.184629
0.166469
0.179017
0.181730
0.185067
0.194542
0.172692
0.187741
0.197157
0.187711
0.189661
0.181895
0.183032
0.186039
0.191701
0.190175
0.184430
0.175856
0.200714
0.197012
0.184192
0.188998
0.188675
0.183559
0.172323
0.165499
0.175369
0.185006
0.182514
0.185184
0.194719
0.197712
0.199572
0.188798
0.189080
0.187830
0.191055
0.188896
0.201620
0.198009
0.189188
0.193240
0.180426
0.190565
0.190572
0.185418
0.193873
0.166046
0.183125
0.170901
0.205247
0.172915
0.184904
0.183263
0.184313
0.182831
0.185071
0.192325
0.197999
0.179426
0.197815
0.179832
0.181930
0.183036
0.182913
0.186793
0.184984
0.176222
0.170028
0.185821
0.196582
0.187392
0.175124
0.181807
0.165718
0.183722
0.182646
0.194920
0.196414
0.176408
0.188543
0.182959
0.147979
0.174894
0.190135
0.187066
0.199673
0.185603
0.176459
0.183033
0.188979
0.198774
0.192136
0.181279
0.193094
0.187735
0.173983
0.184365
0.191749
0.186982
0.178713
0.190619
0.189820
0.185100
0.189931
0.191137
0.191011
0.193887
0.191022
0.184207
0.170211
0.176418
0.183907
0.194284
0.188894
0.183710
0.165773
0.173162
0.190147
0.193492
0.202704
0.197169
0.176224
0.202342
0.193616
0.192725
0.193742
0.200052
0.190079
0.182180
0.168267
0.174286
0.176219
0.181575
0.180483
0.204586
0.201022
0.190751
0.193797
0.169630
0.189310
0.190186
0.196969
0.170251
0.163576
0.181921
0.176321
0.179049
0.182646
0.192296
0.194859
0.173491
0.197584
0.197325
0.203309
0.198072
0.187385
0.180598
0.175023
0.183263
0.185567
0.192830
0.197498
0.200673
0.197586
0.197916
0.199639
0.194073
0.196549
0.189161
0.178297
0.198827
0.190797
0.187815
0.192936
0.182150
0.187673
0.184110
0.190386
0.185638
0.204671
0.183647
0.183759
0.186699
0.200856
0.191790
0.198872
0.191231
0.176155
0.191247
0.196807
0.179765
0.166000
0.177462
0.196325
0.196095
0.182295
0.199593
0.198585
0.180417
0.175663
0.169682
0.186036
0.181320
0.187077
0.172856
0.197320
0.181670
0.195397
0.190675
0.194114
0.182710
0.191740
0.195509
0.199733
0.181255
0.178491
0.193958
0.199952
0.183972
0.199841
0.191646
0.191714
0.183798
0.180022
0.177580
0.188616
0.185830
0.194759
0.201199
0.205197
0.191149
0.195845
0.191545
0.193011
0.193063
0.193280
0.194544
0.177483
0.171588
0.194401
0.183635
0.191926
0.200759
0.198245
0.198121
0.189647
0.203109
0.191102
0.199202
0.188178
0.191556
0.176911
0.197623
0.199840
0.191305
0.199243
0.198481
0.180590
0.190423
0.202064
0.190489
0.192957
0.166958
0.190737
0.199431
0.194730
0.181889
0.171084
0.171092
0.189374
0.181674
0.170984
0.165429
0.177617
0.167617
0.187196
0.182229
0.192611
0.184678
0.197500
0.200376
0.191519
0.199095
0.191013
0.172535
0.180484
0.198332
0.199953
0.192760
0.194718
0.191138
0.165692
0.196626
0.175754
0.188163
0.186771
0.192301
0.186819
0.177611
0.186667
0.197910
0.182680
0.190999
0.194728
0.190048
0.199055
0.197217
0.201783
0.204543
0.195338
0.198385
0.203759
0.202930
0.187896
0.167066
0.194852
0.193227
0.194953
0.191055
0.177614
0.192444
0.197654
0.177910
0.179682
0.199241
0.190992
0.188295
0.174338
0.183877
0.196349
0.200556
0.192618
0.176320
0.192974
0.189184
0.190113
0.179222
0.199345
0.200749
0.200754
0.196478
0.201370
0.191485
0.192053
0.192647
0.189523
0.195931
0.192416
0.204710
0.198492
0.207870
0.180646
0.192090
0.193140
0.173867
0.198769
0.201947
0.183409
0.185499
0.205214
0.197147
0.175681
0.190241
0.199315
0.193964
0.198535
0.171778
0.176792
0.171823
0.184393
0.198822
0.192866
0.201120
0.199234
0.199433
0.197148
0.184149
0.190370
0.197823
0.187852
0.206090
0.201784
0.190507
0.202235
0.191631
0.198527
0.183744
0.195792
0.210103
0.191000
0.202651
0.189621
0.189813
0.194879
0.208260
0.208751
0.190653
0.191141
0.174702
0.161565
0.181705
0.183248
0.175221
0.183435
0.185436
0.186219
0.158070
0.197504
0.204058
0.197472
0.204051
0.200522
0.202411
0.192210
0.195562
0.194227
0.193672
0.204387
0.196703
0.187739
0.189831
0.187305
0.194359
0.191137
0.200850
0.203651
0.204087
0.198399
0.174610
0.165489
0.177370
0.187834
0.168711
0.182035
0.185502
0.181648
0.181426
0.195314
0.183452
0.199872
0.189164
0.183654
0.186006
0.169748
0.185111
0.203343
0.196405
0.206259
0.196964
0.183418
0.197728
0.177076
0.179851
0.178426
0.185612
0.189765
0.197138
0.192837
0.198098
0.206013
0.185597
0.182615
0.178438
0.203727
0.192323
0.188916
0.203111
0.200463
0.186376
0.182666
0.177395
0.173378
0.197266
0.180258
0.195814
0.176661
0.188599
0.183651
0.201297
0.186146
0.193270
0.192237
0.186020
0.204472
0.194234
0.200009
0.190690
0.174113
0.175424
0.189623
0.208871
0.199828
0.205584
0.205236
0.205285
0.201728
0.207796
0.202419
0.184730
0.191725
0.191284
0.186294
0.194345
0.199986
0.198475
0.204388
0.197458
0.192887
0.206736
0.202160
0.193306
0.194150
0.190230
0.202510
0.170721
0.193641
0.194832
0.204453
0.206430
0.199465
0.177714
0.183891
0.203162
0.189958
0.199092
0.197113
0.192671
0.194703
0.183635
0.181500
0.191754
0.186180
0.190407
0.197043
0.199017
0.193356
0.198612
0.176044
0.180457
0.177502
0.182328
0.188423
0.179881
0.185109
0.189242
0.199359
0.191997
0.161949
0.191927
0.194974
0.192177
0.186447
0.172509
0.201779
0.205535
0.184940
0.199927
0.196821
0.189427
0.190213
0.184836
0.189009
0.190809
0.199828
0.195644
0.175145
0.187261
0.207141
0.193285
0.175596
0.195122
0.179014
0.169189
0.192925
0.193998
0.190409
0.188309
0.194968
0.183588
0.177672
0.172721
0.189146
0.192174
0.194782
0.207592
0.198370
0.188880
0.181181
0.190398
0.196712
0.195021
0.203083
0.203821
0.207143
0.198372
0.192057
0.197177
0.195156
0.203767
0.205492
0.196545
0.196106
0.198973
0.187649
0.188950
0.197770
0.191729
0.192512
0.181265
0.200373
0.189694
0.175818
0.168605
0.163988
0.177242
0.168153
0.178163
0.183595
0.174247
0.183820
0.180713
0.200968
0.203639
0.195847
0.178392
0.203068
0.203873
0.185189
0.198070
0.165202
0.203272
0.188703
0.183438
0.182591
0.195570
0.209079
0.202530
0.195611
0.200096
0.197866
0.206177
0.197237
0.190544
0.188707
0.201372
0.197486
0.196406
0.189015
0.192700
0.204948
0.196136
0.205539
0.204131
0.197072
0.194110
0.201566
0.211176
0.200661
0.179778
0.184867
0.171305
0.174153
0.173263
0.173040
0.198483
0.209563
0.204674
0.199025
0.197872
0.201585
0.205346
0.192927
0.190202
0.202575
0.190854
0.190999
0.203966
0.195252
0.195397
0.190823
0.182925
0.196399
0.196644
0.186393
0.184278
0.193409
0.198589
0.187878
0.205974
0.211075
0.185858
0.186014
0.197965
0.196890
0.202400
0.206221
0.189869
0.193408
0.197519
0.200240
0.195875
0.204852
0.199901
0.194316
0.179327
0.176379
0.184774
0.189892
0.196156
0.198963
0.204140
0.194763
0.203124
0.198874
0.205180
0.196392
0.194188
0.172707
0.191117
0.195812
0.181959
0.197712
0.187845
0.174968
0.188577
0.199578
0.196550
0.205542
0.206710
0.181673
0.205728
0.202258
0.202755
0.188548
0.180864
0.191647
0.194609
0.196684
0.187895
0.194463
0.188281
0.185644
0.178947
0.177219
0.202190
0.200237
0.201532
0.194509
0.184280
0.197781
0.206777
0.165078
0.176988
0.209024
0.198815
0.190752
0.170718
0.193242
0.177311
0.188828
0.200716
0.200534
0.201822
0.200571
0.200947
0.195373
0.176933
0.182608
0.208698
0.205154
0.180067
0.189065
0.208806
0.196399
0.199092
0.186847
0.191078
0.196567
0.198833
0.197874
0.194182
0.197301
0.190908
0.179813
0.206056
0.208675
0.206778
0.190893
0.192389
0.185453
0.186492
0.182500
0.200731
0.188641
0.194940
0.195558
0.210651
0.199927
0.199363
0.185478
0.184385
0.208734
0.209948
0.193449
0.185043
0.211442
0.197592
0.186997
0.193499
0.198029
0.189630
0.176491
0.167041
0.179521
0.184088
0.190866
0.172167
0.186772
0.168189
0.173501
0.188816
0.185535
0.168047
0.188006
0.208740
0.205913
0.212737
0.203191
0.208513
0.204866
0.202435
0.207967
0.187439
0.183906
0.180749
0.200092
0.183947
0.190265
0.190507
0.203519
0.204981
0.194393
0.200574
0.196528
0.202482
0.195981
0.197631
0.187078
0.190118
0.185630
0.194080
0.188129
0.188043
0.209319
0.204555
0.173445
0.177574
0.204705
0.198662
0.189262
0.169737
0.154891
0.179745
0.164308
0.187827
0.186096
0.202069
0.195498
0.182172
0.207144
0.203653
0.199227
0.206668
0.206476
0.210392
0.199554
0.202045
0.207500
0.196213
0.193719
0.205087
0.206035
0.206455
0.209702
0.190723
0.199249
0.193262
0.206826
0.191863
0.192634
0.187703
0.179908
0.178760
0.191099
0.190721
0.178207
0.174286
0.180808
0.186312
0.180506
0.181792
0.192778
0.192587
0.176287
0.180742
0.192735
0.188170
0.197147
0.203699
0.208252
0.199977
0.170529
0.165931
0.206613
0.200409
0.195502
0.201803
0.185704
0.212866
0.209378
0.206249
0.198101
0.199536
0.190528
0.206872
0.199294
0.178270
0.191026
0.204040
0.211720
0.203165
0.200979
0.200087
0.183948
0.174907
0.186572
0.204248
0.199225
0.186726
0.174219
0.155204
0.186718
0.191497
0.199968
0.184766
0.162547
0.193392
0.202869
0.202796
0.184753
0.179158
0.188952
0.167546
0.198011
0.190250
0.203859
0.170198
0.196785
0.202967
0.202730
0.193101
0.202402
0.196357
0.211484
0.203029
0.199930
0.185380
0.194874
0.194793
0.209282
0.190126
0.198234
0.184496
0.191746
0.196904
0.201615
0.195776
0.197317
0.207387
0.196119
0.182316
0.197469
0.197989
0.212216
0.209051
0.185287
0.204668
0.207948
0.193050
0.193184
0.202030
0.200116
0.211736
0.188361
0.186144
0.195428
0.200226
0.205225
0.208542
0.205536
0.197202
0.203572
0.203431
0.203742
0.210079
0.206785
0.218891
0.182059
0.208226
0.204118
0.206020
0.185088
0.203851
0.192555
0.206055
0.189645
0.171736
0.189426
0.206156
0.197475
0.204404
0.188376
0.198436
0.208890
0.213602
0.202068
0.204571
0.186558
0.203101
0.210879
0.182031
0.202351
0.184314
0.205850
0.206550
0.201626
0.185665
0.191239
0.177131
0.187528
0.206474
0.195017
0.198277
0.194915
0.210931
0.200132
0.206865
0.202433
0.199316
0.200906
0.195886
0.190797
0.201722
0.193913
0.194512
0.195514
0.197728
0.192939
0.197953
0.182840
0.194472
0.199163
0.201893
0.199719
0.207330
0.206731
0.194535
0.187692
0.205604
0.196650
0.215263
0.196046
0.206640
0.191850
0.207337
0.199564
0.206115
0.180304
0.178523
0.202221
0.179899
0.200310
0.205041
0.205393
0.201586
0.210094
0.203896
0.193354
0.175533
0.201042
0.191299
0.191412
0.203184
0.204862
0.197370
0.211427
0.192437
0.192933
0.185876
0.180716
0.215750
0.205747
0.203392
0.204951
0.201229
0.203594
0.208623
0.188038
0.209129
0.206262
0.187496
0.180231
0.206422
0.201794
0.202407
0.201126
0.205902
0.215805
0.209470
0.199257
0.201999
0.208379
0.211417
0.200051
0.202158
0.208849
0.196902
0.194426
0.200687
0.196515
0.208224
0.219735
0.208803
0.202095
0.208255
0.209114
0.195232
0.205751
0.209033
0.202610
0.198860
0.214696
0.192245
0.204179
0.209519
0.208417
0.181611
0.214656
0.204153
0.200361
0.188684
0.185950
0.200501
0.206183
0.202099
0.206668
0.180827
0.200059
0.177253
0.198798
0.193553
0.187038
0.191812
0.203800
0.190722
0.199246
0.203377
0.206836
0.202988
0.195697
0.198148
0.195484
0.211579
0.214779
0.202580
0.188170
0.199250
0.216759
0.206286
0.197450
0.192564
0.197112
0.212264
0.202861
0.206084
0.189425
0.211319
0.189945
0.195694
0.183558
0.205637
0.212692
0.210061
0.183214
0.174732
0.212287
0.203007
0.194268
0.185113
0.195959
0.181160
0.185814
0.199793
0.198988
0.198837
0.202022
0.203675
0.206524
0.200563
0.190313
0.194511
0.189024
0.207290
0.204613
0.216155
0.189187
0.206280
0.215004
0.183330
0.172373
0.171569
0.179790
0.193273
0.195441
0.176585
0.197122
0.197520
0.196872
0.210194
0.212563
0.195891
0.203976
0.209807
0.210095
0.201688
0.203800
0.198476
0.203233
0.207607
0.198669
0.210253
0.200451
0.193263
0.200725
0.211306
0.192201
0.202475
0.186722
0.194932
0.195191
0.206952
0.209024
0.209219
0.191311
0.200195
0.197259
0.192871
0.179369
0.194080
0.211472
0.207728
0.174570
0.209310
0.196821
0.186066
0.197964
0.202942
0.204470
0.204100
0.197073
0.196936
0.186474
0.199685
0.214579
0.188399
0.196116
0.207174
0.206375
0.208579
0.194144
0.199673
0.197819
0.191667
0.190389
0.207417
0.201952
0.200912
0.210149
0.209647
0.206996
0.208124
0.200124
0.203536
0.217018
0.203300
0.204842
0.202297
0.197057
0.200672
0.207172
0.202657
0.209609
0.183812
0.178956
0.204755
0.202377
0.194930
0.212781
0.191427
0.187072
0.182661
0.212156
0.202796
0.196483
0.205536
0.207445
0.177244
0.208746
0.215607
0.197000
0.189815
0.210468
0.207567
0.210758
0.199895
0.198173
0.200901
0.201877
0.194098
0.196790
0.202293
0.209973
0.198750
0.205917
0.191426
0.190621
0.189531
0.191892
0.187384
0.208224
0.197973
0.218057
0.185027
0.168765
0.212154
0.179692
0.186989
0.169744
0.202469
0.191215
0.186247
0.192887
0.198307
0.190901
0.183589
0.201678
0.208404
0.198477
0.210339
0.217958
0.196383
0.186756
0.164629
0.197306
0.185176
0.187729
0.196843
0.204202
0.196611
0.180131
0.209456
0.203961
0.190462
0.188378
0.182395
0.195167
0.190929
0.172401
0.210892
0.195187
0.192737
0.193429
0.196966
0.214650
0.211699
0.206114
0.194768
0.200900
0.198679
0.194906
0.198080
0.202191
0.204589
0.210430
0.211616
0.207230
0.215385
0.197829
0.197419
0.208867
0.187666
0.195180
0.209654
0.198621
0.203775
0.193657
0.193223
0.191902
0.190491
0.176405
0.178335
0.193903
0.184688
0.191984
0.188738
0.180037
0.181540
0.206882
0.185361
0.164046
0.172166
0.172032
0.202345
0.201421
0.207302
0.189122
0.197535
0.198939
0.196543
0.183613
0.203051
0.198654
0.175976
0.180770
0.192169
0.214201
0.207789
0.198867
0.177903
0.182795
0.196368
0.191198
0.196759
0.200442
0.199671
0.195887
0.188091
0.196427
0.191890
0.190709
0.206425
0.192108
0.199232
0.178654
0.181403
0.179948
0.190770
0.170922
0.196678
0.201054
0.176697
0.199990
0.199294
0.187540
0.190910
0.197720
0.200596
0.185963
0.209330
0.209010
0.198313
0.194052
0.190340
0.192312
0.212994
0.202035
0.203402
0.209811
0.202438
0.201721
0.209104
0.208313
0.214054
0.203937
0.206572
0.214964
0.215074
0.202878
0.204887
0.198747
0.182526
0.192580
0.200343
0.208531
0.208644
0.190345
0.216480
0.200727
0.209491
0.195245
0.179859
0.182260
0.197195
0.205493
0.215334
0.197682
0.194036
0.201419
0.201195
0.206031
0.204335
0.207806
0.205713
0.194162
0.184367
0.187705
0.177189
0.195523
0.203199
0.198721
0.203610
0.185307
0.197375
0.190589
0.213094
0.187835
0.197974
0.196372
0.211468
0.214453
0.212536
0.211739
0.201567
0.198327
0.182854
0.190441
0.183396
0.192855
0.208181
0.210910
0.210054
0.212072
0.206743
0.201988
0.204948
0.196980
0.211704
0.195504
0.194520
0.224503
0.217852
0.205162
0.208907
0.204320
0.185188
0.212685
0.208107
0.190074
0.186659
0.198979
0.211795
0.212015
0.200345
0.207994
0.200909
0.208303
0.206728
0.215362
0.209228
0.199582
0.205088
0.196903
0.204812
0.213068
0.223185
0.202334
0.197468
0.203506
0.195020
0.214520
0.205172
0.193945
0.199730
0.193056
0.203516
0.184406
0.180598
0.177828
0.197087
0.216503
0.214016
0.212341
0.191143
0.182656
0.162222
0.166656
0.172196
0.202760
0.181523
0.201775
0.216566
0.214931
0.211168
0.198384
0.206378
0.205151
0.213216
0.209389
0.207209
0.195970
0.198113
0.218346
0.212689
0.211801
0.200704
0.189715
0.187789
0.186761
0.209434
0.209590
0.204884
0.200505
0.202182
0.202513
0.197971
0.200968
0.193372
0.190516
0.200343
0.216799
0.213741
0.201188
0.202543
0.199451
0.213396
0.204376
0.209385
0.213974
0.204627
0.204864
0.193795
0.197181
0.181791
0.203476
0.198995
0.186125
0.204383
0.202693
0.189932
0.205895
0.182337
0.212031
0.199030
0.194439
0.174360
0.189678
0.206539
0.195513
0.207406
0.194382
0.201210
0.201130
0.206541
0.201758
0.204514
0.203342
0.202399
0.214612
0.181738
0.177422
0.206684
0.193374
0.196016
0.216615
0.209838
0.212190
0.215719
0.194093
0.197207
0.196164
0.191031
0.193766
0.218606
0.215170
0.207587
0.202935
0.198501
0.215969
0.212070
0.207485
0.197326
0.190344
0.195067
0.204989
0.198592
0.208695
0.210835
0.203234
0.197702
0.218477
0.217952
0.207436
0.207560
0.207003
0.209010
0.182651
0.180884
0.206953
0.216835
0.207242
0.197740
0.191842
0.193763
0.189525
0.206993
0.190890
0.172606
0.183937
0.186597
0.175802
0.198230
0.214277
0.213313
0.201948
0.213284
0.200601
0.210255
0.190878
0.207439
0.196338
0.173337
0.182789
0.189023
0.216317
0.203716
0.216343
0.214338
0.207530
0.194105
0.210788
0.202910
0.204494
0.210314
0.211987
0.214310
0.216890
0.193686
0.208990
0.205916
0.212012
0.204596
0.196521
0.201480
0.199396
0.205576
0.202525
0.208093
0.203502
0.214397
0.220771
0.180239
0.183805
0.207569
0.201774
0.201437
0.217884
0.206582
0.173645
0.198378
0.196007
0.215207
0.201646
0.198846
0.175875
0.210482
0.196584
0.192359
0.186915
0.213090
0.209316
0.215737
0.207150
0.194612
0.195575
0.190613
0.187182
0.208205
0.213997
0.193828
0.173170
0.180063
0.217328
0.199406
0.202430
0.177761
0.172317
0.211171
0.212899
0.198511
0.212520
0.206936
0.188947
0.190792
0.184960
0.213602
0.194073
0.196689
0.217513
0.212181
0.212560
0.187435
0.200626
0.198064
0.209001
0.209681
0.222088
0.206934
0.206215
0.199736
0.207223
0.207919
0.209126
0.206644
0.218405
0.210150
0.211874
0.197701
0.198127
0.196865
0.203147
0.208276
0.208598
0.217099
0.219729
0.211990
0.189211
0.208636
0.170869
0.204887
0.186206
0.206612
0.199486
0.198369
0.212156
0.193140
0.196432
0.206940
0.203828
0.205892
0.212901
0.184525
0.200286
0.206440
0.219617
0.198545
0.209909
0.206465
0.214219
0.210983
0.214152
0.216994
0.195001
0.214675
0.213765
0.207343
0.192828
0.191689
0.175367
0.173981
0.205505
0.208308
0.207572
0.192398
0.183964
0.202356
0.175536
0.192176
0.193833
0.189912
0.196128
0.201367
0.199635
0.211514
0.198061
0.203256
0.204031
0.209277
0.207800
0.217519
0.195471
0.206894
0.211719
0.193125
0.178619
0.209001
0.204557
0.216780
0.201348
0.200286
0.211660
0.184954
0.176370
0.181028
0.198835
0.214272
0.210558
0.209491
0.205986
0.227885
0.215928
0.201483
0.218350
0.205079
0.217933
0.205643
0.217746
0.213997
0.196942
0.206964
0.202707
0.185773
0.184248
0.184575
0.185832
0.199696
0.196599
0.194868
0.192836
0.189781
0.206488
0.203584
0.207186
0.198209
0.206111
0.205580
0.203306
0.211346
0.197926
0.200321
0.218555
0.215704
0.219120
0.201314
0.197002
0.206524
0.208979
0.193298
0.194436
0.217174
0.196448
0.213559
0.209200
0.209376
0.204611
0.204839
0.216995
0.205837
0.211461
0.216841
0.219377
0.207229
0.190195
0.201959
0.212599
0.205203
0.227306
0.220350
0.208994
0.214006
0.211398
0.189739
0.199079
0.194301
0.179356
0.162064
0.219397
0.219412
0.200177
0.197399
0.214653
0.205357
0.206232
0.215138
0.212956
0.205989
0.216524
0.215973
0.196486
0.196174
0.187266
0.200622
0.189254
0.195760
0.206601
0.206564
0.211211
0.181849
0.212808
0.198347
0.210432
0.194320
0.183720
0.192392
0.193531
0.215814
0.215964
0.202796
0.198297
0.200185
0.215991
0.221328
0.186506
0.219651
0.200152
0.199600
0.219391
0.206399
0.206468
0.224924
0.219082
0.219050
0.195411
0.198248
0.188307
0.172821
0.206742
0.200910
0.224965
0.206465
0.209480
0.211678
0.200034
0.211219
0.198035
0.219082
0.217528
0.205974
0.212130
0.204341
0.205419
0.212140
0.199724
0.208737
0.209850
0.223204
0.204003
0.191119
0.203841
0.202225
0.205180
0.208110
0.203505
0.206306
0.188789
0.185969
0.208354
0.216357
0.218893
0.205935
0.210290
0.213340
0.212147
0.210734
0.213426
0.212726
0.203764
0.190898
0.184060
0.203553
0.203062
0.213235
0.192962
0.199061
0.207469
0.177562
0.185827
0.198461
0.210272
0.208513
0.212372
0.222373
0.213395
0.204818
0.225169
0.213098
0.207454
0.182960
0.213303
0.182523
0.202713
0.204837
0.216934
0.216187
0.190235
0.214554
0.184115
0.205276
0.208771
0.193512
0.204987
0.216004
0.191852
0.198044
0.192019
0.200898
0.194678
0.192124
0.199976
0.202833
0.204150
0.218835
0.216248
0.210014
0.212776
0.208957
0.196634
0.186994
0.186612
0.166106
0.198674
0.199249
0.222544
0.219767
0.203527
0.212674
0.199566
0.193143
0.216944
0.220133
0.199498
0.202820
0.214490
0.215780
0.194718
0.195418
0.186552
0.172265
0.203749
0.196132
0.193652
0.186637
0.177250
0.204108
0.167665
0.187592
0.196837
0.220257
0.217651
0.192377
0.213381
0.214403
0.202014
0.201518
0.198403
0.189580
0.218856
0.207070
0.220381
0.219064
0.206959
0.187965
0.205098
0.204038
0.217140
0.195899
0.201823
0.182249
0.208641
0.215352
0.219632
0.207503
0.201530
0.211623
0.210816
0.199247
0.218258
0.212555
0.207408
0.221219
0.207547
0.207866
0.222448
0.224543
0.219937
0.206768
0.219177
0.208853
0.216252
0.211108
0.223385
0.210972
0.219401
0.206950
0.210125
0.203132
0.226081
0.216100
0.204578
0.217193
0.207821
0.209071
0.195646
0.190655
0.210469
0.200898
0.220719
0.222155
0.205582
0.191329
0.220264
0.215236
0.208558
0.200683
0.214651
0.211564
0.202705
0.200474
0.214904
0.195883
0.198107
0.208530
0.217010
0.220489
0.203897
0.215652
0.225244
0.199319
0.184819
0.171173
0.175997
0.160197
0.178093
0.190198
0.206012
0.180222
0.178629
0.200609
0.221024
0.223097
0.213790
0.210847
0.200099
0.190575
0.198204
0.213567
0.207014
0.193183
0.212102
0.211132
0.204664
0.200842
0.196283
0.215556
0.205872
0.214672
0.193833
0.197455
0.211860
0.213660
0.203025
0.207157
0.221277
0.223099
0.212476
0.207663
0.214042
0.191754
0.206966
0.210314
0.214080
0.214494
0.186077
0.189168
0.188012
0.191492
0.217668
0.202175
0.218340
0.212471
0.206303
0.211750
0.215388
0.183082
0.191530
0.209462
0.207043
0.202417
0.199868
0.205659
0.209221
0.224106
0.218712
0.219632
0.203440
0.213391
0.201905
0.195677
0.219556
0.214165
0.195165
0.208814
0.209269
0.207771
0.189700
0.188650
0.199539
0.185267
0.196314
0.210729
0.185721
0.220585
0.193656
0.200385
0.218802
0.222449
0.212078
0.216079
0.214505
0.213104
0.222309
0.207025
0.215398
0.198703
0.212771
0.205800
0.193474
0.207377
0.208571
0.205209
0.188669
0.218549
0.190571
0.213619
0.192443
0.203150
0.218870
0.222566
0.208632
0.212708
0.189052
0.175445
0.204483
0.212530
0.216031
0.220693
0.217825
0.216531
0.227203
0.217697
0.210014
0.218472
0.211242
0.201924
0.205511
0.226102
0.222327
0.218626
0.201854
0.216789
0.217658
0.221369
0.219299
0.214424
0.214220
0.193635
0.212754
0.196582
0.217537
0.221826
0.213710
0.207184
0.197521
0.200023
0.197127
0.207410
0.215246
0.203722
0.221042
0.215239
0.201920
0.208148
0.215703
0.207753
0.217458
0.208011
0.198105
0.197047
0.213402
0.221145
0.196730
0.203337
0.198572
0.215887
0.214651
0.217384
0.214013
0.199400
0.217784
0.213809
0.209896
0.189426
0.215837
0.210120
0.204857
0.207417
0.216728
0.218954
0.213542
0.211107
0.214841
0.211620
0.212745
0.212660
0.223571
0.224118
0.215521
0.204928
0.209142
0.193517
0.214332
0.215827
0.210271
0.224162
0.199130
0.205343
0.200137
0.197887
0.215294
0.193090
0.200626
0.210394
0.207400
0.205362
0.201739
0.207406
0.188819
0.210639
0.209490
0.216350
0.203410
0.212147
0.216581
0.209648
0.199586
0.200159
0.208427
0.200574
0.203391
0.200063
0.191935
0.184039
0.180202
0.206530
0.225299
0.210145
0.189199
0.206648
0.222962
0.213254
0.225719
0.194699
0.200690
0.183092
0.213611
0.216800
0.214937
0.208910
0.219623
0.215590
0.211657
0.186207
0.200768
0.221004
0.211465
0.219814
0.207940
0.190166
0.220254
0.217025
0.210727
0.197808
0.201064
0.216507
0.179721
0.182738
0.215360
0.221828
0.207091
0.208404
0.211920
0.223729
0.206700
0.200371
0.195369
0.202625
0.189849
0.215077
0.203982
0.216391
0.214870
0.215827
0.199182
0.227015
0.212882
0.202721
0.191535
0.203151
0.200018
0.204528
0.200917
0.213164
0.206198
0.201483
0.209806
0.202694
0.214562
0.192453
0.225645
0.226685
0.208570
0.210079
0.208203
0.218270
0.219929
0.228298
0.217809
0.214785
0.209581
0.206496
0.196487
0.223645
0.211899
0.215582
0.187121
0.213368
0.206801
0.226983
0.206656
0.211603
0.224568
0.220037
0.193972
0.194192
0.191286
0.185690
0.182604
0.181802
0.210813
0.214454
0.225729
0.219006
0.216574
0.205873
0.223873
0.207544
0.175302
0.187396
0.205350
0.207094
0.202313
0.214952
0.217059
0.202830
0.211377
0.195991
0.190712
0.190190
0.206564
0.209982
0.188513
0.207721
0.197655
0.185721
0.195673
0.181135
0.196940
0.213193
0.211931
0.191921
0.184384
0.221852
0.212583
0.199213
0.219425
0.222605
0.208001
0.206735
0.217139
0.212109
0.191708
0.194491
0.201448
0.216381
0.206780
0.216444
0.214644
0.219188
0.217821
0.212326
0.215584
0.210556
0.189158
0.203970
0.205062
0.201173
0.213917
0.190512
0.196296
0.219437
0.214767
0.217833
0.199582
0.213661
0.214535
0.227533
0.223845
0.215992
0.201402
0.208646
0.215546
0.207746
0.224377
0.202923
0.207632
0.208586
0.218338
0.206862
0.209384
0.220498
0.216948
0.223943
0.215964
0.228814
0.217110
0.210377
0.190474
0.190223
0.198071
0.224338
0.216960
0.231193
0.221225
0.216361
0.201755
0.204839
0.197872
0.210889
0.219857
0.212882
0.225620
0.223608
0.209658
0.208361
0.210364
0.215658
0.216023
0.220581
0.219512
0.208771
0.209673
0.206508
0.225258
0.222515
0.222508
0.224751
0.209353
0.213541
0.209637
0.218020
0.207155
0.225261
0.204838
0.210168
0.218132
0.233789
0.213777
0.203829
0.199302
0.197023
0.223966
0.208503
0.216008
0.212023
0.203890
0.204524
0.208736
0.225327
0.225619
0.227814
0.223350
0.214957
0.220879
0.197986
0.201430
0.199971
0.205580
0.222673
0.208170
0.197050
0.209167
0.202868
0.213151
0.211175
0.222289
0.208578
0.218105
0.220649
0.203200
0.209469
0.206914
0.184370
0.192631
0.202232
0.199568
0.201015
0.219956
0.214210
0.204015
0.208868
0.207820
0.189693
0.193174
0.205170
0.201777
0.210957
0.212405
0.223739
0.222992
0.216736
0.209124
0.209097
0.176345
0.186389
0.221854
0.220430
0.226974
0.210993
0.220830
0.221566
0.226521
0.207096
0.214406
0.218551
0.221053
0.224467
0.194876
0.198610
0.222914
0.218689
0.219933
0.204095
0.216687
0.212469
0.182951
0.202205
0.206406
0.200163
0.210949
0.201120
0.193778
0.202792
0.205347
0.189981
0.229777
0.191131
0.216397
0.208399
0.208686
0.216737
0.224225
0.220855
0.219477
0.221157
0.208548
0.189467
0.212546
0.218282
0.218464
0.200930
0.212654
0.209195
0.215114
0.214995
0.213691
0.188522
0.208570
0.220762
0.229906
0.210415
0.217856
0.218154
0.198669
0.197807
0.201854
0.189416
0.199379
0.203465
0.214993
0.209991
0.197771
0.202806
0.193847
0.215384
0.224616
0.202264
0.194571
0.223591
0.203302
0.186290
0.186842
0.210364
0.210360
0.194838
0.196329
0.196842
0.214891
0.193725
0.222270
0.227122
0.220904
0.216920
0.210420
0.196694
0.213522
0.207877
0.211867
0.202632
0.198453
0.220341
0.220918
0.189516
0.193074
0.195456
0.228452
0.214927
0.206730
0.203359
0.206046
0.222818
0.210356
0.211014
0.218797
0.198813
0.203934
0.212669
0.215117
0.203728
0.187206
0.213417
0.211835
0.217231
0.220065
0.220567
0.209198
0.213126
0.203838
0.182851
0.223230
0.216027
0.216608
0.220135
0.213625
0.216467
0.222608
0.225943
0.225855
0.212896
0.203565
0.216990
0.221975
0.216766
0.223558
0.205166
0.192224
0.204714
0.193909
0.207791
0.173457
0.182067
0.195894
0.221854
0.196012
0.201688
0.211568
0.219920
0.225350
0.209056
0.227520
0.197690
0.215789
0.230204
0.230562
0.208606
0.207147
0.210289
0.219215
0.192481
0.206752
0.225923
0.214808
0.231102
0.214128
0.226438
0.205369
0.211516
0.210748
0.198817
0.192886
0.207431
0.208084
0.207166
0.200962
0.207920
0.226682
0.226845
0.226384
0.214969
0.202195
0.220589
0.190335
0.213715
0.205065
0.198507
0.207272
0.230464
0.216505
0.223634
0.230285
0.221520
0.211865
0.225171
0.222918
0.220228
0.208054
0.220869
0.214058
0.218627
0.202723
0.208191
0.219620
0.212860
0.199095
0.229894
0.213348
0.220597
0.209786
0.205741
0.199779
0.200571
0.204031
0.214041
0.209531
0.205989
0.203241
0.209130
0.221272
0.229925
0.224455
0.217786
0.219202
0.223098
0.212657
0.196825
0.218228
0.211709
0.197237
0.185947
0.209360
0.205502
0.194871
0.198085
0.207343
0.220213
0.217195
0.224506
0.227097
0.217371
0.212377
0.225761
0.202340
0.221567
0.213474
0.220103
0.199674
0.222765
0.225225
0.214529
0.203787
0.221724
0.206561
0.191009
0.157999
0.215160
0.221965
0.206388
0.223865
0.214872
0.210044
0.207279
0.210841
0.189880
0.202330
0.231256
0.213124
0.220728
0.226178
0.211990
0.219010
0.202694
0.220846
0.225740
0.207189
0.211990
0.192893
0.210803
0.216470
0.205918
0.223812
0.217313
0.221541
0.220353
0.218321
0.208506
0.212034
0.209413
0.209212
0.204566
0.211505
0.214320
0.214542
0.223075
0.220836
0.202483
0.229364
0.216892
0.212555
0.219241
0.214670
0.206994
0.219288
0.210606
0.203026
0.208476
0.207602
0.223935
0.224161
0.225991
0.222652
0.204892
0.228706
0.216123
0.222718
0.197037
0.195182
0.205478
0.183915
0.209778
0.208922
0.204503
0.214546
0.227859
0.214136
0.224113
0.222974
0.216496
0.225330
0.216426
0.195458
0.203180
0.197216
0.200568
0.209957
0.212163
0.221620
0.225793
0.218177
0.219174
0.224233
0.224007
0.221824
0.206624
0.229206
0.197949
0.221947
0.219647
0.197265
0.212138
0.208626
0.200334
0.205585
0.193257
0.194948
0.213458
0.215762
0.218634
0.219503
0.221340
0.208563
0.204272
0.219193
0.228015
0.214992
0.207412
0.206827
0.230536
0.217854
0.213728
0.226835
0.210626
0.207466
0.199443
0.200317
0.213637
0.206536
0.210788
0.212075
0.213319
0.215315
0.229241
0.219195
0.198934
0.219788
0.206588
0.188382
0.204828
0.226433
0.215238
0.228159
0.227910
0.221942
0.221613
0.223082
0.216738
0.215940
0.194758
0.220960
0.225747
0.207221
0.200977
0.225865
0.219391
0.213889
0.210720
0.211179
0.204284
0.207540
0.210224
0.195403
0.216143
0.212788
0.225810
0.222945
0.200141
0.205681
0.217750
0.215154
0.214854
0.187631
0.178439
0.176978
0.216489
0.225079
0.219768
0.207706
0.218247
0.225279
0.215091
0.223287
0.225400
0.224668
0.214537
0.214033
0.199483
0.218098
0.209302
0.230340
0.210337
0.226735
0.224601
0.219431
0.197327
0.196907
0.190029
0.201791
0.207033
0.215852
0.215770
0.222046
0.201531
0.207022
0.199969
0.191655
0.195012
0.206886
0.229312
0.214745
0.217665
0.210249
0.224568
0.213996
0.207100
0.180669
0.191537
0.209904
0.222517
0.222827
0.215214
0.211345
0.204360
0.215980
0.206449
0.211230
0.213331
0.200481
0.193175
0.215609
0.199007
0.185494
0.225743
0.210439
0.210971
0.213115
0.220881
0.208513
0.227174
0.210751
0.187531
0.208239
0.212943
0.213887
0.221473
0.224401
0.222234
0.220208
0.221659
0.222588
0.209335
0.222886
0.215969
0.213334
0.214872
0.208953
0.202488
0.204247
0.204518
0.215254
0.224152
0.196325
0.221286
0.229167
0.217277
0.211830
0.222252
0.217304
0.223109
0.198759
0.195950
0.215531
0.195518
0.228665
0.224930
0.201333
0.208923
0.215003
0.202572
0.221960
0.213776
0.214395
0.208878
0.225364
0.216085
0.220154
0.223121
0.211730
0.217615
0.190991
0.227148
0.228843
0.227920
0.208398
0.194643
0.222486
0.189887
0.176146
0.195684
0.194328
0.195328
0.201929
0.207293
0.222836
0.180396
0.199394
0.203056
0.217580
0.227563
0.196100
0.184015
0.213070
0.215383
0.216922
0.203176
0.195520
0.191421
0.206841
0.211069
0.207432
0.210870
0.210612
0.215515
0.218061
0.196967
0.209611
0.193015
0.211451
0.213331
0.217409
0.215932
0.206117
0.183280
0.203333
0.221379
0.218613
0.206435
0.213564
0.224928
0.225525
0.230377
0.208939
0.204186
0.232464
0.220199
0.216647
0.202637
0.203481
0.217968
0.196884
0.219722
0.215460
0.230016
0.205597
0.222873
0.218437
0.216192
0.222972
0.223093
0.229357
0.210849
0.182258
0.180741
0.194022
0.212547
0.224467
0.219342
0.217287
0.218279
0.224132
0.223073
0.216987
0.223753
0.206171
0.190386
0.207630
0.164520
0.176842
0.173095
0.191860
0.208127
0.227229
0.223852
0.231847
0.215914
0.221112
0.203040
0.231624
0.219844
0.222592
0.220586
0.219549
0.200662
0.223979
0.224747
0.210951
0.227731
0.214595
0.220910
0.214898
0.225538
0.198002
0.194613
0.193310
0.204450
0.233158
0.203281
0.220157
0.221687
0.223740
0.219753
0.209208
0.195635
0.197744
0.217746
0.234838
0.229829
0.213935
0.221221
0.221485
0.206607
0.200614
0.193419
0.197131
0.221220
0.214089
0.200557
0.218313
0.227357
0.220090
0.209723
0.206863
0.214663
0.213493
0.225407
0.217680
0.203103
0.188593
0.214435
0.207543
0.224686
0.218172
0.214909
0.221676
0.200678
0.206648
0.207272
0.200065
0.225994
0.223612
0.206221
0.222296
0.227148
0.229571
0.232905
0.222305
0.215932
0.218328
0.229146
0.233062
0.210247
0.208413
0.210473
0.230346
0.230086
0.234844
0.201494
0.189500
0.229308
0.217508
0.226468
0.212259
0.221686
0.238426
0.227631
0.226276
0.200168
0.215054
0.226026
0.221628
0.229312
0.209700
0.219901
0.197086
0.192656
0.200999
0.202357
0.209554
0.205213
0.214767
0.212589
0.227843
0.204402
0.220743
0.216192
0.224518
0.205939
0.222105
0.203264
0.223455
0.220269
0.213892
0.222199
0.226472
0.218907
0.219023
0.225211
0.209034
0.202355
0.224967
0.229351
0.217571
0.210524
0.189669
0.189666
0.195473
0.204798
0.201291
0.224817
0.196731
0.190487
0.215990
0.200448
0.200099
0.211857
0.218739
0.226658
0.208461
0.193732
0.215520
0.230782
0.190705
0.214693
0.207338
0.212243
0.206862
0.205174
0.217094
0.207142
0.216581
0.223978
0.217694
0.231559
0.208089
0.208994
0.201900
0.200254
0.197211
0.203519
0.233305
0.217456
0.218439
0.208938
0.195004
0.216090
0.207905
0.194709
0.215416
0.213404
0.225147
0.231076
0.212208
0.227767
0.212302
0.206998
0.219604
0.224686
0.218294
0.215025
0.213981
0.225848
0.209606
0.209793
0.225016
0.226801
0.221046
0.205141
0.210556
0.195924
0.207303
0.206523
0.191812
0.209104
0.223514
0.219887
0.225851
0.216446
0.196181
0.214660
0.215699
0.195799
0.188544
0.185214
0.202016
0.203063
0.222505
0.216572
0.220515
0.220388
0.226019
0.222931
0.224963
0.200998
0.199492
0.216208
0.196185
0.219710
0.214819
0.203915
0.196072
0.216881
0.218504
0.225564
0.215091
0.216507
0.204743
0.190351
0.232571
0.214680
0.233379
0.206843
0.203114
0.227405
0.216550
0.211147
0.214326
0.221110
0.224690
0.226515
0.221786
0.214944
0.208184
0.217479
0.223251
0.199136
0.212445
0.228216
0.216336
0.208891
0.228912
0.215735
0.219553
0.213774
0.229228
0.205672
0.197190
0.209152
0.210945
0.216994
0.226269
0.219641
0.223120
0.223102
0.211581
0.188869
0.228596
0.238071
0.211401
0.221408
0.202528
0.211852
0.212321
0.223225
0.215704
0.222384
0.202716
0.228993
0.217645
0.210648
0.209468
0.199390
0.201404
0.212596
0.217166
0.200877
0.213021
0.204146
0.210107
0.234490
0.221130
0.207791
0.211900
0.226928
0.227711
0.227469
0.215698
0.218303
0.213878
0.207857
0.231851
0.210370
0.219484
0.218154
0.204921
0.201020
0.210662
0.227053
0.188387
0.227434
0.215361
0.214183
0.188426
0.221796
0.224302
0.222987
0.213570
0.193074
0.234263
0.218965
0.207984
0.198426
0.212770
0.223976
0.214172
0.218247
0.214170
0.210617
0.222095
0.228622
0.228801
0.196735
0.203281
0.216042
0.208300
0.222475
0.216904
0.220891
0.232348
0.234197
0.220602
0.234454
0.200448
0.215873
0.205012
0.213460
0.201357
0.184743
0.193407
0.200655
0.213218
0.219944
0.217211
0.199556
0.227757
0.216188
0.221096
0.228144
0.230440
0.207598
0.225021
0.209701
0.216322
0.227334
0.218085
0.217569
0.209599
0.198101
0.230249
0.222266
0.201637
0.219965
0.216569
0.205851
0.207956
0.219301
0.218028
0.214751
0.210000
0.217605
0.228083
0.215168
0.204994
0.178969
0.186972
0.200080
0.211308
0.227048
0.229334
0.203303
0.215890
0.201844
0.209624
0.230276
0.224565
0.214646
0.210704
0.210564
0.202293
0.204965
0.205331
0.203163
0.218064
0.220733
0.229199
0.205368
0.234436
0.226759
0.228891
0.224958
0.226859
0.223494
0.225357
0.215436
0.222686
0.215722
0.209905
0.219243
0.217563
0.202750
0.223645
0.201579
0.220026
0.213286
0.204993
0.208175
0.208082
0.223370
0.218465
0.220799
0.223542
0.237636
0.220701
0.192303
0.190663
0.207621
0.229209
0.210850
0.214533
0.216764
0.220665
0.218914
0.208614
0.215071
0.233852
0.218813
0.225549
0.228201
0.216607
0.208986
0.210445
0.223778
0.231615
0.214762
0.210379
0.229098
0.229123
0.212842
0.216976
0.206908
0.215489
0.227231
0.221619
0.220227
0.212489
0.206482
0.215813
0.227163
0.177722
0.197705
0.215861
0.224686
0.209990
0.209752
0.226971
0.231508
0.223828
0.237882
0.204997
0.235589
0.222123
0.216707
0.224834
0.224921
0.217533
0.219032
0.214319
0.206428
0.221570
0.223707
0.221173
0.218251
0.220721
0.206410
0.218276
0.214747
0.209360
0.210126
0.216881
0.221966
0.223133
0.216133
0.209739
0.216423
0.232034
0.220030
0.230805
0.223772
0.205631
0.205086
0.209136
0.229003
0.223325
0.214644
0.197379
0.222308
0.206847
0.227428
0.217456
0.203501
0.211977
0.199698
0.179629
0.187208
0.208621
0.228921
0.224976
0.223151
0.218657
0.204599
0.232854
0.234097
0.214157
0.219223
0.219699
0.216203
0.215643
0.218964
0.211553
0.217569
0.225899
0.232199
0.223691
0.203619
0.220817
0.218711
0.215901
0.196865
0.201352
0.215191
0.211778
0.232620
0.215484
0.225179
0.233513
0.224285
0.215731
0.220370
0.211592
0.214703
0.223909
0.218341
0.205676
0.224949
0.210526
0.224983
0.224741
0.225043
0.217939
0.195159
0.206350
0.195525
0.205421
0.196796
0.219759
0.216205
0.216512
0.198778
0.205839
0.214714
0.211931
0.220030
0.226454
0.195851
0.193243
0.223256
0.228935
0.229360
0.225223
0.224905
0.233332
0.214056
0.231754
0.235215
0.214347
0.226888
0.225654
0.202308
0.229726
0.217619
0.210580
0.217768
0.222755
0.215651
0.216787
0.235234
0.229092
0.221256
0.224346
0.223888
0.206495
0.186052
0.196160
0.188786
0.189138
0.208621
0.206057
0.206437
0.210760
0.211573
0.231592
0.224582
0.223876
0.218664
0.229425
0.230289
0.233374
0.205141
0.210431
0.211725
0.216941
0.219624
0.235473
0.223480
0.233203
0.210207
0.196477
0.185512
0.201383
0.213562
0.235505
0.210015
0.212056
0.230000
0.219084
0.212713
0.226207
0.234212
0.214210
0.201848
0.216783
0.212559
0.216078
0.185180
0.200367
0.212040
0.214997
0.229927
0.208208
0.228232
0.228865
0.223195
0.219152
0.208365
0.224503
0.222123
0.220367
0.201193
0.239750
0.224137
0.213143
0.213186
0.219782
0.219915
0.214446
0.223391
0.221969
0.227587
0.224438
0.225335
0.207471
0.192558
0.210800
0.204538
0.213831
0.211066
0.224651
0.185820
0.222686
0.207322
0.209620
0.216012
0.227548
0.232009
0.232042
0.202696
0.206248
0.234674
0.229432
0.209889
0.216888
0.226469
0.211137
0.207049
0.188506
0.207117
0.196192
0.222100
0.220436
0.230410
0.210967
0.221148
0.214866
0.217238
0.214615
0.198134
0.201574
0.209769
0.217033
0.205651
0.220242
0.206685
0.202049
0.192746
0.222702
0.224849
0.201454
0.225403
0.221719
0.218056
0.217045
0.205252
0.213884
0.217810
0.216006
0.217558
0.180794
0.188686
0.224980
0.228305
0.228254
0.233859
0.214521
0.224432
0.218792
0.219557
0.223754
0.229757
0.233792
0.226441
0.214604
0.223513
0.226740
0.220854
0.217737
0.217735
0.213749
0.210719
0.200771
0.216492
0.203867
0.228079
0.229971
0.214918
0.191529
0.208846
0.211752
0.213740
0.213066
0.223090
0.230125
0.212859
0.225896
0.228308
0.210720
0.231726
0.217515
0.210213
0.215358
0.207138
0.211532
0.223672
0.213557
0.214676
0.217691
0.225985
0.211853
0.220098
0.212100
0.209292
0.210227
0.221957
0.206923
0.211275
0.221257
0.225895
0.222213
0.223963
0.210574
0.208554
0.208221
0.216459
0.226573
0.207943
0.226338
0.223503
0.216848
0.228262
0.222135
0.219596
0.199363
0.234228
0.231628
0.215488
0.220668
0.220157
0.199155
0.197482
0.223522
0.227455
0.222883
0.225006
0.227144
0.226810
0.221837
0.212997
0.197507
0.212009
0.202707
0.192368
0.211115
0.208395
0.212262
0.212189
0.233277
0.191120
0.211157
0.224129
0.213718
0.219385
0.207375
0.185126
0.195930
0.222821
0.226196
0.218567
0.203101
0.201731
0.200542
0.208632
0.217663
0.224358
0.226133
0.222046
0.203704
0.228997
0.218602
0.209668
0.229043
0.216313
0.213568
0.216986
0.212211
0.201660
0.213888
0.222188
0.234867
0.215756
0.215984
0.223549
0.213334
0.216565
0.225115
0.217536
0.223404
0.220017
0.218491
0.210116
0.221229
0.223833
0.222441
0.210963
0.199651
0.212357
0.204596
0.199701
0.189840
0.215455
0.224217
0.226505
0.225450
0.216094
0.214982
0.224389
0.217730
0.220270
0.226883
0.222125
0.228101
0.219357
0.205155
0.192336
0.199633
0.200682
0.195074
0.197047
0.195821
0.206645
0.200383
0.230331
0.227004
0.220107
0.218798
0.203628
0.206527
0.211543
0.218266
0.229235
0.225472
0.200257
0.190861
0.208941
0.233172
0.214857
0.207914
0.218412
0.189295
0.212760
0.209322
0.212275
0.228798
0.233741
0.219042
0.216336
0.221427
0.208063
0.192865
0.208894
0.227317
0.212528
0.213085
0.229659
0.209419
0.224666
0.233105
0.223017
0.226076
0.216604
0.223050
0.211082
0.217097
0.233079
0.212951
0.201211
0.224682
0.231459
0.219226
0.209062
0.204370
0.194794
0.199166
0.205926
0.226822
0.211344
0.214274
0.218734
0.206593
0.226458
0.226155
0.223408
0.208234
0.223864
0.217401
0.219831
0.213640
0.212680
0.218523
0.216334
0.189437
0.193934
0.191633
0.210480
0.207760
0.207832
0.225875
0.223079
0.217910
0.211963
0.223361
0.202528
0.211331
0.170921
0.213844
0.227368
0.214166
0.201304
0.197327
0.195926
0.207719
0.226213
0.223280
0.223530
0.228717
0.206660
0.210575
0.234837
0.228625
0.222896
0.223107
0.220307
0.237202
0.223130
0.203453
0.217237
0.209610
0.192805
0.213312
0.193947
0.200158
0.200152
0.224502
0.232827
0.216147
0.210990
0.233583
0.229794
0.228352
0.215758
0.209730
0.237013
0.206156
0.214870
0.231554
0.207653
0.221445
0.217923
0.225450
0.227404
0.221856
0.225019
0.219724
0.202869
0.216200
0.225435
0.215486
0.210727
0.192232
0.189644
0.198063
0.229252
0.223157
0.232574
0.225826
0.203051
0.226126
0.236848
0.220928
0.205009
0.215528
0.221176
0.211406
0.222713
0.228402
0.223920
0.212618
0.215296
0.222176
0.223794
0.209794
0.218099
0.214509
0.213570
0.223043
0.221528
0.219362
0.213890
0.204106
0.195650
0.191708
0.216365
0.228699
0.220606
0.220262
0.219002
0.199054
0.209498
0.211541
0.229146
0.233429
0.235767
0.224478
0.220713
0.228008
0.242458
0.221301
0.213108
0.216850
0.219152
0.235603
0.230059
0.214678
0.237013
0.225817
0.228287
0.221706
0.222415
0.212832
0.219579
0.202138
0.230380
0.219626
0.223437
0.217727
0.217778
0.214444
0.233060
0.220808
0.235051
0.233327
0.227855
0.224371
0.222198
0.211479
0.223951
0.225354
0.230387
0.211028
0.217193
0.224682
0.226896
0.228681
0.199513
0.210417
0.206911
0.228393
0.226230
0.234336
0.228541
0.219814
0.215426
0.198341
0.200558
0.209621
0.191621
0.218093
0.194397
0.202918
0.228714
0.229026
0.213517
0.225899
0.227585
0.204346
0.218207
0.232384
0.224811
0.213471
0.211118
0.219272
0.229756
0.221502
0.224166
0.235141
0.212038
0.229807
0.231735
0.225518
0.217889
0.218597
0.213272
0.207336
0.219442
0.219593
0.227402
0.223364
0.215854
0.211926
0.208627
0.219473
0.221813
0.228351
0.228273
0.210587
0.211678
0.206285
0.189261
0.216118
0.225843
0.224597
0.196502
0.190098
0.211945
0.234196
0.208912
0.233165
0.219438
0.230392
0.231487
0.228082
0.207368
0.217384
0.226833
0.232119
0.225566
0.227155
0.225741
0.206998
0.205441
0.228528
0.224994
0.209514
0.210448
0.217882
0.229960
0.219215
0.219662
0.226067
0.227739
0.220205
0.216885
0.226145
0.203953
0.206874
0.234526
0.217852
0.222330
0.229307
0.225324
0.231373
0.219474
0.206688
0.221329
0.232025
0.221105
0.217039
0.210700
0.207878
0.218667
0.214519
0.225405
0.218871
0.232217
0.223144
0.199410
0.226840
0.223005
0.230811
0.229985
0.227584
0.223566
0.215165
0.207572
0.236336
0.221268
0.216156
0.203265
0.224398
0.222976
0.209864
0.211476
0.225483
0.221316
0.213079
0.220881
0.201738
0.198645
0.219739
0.221649
0.223431
0.222569
0.223573
0.207851
0.220920
0.224477
0.226992
0.211642
0.227207
0.216652
0.228124
0.225585
0.216415
0.241203
0.226772
0.219935
0.211289
0.218204
0.221584
0.212513
0.221805
0.229768
0.234911
0.208238
0.219420
0.210603
0.204377
0.208255
0.204167
0.200576
0.216921
0.234717
0.232853
0.235504
0.209632
0.206814
0.229309
0.232684
0.220162
0.217779
0.195516
0.204167
0.210774
0.225885
0.217944
0.198762
0.229435
0.225582
0.220823
0.199478
0.205376
0.213910
0.227899
0.210724
0.222493
0.220363
0.226307
0.210520
0.227715
0.220177
0.213410
0.208252
0.223759
0.229121
0.221700
0.212638
0.217421
0.232446
0.228396
0.207818
0.227354
0.230416
0.215205
0.232819
0.227392
0.224108
0.225275
0.204205
0.211223
0.228492
0.227214
0.230637
0.237996
0.243286
0.200796
0.208535
0.199125
0.193318
0.207340
0.223064
0.216507
0.223068
0.236086
0.214516
0.226571
0.222050
0.230937
0.234012
0.232929
0.228404
0.228721
0.226217
0.204077
0.238286
0.228759
0.224137
0.211501
0.210193
0.219264
0.232073
0.221174
0.229515
0.227852
0.230031
0.233618
0.218563
0.222945
0.235113
0.230859
0.210303
0.201661
0.212728
0.209945
0.212307
0.212436
0.215065
0.226558
0.226345
0.218112
0.214653
0.209257
0.233710
0.226648
0.209741
0.220683
0.216417
0.196578
0.225275
0.208191
0.221267
0.202070
0.216660
0.209672
0.207283
0.224209
0.229373
0.212414
0.226311
0.227174
0.230557
0.221725
0.202920
0.203974
0.197848
0.183358
0.218208
0.214938
0.225270
0.217569
0.225532
0.222103
0.210575
0.204428
0.203170
0.220541
0.220941
0.214801
0.228307
0.231341
0.232316
0.229233
0.220597
0.198909
0.208802
0.220989
0.224757
0.206674
0.229193
0.220740
0.230940
0.211700
0.186758
0.218397
0.220492
0.203198
0.225066
0.214172
0.224257
0.207878
0.216431
0.228928
0.229130
0.210126
0.217170
0.205884
0.232137
0.232468
0.212416
0.182061
0.216169
0.187992
0.195480
0.233815
0.221275
0.216191
0.235708
0.219929
0.213686
0.214428
0.226800
0.223797
0.236283
0.234064
0.212761
0.223935
0.212669
0.227404
0.216474
0.218895
0.228338
0.229326
0.232296
0.230214
0.227411
0.212870
0.207330
0.222564
0.227688
0.237315
0.223140
0.229122
0.233588
0.233001
0.224204
0.226457
0.220401
0.222749
0.224814
0.231800
0.203376
0.199740
0.191535
0.213482
0.227851
0.202112
0.220211
0.228943
0.229895
0.209366
0.226003
0.213538
0.182021
0.201663
0.207803
0.222345
0.214026
0.213250
0.209488
0.206210
0.198045
0.205210
0.217624
0.196840
0.222590
0.228524
0.229153
0.212729
0.212608
0.208759
0.226573
0.230214
0.227826
0.213789
0.224725
0.226539
0.228490
0.237843
0.227404
0.209112
0.238466
0.227615
0.221388
0.215393
0.218056
0.233648
0.228783
0.227266
0.229874
0.221832
0.233820
0.222396
0.221852
0.230512
0.208428
0.223120
0.195645
0.205887
0.215541
0.202752
0.226817
0.194145
0.207025
0.225514
0.210059
0.210469
0.211687
0.221357
0.219459
0.211543
0.225367
0.227854
0.226019
0.217284
0.216477
0.203499
0.219026
0.221105
0.217457
0.200247
0.202157
0.199555
0.226902
0.230549
0.223180
0.230274
0.221455
0.216446
0.218602
0.226973
0.213881
0.217185
0.213278
0.202581
0.224168
0.212630
0.233725
0.223260
0.223078
0.231083
0.203897
0.201664
0.217270
0.220255
0.232021
0.221787
0.227795
0.214371
0.228205
0.224062
0.201921
0.227759
0.221085
0.222416
0.216959
0.194562
0.198949
0.219894
0.230094
0.231785
0.231392
0.236697
0.233277
0.237459
0.228346
0.187379
0.231074
0.223919
0.199609
0.221758
0.223821
0.219562
0.213796
0.218620
0.225869
0.233511
0.231685
0.221381
0.230584
0.229835
0.221554
0.219456
0.194319
0.199803
0.227816
0.221855
0.223667
0.211111
0.231393
0.224700
0.204390
0.234932
0.214690
0.201908
0.207872
0.226791
0.222001
0.209134
0.229318
0.226185
0.243511
0.232683
0.226197
0.193244
0.195362
0.228025
0.231230
0.213089
0.228882
0.235310
0.225184
0.238072
0.199152
0.218763
0.235079
0.219255
0.202486
0.206676
0.229514
0.220254
0.214795
0.209479
0.220004
0.204294
0.220371
0.228606
0.210112
0.224686
0.228263
0.223015
0.219896
0.215337
0.220608
0.203451
0.232276
0.229280
0.223305
0.224686
0.225401
0.218924
0.221192
0.231897
0.210704
0.232417
0.219561
0.224963
0.211521
0.234219
0.233370
0.211080
0.197430
0.206972
0.225535
0.225545
0.243214
0.229936
0.222858
0.227375
0.208671
0.209661
0.230560
0.209817
0.207175
0.221644
0.207837
0.211225
0.230118
0.221311
0.219135
0.212233
0.206420
0.221919
0.215815
0.238503
0.235495
0.218543
0.208110
0.216711
0.228468
0.216815
0.217472
0.193734
0.195386
0.199361
0.204772
0.217288
0.224490
0.225343
0.218274
0.212824
0.231835
0.222258
0.221613
0.215305
0.221271
0.212539
0.238914
0.239438
0.231747
0.225734
0.237996
0.227457
0.226108
0.232912
0.226718
0.213928
0.220636
0.230517
0.221760
0.206550
0.224648
0.219507
0.234680
0.218723
0.232668
0.217872
0.226045
0.213556
0.207717
0.236765
0.229158
0.237652
0.207870
0.212656
0.228333
0.227629
0.228301
0.229177
0.218486
0.222485
0.210153
0.211099
0.215178
0.189328
0.213988
0.209002
0.212779
0.209248
0.196824
0.225350
0.238325
0.219946
0.216349
0.210332
0.208074
0.197475
0.217772
0.215940
0.241924
0.220942
0.231422
0.217960
0.204926
0.201901
0.229009
0.237271
0.217343
0.205540
0.230019
0.219978
0.225177
0.229597
0.211682
0.209870
0.198339
0.213502
0.216536
0.203192
0.207466
0.210832
0.214031
0.208639
0.205407
0.224278
0.228717
0.226286
0.214056
0.211142
0.203169
0.222118
0.215267
0.216132
0.221258
0.214590
0.214966
0.224163
0.223141
0.227677
0.215041
0.237006
0.217771
0.233020
0.212701
0.212185
0.226678
0.218296
0.224600
0.223154
0.194522
0.203299
0.202847
0.194588
0.198459
0.216904
0.219608
0.221718
0.219022
0.196499
0.221743
0.218690
0.218829
0.211217
0.219340
0.226555
0.229116
0.236178
0.233728
0.222510
0.230850
0.236549
0.204604
0.193230
0.211457
0.223878
0.203888
0.227936
0.221177
0.215340
0.222487
0.227967
0.216747
0.223892
0.222914
0.208159
0.223389
0.228299
0.227043
0.230809
0.218270
0.215831
0.218673
0.219788
0.221760
0.217756
0.215113
0.213742
0.227220
0.211822
0.217413
0.221201
0.227699
0.225870
0.211990
0.209846
0.196476
0.199303
0.224810
0.224943
0.193521
0.203158
0.209526
0.206361
0.207645
0.220742
0.235341
0.225139
0.222375
0.210133
0.209412
0.199698
0.215564
0.231902
0.223033
0.234982
0.231973
0.230495
0.215649
0.202363
0.224407
0.224148
0.202814
0.222954
0.221631
0.230347
0.203095
0.198540
0.191915
0.224981
0.231086
0.230936
0.215485
0.229793
0.211257
0.211113
0.217661
0.222209
0.221752
0.229729
0.207731
0.222919
0.232744
0.237877
0.220098
0.223628
0.226490
0.228355
0.234535
0.213918
0.211362
0.227992
0.225837
0.221681
0.232801
0.209461
0.217237
0.205358
0.235628
0.225993
0.228354
0.221815
0.209258
0.230249
0.219530
0.220387
0.226527
0.232277
0.228584
0.240148
0.235927
0.229605
0.225078
0.227250
0.222480
0.215510
0.219624
0.238654
0.234374
0.226848
0.213358
0.218867
0.212278
0.210170
0.221659
0.228888
0.217416
0.230366
0.208918
0.194328
0.202384
0.230803
0.220056
0.226496
0.222274
0.223594
0.227865
0.207089
0.230836
0.219787
0.223915
0.220981
0.216733
0.231076
0.228744
0.236204
0.240736
0.226158
0.200038
0.231054
0.237382
0.235874
0.239578
0.206574
0.227699
0.217819
0.214950
0.224867
0.213556
0.224836
0.203396
0.228770
0.225872
0.210560
0.232281
0.218203
0.210687
0.213798
0.218305
0.225745
0.238347
0.216259
0.222600
0.201658
0.215843
0.217724
0.235165
0.209858
0.226970
0.228216
0.206788
0.198155
0.181969
0.206787
0.195838
0.199495
0.224235
0.222170
0.207759
0.196007
0.218584
0.220053
0.237812
0.239745
0.231108
0.219475
0.228875
0.227073
0.219748
0.233046
0.224618
0.211435
0.229482
0.222643
0.206876
0.229209
0.228004
0.190152
0.203610
0.235648
0.235394
0.224392
0.218692
0.209553
0.231767
0.224872
0.230709
0.219965
0.216810
0.211027
0.193064
0.232308
0.230083
0.208151
0.199363
0.232355
0.218867
0.196764
0.208019
0.199399
0.228704
0.215190
0.213614
0.211870
0.194051
0.233502
0.217469
0.201112
0.208596
0.231928
0.229884
0.213727
0.220070
0.230238
0.223557
0.211714
0.233273
0.230962
0.219307
0.230401
0.216925
0.211981
0.220234
0.228597
0.238790
0.221941
0.211464
0.228651
0.220637
0.222987
0.221566
0.213710
0.211003
0.240117
0.214422
0.218280
0.212294
0.219151
0.206137
0.199955
0.235478
0.234785
0.211452
0.215202
0.237811
0.212149
0.230945
0.229376
0.230572
0.229495
0.233268
0.236168
0.224036
0.222224
0.232674
0.231567
0.231435
0.228526
0.199002
0.221591
0.232670
0.223885
0.238685
0.217368
0.226075
0.227689
0.223624
0.202975
0.184493
0.189000
0.187608
0.206624
0.203811
0.217628
0.234718
0.233954
0.220736
0.191312
0.210591
0.210668
0.204659
0.208547
0.210803
0.228537
0.201480
0.212809
0.240313
0.236915
0.226777
0.217443
0.211848
0.209626
0.212435
0.221345
0.232726
0.236069
0.223594
0.206713
0.199070
0.200445
0.234294
0.223408
0.233380
0.202005
0.232816
0.235779
0.232411
0.235081
0.234829
0.235024
0.224172
0.224440
0.226523
0.210380
0.235278
0.231112
0.211820
0.208409
0.213847
0.210267
0.213576
0.218507
0.237139
0.231563
0.240330
0.213096
0.216041
0.217826
0.217305
0.229777
0.201318
0.231270
0.228271
0.227810
0.223545
0.196465
0.208535
0.225694
0.239001
0.234883
0.220931
0.207463
0.213678
0.231636
0.218477
0.224530
0.218833
0.200083
0.223940
0.219367
0.201412
0.227010
0.215092
0.230004
0.230657
0.226926
0.217506
0.217514
0.225663
0.223191
0.222734
0.225825
0.215939
0.215369
0.231612
0.234824
0.235812
0.240815
0.226546
0.218850
0.201065
0.238317
0.226770
0.220406
0.209791
0.208303
0.220901
0.213206
0.219117
0.219009
0.235362
0.217211
0.214637
0.213813
0.212681
0.207989
0.240993
0.233235
0.225849
0.205956
0.224116
0.221816
0.225738
0.234053
0.235695
0.212550
0.235916
0.221695
0.228717
0.216040
0.209213
0.204369
0.202139
0.199933
0.213400
0.215083
0.220300
0.217445
0.210323
0.205564
0.230361
0.223011
0.241064
0.228393
0.227501
0.233889
0.234343
0.211865
0.187219
0.194615
0.190807
0.185824
0.226567
0.221270
0.213937
0.205675
0.207638
0.217058
0.230846
0.234808
0.215067
0.218873
0.226468
0.234207
0.222645
0.240798
0.224156
0.226509
0.215963
0.208775
0.219517
0.229789
0.234535
0.233278
0.210711
0.221906
0.222915
0.228103
0.225735
0.205079
0.237270
0.223941
0.219158
0.225432
0.227510
0.215659
0.234963
0.235135
0.196984
0.223455
0.221422
0.224189
0.239009
0.226449
0.221167
0.234805
0.233821
0.229956
0.234864
0.239681
0.225002
0.229467
0.229425
0.230596
0.233573
0.213481
0.220120
0.225928
0.210693
0.225052
0.220110
0.205559
0.219428
0.220083
0.222060
0.232824
0.218197
0.199227
0.220182
0.205251
0.224369
0.236965
0.213522
0.215858
0.204582
0.182689
0.191729
0.225092
0.203427
0.220113
0.213091
0.213639
0.208743
0.206916
0.237128
0.228945
0.227730
0.219159
0.191289
0.217756
0.222007
0.231006
0.225769
0.222783
0.216875
0.217928
0.235361
0.220078
0.216552
0.224686
0.207497
0.221213
0.223502
0.206581
0.215797
0.234399
0.232508
0.231179
0.216290
0.232381
0.218417
0.205663
0.208459
0.226925
0.223277
0.225834
0.205942
0.226437
0.215903
0.207173
0.214244
0.212550
0.211183
0.227295
0.228985
0.229659
0.229161
0.223188
0.235435
0.233540
0.235209
0.229915
0.230280
0.204767
0.215040
0.214794
0.226370
0.231503
0.211354
0.228301
0.223037
0.227077
0.210062
0.202906
0.233703
0.225851
0.231404
0.238047
0.237344
0.210507
0.218834
0.208971
0.237936
0.236639
0.229128
0.216825
0.229950
0.221248
0.230291
0.213905
0.216163
0.200125
0.220168
0.228302
0.219543
0.229709
0.226471
0.216779
0.224551
0.217763
0.238292
0.213560
0.228963
0.229049
0.229774
0.204312
0.194348
0.216658
0.200864
0.227699
0.230605
0.212413
0.224082
0.219638
0.213940
0.209901
0.225475
0.222633
0.216954
0.215879
0.228146
0.227334
0.234109
0.211263
0.206083
0.215770
0.220586
0.209882
0.226524
0.216196
0.207825
0.219655
0.216002
0.206185
0.226672
0.214502
0.224341
0.214723
0.233895
0.220367
0.236662
0.236759
0.241618
0.216784
0.229356
0.212223
0.215826
0.228864
0.236545
0.225272
0.208855
0.199571
0.207929
0.220636
0.223900
0.244249
0.227370
0.229748
0.233693
0.202529
0.213326
0.237080
0.208911
0.194805
0.209944
0.209618
0.221653
0.233430
0.234668
0.214957
0.223799
0.202568
0.191746
0.199764
0.212023
0.200851
0.232100
0.212605
0.223665
0.228615
0.213551
0.216457
0.206666
0.206372
0.198111
0.217682
0.206893
0.222851
0.241322
0.234576
0.225401
0.213289
0.229955
0.220293
0.227636
0.216269
0.213240
0.225048
0.234470
0.236359
0.229351
0.223246
0.222404
0.192341
0.218022
0.223706
0.216671
0.212117
0.210875
0.203123
0.214852
0.218227
0.196732
0.194075
0.226456
0.224542
0.219475
0.223773
0.187250
0.202104
0.212675
0.230252
0.211284
0.220697
0.203826
0.202525
0.210120
0.226523
0.226554
0.210060
0.211878
0.215036
0.219079
0.193705
0.197757
0.228067
0.209500
0.218572
0.222351
0.223059
0.214365
0.220683
0.213922
0.226498
0.205342
0.203439
0.230808
0.215288
0.215584
0.233826
0.221280
0.227265
0.228161
0.206580
0.211422
0.209496
0.210893
0.182994
0.213652
0.200798
0.202028
0.216199
0.230229
0.226685
0.231084
0.224937
0.214734
0.210753
0.216714
0.234848
0.223124
0.225564
0.226359
0.214447
0.187743
0.212511
0.209958
0.237317
0.226675
0.226404
0.240812
0.234109
0.241936
0.226838
0.230132
0.217487
0.223262
0.222780
0.228221
0.223234
0.206111
0.226950
0.206846
0.224055
0.226750
0.234040
0.226727
0.233784
0.241941
0.226680
0.224781
0.201383
0.209432
0.236489
0.227101
0.211157
0.225027
0.201683
0.223815
0.212662
0.216454
0.242215
0.234438
0.216497
0.230044
0.219118
0.224158
0.233675
0.237179
0.247402
0.237024
0.227588
0.230173
0.215073
0.221611
0.215934
0.201846
0.199766
0.231146
0.229394
0.224105
0.219415
0.233641
0.234418
0.227878
0.234625
0.237387
0.219678
0.221626
0.208369
0.220064
0.238505
0.230802
0.221876
0.230053
0.228600
0.221328
0.239478
0.235109
0.225618
0.224506
0.226857
0.222537
0.222534
0.231707
0.234889
0.246628
0.239493
0.229439
0.231976
0.219223
0.232793
0.221008
0.220973
0.229356
0.228774
0.220820
0.227105
0.229767
0.227560
0.220328
0.216882
0.211647
0.219215
0.224646
0.221679
0.234466
0.221837
0.218810
0.229283
0.230655
0.227790
0.210417
0.213453
0.200306
0.213387
0.211006
0.214313
0.224020
0.228358
0.223342
0.213404
0.196203
0.217933
0.204574
0.215946
0.224204
0.223360
0.224086
0.224253
0.222301
0.224900
0.234236
0.225390
0.234622
0.236898
0.225709
0.235585
0.227563
0.227911
0.215713
0.209363
0.215981
0.227571
0.234285
0.231180
0.216321
0.207482
0.220489
0.209025
0.217150
0.227228
0.213234
0.235785
0.237784
0.221657
0.225307
0.212174
0.199806
0.221072
0.213173
0.222436
0.218110
0.211134
0.223648
0.214226
0.210595
0.232086
0.213533
0.225061
0.219261
0.206530
0.214139
0.209267
0.239527
0.221662
0.235427
0.227303
0.230970
0.221800
0.206835
0.218651
0.219972
0.220970
0.205652
0.220559
0.213951
0.247754
0.225072
0.224187
0.226750
0.193580
0.231051
0.211108
0.234698
0.227540
0.233986
0.237008
0.230424
0.222087
0.229015
0.239433
0.240559
0.210229
0.240718
0.220527
0.206332
0.227330
0.196283
0.207386
0.230497
0.226464
0.211667
0.222718
0.226989
0.225051
0.220200
0.233323
0.222982
0.213153
0.210732
0.213635
0.215729
0.232599
0.232432
0.236757
0.227674
0.226982
0.232675
0.223204
0.230908
0.223556
0.219402
0.224975
0.236147
0.224088
0.230274
0.234227
0.241350
0.213973
0.218943
0.206444
0.210635
0.212618
0.235568
0.224810
0.218323
0.217791
0.214929
0.221462
0.215977
0.245518
0.239322
0.210709
0.234038
0.218249
0.224579
0.224863
0.226979
0.226628
0.236679
0.236549
0.224422
0.226598
0.205018
0.217519
0.210768
0.201160
0.207491
0.211567
0.206421
0.218980
0.241307
0.229019
0.208003
0.204101
0.231458
0.239222
0.227721
0.239555
0.236573
0.232631
0.226762
0.226291
0.219449
0.245264
0.229210
0.222795
0.218384
0.216435
0.227541
0.220832
0.225543
0.238356
0.215379
0.219274
0.209096
0.198819
0.219510
0.219571
0.186786
0.200825
0.227314
0.220849
0.218406
0.235808
0.206799
0.206089
0.218113
0.215353
0.217396
0.215758
0.222550
0.228398
0.222915
0.224293
0.223837
0.209470
0.213359
0.196763
0.207918
0.196460
0.229561
0.227772
0.210176
0.205374
0.240727
0.240930
0.238675
0.215619
0.193974
0.224049
0.230257
0.234854
0.230565
0.228214
0.203160
0.214350
0.239491
0.239860
0.229612
0.221451
0.206545
0.209669
0.236782
0.210047
0.212003
0.215541
0.231205
0.219507
0.231459
0.219852
0.226986
0.224312
0.227394
0.228196
0.213570
0.221731
0.217591
0.214438
0.202648
0.220743
0.209090
0.231287
0.209481
0.215398
0.205429
0.208970
0.228067
0.228440
0.230366
0.220880
0.210453
0.218930
0.230546
0.232108
0.233146
0.209593
0.230958
0.233058
0.214520
0.191333
0.227209
0.227501
0.218789
0.228201
0.232151
0.215267
0.213363
0.196469
0.193749
0.220829
0.228381
0.224173
0.233353
0.233243
0.225927
0.228823
0.229280
0.212412
0.221185
0.221615
0.220212
0.220544
0.223588
0.208752
0.211018
0.241519
0.212551
0.222748
0.234534
0.203137
0.224320
0.202405
0.222106
0.228528
0.219731
0.217864
0.221861
0.242925
0.239392
0.224793
0.228381
0.206181
0.234819
0.230779
0.225532
0.230638
0.233637
0.220364
0.233928
0.225325
0.239289
0.225333
0.222594
0.231086
0.226163
0.198078
0.225068
0.205068
0.227137
0.221198
0.216173
0.215002
0.214453
0.229110
0.241391
0.220555
0.218692
0.223876
0.198947
0.234372
0.215518
0.219538
0.235428
0.228192
0.232305
0.235159
0.223384
0.223891
0.231919
0.193018
0.229229
0.214549
0.230427
0.234749
0.223015
0.210945
0.219542
0.215439
0.221213
0.230419
0.216003
0.219974
0.236558
0.231744
0.230101
0.213973
0.228477
0.226255
0.227271
0.228215
0.233112
0.210734
0.233067
0.228613
0.236538
0.225476
0.218393
0.216369
0.199338
0.224274
0.219812
0.194083
0.206241
0.227613
0.228947
0.235855
0.243156
0.233965
0.240934
0.223995
0.221249
0.225750
0.188929
0.208589
0.221989
0.195702
0.210688
0.241057
0.220381
0.220381
0.240156
0.240335
0.240145
0.232703
0.238648
0.232813
0.234921
0.242647
0.233988
0.231151
0.241835
0.230544
0.230213
0.234065
0.229132
0.220641
0.243106
0.226341
0.235645
0.203581
0.215729
0.213980
0.212385
0.227069
0.213463
0.219365
0.233902
0.232654
0.229458
0.231975
0.231353
0.235859
0.220198
0.220963
0.221318
0.225576
0.219828
0.221697
0.231304
0.227014
0.223142
0.216913
0.223699
0.234967
0.229840
0.188797
0.213078
0.194155
0.225263
0.224592
0.236365
0.219712
0.222439
0.213815
0.229760
0.216655
0.224597
0.205456
0.248756
0.213946
0.221323
0.212484
0.234621
0.240132
0.221260
0.212956
0.215922
0.198199
0.198524
0.215327
0.227761
0.219787
0.221462
0.225514
0.230294
0.248772
0.216576
0.208660
0.236823
0.238822
0.221097
0.211547
0.223378
0.224316
0.215779
0.223301
0.231670
0.234420
0.242512
0.222175
0.209018
0.228938
0.217301
0.234550
0.233772
0.222578
0.229012
0.235524
0.239414
0.232380
0.209517
0.234412
0.238475
0.227598
0.226145
0.231121
0.222825
0.231652
0.233381
0.225165
0.209326
0.220530
0.202139
0.224099
0.222425
0.229396
0.231926
0.230478
0.217543
0.230872
0.229423
0.241745
0.228746
0.239354
0.235342
0.233491
0.235769
0.228441
0.230565
0.217109
0.236221
0.212900
0.218885
0.222129
0.220140
0.215567
0.229962
0.219501
0.231447
0.233180
0.234735
0.230128
0.224015
0.195967
0.226987
0.227823
0.237783
0.205102
0.227837
0.230514
0.222918
0.240371
0.228746
0.216476
0.226309
0.229400
0.216364
0.238450
0.222623
0.228892
0.219796
0.215027
0.212627
0.208553
0.199238
0.214107
0.234951
0.213212
0.211031
0.230171
0.227095
0.229309
0.210704
0.188870
0.198963
0.237970
0.239737
0.209485
0.225284
0.227970
0.215759
0.224949
0.202691
0.220191
0.232478
0.230650
0.236806
0.234362
0.226471
0.211284
0.202808
0.221351
0.217757
0.213442
0.230718
0.225892
0.230447
0.216695
0.225378
0.202779
0.217498
0.214208
0.235986
0.230720
0.233920
0.208969
0.249076
0.228992
0.228938
0.229628
0.228705
0.229940
0.207917
0.228388
0.215214
0.204615
0.222976
0.242216
0.227104
0.204099
0.227934
0.232209
0.231100
0.225373
0.238018
0.235468
0.220025
0.215899
0.215347
0.234770
0.234201
0.231295
0.217827
0.229019
0.212240
0.235114
0.237727
0.225491
0.214871
0.205098
0.215537
0.205085
0.217857
0.234609
0.231038
0.238161
0.214437
0.226517
0.237621
0.229763
0.231361
0.228965
0.230085
0.229161
0.230798
0.226064
0.226354
0.221191
0.227978
0.236840
0.224942
0.237397
0.206741
0.219211
0.226199
0.228828
0.220673
0.210226
0.222133
0.225879
0.230433
0.213852
0.224376
0.225825
0.228946
0.214463
0.214110
0.216921
0.213365
0.217650
0.232999
0.229994
0.225875
0.219573
0.236064
0.232340
0.241670
0.226652
0.213051
0.220162
0.218451
0.228088
0.225413
0.222358
0.227727
0.239410
0.234295
0.189394
0.195133
0.223911
0.206800
0.216718
0.232036
0.225042
0.236821
0.211459
0.225034
0.242205
0.226320
0.231456
0.230664
0.234723
0.230452
0.239628
0.226338
0.226319
0.234789
0.224605
0.217525
0.232347
0.229421
0.236041
0.219500
0.237570
0.236674
0.213807
0.225074
0.229772
0.220171
0.229510
0.233216
0.235223
0.214466
0.217496
0.219031
0.226684
0.223190
0.229313
0.230378
0.209998
0.214349
0.223964
0.231364
0.222821
0.222376
0.242498
0.239874
0.221329
0.233856
0.235743
0.235383
0.241016
0.217307
0.242477
0.227452
0.220678
0.219108
0.211429
0.243680
0.244409
0.219828
0.233751
0.243426
0.229123
0.225635
0.220034
0.205633
0.211172
0.216597
0.223899
0.224844
0.234427
0.199903
0.228151
0.203540
0.220288
0.210030
0.201076
0.217670
0.195118
0.212885
0.229554
0.236025
0.243873
0.224531
0.233443
0.233585
0.227231
0.223905
0.233577
0.209864
0.219018
0.229508
0.214111
0.227527
0.203693
0.229368
0.223193
0.243957
0.249450
0.239763
0.223102
0.237419
0.233333
0.212719
0.230619
0.230757
0.226244
0.243161
0.232036
0.208413
0.198606
0.221601
0.227939
0.230036
0.224455
0.208235
0.216731
0.200549
0.202720
0.230273
0.215187
0.217851
0.236176
0.238578
0.226957
0.212808
0.217481
0.228003
0.213545
0.212749
0.222463
0.212442
0.199430
0.208652
0.174214
0.198670
0.208303
0.211403
0.212247
0.204454
0.221187
0.223783
0.215895
0.217792
0.208569
0.224744
0.239161
0.226689
0.216060
0.216515
0.243069
0.239229
0.227730
0.216792
0.237943
0.222847
0.213818
0.207326
0.217495
0.227540
0.221300
0.242419
0.222330
0.208941
0.207139
0.194221
0.209860
0.235946
0.214771
0.216916
0.224226
0.231044
0.218747
0.225383
0.242382
0.240054
0.211164
0.211630
0.211952
0.222956
0.213240
0.216057
0.228113
0.233591
0.221341
0.237853
0.229724
0.225440
0.222718
0.231182
0.233941
0.207255
0.228309
0.208695
0.201302
0.210433
0.234073
0.230818
0.226726
0.225240
0.224878
0.229975
0.220216
0.212585
0.212588
0.228098
0.232505
0.218567
0.216357
0.226850
0.224775
0.241865
0.225189
0.217529
0.230058
0.235489
0.234517
0.237232
0.205322
0.229266
0.226640
0.228253
0.220129
0.218638
0.222471
0.232789
0.207146
0.207604
0.244372
0.227434
0.231352
0.216186
0.227140
0.228408
0.211074
0.216444
0.244810
0.239020
0.232066
0.204326
0.209171
0.217174
0.219362
0.226103
0.236871
0.230252
0.235429
0.244401
0.235908
0.235360
0.229830
0.218497
0.200578
0.228047
0.234949
0.219252
0.203818
0.219136
0.234441
0.229096
0.228128
0.219772
0.229299
0.207739
0.198187
0.207915
0.222721
0.215314
0.244525
0.236988
0.235202
0.240195
0.232172
0.242318
0.231242
0.234749
0.224111
0.236412
0.220811
0.233879
0.220561
0.238954
0.234691
0.224929
0.231179
0.218479
0.224999
0.207110
0.228847
0.233650
0.229876
0.222599
0.233950
0.233681
0.216905
0.221308
0.216692
0.238524
0.233295
0.228967
0.218218
0.225324
0.223565
0.237534
0.235968
0.225403
0.227827
0.194157
0.198543
0.220560
0.236039
0.221251
0.241889
0.225798
0.228613
0.240527
0.226806
0.225812
0.232624
0.216996
0.219633
0.213986
0.216013
0.223995
0.217007
0.233054
0.218254
0.213348
0.239187
0.241233
0.232359
0.234573
0.233131
0.223831
0.224013
0.202941
0.217442
0.238850
0.234155
0.237716
0.242072
0.239695
0.205130
0.201945
0.193150
0.225603
0.230231
0.234451
0.238427
0.235309
0.227691
0.217788
0.217934
0.231833
0.216420
0.227462
0.219101
0.211275
0.228062
0.214307
0.241230
0.232830
0.241029
0.209200
0.208951
0.210072
0.220602
0.244647
0.236022
0.227896
0.227618
0.238510
0.229629
0.235351
0.229001
0.217502
0.230791
0.222175
0.213784
0.229435
0.242188
0.218561
0.202470
0.189389
0.205949
0.216653
0.231113
0.224290
0.235798
0.214548
0.215206
0.212902
0.205352
0.213319
0.225465
0.202537
0.212974
0.213427
0.224739
0.227153
0.233562
0.222652
0.204715
0.220440
0.227637
0.225306
0.233527
0.220058
0.214571
0.214511
0.208424
0.203187
0.228086
0.241718
0.236833
0.242192
0.227583
0.227126
0.240003
0.212499
0.221721
0.231764
0.223411
0.234772
0.245242
0.238670
0.231345
0.219959
0.240063
0.218159
0.232130
0.195743
0.223519
0.224537
0.189841
0.213958
0.233442
0.229052
0.213289
0.214782
0.241889
0.234492
0.236287
0.246630
0.236668
0.237974
0.235611
0.219834
0.243643
0.237946
0.215890
0.218599
0.217133
0.219076
0.206731
0.225547
0.239563
0.225370
0.218987
0.234378
0.228506
0.220575
0.236517
0.207804
0.194992
0.198927
0.226380
0.240569
0.228511
0.217858
0.214385
0.196240
0.220867
0.207941
0.206281
0.213132
0.213841
0.220721
0.212323
0.194800
0.207150
0.205937
0.204560
0.214930
0.240248
0.229436
0.223174
0.221092
0.235082
0.226153
0.216537
