0.280438
0.288835
0.292741
0.296169
0.301307
0.302278
0.302977
0.304153
0.304813
0.305754
0.306425
0.307649
0.307262
0.307581
0.307309
0.307455
0.307620
0.307483
0.307574
0.307351
0.307406
0.307547
0.307757
0.308106
0.308178
0.307542
0.307807
0.307754
0.307443
0.307548
0.307789
0.308007
0.307003
0.307513
0.307717
0.307472
0.307209
0.306884
0.307071
0.307155
0.307440
0.307696
0.307619
0.307157
0.307109
0.306706
0.307009
0.307050
0.307024
0.307132
0.307256
0.307139
0.306906
0.306546
0.306604
0.306596
0.306588
0.306601
0.306080
0.306275
0.306251
0.306795
0.306452
0.306447
0.306348
0.306141
0.306118
0.306152
0.306122
0.306078
0.306391
0.306353
0.306211
0.306080
0.306355
0.306280
0.306658
0.306398
0.306507
0.306249
0.306365
0.306343
0.306303
0.306218
0.306610
0.306536
0.306408
0.306338
0.306276
0.306016
0.306207
0.305989
0.305924
0.306054
0.305968
0.305776
0.305958
0.306127
0.306168
0.306324
0.306225
0.306203
0.306142
0.306161
0.306021
0.306028
0.306053
0.305944
0.305954
0.305847
0.305824
0.306262
0.306054
0.305861
0.305517
0.305742
0.305851
0.305861
0.305754
0.305604
0.305857
0.306021
0.305951
0.306085
0.306101
0.306136
0.305849
0.305720
0.305847
0.305565
0.305895
0.305840
0.305911
0.305906
0.305789
0.305310
0.305507
0.305921
0.305764
0.305683
0.305580
0.305658
0.305868
0.305607
0.305780
0.305726
0.305775
0.305753
0.305959
0.306035
0.305634
0.305653
0.305505
0.305676
0.305956
0.305723
0.305746
0.305684
0.305707
0.305924
0.305639
0.305728
0.305760
0.305763
0.305631
0.305696
0.305654
0.305875
0.305832
0.305597
0.305552
0.305740
0.305590
0.305676
0.305481
0.305541
0.305664
0.305779
0.305610
0.305762
0.305849
0.305532
0.305571
0.305426
0.305388
0.305216
0.305374
0.305318
0.305341
0.305309
0.305128
0.305383
0.305500
0.305544
0.305197
0.305267
0.305362
0.304999
0.304933
0.305053
0.304904
0.305072
0.304836
0.305152
0.305050
0.305091
0.305022
0.304805
0.305102
0.305307
0.305285
0.305596
0.305433
0.305136
0.305277
0.305563
0.305290
0.305269
0.304982
0.305125
0.305432
0.305371
0.305295
0.305236
0.305362
0.305405
0.305106
0.305211
0.305066
0.305144
0.305417
0.305224
0.305385
0.305164
0.305184
0.305287
0.305226
0.305237
0.305359
0.305213
0.305633
0.305263
0.305266
0.305387
0.305494
0.305472
0.305236
0.305331
0.305315
0.305220
0.304913
0.304890
0.305400
0.305246
0.305408
0.305383
0.305352
0.305114
0.305049
0.304915
0.304875
0.305073
0.305076
0.305177
0.304997
0.305093
0.304901
0.305021
0.305272
0.305285
0.305340
0.305440
0.305226
0.305330
0.305334
0.304985
0.305053
0.305010
0.305103
0.305172
0.305251
0.305085
0.305020
0.304866
0.304931
0.304857
0.304889
0.304752
0.305104
0.305110
0.305064
0.305202
0.305227
0.305065
0.304934
0.304780
0.304936
0.304940
0.305142
0.304996
0.305409
0.305354
0.305006
0.305145
0.304880
0.304739
0.304815
0.305203
0.305232
0.305210
0.305180
0.305014
0.305077
0.305133
0.304915
0.305244
0.304851
0.304928
0.305063
0.305161
0.304906
0.304816
0.304953
0.304741
0.304935
0.304871
0.304942
0.304834
0.304883
0.305067
0.305271
0.305012
0.304705
0.304760
0.304748
0.304796
0.304841
0.305044
0.304729
0.304908
0.304817
0.304644
0.304686
0.304798
0.305088
0.304690
0.304633
0.304739
0.304912
0.304811
0.304872
0.304832
0.304869
0.305160
0.305025
0.304786
0.304892
0.304990
0.305063
0.305262
0.305104
0.305555
0.305165
0.305037
0.304844
0.305115
0.304846
0.305182
0.305203
0.304804
0.304954
0.304838
0.305116
0.305085
0.304972
0.304798
0.304914
0.304955
0.304950
0.305027
0.304630
0.304794
0.304672
0.304798
0.305113
0.304691
0.304580
0.304676
0.305000
0.304974
0.304739
0.304964
0.305135
0.305387
0.305160
0.304905
0.305186
0.304981
0.305026
0.304711
0.304739
0.304460
0.304625
0.304707
0.304848
0.304933
0.305053
0.305075
0.305181
0.305242
0.305272
0.304890
0.304740
0.304846
0.304960
0.304771
0.304781
0.304806
0.305228
0.304944
0.304824
0.305043
0.304940
0.304994
0.304718
0.304946
0.304907
0.305062
0.305036
0.305224
0.305143
0.304796
0.304854
0.304845
0.305009
0.305007
0.305158
0.304918
0.305047
0.304975
0.304838
0.304990
0.304878
0.304954
0.305004
0.304963
0.304892
0.304846
0.304982
0.304746
0.304842
0.304949
0.304940
0.304772
0.304899
0.305026
0.304913
0.304784
0.304963
0.304895
0.305123
0.304906
0.304888
0.305015
0.304783
0.305199
0.305005
0.305092
0.304990
0.305114
0.305199
0.305318
0.305081
0.305219
0.305021
0.305038
0.305108
0.304855
0.304947
0.304881
0.305098
0.304786
0.305085
0.304993
0.304799
0.304876
0.305045
0.304944
0.304881
0.305073
0.304629
0.304943
0.304864
0.304924
0.305001
0.305125
0.304908
0.304949
0.304951
0.305038
0.304702
0.304928
0.305049
0.305337
0.305268
0.305071
0.305100
0.305003
0.305170
0.305016
0.305212
0.304973
0.305018
0.304954
0.305045
0.305151
0.305119
0.304884
0.305013
0.305096
0.305191
0.305064
0.304898
0.304996
0.304973
0.305058
0.304829
0.305270
0.305021
0.305114
0.305114
0.305198
0.305188
0.305177
0.304991
0.305360
0.305289
0.305120
0.305274
0.305595
0.305686
0.305653
0.305468
0.305276
0.305313
0.305089
0.305065
0.305186
0.305158
0.305255
0.305368
0.305474
0.305146
0.305303
0.305198
0.305189
0.305475
0.305325
0.305153
0.305230
0.304986
0.305198
0.305463
0.305170
0.305156
0.305154
0.305214
0.305319
0.305391
0.305312
0.305495
0.305335
0.305199
0.305363
0.305139
0.305016
0.305220
0.304958
0.305235
0.305313
0.305012
0.305109
0.305261
0.305051
0.305153
0.305241
0.305005
0.305109
0.305098
0.305076
0.305215
0.304961
0.305077
0.305246
0.305318
0.304957
0.305086
0.305433
0.305110
0.305185
0.305154
0.305036
0.304959
0.304986
0.305062
0.304868
0.305008
0.304959
0.304984
0.305104
0.305219
0.305125
0.304845
0.305226
0.305127
0.305038
0.305032
0.304800
0.305012
0.304865
0.305180
0.305050
0.305033
0.305043
0.305250
0.305077
0.305308
0.305012
0.304948
0.304824
0.304959
0.305026
0.304970
0.305045
0.305188
0.305342
0.305011
0.305026
0.305055
0.305026
0.304870
0.304813
0.305234
0.305212
0.304969
0.304998
0.305022
0.305181
0.305448
0.305512
0.305075
0.305166
0.305088
0.304861
0.304896
0.304855
0.305008
0.305026
0.305356
0.305110
0.305022
0.305276
0.305269
0.305140
0.305381
0.305395
0.305456
0.305142
0.305179
0.305073
0.305359
0.305212
0.305062
0.305228
0.305375
0.305255
0.305674
0.305353
0.305331
0.305228
0.305291
0.305134
0.305043
0.305122
0.304958
0.305252
0.305206
0.305350
0.305164
0.305304
0.305494
0.305799
0.304910
0.305129
0.305200
0.305045
0.305192
0.305094
0.305050
0.305325
0.305383
0.305064
0.305104
0.305066
0.305199
0.305420
0.305064
0.305422
0.305524
0.305513
0.305498
0.305774
0.305613
0.305757
0.305354
0.305284
0.305195
0.305164
0.305210
0.305197
0.305248
0.305774
0.305046
0.305038
0.305226
0.305438
0.305295
0.305389
0.305287
0.305588
0.305426
0.305054
0.305233
0.305107
0.305305
0.305289
0.305450
0.305607
0.305386
0.305244
0.305426
0.305475
0.305309
0.305258
0.305306
0.305648
0.305068
0.305093
0.305053
0.305161
0.305502
0.305724
0.305107
0.305297
0.305415
0.305373
0.305239
0.305363
0.305116
0.305349
0.305515
0.306046
0.305992
0.305556
0.305634
0.305308
0.305876
0.305955
0.306060
0.305977
0.305302
0.305504
0.305193
0.305332
0.305404
0.305494
0.305818
0.305786
0.305578
0.305388
0.305953
0.305716
0.305512
0.305591
0.305650
0.305467
0.305429
0.305228
0.305516
0.305453
0.305486
0.305719
0.305607
0.305595
0.305484
0.305293
0.305541
0.305668
0.305541
0.305647
0.305636
0.305460
0.305799
0.305619
0.305832
0.305536
0.305328
0.305613
0.305901
0.305949
0.305875
0.305769
0.305639
0.305422
0.305588
0.305700
0.305832
0.305698
0.305676
0.305569
0.305462
0.305952
0.305526
0.305543
0.305834
0.305658
0.305541
0.305651
0.305604
0.305588
0.305515
0.305347
0.305608
0.305628
0.305464
0.305496
0.305557
0.305565
0.305434
0.305524
0.305834
0.305625
0.305478
0.305688
0.305841
0.305784
0.305652
0.305511
0.305651
0.305414
0.305694
0.305521
0.305658
0.305701
0.305609
0.305441
0.305837
0.305896
0.305767
0.305454
0.305370
0.305808
0.305820
0.305982
0.305527
0.305673
0.305831
0.305896
0.305927
0.305688
0.305798
0.305673
0.305491
0.305535
0.305569
0.305644
0.305572
0.305586
0.305782
0.305801
0.305719
0.305736
0.306111
0.305970
0.305979
0.306114
0.305951
0.305922
0.305812
0.305857
0.305549
0.305474
0.305465
0.305400
0.305627
0.306050
0.305549
0.305881
0.305656
0.305597
0.305616
0.305862
0.305648
0.305338
0.305526
0.305742
0.306060
0.305941
0.305767
0.305531
0.305767
0.305894
0.305646
0.305719
0.305966
0.305718
0.306097
0.305659
0.305796
0.305909
0.305912
0.305655
0.305619
0.305597
0.305788
0.305598
0.305608
0.305966
0.305862
0.305844
0.305883
0.306405
0.306186
0.305712
0.306091
0.305936
0.305780
0.305886
0.305827
0.305652
0.305676
0.305733
0.305784
0.306177
0.305977
0.305655
0.305747
0.306238
0.306702
0.305797
0.305979
0.305725
0.305698
0.305931
0.305986
0.305984
0.305801
0.305811
0.305917
0.305856
0.305808
0.305904
0.305703
0.305799
0.306051
0.305973
0.305696
0.305822
0.305805
0.305723
0.305932
0.305933
0.305914
0.305698
0.305989
0.305923
0.305869
0.305761
0.305972
0.305679
0.305737
0.305706
0.305753
0.305615
0.305801
0.305873
0.305776
0.305808
0.305705
0.306080
0.306367
0.306237
0.305930
0.305719
0.305877
0.305833
0.306157
0.306056
0.305871
0.305834
0.305855
0.305817
0.305786
0.305863
0.305866
0.305684
0.305971
0.305959
0.305919
0.305661
0.305636
0.305711
0.305706
0.305899
0.305559
0.305804
0.305900
0.305930
0.305845
0.306297
0.305935
0.306064
0.305838
0.305916
0.305755
0.305894
0.305995
0.306218
0.305834
0.305811
0.306137
0.306155
0.306000
0.306360
0.306244
0.305937
0.305886
0.305944
0.306268
0.306212
0.306365
0.306019
0.306243
0.306042
0.306552
0.306514
0.305958
0.306160
0.306456
0.306541
0.306541
0.306170
0.305970
0.305891
0.306154
0.305906
0.306126
0.305986
0.306396
0.306023
0.306075
0.306161
0.306025
0.306015
0.306159
0.306070
0.306246
0.306281
0.306302
0.306088
0.306419
0.306098
0.306093
0.306278
0.306109
0.306299
0.306395
0.306664
0.306165
0.306418
0.306239
0.306049
0.305952
0.306008
0.305917
0.306202
0.306312
0.306289
0.306485
0.306535
0.306155
0.306166
0.306032
0.306438
0.306511
0.306748
0.306208
0.306037
0.306087
0.306218
0.306102
0.306101
0.306051
0.306154
0.306127
0.306440
0.306147
0.305897
0.305967
0.306299
0.306232
0.306252
0.306149
0.306055
0.306272
0.306078
0.306212
0.306018
0.306085
0.306523
0.306223
0.306320
0.306017
0.306113
0.306082
0.306186
0.306208
0.306511
0.306394
0.306097
0.306375
0.306464
0.306737
0.306595
0.306145
0.306378
0.306148
0.306284
0.306131
0.306441
0.306229
0.306231
0.306376
0.306605
0.306370
0.306136
0.306161
0.306147
0.306123
0.305946
0.306313
0.306275
0.306448
0.306180
0.306255
0.306160
0.306395
0.306407
0.306698
0.306879
0.306285
0.306362
0.306297
0.306366
0.306436
0.306386
0.306234
0.306294
0.306204
0.306242
0.306037
0.306384
0.306494
0.306041
0.306137
0.306073
0.305999
0.306435
0.306419
0.306243
0.306316
0.306640
0.306291
0.306520
0.306349
0.306193
0.306167
0.306323
0.306464
0.306566
0.306682
0.306549
0.306481
0.306433
0.306011
0.306387
0.306049
0.306398
0.306431
0.306421
0.306584
0.306407
0.306475
0.306723
0.306835
0.306623
0.306799
0.306536
0.306150
0.306175
0.306388
0.306179
0.306430
0.306345
0.306568
0.306348
0.306145
0.306245
0.306300
0.306335
0.306418
0.306187
0.306426
0.306645
0.306502
0.306894
0.306172
0.306209
0.306485
0.306427
0.306105
0.306261
0.306250
0.306256
0.306533
0.306453
0.306447
0.306538
0.306044
0.306343
0.306837
0.306672
0.306691
0.306711
0.306529
0.306585
0.306721
0.306506
0.306409
0.306420
0.306355
0.306700
0.306599
0.306872
0.306709
0.306872
0.307419
0.306927
0.306927
0.306719
0.306419
0.306479
0.306621
0.306606
0.306264
0.306584
0.306680
0.307273
0.306744
0.307076
0.306835
0.306792
0.306411
0.306663
0.306608
0.306542
0.306677
0.306905
0.307556
0.306785
0.306578
0.306500
0.306558
0.306547
0.306534
0.306502
0.306853
0.306816
0.306779
0.306584
0.306521
0.306710
0.306607
0.306823
0.306959
0.307034
0.307162
0.306557
0.306517
0.306602
0.306792
0.306634
0.306559
0.306555
0.306755
0.306737
0.306599
0.306847
0.307060
0.306895
0.306715
0.306729
0.306983
0.307243
0.306581
0.306937
0.306927
0.306748
0.306661
0.306617
0.306700
0.306885
0.306891
0.306481
0.307010
0.306725
0.306993
0.306687
0.307039
0.306770
0.306450
0.306415
0.306505
0.306641
0.306758
0.306863
0.306785
0.307278
0.306673
0.306549
0.306540
0.306941
0.307029
0.306772
0.307045
0.307049
0.307271
0.306570
0.306730
0.306737
0.306669
0.306749
0.306848
0.306536
0.306438
0.306667
0.306807
0.306617
0.306742
0.307000
0.307012
0.306605
0.306825
0.306895
0.306962
0.306814
0.306757
0.306740
0.306621
0.306845
0.307043
0.307025
0.306885
0.307150
0.306832
0.306843
0.306837
0.306732
0.307046
0.306784
0.306970
0.306971
0.307060
0.307196
0.307018
0.306984
0.307079
0.307257
0.306930
0.307653
0.307395
0.307281
0.307120
0.306811
0.306831
0.306877
0.306869
0.306739
0.306701
0.306700
0.306860
0.306845
0.306809
0.307026
0.307442
0.307571
0.307357
0.307185
0.307014
0.307521
0.307630
0.307143
0.306961
0.306988
0.306791
0.307038
0.307130
0.307377
0.307147
0.307105
0.307028
0.307065
0.307388
0.306950
0.307092
0.306960
0.306912
0.306952
0.306999
0.307247
0.307566
0.307601
0.307623
0.307211
0.306944
0.307044
0.307283
0.307223
0.307542
0.306959
0.307463
0.307029
0.307254
0.307022
0.307215
0.307319
0.307039
0.307053
0.307049
0.306961
0.307027
0.307136
0.307264
0.307099
0.307464
0.307869
0.307460
0.307196
0.307133
0.307256
0.307155
0.307350
0.307410
0.307177
0.307463
0.307209
0.307407
0.307639
0.307077
0.307215
0.307320
0.307159
0.307465
0.307040
0.306960
0.307184
0.307254
0.307155
0.307279
0.307273
0.307302
0.307801
0.307254
0.307358
0.307615
0.307266
0.307719
0.307166
0.307145
0.307574
0.307188
0.307322
0.307288
0.307449
0.307614
0.307501
0.307350
0.307382
0.307495
0.307781
0.307050
0.307206
0.307486
0.307368
0.307173
0.307149
0.307193
0.307226
0.306999
0.307614
0.307496
0.307518
0.307748
0.307506
0.307407
0.307391
0.307411
0.307258
0.307207
0.307435
0.307350
0.307213
0.307306
0.307352
0.307199
0.307487
0.307310
0.307274
0.307620
0.307864
0.307631
0.307691
0.307763
0.307781
0.307596
0.307223
0.307267
0.307052
0.307049
0.307036
0.307389
0.307266
0.307499
0.307286
0.307314
0.307429
0.307669
0.307484
0.307373
0.307058
0.307400
0.307145
0.307365
0.307464
0.307685
0.307509
0.307348
0.307498
0.307147
0.307184
0.307535
0.307492
0.307313
0.307416
0.307284
0.307266
0.307410
0.307508
0.307603
0.307858
0.307321
0.307212
0.307458
0.307865
0.307267
0.307507
0.307226
0.307265
0.307533
0.308011
0.308035
0.307721
0.307508
0.307314
0.307380
0.307582
0.307873
0.307398
0.307899
0.307614
0.307789
0.307585
0.307622
0.307697
0.307462
0.307283
0.307450
0.307511
0.307705
0.307735
0.307802
0.307661
0.307423
0.307325
0.307216
0.307380
0.307742
0.307628
0.307394
0.307535
0.307461
0.307409
0.307361
0.307307
0.307349
0.307751
0.307933
0.308369
0.307859
0.307297
0.307442
0.307497
0.307924
0.307940
0.307780
0.307997
0.308128
0.307678
0.308326
0.307827
0.307508
0.307769
0.307698
0.307567
0.307630
0.307708
0.307325
0.307134
0.307531
0.307288
0.307655
0.307571
0.307694
0.307799
0.307879
0.307660
0.307507
0.307680
0.307704
0.307582
0.307459
0.307640
0.307640
0.307781
0.307534
0.307653
0.307588
0.308074
0.307768
0.307668
0.307538
0.307442
0.307529
0.307536
0.307688
0.307730
0.308032
0.307527
0.307332
0.307435
0.307492
0.307513
0.307371
0.307782
0.307934
0.307561
0.307830
0.307606
0.307582
0.307359
0.307529
0.307753
0.307916
0.307955
0.308116
0.307761
0.307660
0.307686
0.307597
0.307895
0.307805
0.307818
0.307688
0.307514
0.307608
0.307490
0.307749
0.307895
0.307650
0.307757
0.307455
0.307699
0.308005
0.307764
0.307569
0.307461
0.307725
0.307369
0.307536
0.307686
0.307937
0.307735
0.307802
0.307860
0.307725
0.307834
0.307969
0.308379
0.307732
0.307750
0.307373
0.307447
0.307534
0.307885
0.307764
0.307782
0.307421
0.307699
0.307880
0.307858
0.307622
0.307440
0.307646
0.308078
0.307784
0.307856
0.308001
0.307999
0.307791
0.307893
0.308005
0.307718
0.307703
0.307822
0.307807
0.307846
0.307715
0.307956
0.307859
0.307736
0.307785
0.307940
0.307617
0.307852
0.308316
0.308131
0.307759
0.307923
0.307709
0.307660
0.307597
0.307500
0.307553
0.307918
0.307856
0.307702
0.307944
0.307645
0.307765
0.307375
0.307433
0.307640
0.307619
0.307548
0.307617
0.307660
0.307620
0.307462
0.307490
0.307608
0.307826
0.307821
0.307819
0.307632
0.307643
0.307686
0.307884
0.307697
0.308229
0.307511
0.307631
0.307730
0.307844
0.308011
0.307828
0.307754
0.307930
0.308090
0.307927
0.307968
0.307969
0.308062
0.307588
0.307764
0.307657
0.307970
0.307906
0.307775
0.307823
0.307969
0.308059
0.308121
0.307632
0.307698
0.307873
0.308172
0.307827
0.307945
0.308224
0.307811
0.307901
0.308074
0.308090
0.307827
0.308223
0.307904
0.308205
0.307855
0.307760
0.307839
0.307739
0.307915
0.307814
0.307920
0.307903
0.307784
0.307919
0.307948
0.307857
0.307862
0.307419
0.307549
0.307794
0.308207
0.307567
0.307810
0.307764
0.307809
0.307680
0.308110
0.307727
0.307786
0.307766
0.307799
0.307985
0.308124
0.308694
0.307919
0.307906
0.308104
0.307810
0.308085
0.307693
0.307998
0.307788
0.307912
0.308367
0.308249
0.307887
0.308151
0.308052
0.307748
0.307601
0.307780
0.307807
0.307569
0.307932
0.307769
0.307932
0.308372
0.308029
0.307755
0.307782
0.307819
0.307885
0.307870
0.307917
0.307893
0.307759
0.307828
0.308022
0.307998
0.308079
0.307971
0.308274
0.307974
0.307618
0.307877
0.307952
0.307712
0.307843
0.307947
0.308432
0.308510
0.308182
0.308090
0.308122
0.307835
0.307973
0.307907
0.307866
0.307933
0.307818
0.307911
0.307897
0.307922
0.307714
0.307860
0.308008
0.308149
0.308051
0.307889
0.308224
0.308141
0.308146
0.307873
0.307766
0.308087
0.308085
0.308151
0.308024
0.307785
0.308504
0.308516
0.308280
0.308193
0.308069
0.308122
0.308328
0.308077
0.307973
0.308382
0.308721
0.308633
0.308279
0.308269
0.308352
0.308222
0.307970
0.308139
0.308021
0.308029
0.308175
0.307823
0.307804
0.307996
0.307992
0.308105
0.307966
0.308466
0.308460
0.308091
0.308050
0.307867
0.307999
0.308484
0.308055
0.308127
0.308319
0.307928
0.307781
0.308065
0.308223
0.308532
0.308310
0.308343
0.308231
0.308289
0.308280
0.307948
0.307933
0.308025
0.308298
0.307978
0.308250
0.308215
0.307974
0.308013
0.307994
0.307973
0.307917
0.308135
0.307988
0.307746
0.308246
0.307760
0.307787
0.307947
0.308146
0.308023
0.308234
0.308130
0.308118
0.308181
0.308156
0.308111
0.308221
0.308330
0.308014
0.307928
0.308353
0.308263
0.308297
0.308151
0.308259
0.308158
0.308102
0.308588
0.308829
0.308212
0.308188
0.308115
0.308100
0.307868
0.308151
0.308108
0.308299
0.308082
0.308327
0.308202
0.308289
0.307796
0.308222
0.308282
0.307873
0.308216
0.308006
0.307918
0.308309
0.307899
0.307977
0.308257
0.307984
0.308566
0.308381
0.308257
0.308276
0.308052
0.308209
0.307977
0.308602
0.308507
0.308181
0.308583
0.308544
0.308573
0.308390
0.308017
0.308067
0.308188
0.307818
0.308266
0.307947
0.308266
0.308024
0.307981
0.308239
0.308075
0.308297
0.308460
0.308251
0.308189
0.308434
0.308518
0.308521
0.308279
0.308317
0.308188
0.308147
0.308637
0.308232
0.308202
0.308333
0.308039
0.308312
0.308044
0.308382
0.308561
0.308315
0.308059
0.308147
0.308566
0.308007
0.308120
0.308068
0.308301
0.308367
0.308320
0.308253
0.308149
0.308088
0.308045
0.308021
0.308501
0.308704
0.308937
0.308654
0.308104
0.308391
0.308122
0.308226
0.308037
0.308283
0.308734
0.308704
0.308494
0.308267
0.308290
0.308001
0.307981
0.308200
0.308367
0.308474
0.308309
0.308368
0.308738
0.308644
0.308292
0.308064
0.308098
0.308100
0.307934
0.308194
0.308062
0.308153
0.308422
0.308719
0.308556
0.308609
0.308572
0.308293
0.308238
0.308100
0.308223
0.308327
0.308330
0.308563
0.308604
0.308448
0.308233
0.308676
0.308200
0.308324
0.308249
0.308076
0.308311
0.308190
0.308306
0.308419
0.308817
0.308216
0.308140
0.308235
0.308696
0.308590
0.308308
0.308397
0.308634
0.308565
0.308823
0.308614
0.308802
0.308792
0.308247
0.308781
0.308967
0.308671
0.308364
0.308417
0.308500
0.308425
0.308328
0.308227
0.308317
0.308453
0.307986
0.308249
0.308368
0.308342
0.308532
0.308562
0.308540
0.308426
0.308229
0.308366
0.308156
0.308461
0.308435
0.308302
0.308418
0.308279
0.308457
0.308725
0.308730
0.308535
0.308522
0.308348
0.308545
0.309000
0.308459
0.308640
0.308722
0.308796
0.308533
0.308117
0.308153
0.308126
0.308311
0.308236
0.308173
0.308115
0.308269
0.308432
0.308531
0.308593
0.308267
0.308148
0.308296
0.308057
0.307999
0.308174
0.308443
0.308532
0.308118
0.308551
0.308852
0.308802
0.308790
0.308526
0.308422
0.308405
0.308113
0.308090
0.308199
0.308457
0.308581
0.308490
0.308420
0.308340
0.308485
0.308212
0.308416
0.308218
0.308176
0.308270
0.308111
0.308183
0.308381
0.308494
0.308700
0.308261
0.308074
0.308149
0.308106
0.308192
0.308395
0.308086
0.308204
0.308126
0.308273
0.308322
0.308167
0.308204
0.308015
0.308016
0.307971
0.308220
0.308459
0.308533
0.308308
0.308088
0.308067
0.308338
0.308250
0.308375
0.308074
0.308279
0.308215
0.308532
0.308785
0.308647
0.308073
0.308318
0.308077
0.308231
0.308138
0.308328
0.308790
0.308689
0.308288
0.308002
0.308491
0.308364
0.308236
0.308182
0.308155
0.308104
0.308435
0.308341
0.308294
0.308492
0.308721
0.308379
0.308278
0.308279
0.308346
0.308191
0.308239
0.308340
0.308462
0.308383
0.308656
0.308289
0.308344
0.308261
0.308579
0.308433
0.308355
0.308480
0.308253
0.308203
0.308032
0.308105
0.308355
0.308277
0.308174
0.308492
0.308356
0.308399
0.308234
0.308202
0.308161
0.308108
0.308225
0.308482
0.308525
0.308717
0.308746
0.308291
0.308067
0.308125
0.308316
0.308279
0.307938
0.307983
0.308150
0.308151
0.308276
0.308080
0.308666
0.308116
0.308466
0.308228
0.308072
0.308120
0.308429
0.308288
0.308387
0.308474
0.308221
0.308152
0.308093
0.308218
0.308322
0.308349
0.308268
0.308296
0.308043
0.308090
0.308172
0.308374
0.308050
0.308134
0.308298
0.308115
0.308561
0.308697
0.308334
0.308437
0.308076
0.308040
0.308514
0.307940
0.308136
0.308046
0.308164
0.308532
0.308372
0.308359
0.308075
0.307833
0.308064
0.308213
0.308340
0.308376
0.308230
0.308370
0.308139
0.308216
0.308832
0.308325
0.308094
0.308157
0.308145
0.308234
0.307963
0.308101
0.308086
0.308178
0.308432
0.308447
0.308387
0.308373
0.308212
0.308596
0.308585
0.308454
0.308173
0.308468
0.308128
0.308194
0.308334
0.308238
0.308215
0.308076
0.308325
0.308497
0.308390
0.308513
0.308063
0.308366
0.308111
0.307953
0.308328
0.308357
0.308194
0.308213
0.308199
0.308580
0.308211
0.308117
0.308072
0.308420
0.308409
0.308808
0.308177
0.308264
0.308201
0.308389
0.308097
0.308624
0.308281
0.308206
0.308400
0.308197
0.308206
0.308396
0.308238
0.308396
0.308516
0.308419
0.308237
0.308207
0.308530
0.308659
0.308535
0.308557
0.308357
0.308470
0.308461
0.308234
0.308518
0.308885
0.308283
0.308513
0.308530
0.308479
0.308234
0.308258
0.308080
0.308445
0.308548
0.308392
0.308197
0.308358
0.309069
0.308776
0.308314
0.308122
0.308097
0.308101
0.308423
0.308245
0.308283
0.308270
0.308321
0.308575
0.308422
0.308686
0.308679
0.308601
0.308550
0.308892
0.308345
0.308309
0.308239
0.308380
0.308738
0.308449
0.308588
0.308186
0.308538
0.308451
0.308406
0.308519
0.308670
0.308617
0.308466
0.308586
0.308376
0.308253
0.308158
0.308326
0.308580
0.308561
0.308745
0.308307
0.308557
0.308260
0.308255
0.308388
0.308294
0.308465
0.308709
0.308459
0.308279
0.308779
0.308747
0.308544
0.308229
0.308525
0.308703
0.308248
0.308439
0.308551
0.308732
0.309210
0.309105
0.308500
0.308759
0.308893
0.308276
0.308250
0.308529
0.308950
0.308302
0.308429
0.308886
0.308930
0.308496
0.308689
0.308704
0.308546
0.308448
0.308493
0.308973
0.308774
0.309232
0.308844
0.308681
0.309319
0.309063
0.308662
0.308434
0.308690
0.308913
0.308532
0.308353
0.308514
0.308708
0.308900
0.308673
0.308335
0.308703
0.308649
0.308603
0.308649
0.308777
0.308908
0.308551
0.308517
0.308489
0.308507
0.308875
0.309211
0.308456
0.308346
0.308558
0.308402
0.308734
0.308571
0.308830
0.308934
0.309014
0.308572
0.308423
0.308562
0.308359
0.308476
0.308660
0.308505
0.308536
0.308834
0.308687
0.308367
0.308444
0.308260
0.308603
0.308541
0.308598
0.308300
0.308178
0.308355
0.308576
0.308415
0.308807
0.308296
0.308319
0.308469
0.308837
0.308326
0.308916
0.308741
0.308668
0.308527
0.308639
0.309021
0.308630
0.308700
0.308594
0.308497
0.308989
0.308753
0.308397
0.308584
0.308366
0.308679
0.308697
0.308500
0.308590
0.308528
0.308780
0.308980
0.308403
0.308411
0.308834
0.308659
0.308809
0.308745
0.308769
0.308965
0.308859
0.308625
0.308758
0.308689
0.308353
0.308451
0.308349
0.308626
0.308716
0.308617
0.308590
0.308653
0.308491
0.308369
0.308594
0.308617
0.309092
0.308784
0.308824
0.308920
0.308559
0.309040
0.308625
0.308801
0.308330
0.308846
0.308581
0.308608
0.308714
0.308606
0.308596
0.308636
0.308551
0.308777
0.308480
0.308789
0.308823
0.308715
0.308862
0.308656
0.308599
0.308684
0.308886
0.308595
0.308622
0.308618
0.308867
0.308809
0.309399
0.308701
0.308725
0.308536
0.308542
0.309211
0.308533
0.308733
0.309371
0.308751
0.308765
0.308769
0.308429
0.308734
0.308909
0.308826
0.308840
0.308504
0.308503
0.308723
0.308627
0.308699
0.309026
0.308997
0.308714
0.308818
0.308880
0.308669
0.308700
0.308696
0.308632
0.308725
0.308509
0.308555
0.308596
0.308694
0.309079
0.309072
0.309035
0.308761
0.308871
0.308728
0.308946
0.309056
0.308862
0.308580
0.308443
0.308427
0.308877
0.308631
0.308733
0.308568
0.308820
0.308590
0.308726
0.308884
0.309155
0.308944
0.309092
0.308950
0.308935
0.308388
0.308442
0.308641
0.308673
0.309082
0.308708
0.308742
0.308524
0.309132
0.309170
0.308781
0.308909
0.308860
0.308707
0.308552
0.308707
0.308839
0.308522
0.308454
0.308468
0.308479
0.308707
0.308745
0.308941
0.308764
0.308681
0.308526
0.308450
0.308549
0.308654
0.308657
0.308590
0.308837
0.308860
0.308852
0.308936
0.308552
0.308653
0.308749
0.308790
0.308814
0.308680
0.308765
0.308745
0.308833
0.308475
0.308893
0.308806
0.308802
0.308526
0.308873
0.308645
0.308912
0.309321
0.308841
0.308716
0.308846
0.309058
0.308981
0.308613
0.308666
0.308828
0.308692
0.308563
0.308916
0.309037
0.308888
0.308709
0.308896
0.308848
0.309122
0.308683
0.308837
0.308672
0.308828
0.308784
0.308831
0.308897
0.308835
0.308696
0.308926
0.309061
0.308734
0.308625
0.309038
0.308581
0.308822
0.308879
0.309421
0.309374
0.308881
0.308732
0.308814
0.308733
0.308641
0.308443
0.308816
0.308732
0.308822
0.309069
0.308826
0.308789
0.308740
0.309262
0.309562
0.308856
0.308947
0.308927
0.308594
0.308763
0.308719
0.308970
0.308624
0.308903
0.308581
0.308895
0.308907
0.308937
0.308808
0.308708
0.308705
0.308711
0.308672
0.308933
0.308697
0.308624
0.308730
0.308894
0.309369
0.308879
0.308686
0.308678
0.309136
0.309307
0.309142
0.308896
0.309067
0.309179
0.309177
0.309055
0.309381
0.309053
0.309308
0.308788
0.309037
0.308784
0.308662
0.308812
0.308756
0.308995
0.309159
0.309040
0.308563
0.308508
0.308784
0.308845
0.308988
0.309427
0.308784
0.309022
0.308940
0.308966
0.308797
0.308875
0.309066
0.308939
0.308700
0.309289
0.308738
0.308860
0.309170
0.309041
0.308861
0.308730
0.308664
0.308988
0.308871
0.308671
0.308762
0.308885
0.309345
0.308895
0.308783
0.308949
0.309028
0.309215
0.309247
0.309104
0.309284
0.309394
0.308958
0.309083
0.309065
0.309209
0.308982
0.308865
0.308772
0.308876
0.309488
0.309006
0.308960
0.308914
0.309077
0.308829
0.308829
0.309102
0.308811
0.308598
0.309124
0.308922
0.308984
0.308940
0.308850
0.308896
0.308698
0.308816
0.308585
0.309032
0.308938
0.308926
0.309083
0.308801
0.308812
0.309110
0.309017
0.308652
0.308729
0.309357
0.309008
0.308825
0.308840
0.308856
0.309052
0.309232
0.309419
0.309075
0.308928
0.309014
0.308847
0.308935
0.308756
0.308859
0.309050
0.309063
0.308977
0.309186
0.308667
0.309016
0.308944
0.308928
0.309414
0.309143
0.309379
0.309217
0.308696
0.308919
0.309069
0.309095
0.309065
0.308896
0.308664
0.308682
0.308992
0.309132
0.309635
0.310121
0.309151
0.309070
0.309231
0.309345
0.309316
0.309008
0.309448
0.308843
0.308963
0.308872
0.308727
0.308716
0.308770
0.309036
0.308926
0.309036
0.309160
0.308833
0.308942
0.309114
0.309086
0.309164
0.309016
0.309070
0.308936
0.308920
0.308750
0.308847
0.309353
0.309436
0.309325
0.309260
0.309468
0.309182
0.309408
0.309480
0.309317
0.309137
0.309200
0.308950
0.309233
0.309492
0.309139
0.309502
0.309154
0.308697
0.309184
0.308803
0.308931
0.309111
0.308901
0.309151
0.309217
0.309317
0.309230
0.309129
0.308994
0.308983
0.308951
0.308814
0.309051
0.309428
0.309428
0.308806
0.309096
0.309178
0.308852
0.308788
0.309076
0.309188
0.309307
0.309315
0.309024
0.309274
0.308943
0.309184
0.309020
0.309145
0.308895
0.309147
0.309032
0.309023
0.309240
0.308854
0.308963
0.308804
0.309149
0.309333
0.309157
0.309203
0.308704
0.308888
0.308761
0.308817
0.308846
0.308888
0.308753
0.308899
0.309224
0.309005
0.309504
0.309084
0.308900
0.308830
0.309066
0.308855
0.308967
0.309019
0.308767
0.308874
0.309013
0.308889
0.309069
0.308888
0.309344
0.309075
0.309129
0.308864
0.308728
0.308867
0.309393
0.309137
0.308863
0.309480
0.309110
0.309030
0.309513
0.309361
0.309613
0.309744
0.309051
0.309279
0.309187
0.309085
0.309211
0.309031
0.309000
0.309384
0.309240
0.309486
0.309446
0.309321
0.309057
0.308986
0.309005
0.309014
0.309085
0.309660
0.309308
0.309216
0.309165
0.309422
0.309456
0.308995
0.308829
0.309256
0.309006
0.308933
0.309175
0.309547
0.309405
0.309231
0.309163
0.309048
0.309026
0.309430
0.309152
0.308862
0.309217
0.309440
0.309027
0.309286
0.309642
0.309136
0.309007
0.309105
0.309349
0.309054
0.309306
0.309420
0.309545
0.309234
0.309434
0.309340
0.308710
0.308952
0.309241
0.309383
0.309210
0.309216
0.309349
0.309059
0.308989
0.309020
0.309117
0.309280
0.309162
0.309061
0.309074
0.308922
0.308964
0.309272
0.309085
0.309117
0.309350
0.309184
0.309228
0.309110
0.309691
0.309109
0.309114
0.309314
0.309490
0.309523
0.309368
0.310031
0.309301
0.309342
0.309660
0.309265
0.309508
0.309152
0.308980
0.309225
0.309597
0.309058
0.308958
0.309407
0.309167
0.309626
0.308999
0.309355
0.309378
0.309266
0.308876
0.308839
0.308950
0.309261
0.309010
0.308985
0.309062
0.309064
0.309220
0.309331
0.308968
0.309057
0.308966
0.309045
0.309258
0.308919
0.309140
0.308903
0.309032
0.309169
0.309251
0.308996
0.308898
0.309034
0.309333
0.309273
0.309607
0.309569
0.309299
0.309364
0.309195
0.308875
0.308982
0.309036
0.309152
0.309202
0.308935
0.309220
0.309295
0.308939
0.309318
0.309197
0.308978
0.309630
0.309371
0.309157
0.309431
0.309288
0.309163
0.309430
0.309703
0.309299
0.309431
0.309124
0.309040
0.308879
0.309463
0.309408
0.309138
0.309155
0.309066
0.309050
0.309389
0.309273
0.309017
0.308959
0.309210
0.309098
0.309064
0.309103
0.309565
0.309652
0.309554
0.309473
0.309300
0.309085
0.308983
0.309152
0.309090
0.309137
0.309127
0.309200
0.309172
0.309742
0.309215
0.309094
0.309554
0.309069
0.309217
0.309384
0.309273
0.309054
0.309221
0.309077
0.309135
0.309542
0.309175
0.309347
0.309228
0.309513
0.309814
0.309363
0.309388
0.309139
0.309356
0.309231
0.309382
0.309496
0.309522
0.309552
0.308943
0.309059
0.309120
0.309318
0.309296
0.308997
0.309023
0.309883
0.309741
0.308994
0.309013
0.309199
0.309581
0.309168
0.309559
0.309204
0.309184
0.309102
0.309051
0.309193
0.309207
0.309089
0.309464
0.309498
0.309059
0.309124
0.309543
0.309443
0.309031
0.309184
0.309162
0.309404
0.309279
0.309229
0.309395
0.309252
0.309201
0.309171
0.309420
0.309529
0.309192
0.309061
0.309101
0.309360
0.309557
0.309654
0.309865
0.309423
0.309246
0.309512
0.309281
0.309215
0.308929
0.309173
0.309496
0.309280
0.309431
0.309043
0.309152
0.309297
0.309642
0.309026
0.309177
0.309445
0.309319
0.309315
0.309349
0.309607
0.309784
0.309538
0.309508
0.309463
0.309760
0.309638
0.309643
0.309385
0.309267
0.309569
0.309827
0.309303
0.309160
0.309149
0.308955
0.309113
0.309094
0.309072
0.309260
0.309080
0.309431
0.309467
0.309562
0.309165
0.309613
0.309595
0.309512
0.309262
0.309103
0.309246
0.309161
0.309217
0.309198
0.309256
0.309191
0.309232
0.309348
0.309465
0.309353
0.309551
0.309535
0.309114
0.309171
0.309603
0.309564
0.309114
0.309273
0.309400
0.309814
0.310076
0.309703
0.309810
0.309379
0.309555
0.309344
0.309541
0.309922
0.309176
0.309240
0.309344
0.309128
0.309057
0.309009
0.309339
0.309245
0.309153
0.309488
0.309212
0.309359
0.309200
0.309119
0.309019
0.309193
0.309374
0.309437
0.309125
0.309594
0.309621
0.309697
0.309660
0.309617
0.309472
0.309351
0.309465
0.309600
0.309761
0.309628
0.309973
0.309627
0.309244
0.309408
0.309765
0.309581
0.309301
0.309245
0.309364
0.309227
0.309179
0.309311
0.309927
0.309995
0.309192
0.309318
0.309552
0.309311
0.309542
0.309001
0.309050
0.309139
0.309315
0.309490
0.309209
0.309179
0.309325
0.309378
0.309430
0.309105
0.309070
0.309223
0.309318
0.309211
0.309518
0.309704
0.309508
0.309242
0.309484
0.309713
0.309762
0.310002
0.309571
0.309514
0.309385
0.309560
0.310029
0.309647
0.309268
0.309336
0.309496
0.309679
0.309478
0.309684
0.309368
0.309310
0.309244
0.309468
0.309255
0.309260
0.309187
0.309428
0.309328
0.309395
0.309117
0.309402
0.309235
0.309293
0.309278
0.309406
0.309158
0.309585
0.309295
0.309604
0.309549
0.309339
0.309452
0.309541
0.309579
0.309019
0.309356
0.309488
0.309190
0.309390
0.309012
0.309228
0.309526
0.309143
0.309228
0.309384
0.309411
0.309349
0.309370
0.309012
0.309516
0.309405
0.309407
0.309322
0.309195
0.309123
0.309186
0.309302
0.309224
0.309173
0.309378
0.309091
0.309150
0.308942
0.309651
0.309286
0.309350
0.309145
0.309664
0.309357
0.309496
0.309217
0.309428
0.309346
0.309356
0.309054
0.309257
0.309257
0.309439
0.309277
0.309145
0.309031
0.309246
0.309257
0.309447
0.309126
0.309070
0.309340
0.309159
0.309609
0.309381
0.309118
0.309382
0.309608
0.309559
0.310016
0.309440
0.309268
0.309485
0.309453
0.309380
0.309053
0.309360
0.309278
0.309260
0.309294
0.309313
0.309485
0.309343
0.309281
0.309243
0.309369
0.309397
0.309449
0.309542
0.309446
0.309593
0.309555
0.309427
0.309318
0.309446
0.309240
0.309284
0.309365
0.309501
0.309184
0.309566
0.308996
0.309222
0.309064
0.309375
0.309215
0.309227
0.309088
0.309511
0.309638
0.309463
0.309878
0.309443
0.309429
0.309195
0.309382
0.309249
0.309428
0.309582
0.309995
0.309313
0.309599
0.309414
0.309503
0.309206
0.309339
0.309278
0.309194
0.309453
0.310094
0.309876
0.309135
0.309344
0.309408
0.309561
0.309418
0.309238
0.309236
0.309696
0.309281
0.309316
0.309689
0.310091
0.309334
0.309268
0.309277
0.309332
0.309429
0.309185
0.309254
0.309484
0.309372
0.309403
0.309184
0.309508
0.309414
0.309312
0.309331
0.309305
0.309439
0.309481
0.309428
0.309104
0.309217
0.309535
0.309261
0.309351
0.309477
0.309386
0.309233
0.309429
0.309454
0.309197
0.309560
0.309472
0.309415
0.309227
0.309662
0.309203
0.309355
0.309476
0.309707
0.309599
0.309532
0.309198
0.309483
0.309299
0.309726
0.309587
0.309735
0.309477
0.309666
0.309759
0.309520
0.309394
0.309771
0.309636
0.309638
0.309620
0.309445
0.309731
0.309554
0.309588
0.309234
0.309182
0.309456
0.309662
0.309489
0.309180
0.309425
0.309560
0.309672
0.309500
0.309314
0.309440
0.309359
0.309716
0.309279
0.309737
0.309597
0.309832
0.309442
0.309321
0.309409
0.309928
0.309833
0.309322
0.309423
0.309728
0.309777
0.309643
0.309762
0.309767
0.309595
0.309552
0.309778
0.309787
0.309602
0.309310
0.309477
0.309965
0.309549
0.309563
0.309442
0.309504
0.309319
0.310017
0.309601
0.309326
0.309659
0.309907
0.309774
0.309817
0.309907
0.309773
0.309951
0.309842
0.309647
0.309605
0.309370
0.309301
0.309373
0.309341
0.309468
0.309495
0.309374
0.309588
0.309808
0.309493
0.309441
0.309508
0.309528
0.309875
0.309874
0.309690
0.309334
0.309902
0.309635
0.309950
0.309620
0.309777
0.309626
0.309418
0.309426
0.309512
0.309582
0.309566
0.309490
0.309821
0.309570
0.309346
0.309353
0.310151
0.309386
0.309777
0.309543
0.309513
0.309451
0.309449
0.309365
0.309855
0.309568
0.309905
0.309571
0.309329
0.309552
0.309547
0.309347
0.309563
0.309463
0.309660
0.309587
0.309588
0.309708
0.309841
0.309378
0.309614
0.309511
0.309371
0.309317
0.309523
0.309633
0.309670
0.309558
0.309235
0.309700
0.309571
0.309482
0.309575
0.309528
0.309529
0.309736
0.309392
0.309968
0.309946
0.309845
0.309914
0.309770
0.309429
0.309719
0.309724
0.309849
0.309352
0.309661
0.309544
0.309541
0.309491
0.310152
0.309442
0.309237
0.309615
0.309753
0.309432
0.309619
0.309478
0.309740
0.309789
0.309632
0.309412
0.309708
0.309661
0.309679
0.309595
0.309515
0.309495
0.309726
0.309539
0.309678
0.309684
0.309832
0.309608
0.309756
0.309288
0.309725
0.309943
0.309412
0.309907
0.309620
0.309774
0.309642
0.309943
0.309836
0.309755
0.309644
0.310041
0.310282
0.309614
0.309417
0.309715
0.309636
0.309343
0.309658
0.309968
0.310362
0.310119
0.310273
0.309945
0.310003
0.309863
0.309978
0.309984
0.309532
0.309838
0.309882
0.310054
0.310210
0.309746
0.309701
0.310166
0.309445
0.309696
0.309826
0.309824
0.309758
0.309478
0.309565
0.309751
0.309882
0.309816
0.309808
0.310015
0.309710
0.309623
0.309678
0.309520
0.309587
0.309563
0.309344
0.309567
0.309655
0.309650
0.309986
0.309734
0.309506
0.309855
0.309665
0.309939
0.309846
0.310057
0.309875
0.310224
0.310156
0.309689
0.309761
0.309883
0.309832
0.310294
0.309903
0.309753
0.309952
0.310474
0.310081
0.310126
0.309755
0.309620
0.309541
0.309911
0.309728
0.309614
0.309553
0.309704
0.309422
0.309661
0.310143
0.309852
0.309756
0.309422
0.309540
0.309636
0.310059
0.309911
0.309642
0.309574
0.309745
0.310024
0.309860
0.309935
0.310097
0.309641
0.309789
0.309870
0.309773
0.309797
0.309645
0.309938
0.309814
0.310088
0.309874
0.310375
0.309774
0.309620
0.310200
0.309772
0.309795
0.309798
0.309936
0.309709
0.309709
0.309855
0.309650
0.309706
0.309585
0.309617
0.309717
0.309728
0.309448
0.309616
0.309745
0.309526
0.309635
0.309702
0.309516
0.309645
0.309391
0.309531
0.309404
0.309389
0.309477
0.309995
0.309707
0.309932
0.309676
0.309924
0.309682
0.309637
0.309447
0.309929
0.309352
0.309615
0.309482
0.309687
0.310017
0.309914
0.309639
0.309939
0.309468
0.309759
0.310138
0.309659
0.309822
0.309659
0.309606
0.309514
0.309714
0.309800
0.309837
0.309982
0.310354
0.310010
0.309550
0.309914
0.309549
0.309924
0.309757
0.309713
0.309498
0.309910
0.309784
0.309715
0.309527
0.309512
0.309514
0.309489
0.309870
0.309789
0.310114
0.309799
0.310168
0.309857
0.309487
0.309549
0.309587
0.309486
0.309649
0.309843
0.309851
0.309868
0.309658
0.309725
0.309766
0.309296
0.309403
0.309779
0.309674
0.309677
0.309998
0.309517
0.309649
0.309901
0.309777
0.309613
0.309652
0.309551
0.309847
0.309633
0.309800
0.309635
0.309753
0.309440
0.309653
0.309693
0.309797
0.310004
0.309862
0.309595
0.309466
0.309854
0.309717
0.309725
0.310019
0.309485
0.309617
0.309924
0.309931
0.309772
0.309777
0.310235
0.310215
0.310226
0.309835
0.309479
0.309501
0.309577
0.309895
0.309979
0.310296
0.310303
0.310213
0.309660
0.310033
0.309762
0.309462
0.309839
0.309647
0.309925
0.309812
0.309893
0.309567
0.309605
0.309712
0.309922
0.309674
0.309489
0.309916
0.309611
0.309865
0.310168
0.310252
0.310163
0.309676
0.309708
0.309588
0.309674
0.309638
0.309928
0.310017
0.309803
0.309994
0.310110
0.309822
0.309628
0.309660
0.309911
0.309854
0.309945
0.309694
0.310067
0.309881
0.309584
0.309735
0.309936
0.309920
0.310119
0.310007
0.309655
0.309824
0.309897
0.309772
0.309932
0.310016
0.309712
0.309920
0.309609
0.309918
0.309931
0.310266
0.310001
0.309764
0.309865
0.309707
0.309936
0.309851
0.309988
0.309848
0.309993
0.309902
0.310056
0.309885
0.309686
0.309971
0.310138
0.309780
0.310051
0.310093
0.309650
0.309780
0.309595
0.309671
0.310017
0.309868
0.309946
0.309963
0.310011
0.309532
0.309620
0.309842
0.309894
0.309995
0.309660
0.309733
0.309843
0.309876
0.310110
0.309958
0.309779
0.309942
0.309755
0.309663
0.309856
0.309938
0.309552
0.309640
0.309634
0.309752
0.309735
0.309861
0.310254
0.310061
0.309913
0.309582
0.309673
0.309959
0.310174
0.310077
0.310209
0.309648
0.310425
0.310264
0.310173
0.310134
0.310447
0.310021
0.309778
0.309805
0.310041
0.309583
0.309787
0.309609
0.309891
0.309888
0.309919
0.310284
0.310463
0.310111
0.309577
0.310018
0.309623
0.309670
0.309998
0.310279
0.309801
0.309898
0.309774
0.309764
0.309707
0.309686
0.309687
0.310156
0.309696
0.309830
0.309716
0.310014
0.309936
0.309865
0.309880
0.309818
0.309834
0.309757
0.309839
0.309688
0.309636
0.310172
0.310617
0.309683
0.309692
0.309886
0.309556
0.309693
0.310507
0.310001
0.309996
0.309715
0.309926
0.310044
0.310399
0.309988
0.310200
0.310190
0.310269
0.309773
0.309796
0.309643
0.309833
0.309993
0.310080
0.310022
0.310232
0.309751
0.310035
0.310062
0.310310
0.310581
0.309924
0.309942
0.309929
0.310261
0.310270
0.309803
0.309674
0.309880
0.309910
0.309861
0.309951
0.310093
0.310360
0.309933
0.310002
0.309921
0.309691
0.309888
0.309784
0.310227
0.309862
0.310005
0.309796
0.309946
0.309726
0.309966
0.310058
0.310096
0.309816
0.309919
0.309923
0.310044
0.309772
0.309830
0.309866
0.310158
0.310164
0.310124
0.309893
0.309881
0.309872
0.309773
0.309597
0.309998
0.310138
0.309916
0.310381
0.310033
0.310457
0.309968
0.309968
0.310046
0.309875
0.310315
0.310302
0.310002
0.309960
0.310034
0.309910
0.310172
0.310398
0.310089
0.309803
0.310217
0.310027
0.310031
0.309855
0.309927
0.309865
0.309880
0.309957
0.309919
0.309860
0.310004
0.310113
0.310294
0.310536
0.310585
0.309948
0.310025
0.309840
0.310188
0.310412
0.309707
0.310001
0.309868
0.309894
0.309895
0.309999
0.309686
0.309798
0.309586
0.309918
0.309737
0.309842
0.309692
0.309749
0.309447
0.310006
0.309505
0.309626
0.309876
0.310376
0.309752
0.309724
0.309648
0.309861
0.309917
0.309675
0.309927
0.310050
0.310131
0.309868
0.309502
0.309733
0.309622
0.309838
0.309326
0.309549
0.309686
0.309459
0.309724
0.309609
0.309709
0.309633
0.309736
0.309824
0.309668
0.309639
0.309857
0.309870
0.309756
0.310085
0.309526
0.309852
0.310171
0.310063
0.310015
0.309681
0.309564
0.309661
0.309774
0.309918
0.309837
0.309855
0.309713
0.310055
0.309617
0.309398
0.309397
0.309430
0.309937
0.309946
0.309708
0.309615
0.309704
0.309886
0.309412
0.310036
0.309557
0.309605
0.309490
0.309889
0.309831
0.309541
0.309613
0.309652
0.309477
0.309483
0.309595
0.309987
0.309716
0.309425
0.309719
0.309335
0.309436
0.309749
0.309676
0.309602
0.310333
0.309946
0.309886
0.310243
0.310253
0.309387
0.309439
0.309861
0.309972
0.309635
0.309781
0.309861
0.309528
0.309539
0.309732
0.309711
0.309545
0.310105
0.310090
0.310190
0.309807
0.309780
0.309709
0.309712
0.309798
0.309717
0.310187
0.309703
0.309842
0.309669
0.309982
0.310097
0.309982
0.309929
0.309486
0.309608
0.309758
0.310150
0.309784
0.309611
0.309574
0.309908
0.309504
0.309797
0.309840
0.309510
0.310023
0.310040
0.309449
0.309642
0.309517
0.309946
0.309907
0.310043
0.310527
0.309761
0.310023
0.309488
0.309731
0.309776
0.309875
0.310042
0.309561
0.309732
0.309527
0.309675
0.309734
0.309819
0.309734
0.309734
0.309480
0.309571
0.309803
0.309860
0.309472
0.309647
0.309898
0.310182
0.309867
0.309883
0.309867
0.309759
0.309866
0.310247
0.309886
0.309610
0.309623
0.309660
0.309902
0.309796
0.309656
0.309703
0.309763
0.309581
0.309706
0.309845
0.309872
0.309863
0.309762
0.309868
0.309723
0.310099
0.309978
0.309842
0.309970
0.310086
0.310211
0.309919
0.309919
0.309990
0.309590
0.309821
0.309945
0.309468
0.309721
0.309804
0.310385
0.309770
0.310189
0.309985
0.309823
0.309733
0.309745
0.310468
0.309715
0.310374
0.309847
0.309769
0.310122
0.310013
0.309705
0.310271
0.310323
0.310068
0.309878
0.309964
0.309951
0.309907
0.309978
0.309987
0.309759
0.309853
0.309862
0.309735
0.309725
0.309850
0.310060
0.310127
0.310289
0.309817
0.309960
0.309617
0.309587
0.309943
0.309763
0.309979
0.310145
0.309711
0.309698
0.309932
0.310142
0.309731
0.309668
0.310111
0.309831
0.310095
0.310339
0.309853
0.309923
0.309996
0.310272
0.310277
0.310049
0.310422
0.310187
0.309826
0.309788
0.309696
0.309991
0.309838
0.309759
0.310151
0.310025
0.309982
0.310027
0.309795
0.309899
0.309556
0.309595
0.309882
0.310144
0.309803
0.310077
0.309698
0.309933
0.309765
0.310083
0.310147
0.309883
0.309697
0.309882
0.310009
0.309905
0.309861
0.310012
0.309719
0.309788
0.309972
0.309647
0.309749
0.309918
0.309673
0.309512
0.309655
0.309932
0.309657
0.309675
0.309705
0.309830
0.309596
0.310048
0.309776
0.309801
0.309805
0.310037
0.309560
0.309770
0.310072
0.309774
0.309873
0.309853
0.309953
0.310159
0.310004
0.310107
0.309669
0.309663
0.309849
0.310131
0.309585
0.309722
0.309823
0.310030
0.309703
0.309797
0.309944
0.310057
0.309786
0.309985
0.310014
0.309780
0.309754
0.309628
0.309895
0.309877
0.309571
0.310421
0.310649
0.311061
0.310515
0.310614
0.310425
0.310345
0.310007
0.310472
0.310490
0.310214
0.309641
0.309666
0.309739
0.309879
0.309969
0.309948
0.309767
0.309932
0.309807
0.310107
0.310078
0.309754
0.309978
0.310015
0.310193
0.309853
0.310055
0.309813
0.310279
0.310096
0.309823
0.310017
0.310246
0.310062
0.309667
0.309553
0.309803
0.309882
0.310022
0.310066
0.309911
0.309956
0.309875
0.309969
0.310080
0.310232
0.310390
0.310288
0.309858
0.309908
0.309800
0.309918
0.310124
0.310202
0.309778
0.310186
0.310172
0.309976
0.309960
0.310043
0.310024
0.309961
0.309812
0.309664
0.309764
0.309915
0.309985
0.309711
0.310034
0.310225
0.309634
0.309974
0.310353
0.310107
0.310248
0.310274
0.310254
0.310300
0.310281
0.310313
0.310196
0.309941
0.310198
0.309875
0.310081
0.310118
0.309882
0.309745
0.310023
0.309932
0.309846
0.309868
0.309727
0.310011
0.309803
0.309883
0.309810
0.310184
0.310368
0.310106
0.309826
0.309786
0.310236
0.309787
0.310011
0.309957
0.310199
0.310092
0.309763
0.309795
0.309969
0.309912
0.310503
0.310537
0.310191
0.310206
0.310161
0.309681
0.309873
0.309802
0.309591
0.309973
0.310282
0.309938
0.310072
0.310119
0.310141
0.309689
0.309746
0.309832
0.310143
0.309858
0.309873
0.310060
0.309726
0.309910
0.309820
0.310338
0.309940
0.310067
0.309945
0.309690
0.309969
0.310128
0.310070
0.310172
0.310253
0.310060
0.309767
0.310007
0.309821
0.309946
0.310141
0.310241
0.310025
0.310187
0.309951
0.310254
0.310178
0.309988
0.309854
0.309758
0.310163
0.310055
0.310019
0.309947
0.309893
0.309874
0.309904
0.310129
0.309894
0.309900
0.309947
0.310124
0.309870
0.309945
0.310194
0.309933
0.309807
0.309788
0.309977
0.310068
0.310042
0.309906
0.310096
0.310198
0.309799
0.309720
0.310030
0.310017
0.310000
0.310281
0.309929
0.309882
0.309866
0.309718
0.310097
0.310118
0.310258
0.310193
0.310129
0.310517
0.310196
0.310113
0.310191
0.310176
0.310175
0.310017
0.310120
0.310093
0.310107
0.309884
0.310007
0.309909
0.309895
0.310029
0.310126
0.310117
0.310073
0.310102
0.310210
0.310168
0.310220
0.310345
0.310527
0.310002
0.309641
0.309821
0.310308
0.310083
0.309638
0.309953
0.309671
0.310306
0.310050
0.310381
0.309892
0.310147
0.309921
0.309945
0.309675
0.309749
0.309848
0.310446
0.310056
0.309784
0.309923
0.309893
0.310021
0.309997
0.309885
0.309935
0.310042
0.310202
0.309928
0.309721
0.310272
0.310097
0.310023
0.309662
0.309945
0.310231
0.309874
0.309815
0.309902
0.310029
0.310125
0.310017
0.310283
0.309909
0.310344
0.309959
0.309998
0.309907
0.309949
0.309684
0.309819
0.309961
0.310207
0.310050
0.309891
0.309998
0.309936
0.310033
0.310240
0.310316
0.310148
0.310093
0.309831
0.310205
0.309716
0.309731
0.310029
0.310016
0.309952
0.310104
0.309872
0.309766
0.309789
0.309916
0.310120
0.309795
0.310368
0.309798
0.309962
0.309944
0.310342
0.309924
0.310003
0.309777
0.310067
0.310104
0.309606
0.309816
0.310165
0.310146
0.310173
0.310407
0.310475
0.310460
0.310094
0.309997
0.309687
0.309865
0.309854
0.309924
0.309601
0.309977
0.310583
0.310417
0.310296
0.310071
0.309941
0.309902
0.309849
0.310113
0.310076
0.310423
0.310577
0.310681
0.310345
0.310070
0.310297
0.309927
0.310003
0.310203
0.310013
0.310134
0.309975
0.309938
0.310106
0.310342
0.310446
0.309977
0.309874
0.310360
0.309868
0.309857
0.309822
0.309948
0.310016
0.309896
0.310247
0.310099
0.310090
0.309926
0.310194
0.309945
0.309933
0.309847
0.310040
0.310237
0.309979
0.310049
0.310288
0.310032
0.309854
0.310093
0.309850
0.310409
0.310363
0.310040
0.309931
0.309824
0.310217
0.310047
0.310087
0.309658
0.309720
0.309800
0.310023
0.309977
0.310035
0.310142
0.309790
0.310216
0.310121
0.310043
0.309930
0.310098
0.310059
0.309847
0.309817
0.309880
0.309852
0.309683
0.309841
0.310010
0.310349
0.310423
0.309964
0.309749
0.310152
0.309625
0.309972
0.309896
0.310126
0.309976
0.310260
0.310337
0.309861
0.310142
0.309800
0.309746
0.310011
0.310144
0.310014
0.309886
0.310183
0.309810
0.309905
0.310130
0.310145
0.310419
0.309716
0.309992
0.309955
0.309796
0.310076
0.309971
0.310302
0.309967
0.310269
0.309761
0.310136
0.310167
0.310037
0.309643
0.310141
0.310252
0.310389
0.310465
0.309816
0.310223
0.309977
0.310056
0.310290
0.310240
0.310452
0.309804
0.309762
0.309809
0.309843
0.309885
0.309985
0.310547
0.310483
0.310551
0.309876
0.309870
0.310430
0.310684
0.310276
0.310182
0.309975
0.310035
0.309791
0.310162
0.309829
0.309951
0.310099
0.310023
0.309974
0.310304
0.310541
0.310106
0.310145
0.310123
0.309869
0.309882
0.310007
0.310130
0.310159
0.310650
0.310649
0.310386
0.310456
0.310051
0.309963
0.309797
0.309980
0.309889
0.310010
0.310164
0.310600
0.310236
0.309919
0.309878
0.309875
0.310114
0.309858
0.309844
0.309748
0.309929
0.310068
0.309874
0.309901
0.309895
0.310328
0.310207
0.309913
0.309902
0.309891
0.310044
0.309941
0.310085
0.310384
0.310290
0.310421
0.310184
0.310116
0.310367
0.310384
0.310125
0.310152
0.310293
0.309762
0.310271
0.310057
0.310105
0.309937
0.309896
0.309848
0.309799
0.309952
0.309916
0.310065
0.310230
0.309867
0.310080
0.310043
0.310304
0.310150
0.310205
0.309964
0.310068
0.310050
0.310488
0.310154
0.309814
0.309742
0.310095
0.309998
0.309758
0.310277
0.310497
0.310284
0.310404
0.310207
0.310205
0.309991
0.310208
0.310369
0.310196
0.310397
0.310046
0.309878
0.310301
0.310269
0.309939
0.310174
0.310438
0.310327
0.310108
0.310040
0.310394
0.310430
0.310258
0.310008
0.310201
0.309771
0.309762
0.309819
0.310061
0.310020
0.310372
0.310100
0.310243
0.310063
0.310259
0.310346
0.310098
0.309914
0.310294
0.310237
0.310225
0.309724
0.310031
0.310208
0.310313
0.310039
0.309799
0.310206
0.310096
0.309862
0.310320
0.310230
0.310096
0.310128
0.310253
0.310556
0.309855
0.310010
0.309998
0.309971
0.309962
0.310182
0.310107
0.310133
0.310385
0.309761
0.309844
0.309823
0.309825
0.309947
0.309975
0.309884
0.309734
0.309820
0.310096
0.310094
0.309953
0.309831
0.310006
0.309882
0.310373
0.310396
0.310300
0.310135
0.310100
0.310711
0.310733
0.310429
0.310084
0.310437
0.310084
0.310019
0.309965
0.309748
0.310115
0.309794
0.310240
0.310029
0.309703
0.309677
0.310279
0.310012
0.310064
0.309983
0.310118
0.310168
0.309827
0.309965
0.309651
0.309882
0.309815
0.310215
0.310111
0.309908
0.310163
0.310061
0.310239
0.309956
0.310376
0.310690
0.310247
0.309777
0.309823
0.309843
0.309920
0.310125
0.309865
0.310468
0.310072
0.310253
0.310338
0.310194
0.309726
0.309901
0.309873
0.309787
0.309888
0.310023
0.309830
0.309961
0.310026
0.310045
0.309933
0.310055
0.310079
0.310199
0.309940
0.309863
0.310161
0.310406
0.309645
0.310045
0.310029
0.309956
0.310138
0.310175
0.310280
0.310221
0.310027
0.310117
0.310293
0.310182
0.310213
0.309938
0.309759
0.309801
0.309845
0.309926
0.309905
0.309978
0.310168
0.309964
0.310257
0.310247
0.310429
0.309990
0.310283
0.310619
0.310538
0.310347
0.309908
0.309926
0.309874
0.309765
0.309965
0.310051
0.309859
0.310199
0.309821
0.309884
0.309961
0.310319
0.309949
0.309804
0.310064
0.310217
0.309862
0.310020
0.310395
0.311048
0.310110
0.309868
0.310086
0.309759
0.310052
0.310246
0.310071
0.310090
0.310363
0.310043
0.309678
0.309930
0.309917
0.309864
0.310280
0.309880
0.310155
0.310041
0.309862
0.310107
0.310015
0.310471
0.310127
0.309958
0.310117
0.310005
0.310186
0.310011
0.309876
0.309939
0.310067
0.310067
0.310083
0.310076
0.310263
0.310084
0.310242
0.309968
0.309864
0.310011
0.310233
0.309843
0.310108
0.310068
0.310114
0.309992
0.310129
0.310077
0.310327
0.310359
0.310279
0.310698
0.309933
0.310024
0.309852
0.309943
0.310621
0.309843
0.310122
0.309968
0.310374
0.310386
0.310357
0.310364
0.310150
0.310173
0.310137
0.310138
0.309858
0.310232
0.310004
0.310032
0.310020
0.309962
0.310263
0.310636
0.310232
0.310187
0.310299
0.310041
0.310491
0.309917
0.309933
0.310242
0.309975
0.309942
0.309925
0.310045
0.310283
0.309884
0.310390
0.309969
0.310019
0.310562
0.310177
0.310042
0.310248
0.310227
0.310315
0.310207
0.310170
0.310191
0.310031
0.310087
0.310108
0.310430
0.310369
0.310081
0.309964
0.310101
0.310201
0.310088
0.309899
0.310132
0.310290
0.310010
0.310262
0.310294
0.310392
0.310272
0.310159
0.310330
0.310283
0.310137
0.310204
0.310178
0.309905
0.309933
0.310416
0.310192
0.310399
0.310816
0.310531
0.309949
0.310147
0.309800
0.310039
0.310094
0.310031
0.310287
0.310081
0.310149
0.310306
0.310275
0.310119
0.310458
0.310304
0.309966
0.310113
0.310289
0.310346
0.310347
0.310570
0.310281
0.310348
0.310529
0.310244
0.310241
0.310097
0.310112
0.310417
0.310231
0.310150
0.310202
0.310270
0.310639
0.310748
0.310883
0.310083
0.309970
0.310139
0.310453
0.310337
0.310173
0.310343
0.310247
0.309931
0.310154
0.310194
0.310312
0.310439
0.310093
0.310200
0.309854
0.310081
0.309999
0.309957
0.310101
0.310332
0.310320
0.310632
0.310583
0.310372
0.310126
0.310225
0.310097
0.310486
0.310255
0.310373
0.310533
0.310522
0.310278
0.310014
0.310111
0.310254
0.310269
0.310021
0.310156
0.310323
0.310703
0.310374
0.310158
0.310046
0.310074
0.310095
0.310420
0.310190
0.310371
0.310252
0.310106
0.310134
0.310312
0.310533
0.310198
0.310343
0.310791
0.309966
0.310448
0.310317
0.310478
0.310166
0.310284
0.309983
0.310571
0.310805
0.310074
0.309987
0.309981
0.310115
0.309974
0.310000
0.310123
0.309940
0.309988
0.310589
0.310021
0.310093
0.310183
0.310184
0.310125
0.310273
0.310283
0.310361
0.310149
0.310090
0.310444
0.309941
0.309912
0.310076
0.310240
0.309994
0.310206
0.309989
0.310650
0.310810
0.310201
0.310737
0.309985
0.310077
0.310635
0.310442
0.310295
0.310260
0.309973
0.310455
0.310437
0.310256
0.310028
0.310176
0.310229
0.310018
0.310270
0.310132
0.310510
0.309986
0.310057
0.310120
0.310556
0.310608
0.310184
0.310587
0.310987
0.310536
0.310494
0.310695
0.310628
0.310499
0.309976
0.310916
0.310642
0.310527
0.310276
0.310082
0.310522
0.310575
0.310190
0.310117
0.310195
0.310367
0.310389
0.310671
0.310360
0.310348
0.310409
0.310310
0.310225
0.310083
0.310312
0.310516
0.310311
0.310626
0.310250
0.310161
0.310055
0.310281
0.310521
0.310666
0.310500
0.310081
0.310100
0.310352
0.310402
0.310055
0.310041
0.310000
0.310223
0.310379
0.309891
0.310174
0.310335
0.310494
0.310365
0.310317
0.310528
0.310041
0.310483
0.310007
0.310340
0.310106
0.310143
0.310137
0.310145
0.310088
0.309981
0.310380
0.310634
0.310729
0.310840
0.310459
0.310027
0.310230
0.310273
0.310205
0.310051
0.310142
0.310275
0.309997
0.310621
0.310811
0.310489
0.311049
0.310936
0.310850
0.310773
0.310160
0.309981
0.309912
0.309953
0.310197
0.310079
0.310135
0.309937
0.310166
0.310108
0.310254
0.310219
0.310378
0.310112
0.310096
0.310278
0.310027
0.310316
0.310128
0.310373
0.310048
0.310730
0.310452
0.310451
0.310395
0.310046
0.310316
0.310199
0.310154
0.310063
0.310238
0.310264
0.310776
0.310499
0.310240
0.309932
0.310048
0.310317
0.310195
0.310204
0.310427
0.310442
0.310772
0.310660
0.310149
0.310218
0.310371
0.310309
0.310115
0.310239
0.310250
0.310445
0.310338
0.310293
0.310184
0.310389
0.310477
0.310596
0.310346
0.310580
0.310089
0.310241
0.310490
0.310113
0.310673
0.310456
0.310435
0.310699
0.310170
0.310313
0.310699
0.310202
0.310022
0.309914
0.309975
0.310202
0.310103
0.310157
0.310099
0.310004
0.310518
0.310377
0.310317
0.310011
0.310128
0.310018
0.310557
0.310731
0.310066
0.310143
0.310114
0.310554
0.310180
0.309908
0.310181
0.310045
0.310618
0.310196
0.310157
0.310374
0.310076
0.310622
0.310283
0.310576
0.310934
0.310464
0.310535
0.310431
0.310874
0.310516
0.310316
0.310185
0.310444
0.310281
0.310118
0.310153
0.310368
0.310102
0.310494
0.310142
0.310315
0.310528
0.310180
0.310168
0.310244
0.310345
0.310285
0.310734
0.310816
0.310341
0.310119
0.310211
0.310381
0.310757
0.310543
0.310746
0.310566
0.310593
0.310276
0.310764
0.310912
0.310425
0.310489
0.310533
0.310539
0.310333
0.310093
0.310453
0.310514
0.310435
0.310159
0.310749
0.310449
0.310503
0.310188
0.310344
0.310558
0.310319
0.310641
0.310517
0.310406
0.310157
0.310094
0.310615
0.310657
0.310528
0.310720
0.310557
0.310558
0.310116
0.310341
0.310515
0.310507
0.310725
0.310622
0.310727
0.310819
0.310391
0.310445
0.310238
0.310144
0.310525
0.310125
0.310277
0.310536
0.310345
0.310260
0.310327
0.310340
0.310664
0.310166
0.310395
0.310405
0.310241
0.310235
0.310428
0.310976
0.310494
0.310591
0.310328
0.310508
0.310524
0.310548
0.310260
0.310338
0.310290
0.310363
0.310759
0.310241
0.310479
0.310650
0.310632
0.310782
0.310596
0.310640
0.310337
0.310358
0.310279
0.310230
0.310125
0.310324
0.310097
0.310584
0.310757
0.310341
0.310595
0.310411
0.310448
0.310552
0.310450
0.310319
0.310511
0.310219
0.310551
0.310331
0.310514
0.310878
0.310170
0.310460
0.310074
0.310725
0.310618
0.310100
0.310362
0.310547
0.310527
0.310393
0.310486
0.310120
0.310398
0.310634
0.310621
0.310453
0.310355
0.310729
0.310429
0.310218
0.310469
0.310603
0.310274
0.310237
0.310404
0.310302
0.310062
0.310618
0.310793
0.310478
0.310311
0.310238
0.310202
0.310441
0.310301
0.310091
0.310323
0.310608
0.310220
0.310005
0.310414
0.310312
0.310909
0.310789
0.310647
0.310271
0.310448
0.310330
0.310415
0.310100
0.310298
0.310283
0.310344
0.310967
0.310451
0.310440
0.310350
0.310741
0.310549
0.310721
0.310347
0.310079
0.310221
0.310465
0.310476
0.310227
0.310199
0.310175
0.310488
0.310190
0.310361
0.310504
0.310186
0.310450
0.310292
0.310343
0.310583
0.310784
0.310883
0.310259
0.310770
0.310117
0.310223
0.310401
0.310824
0.310418
0.310388
0.310410
0.310432
0.310537
0.310172
0.310353
0.310759
0.310614
0.310268
0.310278
0.310473
0.310450
0.310488
0.310553
0.310283
0.310193
0.310158
0.310667
0.310672
0.310617
0.310480
0.310291
0.310434
0.310349
0.310137
0.310121
0.310352
0.310058
0.310644
0.310269
0.310625
0.310484
0.310587
0.311127
0.311292
0.311027
0.310495
0.310492
0.310417
0.310773
0.310274
0.310673
0.310432
0.310359
0.310197
0.310637
0.310283
0.310546
0.310296
0.310150
0.310256
0.310456
0.310465
0.310599
0.310179
0.310444
0.311027
0.310366
0.310344
0.310475
0.310330
0.310454
0.310455
0.310416
0.310631
0.310456
0.310194
0.310434
0.310625
0.310964
0.311008
0.310623
0.310501
0.310161
0.310173
0.310638
0.310631
0.310440
0.310306
0.310175
0.310250
0.310615
0.310541
0.310501
0.310645
0.310676
0.310639
0.310604
0.310557
0.310524
0.310390
0.310698
0.310030
0.310216
0.310237
0.310104
0.310255
0.310261
0.310312
0.310463
0.310372
0.310379
0.310727
0.310415
0.310440
0.310362
0.310257
0.310573
0.310290
0.310577
0.310523
0.310529
0.310739
0.310293
0.310505
0.310423
0.310357
0.310068
0.310538
0.310781
0.310707
0.310577
0.310133
0.310519
0.310722
0.310755
0.310369
0.310376
0.310432
0.310643
0.310110
0.310408
0.310361
0.310207
0.310266
0.310535
0.310599
0.310392
0.310094
0.310342
0.310553
0.310289
0.310221
0.310313
0.310526
0.310670
0.310407
0.310126
0.310488
0.310321
0.310493
0.310387
0.310427
0.310389
0.311292
0.311152
0.310439
0.310351
0.310676
0.310650
0.310157
0.310168
0.310296
0.310089
0.310729
0.310099
0.310372
0.310497
0.310311
0.310300
0.310349
0.310283
0.310388
0.310755
0.310393
0.310432
0.310479
0.310345
0.310224
0.310484
0.310282
0.310499
0.310534
0.310499
0.310407
0.310344
0.310322
0.310474
0.310733
0.310613
0.310214
0.310332
0.310130
0.310410
0.310539
0.310740
0.310701
0.310389
0.310441
0.310551
0.310714
0.310472
0.310947
0.310514
0.310745
0.310824
0.310693
0.310996
0.311399
0.310997
0.310517
0.310427
0.310399
0.310503
0.310590
0.310700
0.310200
0.310124
0.310484
0.310391
0.310422
0.310473
0.310334
0.310462
0.310659
0.310428
0.310403
0.310199
0.310260
0.310561
0.310247
0.310381
0.310397
0.310765
0.310639
0.310651
0.310410
0.310261
0.310450
0.310317
0.310121
0.310354
0.310507
0.310445
0.310373
0.310256
0.310377
0.310503
0.310511
0.310413
0.310506
0.310257
0.310277
0.310297
0.310364
0.310757
0.310545
0.310779
0.310648
0.310827
0.310336
0.310476
0.310416
0.310536
0.310760
0.310388
0.310402
0.310439
0.310367
0.310594
0.310609
0.310211
0.310352
0.310327
0.310371
0.310354
0.310144
0.310750
0.310164
0.310098
0.310379
0.310264
0.310187
0.310611
0.310248
0.310569
0.310460
0.310532
0.310332
0.310429
0.310310
0.310102
0.310311
0.310223
0.310386
0.310460
0.310992
0.311012
0.310957
0.311009
0.311068
0.310628
0.310751
0.310618
0.310735
0.310593
0.310241
0.310428
0.310591
0.310404
0.310348
0.310229
0.310221
0.310495
0.310692
0.310484
0.310327
0.310276
0.310117
0.310182
0.310198
0.310645
0.310837
0.310849
0.310613
0.310669
0.310109
0.310421
0.310500
0.310364
0.310425
0.310374
0.310256
0.310132
0.310416
0.310630
0.310604
0.310700
0.310348
0.311156
0.310816
0.310469
0.310379
0.310324
0.310566
0.310360
0.310247
0.310347
0.310284
0.310635
0.310339
0.310515
0.310514
0.310529
0.310089
0.310361
0.310563
0.310562
0.310663
0.310546
0.310702
0.310380
0.310370
0.310397
0.310401
0.310192
0.310842
0.310937
0.310593
0.310762
0.310607
0.310721
0.310281
0.311051
0.310385
0.310468
0.310497
0.310428
0.310304
0.310250
0.310276
0.310939
0.310771
0.310125
0.310285
0.310553
0.310465
0.310353
0.310630
0.310672
0.311085
0.310697
0.311190
0.310783
0.310522
0.310271
0.310498
0.310305
0.310519
0.310317
0.310525
0.310782
0.310631
0.310690
0.310491
0.310806
0.310434
0.310588
0.310818
0.310939
0.310452
0.310419
0.311082
0.310519
0.310440
0.310349
0.310504
0.310625
0.310594
0.310520
0.310565
0.310473
0.310974
0.310802
0.310340
0.310429
0.310378
0.310318
0.310696
0.310480
0.310559
0.310452
0.310293
0.310365
0.310311
0.310463
0.310615
0.310452
0.310361
0.310415
0.310522
0.310492
0.310564
0.310780
0.310808
0.310453
0.310764
0.310312
0.310440
0.310766
0.310965
0.310833
0.310673
0.310537
0.310588
0.310445
0.310198
0.310630
0.310374
0.310371
0.310638
0.310167
0.310512
0.310815
0.310824
0.310900
0.310771
0.310580
0.310707
0.310400
0.310340
0.310302
0.310677
0.310464
0.310583
0.310660
0.310585
0.310514
0.311084
0.310863
0.310686
0.310390
0.310362
0.310551
0.310554
0.310732
0.310605
0.310503
0.310444
0.310722
0.310495
0.310730
0.310704
0.310305
0.310462
0.310582
0.310991
0.310223
0.310459
0.310745
0.310730
0.310716
0.310849
0.310855
0.310488
0.310266
0.310517
0.310444
0.310342
0.310441
0.310496
0.310726
0.310901
0.310837
0.310997
0.311063
0.310694
0.310638
0.310679
0.310506
0.310477
0.310660
0.310635
0.310403
0.310731
0.310488
0.310626
0.311094
0.310730
0.310236
0.310238
0.310572
0.310629
0.310813
0.310842
0.310525
0.310687
0.310537
0.310420
0.310560
0.310920
0.310385
0.310534
0.310756
0.310377
0.310782
0.310486
0.310380
0.310637
0.310748
0.310659
0.310393
0.310272
0.310566
0.310687
0.310396
0.310690
0.310780
0.310451
0.310409
0.310504
0.310508
0.310534
0.310521
0.310453
0.310806
0.310471
0.310714
0.310878
0.310520
0.310562
0.310674
0.310915
0.310616
0.310511
0.310567
0.310602
0.310997
0.310627
0.310346
0.310556
0.310498
0.310442
0.310559
0.310437
0.310640
0.310561
0.310669
0.310721
0.310706
0.310815
0.310917
0.311123
0.310936
0.311124
0.310411
0.310458
0.310576
0.310364
0.310924
0.311007
0.310793
0.310600
0.310312
0.310533
0.310860
0.311160
0.310766
0.310358
0.310620
0.310700
0.310588
0.310824
0.310677
0.310890
0.310688
0.310357
0.310266
0.310535
0.310542
0.310538
0.310828
0.311000
0.310804
0.310586
0.310787
0.310703
0.310272
0.310756
0.310553
0.310331
0.310468
0.310408
0.310587
0.310487
0.310679
0.310580
0.310324
0.310619
0.310839
0.310694
0.310501
0.310682
0.310836
0.310792
0.310968
0.310926
0.310763
0.310473
0.310822
0.310904
0.310743
0.310680
0.310523
0.310530
0.310365
0.310630
0.310626
0.310682
0.310537
0.310676
0.310847
0.310368
0.310718
0.311085
0.311037
0.311054
0.310846
0.310858
0.311069
0.310470
0.310618
0.310712
0.310569
0.310594
0.310811
0.310779
0.311357
0.310792
0.310515
0.310937
0.310777
0.310926
0.310883
0.310761
0.310387
0.310605
0.310509
0.310465
0.310648
0.310686
0.310387
0.310352
0.310568
0.310555
0.310638
0.310208
0.310525
0.310688
0.310539
0.310382
0.310746
0.310849
0.311127
0.310829
0.310878
0.310571
0.310475
0.310575
0.310741
0.310318
0.310474
0.310382
0.310739
0.310889
0.310259
0.310831
0.310675
0.310350
0.310701
0.310408
0.310699
0.310466
0.310453
0.310513
0.310626
0.310486
0.311022
0.310651
0.310547
0.310734
0.310819
0.310904
0.311073
0.310821
0.310402
0.310680
0.310410
0.310557
0.310777
0.310493
0.310333
0.310743
0.310849
0.310652
0.310642
0.310737
0.310563
0.310532
0.310494
0.310738
0.310598
0.310520
0.310603
0.310548
0.310598
0.310832
0.310683
0.310504
0.310571
0.310567
0.310872
0.310733
0.310851
0.310926
0.310518
0.310448
0.310548
0.310500
0.310596
0.310955
0.310724
0.310707
0.310454
0.310390
0.310362
0.310407
0.310430
0.310494
0.310201
0.310459
0.310690
0.310658
0.310719
0.310282
0.310422
0.310890
0.310333
0.310600
0.310579
0.310731
0.310685
0.310847
0.310642
0.310853
0.310368
0.310518
0.310441
0.310551
0.310864
0.310876
0.310342
0.310714
0.310278
0.310379
0.310574
0.310502
0.310537
0.310696
0.310391
0.310461
0.310283
0.310687
0.310543
0.310599
0.310481
0.310463
0.310816
0.311049
0.311119
0.310413
0.310479
0.310356
0.310336
0.310606
0.310709
0.310875
0.310889
0.310718
0.310951
0.310618
0.310940
0.310822
0.310488
0.310486
0.310795
0.310426
0.310446
0.310814
0.310649
0.310471
0.310579
0.310889
0.311041
0.310633
0.310523
0.310643
0.310659
0.310410
0.310580
0.310382
0.310429
0.310494
0.310740
0.310717
0.310835
0.310948
0.310631
0.310616
0.310512
0.310631
0.310885
0.310792
0.310958
0.310684
0.310732
0.310521
0.310353
0.310859
0.310559
0.310799
0.310932
0.310753
0.310446
0.310562
0.311038
0.311452
0.310658
0.310419
0.310607
0.310408
0.310737
0.310483
0.310447
0.310537
0.310675
0.310716
0.310547
0.310392
0.310590
0.310547
0.310596
0.310795
0.310991
0.310530
0.310513
0.310629
0.310514
0.310588
0.310492
0.310707
0.310684
0.310445
0.310621
0.310668
0.310512
0.310785
0.310812
0.310800
0.310403
0.310689
0.310761
0.310519
0.310520
0.310480
0.310821
0.310810
0.310654
0.310342
0.310641
0.310770
0.310758
0.310988
0.310708
0.310553
0.310631
0.310530
0.310456
0.310634
0.310965
0.310521
0.310813
0.310394
0.310456
0.310578
0.310462
0.310578
0.310657
0.310400
0.310593
0.310936
0.310851
0.310806
0.310608
0.310918
0.310701
0.310674
0.310653
0.310648
0.310643
0.311161
0.311044
0.310660
0.310635
0.310776
0.310675
0.310727
0.310738
0.310859
0.310624
0.310552
0.310738
0.310493
0.310627
0.310571
0.310711
0.310862
0.310411
0.310437
0.310677
0.310901
0.310789
0.310911
0.311025
0.310720
0.310522
0.310381
0.310864
0.310834
0.311234
0.311042
0.311366
0.310982
0.311282
0.310920
0.310515
0.310505
0.310370
0.310867
0.310872
0.310504
0.310500
0.310593
0.310655
0.310881
0.311038
0.310977
0.310792
0.310835
0.311070
0.310408
0.310535
0.310734
0.311221
0.311175
0.310783
0.310573
0.310892
0.310592
0.310694
0.310663
0.310812
0.310577
0.310715
0.310934
0.310627
0.310786
0.310483
0.310514
0.310524
0.310654
0.310465
0.310537
0.310929
0.310480
0.310568
0.310984
0.310478
0.310533
0.310746
0.310706
0.311165
0.310880
0.310517
0.310796
0.310500
0.310346
0.310283
0.311036
0.311033
0.311206
0.311299
0.311054
0.310581
0.310752
0.310798
0.310398
0.310939
0.310636
0.310967
0.310862
0.310558
0.310605
0.310610
0.310673
0.310744
0.310847
0.310421
0.310627
0.310613
0.310907
0.310907
0.310742
0.310502
0.310697
0.310631
0.310675
0.310525
0.310459
0.310707
0.310680
0.310535
0.310516
0.310888
0.311097
0.311088
0.310989
0.311004
0.310968
0.310789
0.310703
0.310849
0.310759
0.310853
0.310750
0.310547
0.310513
0.311063
0.311124
0.311087
0.311564
0.310550
0.310841
0.310553
0.310940
0.310693
0.310859
0.311193
0.310853
0.310696
0.310874
0.310723
0.310870
0.310605
0.310628
0.310872
0.311041
0.311177
0.311469
0.310727
0.310836
0.310669
0.310715
0.310682
0.310944
0.311263
0.311082
0.310961
0.310798
0.310683
0.310968
0.310699
0.310571
0.310502
0.310569
0.310785
0.310963
0.310898
0.310778
0.310709
0.311102
0.310570
0.310586
0.310720
0.310957
0.311288
0.310869
0.310701
0.311187
0.310738
0.310775
0.310668
0.310957
0.310798
0.310610
0.310611
0.311004
0.310787
0.310782
0.310595
0.310466
0.310895
0.311443
0.311048
0.311237
0.311236
0.310526
0.310916
0.311088
0.310524
0.310681
0.310858
0.311047
0.310612
0.310584
0.310623
0.310480
0.310720
0.310674
0.310973
0.310572
0.310749
0.310841
0.310764
0.310738
0.310542
0.310714
0.310580
0.311024
0.311236
0.310798
0.310725
0.310460
0.310697
0.310580
0.310592
0.310576
0.310671
0.310581
0.310761
0.310703
0.310673
0.310572
0.311062
0.310994
0.311293
0.310718
0.310770
0.310949
0.310852
0.310721
0.310578
0.310956
0.310670
0.310835
0.311295
0.311037
0.310918
0.310806
0.310994
0.311256
0.311043
0.311231
0.311279
0.310963
0.310877
0.310996
0.310722
0.310625
0.310602
0.310970
0.310830
0.310991
0.310605
0.310609
0.310616
0.311014
0.310709
0.310701
0.310777
0.310447
0.310500
0.311004
0.310377
0.310765
0.310910
0.311030
0.310979
0.310575
0.310667
0.310637
0.310641
0.310851
0.310606
0.310771
0.310754
0.310654
0.310902
0.310840
0.311064
0.310929
0.311033
0.311025
0.310721
0.311601
0.311229
0.310636
0.310931
0.310836
0.310821
0.310660
0.310716
0.310986
0.310707
0.310683
0.310788
0.310988
0.310947
0.311027
0.310878
0.310811
0.310738
0.311183
0.311138
0.311282
0.310674
0.310617
0.310863
0.310879
0.310921
0.310947
0.310815
0.310687
0.310764
0.310838
0.310902
0.311253
0.310708
0.310806
0.310510
0.310735
0.310758
0.310611
0.311149
0.311274
0.310833
0.310617
0.310614
0.310560
0.310692
0.310882
0.310596
0.310681
0.311181
0.310664
0.310853
0.310750
0.310845
0.311203
0.311006
0.310716
0.310434
0.310660
0.310558
0.310486
0.310549
0.310510
0.310531
0.311206
0.310502
0.311027
0.311267
0.310849
0.310805
0.311087
0.311280
0.310798
0.310716
0.310550
0.310614
0.310798
0.310572
0.310659
0.310812
0.310837
0.311114
0.311109
0.310733
0.310741
0.310889
0.310940
0.310626
0.310757
0.311168
0.310505
0.310936
0.311060
0.311020
0.310821
0.310819
0.310916
0.310548
0.310623
0.310412
0.310591
0.310579
0.311088
0.311056
0.310894
0.310610
0.310868
0.310600
0.310475
0.310643
0.310474
0.311050
0.310706
0.310575
0.310634
0.310884
0.310888
0.310551
0.310774
0.310813
0.310955
0.310762
0.311059
0.310699
0.310701
0.310785
0.310648
0.310662
0.310783
0.310833
0.311086
0.310766
0.310889
0.310735
0.310607
0.310798
0.310940
0.310864
0.311255
0.310961
0.310571
0.310882
0.310518
0.311054
0.310800
0.311062
0.310571
0.310512
0.311146
0.311550
0.311363
0.310789
0.310757
0.310490
0.310778
0.310837
0.310748
0.311041
0.311163
0.310827
0.311312
0.311276
0.311059
0.311176
0.311070
0.310788
0.310882
0.310997
0.311133
0.310936
0.310770
0.311015
0.310549
0.310582
0.310901
0.311185
0.310902
0.310795
0.311058
0.310774
0.311149
0.311276
0.311197
0.311226
0.310948
0.310889
0.310757
0.310873
0.310879
0.310706
0.310904
0.310761
0.310915
0.310925
0.310797
0.310547
0.310541
0.310759
0.310684
0.310528
0.310692
0.310789
0.310641
0.311091
0.311306
0.310879
0.310760
0.310972
0.311163
0.310770
0.310884
0.310659
0.310903
0.310761
0.311054
0.310746
0.310879
0.310859
0.310608
0.310771
0.310560
0.311122
0.311337
0.310699
0.310742
0.310671
0.310565
0.310828
0.311065
0.311319
0.311237
0.311002
0.311670
0.311295
0.311443
0.311266
0.311169
0.311275
0.311060
0.310713
0.310969
0.311184
0.311071
0.311046
0.311055
0.311186
0.311099
0.310581
0.311012
0.310691
0.311024
0.311103
0.311125
0.310791
0.310657
0.310858
0.311182
0.310831
0.310888
0.310881
0.310691
0.311219
0.311092
0.311107
0.311071
0.310981
0.310967
0.311061
0.310991
0.311007
0.311106
0.311432
0.310946
0.310914
0.311098
0.311350
0.311158
0.311235
0.310958
0.311186
0.310956
0.311178
0.311396
0.311046
0.310824
0.310999
0.310916
0.311220
0.310768
0.310999
0.310892
0.311470
0.311355
0.310825
0.310916
0.311046
0.310774
0.311247
0.311120
0.311154
0.311477
0.311355
0.311243
0.310969
0.310916
0.310986
0.311415
0.310878
0.310818
0.311094
0.311185
0.311049
0.310761
0.310769
0.310646
0.310590
0.310848
0.310792
0.310641
0.311025
0.311163
0.310922
0.310807
0.311353
0.310825
0.310945
0.311134
0.310888
0.310793
0.311022
0.310849
0.310963
0.311195
0.310971
0.310895
0.310868
0.310851
0.311088
0.311243
0.310980
0.310929
0.310987
0.311255
0.311105
0.311044
0.310808
0.311036
0.310898
0.310891
0.310732
0.310803
0.311030
0.311344
0.311441
0.311312
0.310983
0.310783
0.311180
0.311157
0.311190
0.311208
0.311219
0.310965
0.310623
0.311118
0.310948
0.310928
0.311259
0.311410
0.310766
0.310689
0.310898
0.310708
0.310833
0.310810
0.311182
0.311087
0.310870
0.310840
0.311191
0.310915
0.310918
0.310708
0.310926
0.311006
0.311186
0.310847
0.310702
0.310707
0.310930
0.310699
0.311210
0.311158
0.310864
0.310954
0.310861
0.310778
0.311066
0.310925
0.310734
0.310700
0.310966
0.310952
0.310830
0.310876
0.310729
0.311007
0.311054
0.310826
0.310952
0.310967
0.310668
0.310898
0.311013
0.311187
0.310662
0.310878
0.310848
0.310810
0.310852
0.310697
0.310841
0.311027
0.310799
0.310646
0.310777
0.310526
0.310713
0.310801
0.310833
0.310826
0.310859
0.311059
0.310982
0.310603
0.310790
0.310855
0.311042
0.310848
0.311072
0.311016
0.310823
0.310765
0.311015
0.310841
0.310970
0.311357
0.311059
0.310696
0.310950
0.310867
0.310865
0.310886
0.310856
0.311183
0.310853
0.310825
0.310912
0.310815
0.310921
0.310797
0.310985
0.310668
0.310592
0.310885
0.311493
0.310679
0.310625
0.310719
0.310600
0.310991
0.310892
0.310834
0.310941
0.310875
0.311195
0.311252
0.311528
0.310775
0.310794
0.311186
0.310837
0.311014
0.311308
0.311183
0.311129
0.310938
0.310647
0.310884
0.311100
0.311359
0.311095
0.310858
0.310664
0.311104
0.310796
0.310868
0.311024
0.310913
0.311476
0.311175
0.311494
0.311444
0.310841
0.311151
0.311290
0.311623
0.311030
0.310993
0.310598
0.310568
0.310825
0.310948
0.310897
0.310857
0.311194
0.310699
0.310866
0.311153
0.310703
0.310943
0.311360
0.310822
0.310857
0.311317
0.311284
0.310810
0.310694
0.311088
0.310945
0.311143
0.310834
0.311028
0.310863
0.310963
0.310871
0.311081
0.311275
0.310867
0.310878
0.311301
0.311408
0.310799
0.311036
0.311346
0.311164
0.311594
0.311002
0.311113
0.311041
0.310898
0.311042
0.310732
0.310937
0.311307
0.311021
0.310739
0.310894
0.311250
0.311214
0.310825
0.310965
0.310997
0.311022
0.310995
0.310994
0.310869
0.311240
0.311079
0.311162
0.310988
0.310715
0.310971
0.311224
0.310908
0.311128
0.311038
0.311082
0.311085
0.311210
0.310735
0.311324
0.311222
0.311313
0.311229
0.311179
0.311482
0.310847
0.310689
0.311116
0.311041
0.310760
0.311087
0.310953
0.310983
0.311019
0.310912
0.310874
0.310732
0.310916
0.310934
0.310912
0.310950
0.311031
0.311051
0.311393
0.311212
0.311050
0.311110
0.310719
0.311128
0.310935
0.311054
0.311214
0.311431
0.311779
0.311708
0.311716
0.311381
0.311473
0.311273
0.310868
0.310787
0.311062
0.311284
0.311163
0.311316
0.311197
0.311086
0.310967
0.311003
0.311364
0.311035
0.310691
0.310801
0.311051
0.311117
0.310989
0.311111
0.310977
0.310932
0.310869
0.310841
0.311180
0.311442
0.311549
0.311481
0.310876
0.311001
0.310837
0.311412
0.310933
0.310878
0.310944
0.310746
0.310788
0.310792
0.311071
0.311007
0.310900
0.311057
0.310806
0.310946
0.311275
0.311351
0.311163
0.311249
0.311103
0.311173
0.310849
0.311026
0.310739
0.311401
0.311414
0.311299
0.311287
0.310857
0.311698
0.310958
0.310859
0.310958
0.311133
0.311295
0.311268
0.310942
0.310774
0.310759
0.311101
0.311089
0.311287
0.310933
0.311218
0.311028
0.311160
0.311414
0.310907
0.311584
0.311465
0.310929
0.311318
0.310906
0.310849
0.310969
0.311166
0.311165
0.310842
0.311380
0.310964
0.310901
0.311086
0.311024
0.310987
0.310808
0.310756
0.310804
0.310877
0.311060
0.311369
0.310799
0.311106
0.311138
0.311142
0.311419
0.311269
0.311306
0.311206
0.310965
0.310901
0.311402
0.311400
0.311186
0.311210
0.311006
0.310763
0.310903
0.311095
0.311763
0.311179
0.311155
0.310944
0.310740
0.310786
0.311260
0.310822
0.311197
0.310986
0.311010
0.311428
0.311610
0.311434
0.311695
0.311129
0.311077
0.311140
0.311199
0.311387
0.311556
0.311109
0.311159
0.310732
0.310971
0.310884
0.310870
0.310916
0.311295
0.311706
0.311695
0.311685
0.311771
0.311044
0.311093
0.311172
0.311341
0.311269
0.311118
0.310915
0.310868
0.311109
0.311028
0.311056
0.310877
0.311353
0.310678
0.311076
0.311068
0.311073
0.311293
0.311139
0.311005
0.311063
0.311146
0.311249
0.311104
0.311028
0.310863
0.310893
0.311263
0.310856
0.310973
0.311128
0.311139
0.310870
0.310982
0.310868
0.310900
0.311599
0.311237
0.311511
0.311407
0.310758
0.310956
0.310978
0.310732
0.310914
0.310809
0.310822
0.310866
0.311058
0.310994
0.311153
0.310945
0.310959
0.311287
0.311374
0.310999
0.311422
0.311044
0.310974
0.311174
0.311271
0.311211
0.311234
0.310930
0.310992
0.311255
0.311088
0.311590
0.311049
0.310847
0.311196
0.311167
0.311337
0.311522
0.311569
0.311118
0.311312
0.311183
0.311450
0.311403
0.311508
0.311304
0.310953
0.311027
0.311022
0.311176
0.311557
0.311211
0.311148
0.310976
0.311217
0.311161
0.311172
0.311087
0.310739
0.311057
0.311203
0.311062
0.311191
0.311107
0.311184
0.311654
0.311371
0.310931
0.311020
0.310997
0.311332
0.311097
0.311239
0.311543
0.311373
0.311117
0.310988
0.311149
0.311373
0.311249
0.311427
0.311595
0.311297
0.311178
0.311234
0.311095
0.311092
0.311067
0.310941
0.311129
0.310814
0.310925
0.310801
0.310979
0.310866
0.311518
0.311431
0.311374
0.311014
0.310870
0.311279
0.311003
0.310999
0.311051
0.311296
0.311322
0.310998
0.311055
0.310877
0.310848
0.310748
0.311316
0.311105
0.311277
0.311054
0.311044
0.311124
0.311301
0.311176
0.311230
0.310958
0.311630
0.311304
0.311593
0.311204
0.310976
0.311171
0.311019
0.311049
0.311220
0.311188
0.311376
0.310902
0.311272
0.311155
0.311001
0.311127
0.311457
0.311539
0.311211
0.311608
0.311253
0.311172
0.311599
0.311269
0.311227
0.311313
0.311191
0.311122
0.311088
0.310957
0.311128
0.311018
0.311208
0.310916
0.311169
0.311269
0.311248
0.311207
0.311286
0.311128
0.311319
0.311559
0.311242
0.311189
0.311382
0.310997
0.311314
0.311238
0.311182
0.310947
0.311157
0.310840
0.310823
0.310843
0.311222
0.311331
0.311628
0.311333
0.311096
0.310962
0.311153
0.311430
0.311336
0.311365
0.311126
0.311188
0.310850
0.311035
0.311034
0.311230
0.311418
0.311448
0.310948
0.311373
0.311541
0.311301
0.311547
0.311092
0.311012
0.311023
0.311301
0.311178
0.311414
0.311748
0.312153
0.311509
0.311370
0.310938
0.311369
0.311303
0.311143
0.311348
0.311231
0.311389
0.311306
0.311602
0.311225
0.311227
0.311086
0.310880
0.310929
0.310957
0.311454
0.310929
0.311014
0.311043
0.311323
0.311149
0.311186
0.310930
0.311009
0.311130
0.311189
0.311152
0.311677
0.311612
0.311459
0.311476
0.311110
0.311218
0.311227
0.311178
0.311230
0.311607
0.311733
0.311420
0.311184
0.311266
0.311284
0.311788
0.311472
0.311492
0.310968
0.311435
0.311407
0.311558
0.311480
0.311281
0.311180
0.311137
0.311335
0.311510
0.311521
0.311286
0.311443
0.311402
0.311055
0.311618
0.311358
0.311351
0.311255
0.311370
0.311496
0.311258
0.311147
0.311677
0.311458
0.310961
0.311318
0.311306
0.310988
0.311222
0.311200
0.311225
0.311342
0.311382
0.311319
0.311175
0.311644
0.311130
0.311217
0.311148
0.311228
0.311045
0.311199
0.311103
0.311138
0.311392
0.311584
0.311389
0.311041
0.311184
0.311094
0.311131
0.311342
0.311639
0.311230
0.311204
0.311004
0.311229
0.311045
0.310860
0.310958
0.310777
0.311051
0.310967
0.311215
0.311195
0.311274
0.311075
0.311193
0.311411
0.310931
0.311448
0.311307
0.311156
0.311070
0.311195
0.311053
0.310793
0.311068
0.311254
0.311414
0.311381
0.311197
0.311238
0.311330
0.311199
0.311540
0.311051
0.311397
0.311070
0.310820
0.310967
0.311329
0.311181
0.311281
0.311044
0.311094
0.311012
0.310756
0.310916
0.311064
0.311117
0.311344
0.310991
0.311452
0.311587
0.311527
0.311192
0.311159
0.311177
0.311180
0.311331
0.311039
0.311210
0.311115
0.310933
0.311258
0.311181
0.311390
0.311318
0.310976
0.311195
0.311278
0.311181
0.311288
0.311211
0.310971
0.311074
0.311212
0.311312
0.311278
0.311015
0.311091
0.311250
0.310971
0.310800
0.310987
0.311269
0.311146
0.311373
0.311116
0.311237
0.311162
0.311066
0.310919
0.311292
0.311253
0.311152
0.311154
0.311322
0.311393
0.311568
0.311331
0.311335
0.311376
0.311098
0.311200
0.311140
0.311057
0.311164
0.311008
0.311577
0.311212
0.311365
0.311311
0.311312
0.311373
0.311140
0.311222
0.311376
0.311457
0.311728
0.311158
0.311671
0.311121
0.311330
0.311388
0.311476
0.311107
0.311047
0.311103
0.311058
0.311176
0.311145
0.311029
0.311280
0.311036
0.311244
0.311078
0.311430
0.311589
0.311530
0.311222
0.311022
0.311063
0.311135
0.311687
0.311283
0.311402
0.311323
0.311174
0.311575
0.311134
0.310902
0.311322
0.311263
0.311496
0.311541
0.311060
0.311334
0.311115
0.311256
0.311380
0.311243
0.311211
0.311433
0.311104
0.311278
0.311142
0.311259
0.311642
0.311815
0.311691
0.311038
0.311645
0.311108
0.311081
0.311106
0.311485
0.311701
0.311224
0.311206
0.311396
0.311652
0.311222
0.311208
0.310788
0.311169
0.311244
0.311118
0.311707
0.311144
0.311417
0.310892
0.311174
0.310963
0.310856
0.311155
0.311264
0.311160
0.310982
0.310906
0.311484
0.310900
0.311105
0.311424
0.311107
0.311675
0.311496
0.311193
0.311239
0.311433
0.311198
0.311252
0.311322
0.311146
0.310975
0.311334
0.311595
0.311596
0.311475
0.311231
0.311254
0.311024
0.310945
0.311062
0.311061
0.310982
0.311302
0.311117
0.311075
0.311400
0.311313
0.310988
0.311112
0.311126
0.311042
0.310863
0.311235
0.311312
0.311649
0.311472
0.311449
0.311105
0.311360
0.311345
0.311132
0.311142
0.311249
0.311439
0.310847
0.311002
0.311359
0.311147
0.311258
0.311263
0.311190
0.311372
0.311110
0.310964
0.311006
0.311238
0.311225
0.311410
0.311275
0.311362
0.311349
0.311784
0.311435
0.311386
0.311345
0.310908
0.311215
0.311261
0.311474
0.311141
0.310998
0.311120
0.310903
0.310980
0.311034
0.311241
0.311304
0.311416
0.310903
0.311232
0.311211
0.311202
0.311475
0.311187
0.311347
0.311145
0.311053
0.311360
0.311226
0.311512
0.311496
0.311349
0.311239
0.311695
0.311576
0.311247
0.311348
0.311265
0.311060
0.311664
0.311660
0.311292
0.311320
0.311233
0.311241
0.311129
0.311112
0.311434
0.311205
0.311263
0.311374
0.311398
0.311605
0.311614
0.311519
0.311156
0.311210
0.311401
0.311433
0.311009
0.310989
0.311124
0.311241
0.311523
0.311272
0.311212
0.310997
0.311060
0.311128
0.311493
0.311534
0.310920
0.310901
0.310981
0.311254
0.311442
0.311471
0.310946
0.311814
0.311637
0.311493
0.311076
0.311327
0.311227
0.311418
0.311374
0.311183
0.311248
0.311225
0.311457
0.311266
0.311415
0.311495
0.311703
0.311225
0.311502
0.311025
0.311533
0.311525
0.311381
0.311401
0.311173
0.311207
0.311197
0.311204
0.311547
0.311306
0.311228
0.311181
0.311011
0.311520
0.311222
0.311089
0.311363
0.311903
0.311489
0.311322
0.311298
0.311427
0.311032
0.311353
0.311249
0.311550
0.311575
0.311432
0.311044
0.311374
0.311100
0.311009
0.311092
0.311275
0.311308
0.311594
0.311292
0.311556
0.311410
0.311378
0.311257
0.311552
0.311474
0.310993
0.311683
0.311530
0.311078
0.311528
0.311300
0.311518
0.311230
0.311234
0.311311
0.311220
0.311234
0.310887
0.311049
0.311372
0.311369
0.311532
0.311031
0.311120
0.311184
0.311137
0.311147
0.311259
0.311041
0.311101
0.311012
0.311163
0.311160
0.311270
0.311153
0.311759
0.311371
0.311473
0.311368
0.311324
0.311554
0.311166
0.311335
0.311102
0.310999
0.311735
0.311372
0.311137
0.311845
0.311066
0.311383
0.311194
0.311121
0.311193
0.311125
0.311027
0.311452
0.311346
0.311134
0.311877
0.311507
0.311500
0.310992
0.311130
0.311391
0.311592
0.311553
0.311337
0.311306
0.311342
0.311430
0.311386
0.311133
0.311143
0.311286
0.311539
0.311325
0.311511
0.311211
0.311193
0.311130
0.311368
0.311207
0.311161
0.311104
0.311284
0.311483
0.311391
0.311428
0.311166
0.311282
0.311644
0.311581
0.311219
0.311270
0.311001
0.310979
0.311228
0.311041
0.311389
0.311241
0.311330
0.311835
0.311591
0.311398
0.311644
0.311424
0.310956
0.311239
0.311239
0.311055
0.311021
0.310964
0.311200
0.311060
0.311207
0.310965
0.310961
0.311082
0.311111
0.310954
0.311263
0.311182
0.311137
0.311272
0.311362
0.310954
0.311105
0.311020
0.311696
0.311505
0.311228
0.311270
0.311212
0.311220
0.311307
0.311163
0.311123
0.311120
0.311219
0.310983
0.311001
0.311211
0.311200
0.311449
0.311373
0.311446
0.311425
0.311100
0.311306
0.311364
0.311465
0.311264
0.311162
0.311376
0.311886
0.311871
0.311829
0.311385
0.311310
0.311105
0.311329
0.311537
0.311712
0.311459
0.311762
0.311233
0.311458
0.310883
0.311483
0.311291
0.311510
0.311143
0.311079
0.311358
0.311669
0.311648
0.311788
0.311805
0.311528
0.311485
0.311371
0.311387
0.311215
0.311250
0.310891
0.311499
0.311468
0.311100
0.311052
0.311327
0.311548
0.311232
0.311364
0.311532
0.311413
0.311157
0.311251
0.311082
0.311333
0.311779
0.311244
0.311430
0.311245
0.311139
0.311296
0.311254
0.311153
0.310982
0.311216
0.311533
0.311160
0.311007
0.311257
0.311369
0.311097
0.311193
0.311094
0.311140
0.311468
0.311706
0.311500
0.311545
0.311300
0.311371
0.311408
0.311339
0.311233
0.311457
0.311139
0.311204
0.311017
0.311235
0.311000
0.311170
0.311232
0.311075
0.311298
0.311236
0.311537
0.311123
0.311629
0.311393
0.311371
0.311527
0.311617
0.311233
0.311469
0.311168
0.311291
0.311096
0.311192
0.311340
0.311573
0.311280
0.311398
0.311170
0.311796
0.311499
0.311358
0.311362
0.311122
0.311156
0.311418
0.311197
0.311444
0.311526
0.311039
0.311218
0.311235
0.311622
0.311603
0.311574
0.311579
0.311756
0.311615
0.311191
0.311432
0.311464
0.311347
0.311269
0.311275
0.311459
0.311938
0.311980
0.311103
0.311064
0.311708
0.311427
0.311276
0.311435
0.311339
0.311640
0.311376
0.311234
0.311281
0.311123
0.311076
0.311270
0.311801
0.311620
0.311380
0.311452
0.311706
0.311302
0.311361
0.311165
0.311448
0.311360
0.311740
0.311349
0.311462
0.311125
0.311233
0.311169
0.311414
0.310918
0.311450
0.311354
0.311298
0.311326
0.311327
0.311378
0.311324
0.311617
0.311533
0.311510
0.311029
0.311110
0.311421
0.311291
0.311341
0.311437
0.311445
0.311104
0.311248
0.311369
0.311494
0.311475
0.311107
0.311157
0.311385
0.311734
0.311536
0.311664
0.311255
0.311036
0.311469
0.311341
0.311980
0.311641
0.311835
0.311716
0.311222
0.311316
0.311086
0.311504
0.311527
0.311138
0.311042
0.311181
0.311363
0.311268
0.311326
0.311168
0.311371
0.311267
0.311289
0.311428
0.311248
0.311297
0.311100
0.311775
0.311757
0.311339
0.311270
0.311243
0.311619
0.311493
0.311379
0.311354
0.311396
0.311427
0.311338
0.311234
0.311421
0.311601
0.311574
0.311679
0.311407
0.311197
0.311179
0.311298
0.311644
0.311336
0.311581
0.311067
0.311341
0.311741
0.311769
0.311513
0.311428
0.311483
0.311436
0.311370
0.311529
0.311449
0.311915
0.311790
0.311422
0.311672
0.311437
0.311223
0.311328
0.311247
0.311591
0.311372
0.311048
0.311621
0.311496
0.311303
0.311327
0.311128
0.311195
0.311365
0.311436
0.311124
0.311427
0.311347
0.311157
0.311506
0.311209
0.311779
0.311089
0.311054
0.311452
0.311442
0.311453
0.311449
0.311264
0.311360
0.311275
0.311499
0.311488
0.311690
0.311403
0.311425
0.311203
0.311180
0.311613
0.311524
0.311265
0.311343
0.311584
0.311374
0.311054
0.311018
0.311483
0.311173
0.311078
0.311228
0.311111
0.311454
0.311017
0.311339
0.311280
0.311971
0.311726
0.310965
0.310971
0.311374
0.311138
0.311065
0.311123
0.311397
0.311506
0.311833
0.311617
0.311549
0.311414
0.311354
0.311287
0.311943
0.311526
0.311789
0.311734
0.311772
0.311804
0.311385
0.311810
0.311399
0.311184
0.311132
0.311028
0.311394
0.311221
0.311213
0.311273
0.311375
0.311230
0.311713
0.311503
0.311291
0.311638
0.311439
0.311530
0.311269
0.311437
0.311061
0.310960
0.311041
0.311595
0.311302
0.311199
0.311715
0.311351
0.311379
0.311334
0.311129
0.311332
0.311760
0.311640
0.311475
0.311354
0.311306
0.311397
0.311711
0.311674
0.311928
0.311739
0.311415
0.311737
0.311934
0.311134
0.311105
0.311302
0.311763
0.311457
0.311373
0.311981
0.311757
0.311549
0.311812
0.311708
0.311586
0.312044
0.311881
0.311535
0.311493
0.311636
0.311746
0.311852
0.311654
0.311805
0.311694
0.311851
0.311434
0.311180
0.311307
0.311616
0.311486
0.311033
0.311167
0.311461
0.311464
0.311084
0.311534
0.311508
0.311500
0.311401
0.311450
0.311389
0.311163
0.311382
0.311683
0.311797
0.311737
0.311549
0.311373
0.311709
0.311559
0.311523
0.311324
0.311290
0.311279
0.311063
0.311199
0.311861
0.311846
0.311785
0.311581
0.311767
0.311791
0.311381
0.311251
0.311465
0.311174
0.311412
0.311551
0.311328
0.311461
0.311226
0.311565
0.311370
0.311757
0.311756
0.311735
0.311169
0.311362
0.311556
0.311496
0.311199
0.311243
0.311395
0.311924
0.311891
0.311480
0.311182
0.311473
0.311602
0.311249
0.311216
0.311103
0.311539
0.311541
0.311306
0.311324
0.311244
0.311179
0.311699
0.311208
0.311252
0.311436
0.311816
0.311835
0.311584
0.311332
0.311828
0.311598
0.311068
0.311594
0.311182
0.311570
0.311602
0.311466
0.311746
0.311297
0.311073
0.311151
0.311265
0.311857
0.311486
0.311404
0.311279
0.311199
0.311135
0.311347
0.311228
0.311041
0.311217
0.311368
0.311270
0.311363
0.311799
0.311416
0.311359
0.311549
0.312019
0.311757
0.311364
0.311476
0.311443
0.311699
0.311441
0.311634
0.311842
0.311700
0.311432
0.311689
0.311066
0.311322
0.311331
0.311118
0.311216
0.311080
0.311412
0.311258
0.311473
0.311179
0.311378
0.311187
0.311624
0.311095
0.311243
0.311592
0.311418
0.311660
0.311420
0.311759
0.311446
0.311307
0.311436
0.311460
0.311123
0.311223
0.311451
0.311955
0.311621
0.311120
0.311325
0.311443
0.311601
0.311320
0.311550
0.311267
0.311315
0.311432
0.311458
0.312039
0.311818
0.311497
0.311264
0.311443
0.311187
0.311385
0.311406
0.311239
0.311406
0.311461
0.311252
0.311677
0.311508
0.311520
0.311501
0.311539
0.311638
0.311274
0.311359
0.311703
0.311251
0.311138
0.311347
0.311248
0.311387
0.311631
0.311346
0.311477
0.311423
0.311174
0.311367
0.311274
0.311189
0.311235
0.311793
0.311962
0.312131
0.311540
0.311469
0.311336
0.311161
0.311220
0.311252
0.311445
0.311438
0.311347
0.311442
0.311421
0.311389
0.311697
0.311357
0.311597
0.311129
0.311282
0.311187
0.311650
0.311603
0.311471
0.311705
0.311116
0.311163
0.311223
0.311272
0.311253
0.311384
0.311224
0.311440
0.311818
0.311415
0.311724
0.311474
0.311448
0.311054
0.311517
0.311886
0.312103
0.311910
0.311806
0.311566
0.311695
0.311288
0.311489
0.311611
0.311519
0.311659
0.311738
0.311542
0.311654
0.311536
0.311501
0.311380
0.311465
0.311205
0.311575
0.311614
0.311549
0.311593
0.311653
0.311268
0.311498
0.311676
0.311712
0.311832
0.311768
0.311444
0.311170
0.311330
0.311170
0.311560
0.311413
0.311164
0.311953
0.311386
0.311250
0.311475
0.311240
0.311126
0.311186
0.311679
0.311878
0.311160
0.311450
0.311242
0.311868
0.311457
0.311424
0.312152
0.311602
0.311248
0.311328
0.311689
0.311407
0.311219
0.311336
0.311132
0.311085
0.311213
0.311374
0.311506
0.311577
0.311156
0.311421
0.311740
0.312005
0.311793
0.311786
0.311977
0.311744
0.311236
0.311390
0.311484
0.311170
0.311289
0.311541
0.311245
0.311679
0.311807
0.312206
0.311382
0.311202
0.311311
0.311409
0.311701
0.312056
0.311592
0.311853
0.312079
0.311743
0.311788
0.311826
0.311729
0.311778
0.311572
0.311684
0.311828
0.311888
0.311250
0.311551
0.311362
0.311633
0.311260
0.311522
0.311563
