0.285215
0.296940
0.301041
0.303423
0.306963
0.308692
0.308814
0.309100
0.309851
0.310334
0.310379
0.310770
0.310754
0.311177
0.311980
0.311723
0.311769
0.311845
0.311864
0.311986
0.311994
0.311728
0.311799
0.311529
0.311716
0.311688
0.311546
0.311739
0.311660
0.311405
0.311405
0.311451
0.311580
0.311672
0.311403
0.310985
0.311030
0.311039
0.311111
0.311268
0.311425
0.311555
0.311555
0.311442
0.311459
0.311537
0.311392
0.311412
0.311427
0.311427
0.311410
0.311410
0.311465
0.311451
0.311430
0.311046
0.311078
0.311335
0.311375
0.311334
0.311376
0.311376
0.310840
0.310900
0.310930
0.311009
0.311233
0.311364
0.311364
0.311369
0.311357
0.311431
0.311450
0.311425
0.311405
0.311404
0.311404
0.311404
0.311584
0.311629
0.311552
0.311616
0.311701
0.311708
0.311725
0.311694
0.311793
0.311839
0.312021
0.312021
0.312090
0.312215
0.312153
0.312176
0.312176
0.312324
0.312420
0.312420
0.312664
0.312664
0.312689
0.312751
0.312746
0.312713
0.312778
0.312749
0.312749
0.312735
0.312831
0.312844
0.312851
0.313034
0.313058
0.313058
0.313125
0.313229
0.313232
0.313282
0.313275
0.313320
0.313357
0.313287
0.313287
0.313309
0.313300
0.313300
0.313402
0.313375
0.313459
0.313482
0.313528
0.313532
0.313515
0.313571
0.313571
0.313612
0.313706
0.313839
0.313853
0.313849
0.313806
0.313896
0.313922
0.313975
0.313975
0.313975
0.314050
0.314023
0.314031
0.314027
0.314325
0.314456
0.314653
0.314654
0.314708
0.314728
0.314793
0.314781
0.314869
0.315024
0.315031
0.315038
0.315039
0.315070
0.315077
0.315080
0.315065
0.315076
0.315169
0.315181
0.315205
0.315278
0.315255
0.315278
0.315366
0.315408
0.315519
0.315525
0.315608
0.315679
0.315769
0.315769
0.315775
0.315790
0.315864
0.315976
0.316148
0.316287
0.316289
0.316359
0.316359
0.316374
0.316418
0.316574
0.316631
0.316629
0.316638
0.316782
0.316793
0.316878
0.316973
0.317059
0.317081
0.317162
0.317178
0.317222
0.317233
0.317316
0.317388
0.317411
0.317427
0.317427
0.317624
0.317590
0.317613
0.317661
0.317627
0.317701
0.317731
0.317929
0.317957
0.317970
0.317986
0.318026
0.318026
0.318033
0.318074
0.318082
0.318082
0.318143
0.318139
0.318143
0.318175
0.318214
0.318223
0.318314
0.318474
0.318499
0.318518
0.318592
0.318669
0.318695
0.318716
0.318729
0.318799
0.318799
0.318904
0.318904
0.318917
0.318989
0.319084
0.319115
0.319115
0.319170
0.319170
0.319240
0.319275
0.319349
0.319354
0.319373
0.319373
0.319482
0.319533
0.319508
0.319508
0.319598
0.319689
0.319712
0.319765
0.319869
0.319967
0.320010
0.320033
0.320106
0.320126
0.320248
0.320279
0.320304
0.320281
0.320358
0.320358
0.320385
0.320391
0.320398
0.320411
0.320431
0.320481
0.320481
0.320480
0.320576
0.320576
0.320603
0.320603
0.320722
0.320720
0.320774
0.320770
0.320883
0.320894
0.321008
0.321088
0.321143
0.321139
0.321234
0.321250
0.321284
0.321421
0.321504
0.321553
0.321608
0.321619
0.321666
0.321667
0.321727
0.321781
0.321768
0.321846
0.321872
0.321931
0.321960
0.322064
0.322101
0.322129
0.322202
0.322239
0.322254
0.322254
0.322300
0.322300
0.322333
0.322347
0.322350
0.322350
0.322373
0.322409
0.322430
0.322555
0.322555
0.322573
0.322552
0.322625
0.322630
0.322630
0.322683
0.322742
0.322729
0.322729
0.322825
0.322888
0.322897
0.322915
0.322953
0.323021
0.323021
0.323021
0.323044
0.323068
0.323080
0.323116
0.323141
0.323197
0.323216
0.323288
0.323374
0.323376
0.323389
0.323494
0.323511
0.323572
0.323600
0.323600
0.323662
0.323703
0.323703
0.323724
0.323724
0.323745
0.323782
0.323888
0.323901
0.323940
0.323999
0.324065
0.324081
0.324114
0.324177
0.324226
0.324226
0.324276
0.324283
0.324283
0.324309
0.324357
0.324377
0.324377
0.324405
0.324435
0.324440
0.324458
0.324475
0.324486
0.324500
0.324570
0.324585
0.324608
0.324632
0.324651
0.324663
0.324691
0.324771
0.324833
0.324855
0.324855
0.324984
0.324984
0.325082
0.325082
0.325155
0.325197
0.325226
0.325234
0.325237
0.325209
0.325217
0.325263
0.325300
0.325300
0.325332
0.325359
0.325399
0.325427
0.325450
0.325487
0.325487
0.325497
0.325512
0.325563
0.325597
0.325609
0.325673
0.325762
0.325800
0.325844
0.325844
0.325844
0.325866
0.325949
0.326000
0.326000
0.326030
0.326039
0.326134
0.326204
0.326214
0.326230
0.326292
0.326315
0.326380
0.326387
0.326412
0.326492
0.326492
0.326540
0.326588
0.326682
0.326695
0.326733
0.326774
0.326852
0.326902
0.326947
0.326954
0.326971
0.327114
0.327156
0.327156
0.327156
0.327239
0.327239
0.327239
0.327244
0.327244
0.327286
0.327316
0.327373
0.327418
0.327418
0.327475
0.327475
0.327476
0.327554
0.327657
0.327684
0.327695
0.327742
0.327791
0.327911
0.327911
0.327932
0.327961
0.327981
0.328007
0.328056
0.328076
0.328112
0.328131
0.328131
0.328145
0.328178
0.328213
0.328305
0.328336
0.328344
0.328363
0.328366
0.328402
0.328402
0.328457
0.328478
0.328488
0.328505
0.328552
0.328577
0.328667
0.328666
0.328666
0.328686
0.328690
0.328699
0.328723
0.328735
0.328829
0.328858
0.328881
0.328896
0.328938
0.329030
0.329047
0.329071
0.329096
0.329119
0.329119
0.329146
0.329208
0.329230
0.329264
0.329264
0.329315
0.329422
0.329434
0.329434
0.329460
0.329475
0.329475
0.329487
0.329579
0.329584
0.329667
0.329721
0.329752
0.329763
0.329794
0.329822
0.329828
0.329828
0.329991
0.330026
0.330047
0.330146
0.330168
0.330168
0.330190
0.330190
0.330190
0.330251
0.330251
0.330271
0.330271
0.330335
0.330336
0.330334
0.330389
0.330414
0.330463
0.330523
0.330560
0.330580
0.330580
0.330595
0.330631
0.330648
0.330663
0.330687
0.330685
0.330683
0.330756
0.330787
0.330821
0.330900
0.330900
0.331039
0.331052
0.331075
0.331127
0.331127
0.331127
0.331167
0.331206
0.331226
0.331274
0.331290
0.331304
0.331304
0.331312
0.331328
0.331370
0.331392
0.331398
0.331473
0.331480
0.331495
0.331512
0.331564
0.331577
0.331577
0.331646
0.331646
0.331658
0.331722
0.331759
0.331773
0.331797
0.331804
0.331851
0.331882
0.331882
0.331882
0.331912
0.331967
0.331973
0.331973
0.331984
0.331996
0.332027
0.332031
0.332077
0.332095
0.332188
0.332186
0.332200
0.332247
0.332270
0.332277
0.332277
0.332313
0.332346
0.332351
0.332355
0.332367
0.332406
0.332413
0.332425
0.332434
0.332447
0.332449
0.332521
0.332560
0.332572
0.332573
0.332602
0.332651
0.332651
0.332686
0.332699
0.332730
0.332743
0.332743
0.332771
0.332771
0.332790
0.332822
0.332889
0.332906
0.332925
0.332946
0.332950
0.332962
0.332992
0.333014
0.333066
0.333067
0.333067
0.333076
0.333155
0.333163
0.333183
0.333284
0.333285
0.333332
0.333353
0.333353
0.333442
0.333454
0.333470
0.333486
0.333505
0.333533
0.333565
0.333598
0.333607
0.333637
0.333696
0.333696
0.333711
0.333749
0.333752
0.333777
0.333816
0.333847
0.333847
0.333905
0.333917
0.333936
0.333953
0.333961
0.333998
0.334056
0.334056
0.334065
0.334077
0.334077
0.334075
0.334075
0.334099
0.334122
0.334164
0.334124
0.334124
0.334156
0.334223
0.334220
0.334252
0.334247
0.334290
0.334290
0.334307
0.334319
0.334361
0.334373
0.334401
0.334458
0.334466
0.334478
0.334511
0.334513
0.334517
0.334536
0.334532
0.334559
0.334663
0.334663
0.334681
0.334725
0.334735
0.334761
0.334784
0.334805
0.334835
0.334859
0.334859
0.334889
0.334889
0.334915
0.334926
0.334955
0.334970
0.335036
0.335044
0.335065
0.335116
0.335118
0.335118
0.335175
0.335176
0.335197
0.335197
0.335207
0.335235
0.335240
0.335240
0.335251
0.335251
0.335261
0.335262
0.335262
0.335262
0.335276
0.335278
0.335278
0.335303
0.335306
0.335306
0.335320
0.335352
0.335357
0.335370
0.335426
0.335426
0.335443
0.335470
0.335478
0.335531
0.335569
0.335600
0.335624
0.335708
0.335722
0.335739
0.335739
0.335771
0.335790
0.335792
0.335809
0.335833
0.335900
0.335900
0.335900
0.335900
0.335936
0.335936
0.335939
0.335945
0.335980
0.335988
0.336018
0.336022
0.336022
0.336022
0.336055
0.336071
0.336082
0.336103
0.336131
0.336131
0.336153
0.336153
0.336180
0.336198
0.336220
0.336220
0.336226
0.336235
0.336238
0.336283
0.336297
0.336326
0.336328
0.336361
0.336368
0.336383
0.336433
0.336443
0.336498
0.336498
0.336498
0.336512
0.336542
0.336571
0.336540
0.336596
0.336608
0.336623
0.336660
0.336667
0.336667
0.336668
0.336682
0.336706
0.336720
0.336752
0.336752
0.336759
0.336766
0.336792
0.336806
0.336823
0.336823
0.336882
0.336914
0.336941
0.336941
0.336946
0.336948
0.337023
0.337048
0.337054
0.337070
0.337073
0.337113
0.337198
0.337200
0.337205
0.337240
0.337260
0.337275
0.337274
0.337274
0.337278
0.337295
0.337295
0.337295
0.337311
0.337311
0.337331
0.337339
0.337339
0.337339
0.337339
0.337346
0.337370
0.337386
0.337391
0.337418
0.337472
0.337472
0.337531
0.337540
0.337528
0.337543
0.337543
0.337543
0.337554
0.337563
0.337576
0.337557
0.337560
0.337560
0.337560
0.337590
0.337605
0.337589
0.337634
0.337653
0.337664
0.337691
0.337702
0.337711
0.337719
0.337731
0.337758
0.337758
0.337797
0.337797
0.337800
0.337803
0.337819
0.337849
0.337867
0.337902
0.337902
0.337902
0.337914
0.337928
0.337928
0.337931
0.337950
0.337966
0.338019
0.338028
0.338064
0.338105
0.338105
0.338115
0.338115
0.338156
0.338203
0.338227
0.338227
0.338289
0.338323
0.338329
0.338348
0.338394
0.338397
0.338397
0.338397
0.338447
0.338445
0.338459
0.338459
0.338466
0.338519
0.338526
0.338526
0.338560
0.338591
0.338611
0.338617
0.338661
0.338661
0.338661
0.338713
0.338752
0.338790
0.338830
0.338884
0.338917
0.338920
0.338938
0.338970
0.339008
0.339041
0.339041
0.339041
0.339052
0.339052
0.339122
0.339133
0.339133
0.339140
0.339154
0.339206
0.339207
0.339203
0.339220
0.339248
0.339252
0.339252
0.339266
0.339272
0.339275
0.339276
0.339289
0.339321
0.339348
0.339360
0.339370
0.339398
0.339402
0.339417
0.339529
0.339539
0.339555
0.339566
0.339575
0.339651
0.339669
0.339687
0.339694
0.339722
0.339733
0.339743
0.339750
0.339763
0.339773
0.339796
0.339824
0.339828
0.339834
0.339834
0.339836
0.339844
0.339862
0.339885
0.339884
0.339884
0.339884
0.339911
0.339911
0.339978
0.339985
0.339992
0.339994
0.340047
0.340053
0.340069
0.340076
0.340076
0.340103
0.340115
0.340141
0.340144
0.340160
0.340172
0.340179
0.340237
0.340237
0.340243
0.340243
0.340256
0.340249
0.340250
0.340250
0.340295
0.340296
0.340337
0.340337
0.340402
0.340436
0.340443
0.340497
0.340539
0.340600
0.340649
0.340654
0.340659
0.340670
0.340711
0.340734
0.340738
0.340738
0.340752
0.340766
0.340793
0.340794
0.340809
0.340809
0.340809
0.340822
0.340840
0.340856
0.340856
0.340864
0.340864
0.340864
0.340864
0.340894
0.340894
0.340908
0.340939
0.340939
0.340955
0.340980
0.340995
0.340995
0.340995
0.341005
0.341006
0.341018
0.341046
0.341057
0.341103
0.341103
0.341125
0.341130
0.341159
0.341172
0.341172
0.341172
0.341176
0.341180
0.341192
0.341192
0.341192
0.341194
0.341194
0.341207
0.341265
0.341267
0.341278
0.341281
0.341288
0.341288
0.341296
0.341302
0.341310
0.341359
0.341359
0.341364
0.341378
0.341427
0.341443
0.341476
0.341510
0.341519
0.341579
0.341611
0.341660
0.341688
0.341706
0.341747
0.341751
0.341751
0.341767
0.341780
0.341788
0.341789
0.341792
0.341792
0.341763
0.341777
0.341795
0.341805
0.341842
0.341852
0.341855
0.341864
0.341871
0.341924
0.341965
0.341965
0.341981
0.342069
0.342083
0.342085
0.342077
0.342086
0.342097
0.342177
0.342177
0.342179
0.342179
0.342179
0.342194
0.342197
0.342201
0.342207
0.342264
0.342278
0.342278
0.342279
0.342279
0.342312
0.342321
0.342381
0.342383
0.342383
0.342385
0.342385
0.342403
0.342405
0.342416
0.342420
0.342454
0.342461
0.342461
0.342463
0.342484
0.342518
0.342521
0.342539
0.342583
0.342583
0.342583
0.342575
0.342581
0.342581
0.342581
0.342596
0.342605
0.342605
0.342623
0.342680
0.342700
0.342700
0.342755
0.342755
0.342755
0.342755
0.342755
0.342788
0.342797
0.342797
0.342817
0.342817
0.342833
0.342848
0.342869
0.342870
0.342870
0.342876
0.342907
0.342935
0.342967
0.343005
0.343010
0.343010
0.343021
0.343021
0.343049
0.343049
0.343045
0.343059
0.343059
0.343127
0.343139
0.343155
0.343164
0.343168
0.343197
0.343197
0.343214
0.343235
0.343245
0.343289
0.343300
0.343300
0.343301
0.343332
0.343362
0.343363
0.343372
0.343374
0.343374
0.343410
0.343435
0.343443
0.343443
0.343522
0.343522
0.343532
0.343532
0.343556
0.343562
0.343578
0.343594
0.343594
0.343594
0.343614
0.343645
0.343652
0.343653
0.343677
0.343677
0.343678
0.343709
0.343709
0.343733
0.343757
0.343757
0.343757
0.343761
0.343761
0.343761
0.343772
0.343784
0.343792
0.343792
0.343823
0.343839
0.343848
0.343848
0.343858
0.343865
0.343867
0.343889
0.343889
0.343892
0.343900
0.343903
0.343953
0.343971
0.343971
0.344010
0.344028
0.344043
0.344055
0.344056
0.344063
0.344060
0.344064
0.344108
0.344133
0.344140
0.344166
0.344175
0.344175
0.344179
0.344183
0.344197
0.344197
0.344208
0.344221
0.344230
0.344277
0.344277
0.344303
0.344312
0.344327
0.344327
0.344332
0.344337
0.344404
0.344409
0.344424
0.344445
0.344460
0.344460
0.344460
0.344460
0.344513
0.344548
0.344553
0.344556
0.344556
0.344558
0.344558
0.344558
0.344558
0.344565
0.344572
0.344572
0.344572
0.344573
0.344573
0.344585
0.344585
0.344585
0.344585
0.344606
0.344608
0.344643
0.344643
0.344643
0.344653
0.344657
0.344657
0.344687
0.344706
0.344716
0.344718
0.344737
0.344738
0.344736
0.344741
0.344744
0.344745
0.344746
0.344750
0.344750
0.344777
0.344822
0.344855
0.344855
0.344855
0.344869
0.344911
0.344911
0.344911
0.344911
0.344911
0.344911
0.344931
0.344944
0.344962
0.344962
0.345005
0.345012
0.345012
0.345042
0.345040
0.345054
0.345056
0.345056
0.345063
0.345063
0.345097
0.345118
0.345118
0.345118
0.345149
0.345149
0.345150
0.345154
0.345158
0.345177
0.345180
0.345186
0.345193
0.345232
0.345234
0.345249
0.345257
0.345260
0.345285
0.345294
0.345315
0.345315
0.345321
0.345321
0.345321
0.345338
0.345350
0.345354
0.345384
0.345477
0.345501
0.345519
0.345523
0.345525
0.345573
0.345613
0.345613
0.345612
0.345612
0.345626
0.345660
0.345685
0.345727
0.345735
0.345761
0.345761
0.345776
0.345791
0.345791
0.345829
0.345832
0.345881
0.345881
0.345884
0.345902
0.345918
0.345922
0.345925
0.345882
0.345909
0.345922
0.345922
0.345942
0.345970
0.345976
0.345977
0.346007
0.346040
0.346041
0.346043
0.346057
0.346062
0.346091
0.346091
0.346091
0.346092
0.346117
0.346117
0.346117
0.346127
0.346124
0.346124
0.346169
0.346169
0.346173
0.346179
0.346200
0.346200
0.346224
0.346224
0.346230
0.346230
0.346232
0.346252
0.346253
0.346253
0.346253
0.346259
0.346259
0.346259
0.346259
0.346266
0.346271
0.346271
0.346254
0.346254
0.346262
0.346276
0.346277
0.346304
0.346304
0.346307
0.346315
0.346316
0.346316
0.346326
0.346342
0.346342
0.346366
0.346368
0.346388
0.346400
0.346400
0.346415
0.346426
0.346493
0.346506
0.346506
0.346508
0.346539
0.346539
0.346539
0.346615
0.346621
0.346621
0.346640
0.346685
0.346703
0.346732
0.346756
0.346756
0.346760
0.346769
0.346812
0.346816
0.346819
0.346819
0.346819
0.346819
0.346838
0.346838
0.346838
0.346838
0.346838
0.346850
0.346863
0.346895
0.346895
0.346921
0.346921
0.346921
0.346921
0.346926
0.346945
0.346953
0.346967
0.346965
0.346965
0.346972
0.346972
0.346972
0.346977
0.346988
0.346990
0.346992
0.346992
0.347024
0.347044
0.347046
0.347049
0.347070
0.347074
0.347074
0.347070
0.347070
0.347101
0.347112
0.347118
0.347123
0.347150
0.347153
0.347153
0.347153
0.347160
0.347160
0.347216
0.347226
0.347286
0.347286
0.347286
0.347286
0.347287
0.347287
0.347288
0.347288
0.347301
0.347312
0.347307
0.347307
0.347318
0.347318
0.347318
0.347318
0.347351
0.347374
0.347374
0.347381
0.347388
0.347414
0.347420
0.347424
0.347424
0.347431
0.347431
0.347430
0.347432
0.347446
0.347446
0.347452
0.347485
0.347485
0.347485
0.347482
0.347483
0.347480
0.347505
0.347505
0.347509
0.347522
0.347523
0.347529
0.347529
0.347533
0.347543
0.347551
0.347558
0.347578
0.347580
0.347592
0.347623
0.347623
0.347630
0.347664
0.347666
0.347671
0.347671
0.347671
0.347679
0.347690
0.347694
0.347694
0.347697
0.347706
0.347706
0.347719
0.347720
0.347723
0.347730
0.347730
0.347742
0.347742
0.347742
0.347742
0.347742
0.347743
0.347743
0.347751
0.347827
0.347831
0.347836
0.347839
0.347838
0.347873
0.347873
0.347876
0.347901
0.347920
0.347929
0.347951
0.347997
0.347997
0.347997
0.347996
0.348005
0.348049
0.348038
0.348038
0.348038
0.348081
0.348101
0.348168
0.348168
0.348169
0.348166
0.348184
0.348184
0.348195
0.348198
0.348200
0.348205
0.348205
0.348226
0.348227
0.348231
0.348238
0.348310
0.348326
0.348339
0.348340
0.348340
0.348340
0.348348
0.348352
0.348371
0.348371
0.348373
0.348373
0.348373
0.348373
0.348377
0.348404
0.348406
0.348417
0.348423
0.348423
0.348423
0.348446
0.348461
0.348468
0.348468
0.348495
0.348515
0.348515
0.348545
0.348591
0.348594
0.348628
0.348639
0.348644
0.348648
0.348687
0.348690
0.348709
0.348716
0.348716
0.348723
0.348724
0.348727
0.348779
0.348779
0.348795
0.348795
0.348808
0.348814
0.348851
0.348855
0.348864
0.348864
0.348868
0.348880
0.348882
0.348891
0.348895
0.348938
0.348957
0.348957
0.348957
0.348957
0.348957
0.348963
0.348974
0.348998
0.349018
0.349072
0.349072
0.349072
0.349079
0.349093
0.349093
0.349101
0.349136
0.349142
0.349144
0.349155
0.349162
0.349169
0.349173
0.349173
0.349173
0.349173
0.349187
0.349192
0.349192
0.349192
0.349205
0.349213
0.349230
0.349239
0.349280
0.349288
0.349298
0.349313
0.349336
0.349352
0.349354
0.349354
0.349369
0.349368
0.349360
0.349360
0.349381
0.349386
0.349386
0.349388
0.349409
0.349409
0.349439
0.349452
0.349452
0.349461
0.349464
0.349479
0.349485
0.349485
0.349485
0.349489
0.349533
0.349534
0.349534
0.349534
0.349540
0.349540
0.349546
0.349549
0.349549
0.349550
0.349550
0.349550
0.349550
0.349550
0.349582
0.349589
0.349593
0.349598
0.349603
0.349642
0.349645
0.349638
0.349651
0.349651
0.349651
0.349651
0.349663
0.349668
0.349669
0.349705
0.349726
0.349729
0.349737
0.349738
0.349743
0.349772
0.349812
0.349810
0.349834
0.349835
0.349849
0.349860
0.349869
0.349869
0.349873
0.349873
0.349884
0.349918
0.349918
0.349956
0.349956
0.349957
0.349982
0.349982
0.349982
0.349997
0.350007
0.350013
0.350042
0.350070
0.350074
0.350074
0.350077
0.350077
0.350087
0.350093
0.350098
0.350094
0.350098
0.350130
0.350137
0.350137
0.350138
0.350138
0.350138
0.350160
0.350160
0.350160
0.350164
0.350164
0.350164
0.350206
0.350206
0.350209
0.350209
0.350207
0.350207
0.350213
0.350216
0.350256
0.350264
0.350279
0.350281
0.350314
0.350320
0.350320
0.350329
0.350348
0.350380
0.350403
0.350406
0.350407
0.350414
0.350428
0.350428
0.350443
0.350480
0.350482
0.350510
0.350524
0.350525
0.350528
0.350528
0.350538
0.350548
0.350554
0.350554
0.350565
0.350567
0.350567
0.350591
0.350591
0.350602
0.350604
0.350637
0.350637
0.350637
0.350643
0.350643
0.350643
0.350643
0.350654
0.350641
0.350648
0.350650
0.350650
0.350650
0.350651
0.350675
0.350675
0.350677
0.350682
0.350684
0.350702
0.350728
0.350737
0.350738
0.350739
0.350757
0.350765
0.350825
0.350836
0.350861
0.350850
0.350851
0.350851
0.350861
0.350863
0.350863
0.350863
0.350867
0.350868
0.350872
0.350870
0.350873
0.350873
0.350877
0.350881
0.350913
0.350926
0.350951
0.350948
0.350948
0.350948
0.350948
0.350948
0.350940
0.350940
0.350948
0.350948
0.350948
0.350959
0.350960
0.350961
0.350982
0.350986
0.350986
0.351007
0.351008
0.351010
0.351010
0.351035
0.351035
0.351038
0.351045
0.351066
0.351067
0.351087
0.351092
0.351092
0.351104
0.351135
0.351137
0.351141
0.351141
0.351160
0.351170
0.351170
0.351179
0.351179
0.351179
0.351198
0.351199
0.351199
0.351203
0.351203
0.351217
0.351226
0.351240
0.351241
0.351241
0.351241
0.351262
0.351270
0.351270
0.351302
0.351302
0.351309
0.351309
0.351313
0.351348
0.351350
0.351350
0.351357
0.351402
0.351402
0.351402
0.351404
0.351404
0.351404
0.351422
0.351422
0.351428
0.351442
0.351442
0.351445
0.351447
0.351457
0.351468
0.351477
0.351487
0.351490
0.351490
0.351502
0.351517
0.351520
0.351531
0.351544
0.351544
0.351561
0.351561
0.351561
0.351547
0.351555
0.351555
0.351561
0.351562
0.351562
0.351562
0.351562
0.351570
0.351570
0.351570
0.351594
0.351617
0.351632
0.351636
0.351636
0.351640
0.351663
0.351663
0.351664
0.351691
0.351691
0.351691
0.351691
0.351701
0.351713
0.351718
0.351734
0.351748
0.351748
0.351755
0.351759
0.351781
0.351794
0.351794
0.351811
0.351825
0.351854
0.351865
0.351878
0.351881
0.351887
0.351892
0.351967
0.351964
0.351967
0.351967
0.352032
0.352069
0.352071
0.352076
0.352100
0.352115
0.352117
0.352114
0.352115
0.352137
0.352137
0.352141
0.352150
0.352150
0.352163
0.352163
0.352159
0.352167
0.352167
0.352195
0.352206
0.352208
0.352207
0.352207
0.352207
0.352212
0.352212
0.352212
0.352212
0.352215
0.352225
0.352241
0.352241
0.352241
0.352245
0.352245
0.352247
0.352254
0.352258
0.352263
0.352263
0.352265
0.352267
0.352272
0.352302
0.352302
0.352302
0.352319
0.352328
0.352328
0.352332
0.352343
0.352343
0.352367
0.352367
0.352367
0.352370
0.352369
0.352386
0.352386
0.352389
0.352393
0.352393
0.352397
0.352397
0.352405
0.352409
0.352409
0.352416
0.352416
0.352422
0.352430
0.352432
0.352433
0.352433
0.352444
0.352460
0.352461
0.352472
0.352472
0.352476
0.352493
0.352493
0.352500
0.352500
0.352500
0.352509
0.352511
0.352515
0.352535
0.352535
0.352550
0.352550
0.352569
0.352569
0.352569
0.352574
0.352574
0.352575
0.352596
0.352601
0.352613
0.352624
0.352624
0.352624
0.352622
0.352627
0.352640
0.352642
0.352642
0.352647
0.352647
0.352656
0.352656
0.352656
0.352666
0.352671
0.352671
0.352678
0.352678
0.352690
0.352690
0.352690
0.352696
0.352698
0.352698
0.352723
0.352731
0.352742
0.352732
0.352746
0.352748
0.352763
0.352780
0.352780
0.352789
0.352789
0.352793
0.352793
0.352800
0.352830
0.352830
0.352825
0.352831
0.352831
0.352831
0.352845
0.352845
0.352845
0.352845
0.352852
0.352852
0.352854
0.352872
0.352885
0.352899
0.352914
0.352926
0.352940
0.352940
0.352940
0.352958
0.352961
0.352962
0.352986
0.353007
0.353010
0.353012
0.353013
0.353018
0.353027
0.353051
0.353050
0.353053
0.353057
0.353057
0.353077
0.353087
0.353106
0.353119
0.353122
0.353127
0.353159
0.353159
0.353159
0.353175
0.353195
0.353195
0.353200
0.353200
0.353200
0.353202
0.353202
0.353202
0.353209
0.353213
0.353214
0.353214
0.353224
0.353227
0.353263
0.353304
0.353300
0.353336
0.353341
0.353346
0.353376
0.353376
0.353382
0.353383
0.353383
0.353385
0.353395
0.353395
0.353395
0.353407
0.353407
0.353407
0.353417
0.353420
0.353425
0.353440
0.353439
0.353439
0.353447
0.353447
0.353475
0.353476
0.353479
0.353481
0.353502
0.353512
0.353518
0.353523
0.353525
0.353525
0.353526
0.353534
0.353558
0.353571
0.353571
0.353571
0.353573
0.353575
0.353575
0.353575
0.353577
0.353584
0.353625
0.353656
0.353657
0.353657
0.353665
0.353665
0.353675
0.353703
0.353704
0.353704
0.353705
0.353718
0.353718
0.353719
0.353719
0.353719
0.353729
0.353729
0.353731
0.353756
0.353757
0.353768
0.353768
0.353792
0.353792
0.353806
0.353809
0.353810
0.353819
0.353837
0.353837
0.353842
0.353845
0.353885
0.353885
0.353885
0.353886
0.353886
0.353890
0.353897
0.353900
0.353909
0.353912
0.353913
0.353917
0.353917
0.353917
0.353920
0.353931
0.353933
0.353933
0.353935
0.353945
0.353945
0.353946
0.353946
0.353946
0.353947
0.353947
0.353953
0.353957
0.353977
0.353978
0.353981
0.353983
0.354001
0.354014
0.354014
0.354018
0.354061
0.354065
0.354087
0.354096
0.354096
0.354103
0.354106
0.354118
0.354121
0.354139
0.354139
0.354161
0.354174
0.354182
0.354194
0.354194
0.354210
0.354211
0.354212
0.354220
0.354266
0.354294
0.354321
0.354348
0.354404
0.354405
0.354415
0.354415
0.354420
0.354442
0.354453
0.354460
0.354460
0.354476
0.354482
0.354482
0.354483
0.354483
0.354510
0.354518
0.354518
0.354518
0.354520
0.354523
0.354523
0.354528
0.354534
0.354543
0.354549
0.354550
0.354555
0.354555
0.354563
0.354566
0.354566
0.354570
0.354576
0.354598
0.354602
0.354607
0.354607
0.354607
0.354635
0.354652
0.354653
0.354649
0.354652
0.354676
0.354680
0.354680
0.354697
0.354697
0.354697
0.354697
0.354701
0.354702
0.354703
0.354717
0.354723
0.354723
0.354723
0.354723
0.354727
0.354727
0.354737
0.354737
0.354746
0.354746
0.354772
0.354778
0.354785
0.354787
0.354787
0.354787
0.354790
0.354788
0.354801
0.354801
0.354804
0.354854
0.354854
0.354854
0.354858
0.354866
0.354866
0.354882
0.354893
0.354896
0.354893
0.354898
0.354896
0.354924
0.354924
0.354941
0.354941
0.354942
0.354942
0.354942
0.354942
0.354952
0.354957
0.354971
0.354971
0.354985
0.354988
0.355033
0.355032
0.355040
0.355040
0.355040
0.355046
0.355046
0.355060
0.355064
0.355074
0.355075
0.355077
0.355079
0.355083
0.355087
0.355108
0.355113
0.355124
0.355124
0.355126
0.355141
0.355141
0.355153
0.355154
0.355155
0.355155
0.355155
0.355155
0.355175
0.355177
0.355188
0.355188
0.355188
0.355191
0.355191
0.355191
0.355195
0.355195
0.355195
0.355200
0.355205
0.355206
0.355206
0.355207
0.355207
0.355207
0.355207
0.355241
0.355241
0.355241
0.355245
0.355249
0.355249
0.355263
0.355263
0.355262
0.355263
0.355263
0.355285
0.355287
0.355287
0.355301
0.355301
0.355311
0.355336
0.355336
0.355341
0.355341
0.355341
0.355346
0.355366
0.355367
0.355367
0.355368
0.355369
0.355374
0.355374
0.355376
0.355377
0.355377
0.355377
0.355400
0.355401
0.355401
0.355401
0.355407
0.355407
0.355419
0.355445
0.355445
0.355458
0.355460
0.355460
0.355474
0.355485
0.355506
0.355506
0.355513
0.355513
0.355525
0.355525
0.355525
0.355529
0.355529
0.355529
0.355540
0.355544
0.355546
0.355551
0.355551
0.355554
0.355560
0.355573
0.355589
0.355589
0.355607
0.355609
0.355611
0.355611
0.355611
0.355613
0.355650
0.355652
0.355668
0.355669
0.355669
0.355672
0.355676
0.355682
0.355717
0.355724
0.355757
0.355768
0.355768
0.355790
0.355796
0.355825
0.355834
0.355834
0.355834
0.355849
0.355851
0.355851
0.355851
0.355871
0.355871
0.355872
0.355872
0.355873
0.355875
0.355902
0.355911
0.355913
0.355919
0.355919
0.355940
0.355955
0.355976
0.355976
0.355976
0.355995
0.355994
0.355994
0.356013
0.356037
0.356040
0.356044
0.356044
0.356044
0.356044
0.356051
0.356051
0.356051
0.356051
0.356051
0.356062
0.356117
0.356120
0.356125
0.356138
0.356125
0.356149
0.356149
0.356151
0.356151
0.356151
0.356196
0.356203
0.356203
0.356207
0.356221
0.356221
0.356246
0.356246
0.356250
0.356267
0.356274
0.356274
0.356274
0.356278
0.356278
0.356281
0.356294
0.356317
0.356321
0.356328
0.356328
0.356344
0.356344
0.356364
0.356366
0.356369
0.356371
0.356373
0.356379
0.356379
0.356379
0.356379
0.356379
0.356394
0.356396
0.356402
0.356402
0.356410
0.356410
0.356425
0.356441
0.356447
0.356460
0.356460
0.356468
0.356500
0.356498
0.356527
0.356527
0.356550
0.356553
0.356553
0.356553
0.356566
0.356590
0.356603
0.356603
0.356603
0.356603
0.356604
0.356600
0.356615
0.356615
0.356615
0.356615
0.356617
0.356618
0.356620
0.356621
0.356621
0.356652
0.356652
0.356665
0.356667
0.356693
0.356702
0.356705
0.356707
0.356708
0.356708
0.356708
0.356710
0.356710
0.356716
0.356716
0.356716
0.356716
0.356716
0.356719
0.356728
0.356728
0.356734
0.356737
0.356737
0.356737
0.356739
0.356739
0.356739
0.356739
0.356739
0.356739
0.356746
0.356746
0.356741
0.356754
0.356756
0.356756
0.356759
0.356761
0.356769
0.356769
0.356771
0.356781
0.356781
0.356794
0.356794
0.356801
0.356801
0.356811
0.356813
0.356813
0.356813
0.356813
0.356813
0.356821
0.356825
0.356828
0.356828
0.356833
0.356837
0.356845
0.356845
0.356845
0.356848
0.356878
0.356879
0.356880
0.356883
0.356902
0.356902
0.356904
0.356905
0.356912
0.356927
0.356934
0.356934
0.356937
0.356937
0.356944
0.356938
0.356961
0.356969
0.356973
0.356982
0.357001
0.357006
0.357007
0.357010
0.357033
0.357036
0.357038
0.357038
0.357054
0.357055
0.357057
0.357059
0.357059
0.357067
0.357066
0.357067
0.357069
0.357075
0.357075
0.357075
0.357087
0.357093
0.357093
0.357107
0.357110
0.357110
0.357110
0.357110
0.357110
0.357110
0.357116
0.357116
0.357118
0.357121
0.357121
0.357129
0.357129
0.357131
0.357131
0.357149
0.357154
0.357154
0.357154
0.357154
0.357155
0.357170
0.357171
0.357178
0.357182
0.357192
0.357192
0.357196
0.357196
0.357196
0.357205
0.357205
0.357205
0.357205
0.357205
0.357207
0.357221
0.357242
0.357234
0.357234
0.357240
0.357260
0.357260
0.357272
0.357282
0.357297
0.357300
0.357316
0.357316
0.357324
0.357329
0.357329
0.357329
0.357347
0.357367
0.357367
0.357349
0.357369
0.357376
0.357404
0.357405
0.357420
0.357420
0.357436
0.357463
0.357463
0.357463
0.357482
0.357492
0.357492
0.357492
0.357500
0.357517
0.357520
0.357529
0.357532
0.357540
0.357540
0.357561
0.357561
0.357572
0.357595
0.357595
0.357595
0.357605
0.357606
0.357606
0.357606
0.357610
0.357640
0.357640
0.357636
0.357639
0.357643
0.357661
0.357661
0.357661
0.357665
0.357666
0.357666
0.357668
0.357668
0.357668
0.357671
0.357671
0.357672
0.357672
0.357679
0.357674
0.357661
0.357669
0.357669
0.357669
0.357669
0.357671
0.357690
0.357690
0.357696
0.357696
0.357696
0.357696
0.357700
0.357701
0.357701
0.357710
0.357710
0.357728
0.357729
0.357732
0.357744
0.357733
0.357750
0.357753
0.357753
0.357769
0.357769
0.357770
0.357763
0.357789
0.357789
0.357789
0.357789
0.357789
0.357790
0.357792
0.357792
0.357792
0.357801
0.357802
0.357806
0.357814
0.357816
0.357816
0.357816
0.357822
0.357831
0.357838
0.357838
0.357873
0.357873
0.357873
0.357862
0.357879
0.357907
0.357907
0.357928
0.357928
0.357929
0.357938
0.357941
0.357955
0.357955
0.357959
0.357959
0.357962
0.357963
0.357963
0.357963
0.357964
0.357964
0.357967
0.357981
0.357991
0.357991
0.357991
0.357992
0.357997
0.358005
0.358005
0.358015
0.358015
0.358027
0.358037
0.358043
0.358043
0.358049
0.358050
0.358050
0.358051
0.358051
0.358060
0.358063
0.358069
0.358069
0.358069
0.358076
0.358076
0.358076
0.358076
0.358077
0.358077
0.358086
0.358116
0.358139
0.358144
0.358157
0.358161
0.358164
0.358174
0.358199
0.358207
0.358209
0.358224
0.358227
0.358230
0.358245
0.358257
0.358247
0.358252
0.358261
0.358282
0.358292
0.358293
0.358297
0.358290
0.358318
0.358316
0.358313
0.358333
0.358341
0.358343
0.358354
0.358353
0.358376
0.358389
0.358389
0.358395
0.358395
0.358395
0.358395
0.358396
0.358405
0.358405
0.358405
0.358409
0.358415
0.358418
0.358419
0.358423
0.358425
0.358425
0.358425
0.358427
0.358446
0.358447
0.358468
0.358468
0.358497
0.358497
0.358504
0.358504
0.358504
0.358507
0.358525
0.358530
0.358586
0.358603
0.358608
0.358608
0.358608
0.358608
0.358618
0.358618
0.358631
0.358644
0.358644
0.358644
0.358644
0.358644
0.358657
0.358666
0.358666
0.358666
0.358666
0.358666
0.358666
0.358671
0.358668
0.358688
0.358688
0.358689
0.358726
0.358726
0.358726
0.358726
0.358726
0.358726
0.358722
0.358722
0.358724
0.358724
0.358726
0.358727
0.358727
0.358730
0.358732
0.358733
0.358737
0.358737
0.358746
0.358746
0.358746
0.358749
0.358749
0.358756
0.358765
0.358787
0.358791
0.358791
0.358792
0.358792
0.358793
0.358795
0.358804
0.358804
0.358804
0.358809
0.358823
0.358825
0.358841
0.358842
0.358842
0.358863
0.358864
0.358864
0.358867
0.358867
0.358867
0.358869
0.358869
0.358875
0.358875
0.358875
0.358875
0.358875
0.358876
0.358876
0.358879
0.358880
0.358880
0.358890
0.358893
0.358896
0.358904
0.358905
0.358909
0.358909
0.358909
0.358915
0.358915
0.358925
0.358931
0.358934
0.358934
0.358934
0.358935
0.358935
0.358940
0.358942
0.358942
0.358950
0.358962
0.358970
0.358970
0.358976
0.358977
0.358983
0.358983
0.358983
0.358983
0.358986
0.358986
0.358986
0.358986
0.359025
0.359026
0.359026
0.359074
0.359074
0.359074
0.359089
0.359102
0.359102
0.359104
0.359104
0.359111
0.359110
0.359123
0.359146
0.359148
0.359154
0.359154
0.359158
0.359163
0.359163
0.359168
0.359172
0.359177
0.359182
0.359184
0.359184
0.359204
0.359204
0.359204
0.359208
0.359209
0.359209
0.359209
0.359209
0.359209
0.359209
0.359209
0.359209
0.359209
0.359216
0.359236
0.359250
0.359250
0.359250
0.359260
0.359260
0.359260
0.359260
0.359260
0.359278
0.359278
0.359278
0.359279
0.359281
0.359289
0.359290
0.359303
0.359311
0.359315
0.359323
0.359340
0.359340
0.359360
0.359361
0.359369
0.359370
0.359378
0.359380
0.359393
0.359393
0.359394
0.359397
0.359403
0.359406
0.359407
0.359397
0.359397
0.359397
0.359398
0.359409
0.359409
0.359415
0.359414
0.359425
0.359428
0.359428
0.359439
0.359447
0.359452
0.359456
0.359456
0.359457
0.359457
0.359459
0.359458
0.359458
0.359461
0.359463
0.359463
0.359463
0.359478
0.359478
0.359493
0.359492
0.359492
0.359492
0.359492
0.359497
0.359497
0.359497
0.359496
0.359496
0.359496
0.359499
0.359511
0.359511
0.359511
0.359517
0.359517
0.359517
0.359517
0.359519
0.359519
0.359520
0.359520
0.359520
0.359535
0.359535
0.359536
0.359536
0.359536
0.359536
0.359536
0.359547
0.359547
0.359550
0.359560
0.359560
0.359562
0.359575
0.359575
0.359579
0.359580
0.359580
0.359584
0.359584
0.359592
0.359602
0.359603
0.359606
0.359606
0.359606
0.359606
0.359606
0.359606
0.359607
0.359607
0.359607
0.359607
0.359623
0.359623
0.359623
0.359623
0.359627
0.359652
0.359647
0.359647
0.359647
0.359653
0.359657
0.359660
0.359668
0.359668
0.359681
0.359688
0.359688
0.359688
0.359688
0.359698
0.359715
0.359715
0.359715
0.359715
0.359729
0.359732
0.359732
0.359732
0.359732
0.359741
0.359737
0.359759
0.359759
0.359760
0.359760
0.359778
0.359778
0.359778
0.359778
0.359794
0.359802
0.359802
0.359802
0.359808
0.359808
0.359815
0.359815
0.359827
0.359827
0.359827
0.359827
0.359833
0.359868
0.359869
0.359869
0.359889
0.359889
0.359898
0.359898
0.359898
0.359898
0.359898
0.359903
0.359903
0.359903
0.359903
0.359903
0.359903
0.359910
0.359910
0.359911
0.359911
0.359911
0.359904
0.359905
0.359905
0.359909
0.359909
0.359910
0.359918
0.359918
0.359919
0.359920
0.359920
0.359923
0.359926
0.359926
0.359927
0.359927
0.359928
0.359929
0.359929
0.359929
0.359936
0.359936
0.359942
0.359942
0.359942
0.359959
0.359965
0.359971
0.359974
0.359981
0.359983
0.359983
0.359983
0.359986
0.359986
0.359986
0.360007
0.360007
0.360008
0.360008
0.360008
0.360008
0.360020
0.360020
0.360020
0.360021
0.360021
0.360021
0.360035
0.360031
0.360031
0.360031
0.360036
0.360036
0.360038
0.360038
0.360038
0.360041
0.360040
0.360066
0.360066
0.360061
0.360064
0.360064
0.360067
0.360075
0.360082
0.360082
0.360099
0.360099
0.360099
0.360101
0.360096
0.360108
0.360118
0.360118
0.360120
0.360160
0.360162
0.360165
0.360165
0.360165
0.360176
0.360187
0.360195
0.360195
0.360196
0.360196
0.360195
0.360197
0.360201
0.360203
0.360205
0.360206
0.360206
0.360206
0.360206
0.360206
0.360206
0.360206
0.360215
0.360222
0.360233
0.360253
0.360253
0.360253
0.360253
0.360253
0.360264
0.360265
0.360265
0.360265
0.360266
0.360267
0.360273
0.360273
0.360274
0.360274
0.360276
0.360281
0.360291
0.360291
0.360294
0.360294
0.360303
0.360303
0.360303
0.360328
0.360325
0.360332
0.360332
0.360344
0.360347
0.360348
0.360348
0.360348
0.360362
0.360363
0.360365
0.360365
0.360388
0.360406
0.360406
0.360411
0.360411
0.360411
0.360412
0.360412
0.360416
0.360416
0.360434
0.360434
0.360436
0.360437
0.360452
0.360464
0.360464
0.360468
0.360474
0.360474
0.360476
0.360482
0.360482
0.360482
0.360482
0.360482
0.360482
0.360487
0.360487
0.360487
0.360489
0.360491
0.360491
0.360497
0.360500
0.360500
0.360504
0.360504
0.360511
0.360520
0.360520
0.360537
0.360539
0.360539
0.360547
0.360547
0.360547
0.360558
0.360559
0.360567
0.360567
0.360570
0.360588
0.360588
0.360589
0.360590
0.360590
0.360598
0.360608
0.360608
0.360609
0.360612
0.360638
0.360655
0.360659
0.360664
0.360673
0.360686
0.360690
0.360698
0.360711
0.360711
0.360714
0.360714
0.360718
0.360723
0.360725
0.360726
0.360727
0.360740
0.360740
0.360741
0.360741
0.360741
0.360741
0.360741
0.360743
0.360746
0.360746
0.360747
0.360751
0.360751
0.360758
0.360758
0.360770
0.360770
0.360772
0.360778
0.360778
0.360774
0.360793
0.360794
0.360794
0.360815
0.360817
0.360827
0.360869
0.360869
0.360869
0.360869
0.360869
0.360874
0.360874
0.360875
0.360875
0.360875
0.360875
0.360877
0.360879
0.360891
0.360892
0.360892
0.360892
0.360893
0.360894
0.360894
0.360895
0.360900
0.360900
0.360900
0.360900
0.360900
0.360900
0.360900
0.360903
0.360903
0.360907
0.360915
0.360915
0.360920
0.360922
0.360930
0.360930
0.360930
0.360931
0.360931
0.360931
0.360939
0.360939
0.360951
0.360959
0.360959
0.360961
0.360961
0.360963
0.360966
0.360981
0.360981
0.360991
0.360991
0.360992
0.360992
0.360990
0.360990
0.360993
0.360995
0.360995
0.361013
0.361013
0.361013
0.361016
0.361016
0.361020
0.361028
0.361028
0.361033
0.361044
0.361046
0.361046
0.361051
0.361052
0.361055
0.361055
0.361055
0.361061
0.361061
0.361074
0.361074
0.361078
0.361079
0.361081
0.361107
0.361107
0.361109
0.361109
0.361127
0.361134
0.361134
0.361134
0.361137
0.361138
0.361138
0.361145
0.361145
0.361145
0.361145
0.361145
0.361145
0.361145
0.361145
0.361153
0.361153
0.361153
0.361153
0.361153
0.361153
0.361160
0.361160
0.361161
0.361161
0.361161
0.361178
0.361178
0.361178
0.361181
0.361187
0.361183
0.361186
0.361186
0.361196
0.361197
0.361215
0.361216
0.361220
0.361220
0.361227
0.361227
0.361228
0.361228
0.361228
0.361233
0.361233
0.361233
0.361233
0.361250
0.361250
0.361252
0.361257
0.361257
0.361275
0.361276
0.361283
0.361283
0.361283
0.361282
0.361284
0.361284
0.361287
0.361293
0.361293
0.361293
0.361303
0.361312
0.361312
0.361312
0.361308
0.361305
0.361309
0.361309
0.361315
0.361318
0.361318
0.361321
0.361333
0.361344
0.361344
0.361358
0.361358
0.361359
0.361361
0.361365
0.361372
0.361372
0.361382
0.361387
0.361388
0.361394
0.361394
0.361396
0.361406
0.361411
0.361412
0.361423
0.361423
0.361423
0.361423
0.361425
0.361425
0.361426
0.361426
0.361426
0.361426
0.361429
0.361429
0.361429
0.361429
0.361430
0.361433
0.361429
0.361429
0.361429
0.361432
0.361432
0.361442
0.361442
0.361442
0.361446
0.361446
0.361443
0.361449
0.361450
0.361452
0.361453
0.361450
0.361450
0.361461
0.361461
0.361463
0.361463
0.361467
0.361487
0.361497
0.361506
0.361510
0.361521
0.361521
0.361520
0.361525
0.361525
0.361526
0.361526
0.361526
0.361530
0.361526
0.361527
0.361536
0.361536
0.361556
0.361559
0.361561
0.361578
0.361597
0.361597
0.361597
0.361597
0.361603
0.361613
0.361615
0.361618
0.361611
0.361617
0.361617
0.361629
0.361629
0.361640
0.361640
0.361641
0.361646
0.361646
0.361646
0.361651
0.361658
0.361658
0.361658
0.361658
0.361658
0.361662
0.361666
0.361666
0.361666
0.361667
0.361673
0.361675
0.361675
0.361696
0.361696
0.361696
0.361696
0.361706
0.361706
0.361720
0.361720
0.361720
0.361720
0.361720
0.361720
0.361722
0.361722
0.361722
0.361722
0.361722
0.361724
0.361725
0.361725
0.361734
0.361734
0.361735
0.361745
0.361745
0.361786
0.361786
0.361786
0.361786
0.361788
0.361782
0.361784
0.361784
0.361784
0.361790
0.361795
0.361795
0.361795
0.361817
0.361817
0.361817
0.361817
0.361817
0.361817
0.361817
0.361823
0.361823
0.361826
0.361826
0.361826
0.361826
0.361829
0.361829
0.361844
0.361848
0.361858
0.361855
0.361855
0.361861
0.361867
0.361876
0.361876
0.361885
0.361912
0.361912
0.361928
0.361928
0.361928
0.361928
0.361928
0.361930
0.361930
0.361940
0.361940
0.361970
0.361970
0.361970
0.361976
0.361976
0.361998
0.362003
0.362003
0.362003
0.362016
0.362022
0.362022
0.362026
0.362030
0.362030
0.362030
0.362036
0.362042
0.362042
0.362044
0.362056
0.362058
0.362061
0.362067
0.362069
0.362073
0.362092
0.362093
0.362110
0.362110
0.362123
0.362126
0.362126
0.362126
0.362131
0.362135
0.362146
0.362146
0.362147
0.362148
0.362150
0.362165
0.362166
0.362166
0.362175
0.362175
0.362175
0.362175
0.362176
0.362191
0.362191
0.362193
0.362193
0.362202
0.362202
0.362232
0.362234
0.362261
0.362261
0.362292
0.362292
0.362295
0.362304
0.362311
0.362311
0.362311
0.362311
0.362310
0.362312
0.362323
0.362323
0.362324
0.362324
0.362324
0.362327
0.362348
0.362355
0.362355
0.362357
0.362357
0.362357
0.362360
0.362360
0.362361
0.362361
0.362363
0.362370
0.362373
0.362378
0.362379
0.362384
0.362387
0.362390
0.362390
0.362394
0.362394
0.362413
0.362413
0.362416
0.362419
0.362419
0.362419
0.362426
0.362428
0.362432
0.362436
0.362436
0.362438
0.362438
0.362439
0.362439
0.362440
0.362446
0.362450
0.362463
0.362464
0.362476
0.362485
0.362485
0.362485
0.362486
0.362487
0.362489
0.362492
0.362492
0.362505
0.362505
0.362513
0.362513
0.362532
0.362532
0.362544
0.362551
0.362551
0.362551
0.362559
0.362559
0.362563
0.362564
0.362567
0.362576
0.362586
0.362586
0.362586
0.362588
0.362588
0.362588
0.362595
0.362598
0.362597
0.362603
0.362612
0.362612
0.362612
0.362636
0.362637
0.362641
0.362641
0.362641
0.362641
0.362641
0.362645
0.362646
0.362649
0.362652
0.362652
0.362657
0.362657
0.362657
0.362669
0.362671
0.362671
0.362671
0.362688
0.362700
0.362700
0.362716
0.362716
0.362717
0.362724
0.362724
0.362724
0.362728
0.362731
0.362731
0.362734
0.362736
0.362736
0.362736
0.362737
0.362740
0.362743
0.362746
0.362747
0.362758
0.362765
0.362809
0.362820
0.362839
0.362839
0.362845
0.362850
0.362866
0.362870
0.362883
0.362883
0.362885
0.362882
0.362882
0.362882
0.362886
0.362886
0.362887
0.362899
0.362899
0.362911
0.362924
0.362927
0.362927
0.362927
0.362930
0.362932
0.362937
0.362937
0.362937
0.362937
0.362937
0.362937
0.362937
0.362941
0.362942
0.362942
0.362946
0.362946
0.362946
0.362946
0.362947
0.362949
0.362949
0.362949
0.362954
0.362954
0.362954
0.362969
0.362969
0.362970
0.362983
0.362999
0.363004
0.363004
0.363007
0.363016
0.363016
0.363023
0.363032
0.363034
0.363034
0.363034
0.363034
0.363034
0.363034
0.363043
0.363055
0.363061
0.363067
0.363076
0.363077
0.363078
0.363089
0.363100
0.363105
0.363115
0.363123
0.363125
0.363132
0.363133
0.363133
0.363133
0.363136
0.363136
0.363138
0.363138
0.363139
0.363146
0.363147
0.363149
0.363156
0.363177
0.363178
0.363179
0.363179
0.363179
0.363189
0.363189
0.363243
0.363244
0.363244
0.363248
0.363248
0.363287
0.363288
0.363288
0.363292
0.363307
0.363307
0.363311
0.363318
0.363319
0.363319
0.363319
0.363321
0.363321
0.363329
0.363329
0.363329
0.363329
0.363329
0.363336
0.363336
0.363343
0.363347
0.363350
0.363350
0.363355
0.363356
0.363356
0.363373
0.363377
0.363385
0.363385
0.363383
0.363395
0.363399
0.363399
0.363403
0.363408
0.363408
0.363408
0.363408
0.363408
0.363408
0.363421
0.363423
0.363423
0.363426
0.363426
0.363427
0.363427
0.363427
0.363417
0.363417
0.363417
0.363417
0.363424
0.363439
0.363440
0.363440
0.363443
0.363443
0.363442
0.363442
0.363441
0.363441
0.363441
0.363446
0.363447
0.363447
0.363464
0.363464
0.363464
0.363464
0.363464
0.363464
0.363478
0.363478
0.363481
0.363484
0.363487
0.363487
0.363487
0.363489
0.363493
0.363493
0.363513
0.363513
0.363512
0.363517
0.363518
0.363520
0.363522
0.363522
0.363522
0.363523
0.363523
0.363523
0.363533
0.363534
0.363536
0.363541
0.363540
0.363544
0.363544
0.363557
0.363569
0.363569
0.363569
0.363594
0.363598
0.363610
0.363613
0.363657
0.363657
0.363652
0.363656
0.363656
0.363665
0.363665
0.363680
0.363686
0.363693
0.363698
0.363697
0.363697
0.363699
0.363699
0.363707
0.363707
0.363707
0.363709
0.363709
0.363709
0.363709
0.363711
0.363711
0.363711
0.363711
0.363714
0.363725
0.363738
0.363738
0.363738
0.363739
0.363739
0.363750
0.363750
0.363750
0.363750
0.363750
0.363750
0.363759
0.363760
0.363760
0.363759
0.363768
0.363778
0.363788
0.363794
0.363794
0.363794
0.363796
0.363796
0.363799
0.363800
0.363800
0.363800
0.363819
0.363819
0.363819
0.363824
0.363854
0.363854
0.363856
0.363856
0.363856
0.363862
0.363871
0.363877
0.363877
0.363882
0.363882
0.363884
0.363888
0.363888
0.363888
0.363888
0.363897
0.363910
0.363911
0.363915
0.363915
0.363918
0.363930
0.363933
0.363933
0.363935
0.363937
0.363944
0.363944
0.363944
0.363951
0.363960
0.363960
0.363960
0.363964
0.363972
0.363975
0.363984
0.363984
0.363997
0.364002
0.364002
0.364004
0.363991
0.363993
0.363993
0.364024
0.364037
0.364051
0.364068
0.364068
0.364099
0.364104
0.364104
0.364131
0.364132
0.364134
0.364134
0.364144
0.364144
0.364148
0.364148
0.364166
0.364173
0.364182
0.364182
0.364182
0.364183
0.364189
0.364189
0.364189
0.364189
0.364191
0.364191
0.364191
0.364191
0.364191
0.364191
0.364191
0.364191
0.364191
0.364192
0.364192
0.364219
0.364218
0.364218
0.364218
0.364225
0.364225
0.364225
0.364225
0.364233
0.364233
0.364248
0.364248
0.364253
0.364259
0.364257
0.364259
0.364263
0.364265
0.364265
0.364265
0.364265
0.364265
0.364265
0.364265
0.364265
0.364265
0.364265
0.364266
0.364269
0.364269
0.364269
0.364290
0.364290
0.364290
0.364294
0.364294
0.364312
0.364312
0.364312
0.364320
0.364329
0.364329
0.364329
0.364356
0.364371
0.364371
0.364371
0.364371
0.364373
0.364373
0.364373
0.364373
0.364374
0.364374
0.364377
0.364377
0.364377
0.364380
0.364381
0.364381
0.364406
0.364408
0.364408
0.364408
0.364417
0.364450
0.364450
0.364450
0.364450
0.364454
0.364454
0.364456
0.364456
0.364463
0.364463
0.364463
0.364464
0.364469
0.364473
0.364473
0.364477
0.364495
0.364495
0.364496
0.364496
0.364511
0.364511
0.364511
0.364516
0.364516
0.364516
0.364523
0.364524
0.364524
0.364526
0.364526
0.364527
0.364529
0.364533
0.364533
0.364533
0.364533
0.364542
0.364541
0.364541
0.364541
0.364541
0.364548
0.364548
0.364550
0.364550
0.364550
0.364550
0.364552
0.364553
0.364559
0.364560
0.364560
0.364561
0.364564
0.364587
0.364606
0.364606
0.364607
0.364607
0.364607
0.364617
0.364630
0.364630
0.364634
0.364634
0.364645
0.364653
0.364653
0.364655
0.364661
0.364661
0.364661
0.364662
0.364662
0.364671
0.364671
0.364671
0.364671
0.364679
0.364696
0.364696
0.364707
0.364718
0.364723
0.364752
0.364773
0.364773
0.364783
0.364785
0.364798
0.364798
0.364811
0.364830
0.364832
0.364832
0.364836
0.364844
0.364844
0.364851
0.364861
0.364861
0.364867
0.364867
0.364867
0.364867
0.364867
0.364867
0.364873
0.364873
0.364873
0.364873
0.364873
0.364873
0.364873
0.364902
0.364902
0.364902
0.364902
0.364902
0.364913
0.364910
0.364914
0.364914
0.364913
0.364913
0.364913
0.364923
0.364923
0.364928
0.364932
0.364938
0.364940
0.364948
0.364956
0.364960
0.364960
0.364964
0.364973
0.364985
0.364986
0.364986
0.364986
0.364982
0.364982
0.364981
0.364981
0.364981
0.364987
0.364987
0.364986
0.364986
0.364993
0.364993
0.364993
0.364993
0.364998
0.365007
0.365005
0.365030
0.365030
0.365060
0.365058
0.365067
0.365068
0.365077
0.365079
0.365090
0.365091
0.365091
0.365092
0.365108
0.365116
0.365113
0.365113
0.365113
0.365113
0.365113
0.365113
0.365128
0.365129
0.365134
0.365135
0.365135
0.365141
0.365141
0.365141
0.365141
0.365139
0.365139
0.365144
0.365156
0.365156
0.365160
0.365160
0.365160
0.365164
0.365164
0.365194
0.365185
0.365186
0.365196
0.365202
0.365202
0.365202
0.365202
0.365202
0.365202
0.365211
0.365211
0.365211
0.365211
0.365211
0.365211
0.365215
0.365220
0.365223
0.365229
0.365231
0.365234
0.365234
0.365234
0.365244
0.365245
0.365258
0.365258
0.365260
0.365265
0.365264
0.365264
0.365265
0.365273
0.365302
0.365302
0.365302
0.365308
0.365323
0.365323
0.365323
0.365323
0.365324
0.365332
0.365333
0.365333
0.365333
0.365339
0.365339
0.365341
0.365341
0.365341
0.365341
0.365356
0.365363
0.365364
0.365374
0.365379
0.365383
0.365383
0.365388
0.365398
0.365398
0.365398
0.365398
0.365398
0.365398
0.365398
0.365398
0.365398
0.365400
0.365414
0.365414
0.365423
0.365423
0.365423
0.365427
0.365427
0.365427
0.365430
0.365430
0.365434
0.365444
0.365444
0.365445
0.365445
0.365442
0.365442
0.365448
0.365448
0.365450
0.365450
0.365451
0.365451
0.365463
0.365463
0.365461
0.365472
0.365474
0.365474
0.365475
0.365477
0.365477
0.365477
0.365480
0.365486
0.365486
0.365487
0.365487
0.365492
0.365492
0.365497
0.365497
0.365498
0.365502
0.365512
0.365512
0.365514
0.365522
0.365501
0.365509
0.365512
0.365512
0.365512
0.365512
0.365537
0.365539
0.365544
0.365539
0.365539
0.365539
0.365540
0.365542
0.365542
0.365544
0.365543
0.365543
0.365560
0.365560
0.365561
0.365561
0.365563
0.365563
0.365565
0.365562
0.365567
0.365567
0.365567
0.365564
0.365570
0.365577
0.365580
0.365582
0.365581
0.365581
0.365581
0.365583
0.365583
0.365583
0.365583
0.365587
0.365587
0.365586
0.365586
0.365586
0.365586
0.365586
0.365590
0.365591
0.365595
0.365595
0.365595
0.365592
0.365592
0.365602
0.365621
0.365625
0.365625
0.365625
0.365634
0.365640
0.365642
0.365644
0.365644
0.365649
0.365650
0.365650
0.365655
0.365655
0.365655
0.365655
0.365655
0.365658
0.365658
0.365658
0.365658
0.365672
0.365672
0.365672
0.365673
0.365673
0.365673
0.365673
0.365673
0.365673
0.365673
0.365673
0.365677
0.365679
0.365682
0.365693
0.365693
0.365693
0.365693
0.365693
0.365693
0.365693
0.365693
0.365693
0.365697
0.365704
0.365704
0.365714
0.365714
0.365716
0.365717
0.365717
0.365718
0.365721
0.365721
0.365721
0.365721
0.365733
0.365745
0.365751
0.365750
0.365752
0.365784
0.365784
0.365787
0.365790
0.365790
0.365791
0.365791
0.365791
0.365809
0.365807
0.365807
0.365807
0.365809
0.365803
0.365808
0.365828
0.365828
0.365828
0.365831
0.365831
0.365841
0.365841
0.365843
0.365844
0.365844
0.365844
0.365844
0.365854
0.365856
0.365856
0.365856
0.365856
0.365865
0.365865
0.365865
0.365865
0.365874
0.365879
0.365879
0.365879
0.365883
0.365883
0.365881
0.365884
0.365884
0.365885
0.365900
0.365900
0.365899
0.365899
0.365907
0.365911
0.365912
0.365912
0.365912
0.365928
0.365937
0.365937
0.365937
0.365937
0.365937
0.365938
0.365938
0.365938
0.365938
0.365947
0.365947
0.365958
0.365958
0.365972
0.365972
0.365972
0.365972
0.365984
0.365988
0.365988
0.365990
0.365991
0.365991
0.365991
0.365991
0.365991
0.365991
0.366001
0.366001
0.366002
0.366002
0.366021
0.366019
0.366019
0.366019
0.366019
0.366026
0.366037
0.366042
0.366042
0.366042
0.366041
0.366052
0.366052
0.366053
0.366054
0.366055
0.366059
0.366059
0.366059
0.366059
0.366060
0.366061
0.366062
0.366078
0.366085
0.366085
0.366085
0.366085
0.366085
0.366085
0.366085
0.366085
0.366086
0.366086
0.366087
0.366090
0.366092
0.366095
0.366100
0.366100
0.366100
0.366110
0.366113
0.366113
0.366113
0.366113
0.366113
0.366113
0.366118
0.366118
0.366123
0.366143
0.366143
0.366144
0.366145
0.366147
0.366155
0.366156
0.366161
0.366170
0.366171
0.366171
0.366171
0.366171
0.366171
0.366171
0.366178
0.366178
0.366172
0.366172
0.366174
0.366180
0.366180
0.366183
0.366183
0.366186
0.366191
0.366197
0.366197
0.366197
0.366197
0.366197
0.366201
0.366201
0.366185
0.366191
0.366204
0.366204
0.366212
0.366223
0.366220
0.366220
0.366220
0.366227
0.366236
0.366236
0.366236
0.366236
0.366242
0.366254
0.366254
0.366260
0.366260
0.366260
0.366260
0.366267
0.366276
0.366276
0.366276
0.366276
0.366278
0.366277
0.366277
0.366281
0.366282
0.366284
0.366286
0.366285
0.366285
0.366287
0.366290
0.366297
0.366297
0.366297
0.366297
0.366295
0.366300
0.366300
0.366299
0.366299
0.366299
0.366301
0.366303
0.366303
0.366303
0.366309
0.366309
0.366309
0.366314
0.366314
0.366305
0.366315
0.366316
0.366318
0.366332
0.366371
0.366385
0.366381
0.366381
0.366381
0.366381
0.366378
0.366383
0.366383
0.366383
0.366385
0.366383
0.366383
0.366383
0.366383
0.366382
0.366377
0.366379
0.366390
0.366391
0.366395
0.366395
0.366397
0.366399
0.366401
0.366402
0.366411
0.366419
0.366419
0.366421
0.366433
0.366434
0.366434
0.366434
0.366437
0.366437
0.366437
0.366441
0.366441
0.366441
0.366441
0.366441
0.366448
0.366452
0.366452
0.366452
0.366457
0.366457
0.366457
0.366457
0.366457
0.366471
0.366471
0.366471
0.366471
0.366471
0.366471
0.366468
0.366468
0.366468
0.366468
0.366475
0.366475
0.366475
0.366475
0.366475
0.366475
0.366475
0.366476
0.366476
0.366476
0.366478
0.366479
0.366479
0.366479
0.366479
0.366482
0.366496
0.366496
0.366496
0.366496
0.366496
0.366496
0.366505
0.366506
0.366510
0.366510
0.366514
0.366516
0.366519
0.366521
0.366521
0.366523
0.366529
0.366524
0.366524
0.366526
0.366530
0.366532
0.366536
0.366538
0.366538
0.366540
0.366557
0.366571
0.366571
0.366571
0.366571
0.366585
0.366596
0.366602
0.366632
0.366632
0.366633
0.366635
0.366635
0.366640
0.366640
0.366640
0.366640
0.366641
0.366647
0.366653
0.366653
0.366661
0.366661
0.366661
0.366661
0.366674
0.366674
0.366665
0.366665
0.366671
0.366667
0.366672
0.366672
0.366672
0.366679
0.366680
0.366680
0.366680
0.366687
0.366687
0.366706
0.366706
0.366707
0.366708
0.366704
0.366704
0.366734
0.366734
0.366737
0.366738
0.366733
0.366741
0.366744
0.366768
0.366773
0.366785
0.366785
0.366795
0.366795
0.366795
0.366795
0.366795
0.366800
0.366800
0.366803
0.366803
0.366803
0.366817
0.366817
0.366821
0.366821
0.366821
0.366821
0.366821
0.366821
0.366827
0.366827
0.366829
0.366829
0.366831
0.366836
0.366840
0.366840
0.366847
0.366847
0.366847
0.366847
0.366870
0.366870
0.366881
0.366881
0.366888
0.366897
0.366902
0.366904
0.366906
0.366909
0.366922
0.366938
0.366938
0.366938
0.366939
0.366939
0.366934
0.366937
0.366938
0.366950
0.366950
0.366950
0.366950
0.366955
0.366955
0.366955
0.366970
0.366976
0.366978
0.366979
0.366988
0.366992
0.366996
0.367018
0.367018
0.367025
0.367025
0.367025
0.367024
0.367024
0.367025
0.367025
0.367029
0.367034
0.367034
0.367034
0.367034
0.367034
0.367037
0.367037
0.367043
0.367043
0.367044
0.367046
0.367051
0.367051
0.367051
0.367051
0.367051
0.367053
0.367068
0.367068
0.367068
0.367077
0.367077
0.367086
0.367086
0.367092
0.367092
0.367089
0.367090
0.367090
0.367090
0.367090
0.367090
0.367103
0.367103
0.367102
0.367102
0.367102
0.367094
0.367101
0.367101
0.367101
0.367107
0.367107
0.367107
0.367107
0.367116
0.367116
0.367116
0.367116
0.367116
0.367116
0.367119
0.367119
0.367119
0.367132
0.367134
0.367137
0.367137
0.367137
0.367138
0.367138
0.367139
0.367139
0.367150
0.367150
0.367150
0.367151
0.367153
0.367153
0.367153
0.367154
0.367154
0.367154
0.367166
0.367166
0.367166
0.367166
0.367166
0.367169
0.367169
0.367169
0.367172
0.367172
0.367176
0.367190
0.367190
0.367191
0.367196
0.367196
0.367196
0.367196
0.367216
0.367216
0.367216
0.367209
0.367212
0.367220
0.367220
0.367227
0.367227
0.367226
0.367232
0.367229
0.367229
0.367233
0.367233
0.367234
0.367234
0.367234
0.367242
0.367242
0.367242
0.367242
0.367242
0.367242
0.367242
0.367245
0.367245
0.367245
0.367245
0.367245
0.367245
0.367260
0.367260
0.367274
0.367276
0.367278
0.367280
0.367280
0.367297
0.367297
0.367297
0.367301
0.367311
0.367311
0.367311
0.367311
0.367312
0.367312
0.367312
0.367335
0.367339
0.367339
0.367354
0.367363
0.367373
0.367373
0.367374
0.367374
0.367374
0.367378
0.367378
0.367377
0.367377
0.367386
0.367390
0.367390
0.367390
0.367396
0.367396
0.367408
0.367408
0.367408
0.367413
0.367414
0.367414
0.367414
0.367426
0.367431
0.367431
0.367431
0.367431
0.367431
0.367431
0.367431
0.367431
0.367431
0.367436
0.367436
0.367436
0.367437
0.367437
0.367437
0.367437
0.367438
0.367440
0.367440
0.367440
0.367440
0.367444
0.367444
0.367444
0.367444
0.367444
0.367444
0.367444
0.367445
0.367445
0.367446
0.367446
0.367453
0.367453
0.367453
0.367455
0.367455
0.367455
0.367455
0.367456
0.367456
0.367456
0.367456
0.367468
0.367473
0.367473
0.367473
0.367475
0.367475
0.367503
0.367504
0.367504
0.367510
0.367544
0.367544
0.367545
0.367545
0.367545
0.367546
0.367554
0.367554
0.367554
0.367560
0.367564
0.367566
0.367566
0.367566
0.367568
0.367568
0.367569
0.367569
0.367569
0.367569
0.367569
0.367569
0.367569
0.367571
0.367590
0.367584
0.367598
0.367603
0.367605
0.367606
0.367606
0.367608
0.367608
0.367634
0.367634
0.367634
0.367646
0.367648
0.367649
0.367649
0.367649
0.367653
0.367662
0.367662
0.367662
0.367691
0.367696
0.367706
0.367712
0.367712
0.367714
0.367714
0.367714
0.367714
0.367714
0.367730
0.367737
0.367741
0.367743
0.367749
0.367749
0.367751
0.367751
0.367759
0.367774
0.367774
0.367774
0.367776
0.367786
0.367792
0.367792
0.367792
0.367814
0.367820
0.367822
0.367822
0.367822
0.367822
0.367824
0.367837
0.367837
0.367842
0.367843
0.367847
0.367847
0.367847
0.367847
0.367847
0.367849
0.367850
0.367850
0.367850
0.367850
0.367850
0.367850
0.367850
0.367854
0.367854
0.367854
0.367857
0.367857
0.367859
0.367859
0.367861
0.367865
0.367865
0.367865
0.367874
0.367874
0.367874
0.367876
0.367878
0.367880
0.367883
0.367884
0.367884
0.367885
0.367900
0.367905
0.367908
0.367909
0.367909
0.367939
0.367944
0.367946
0.367948
0.367948
0.367948
0.367951
0.367953
0.367953
0.367953
0.367953
0.367953
0.367954
0.367960
0.367960
0.367960
0.367963
0.367969
0.367973
0.367973
0.367973
0.367978
0.367978
0.367978
0.367979
0.367981
0.367981
0.367983
0.367987
0.367987
0.367993
0.367993
0.367993
0.367993
0.367999
0.367999
0.367999
0.367999
0.368003
0.368010
0.368012
0.368021
0.368021
0.368024
0.368033
0.368033
0.368033
0.368033
0.368042
0.368043
0.368048
0.368052
0.368052
0.368054
0.368054
0.368059
0.368060
0.368060
0.368060
0.368060
0.368060
0.368062
0.368064
0.368066
0.368078
0.368079
0.368079
0.368079
0.368090
0.368090
0.368090
0.368090
0.368090
0.368092
0.368092
0.368100
0.368100
0.368100
0.368100
0.368100
0.368100
0.368104
0.368104
0.368106
0.368110
0.368112
0.368114
0.368123
0.368124
0.368125
0.368124
0.368125
0.368125
0.368128
0.368134
0.368134
0.368134
0.368149
0.368149
0.368149
0.368149
0.368150
0.368156
0.368161
0.368161
0.368165
0.368171
0.368171
0.368171
0.368174
0.368174
0.368175
0.368186
0.368186
0.368186
0.368186
0.368186
0.368191
0.368191
0.368191
0.368191
0.368191
0.368194
0.368194
0.368194
0.368194
0.368194
0.368194
0.368194
0.368194
0.368194
0.368194
0.368206
0.368206
0.368206
0.368213
0.368213
0.368213
0.368213
0.368213
0.368219
0.368219
0.368224
0.368224
0.368223
0.368224
0.368226
0.368249
0.368250
0.368250
0.368251
0.368245
0.368245
0.368245
0.368248
0.368252
0.368252
0.368259
0.368259
0.368259
0.368259
0.368259
0.368259
0.368259
0.368257
0.368257
0.368257
0.368257
0.368259
0.368260
0.368265
0.368265
0.368265
0.368279
0.368279
0.368278
0.368280
0.368280
0.368280
0.368280
0.368286
0.368286
0.368286
0.368282
0.368282
0.368283
0.368283
0.368283
0.368284
0.368284
0.368286
0.368286
0.368286
0.368289
0.368289
0.368289
0.368289
0.368289
0.368289
0.368289
0.368289
0.368295
0.368296
0.368298
0.368298
0.368299
0.368301
0.368301
0.368302
0.368302
0.368302
0.368306
0.368306
0.368306
0.368306
0.368306
0.368306
0.368306
0.368306
0.368306
0.368313
0.368313
0.368313
0.368318
0.368329
0.368329
0.368330
0.368340
0.368341
0.368341
0.368341
0.368341
0.368341
0.368341
0.368341
0.368341
0.368343
0.368344
0.368344
0.368344
0.368347
0.368354
0.368354
0.368354
0.368354
0.368359
0.368372
0.368372
0.368374
0.368376
0.368371
0.368371
0.368371
0.368375
0.368389
0.368389
0.368389
0.368392
0.368392
0.368388
0.368388
0.368392
0.368395
0.368395
0.368409
0.368409
0.368429
0.368429
0.368429
0.368431
0.368431
0.368431
0.368432
0.368432
0.368432
0.368432
0.368433
0.368438
0.368438
0.368438
0.368438
0.368438
0.368442
0.368443
0.368444
0.368444
0.368444
0.368446
0.368446
0.368454
0.368454
0.368454
0.368454
0.368454
0.368456
0.368456
0.368456
0.368456
0.368464
0.368466
0.368466
0.368466
0.368466
0.368466
0.368466
0.368466
0.368466
0.368466
0.368473
0.368474
0.368474
0.368474
0.368474
0.368482
0.368482
0.368482
0.368483
0.368485
0.368485
0.368489
0.368492
0.368492
0.368501
0.368501
0.368505
0.368518
0.368518
0.368526
0.368526
0.368529
0.368527
0.368537
0.368537
0.368537
0.368553
0.368556
0.368558
0.368560
0.368561
0.368576
0.368576
0.368583
0.368583
0.368587
0.368587
0.368592
0.368592
0.368599
0.368599
0.368599
0.368602
0.368586
0.368585
0.368585
0.368585
0.368596
0.368600
0.368605
0.368605
0.368605
0.368605
0.368606
0.368612
0.368618
0.368618
0.368623
0.368623
0.368623
0.368626
0.368629
0.368635
0.368636
0.368647
0.368647
0.368647
0.368647
0.368649
0.368649
0.368649
0.368649
0.368649
0.368649
0.368649
0.368649
0.368654
0.368641
0.368641
0.368641
0.368641
0.368641
0.368641
0.368657
0.368657
0.368671
0.368676
0.368676
0.368676
0.368677
0.368677
0.368678
0.368678
0.368678
0.368678
0.368678
0.368698
0.368700
0.368702
0.368708
0.368709
0.368712
0.368731
0.368745
0.368745
0.368748
0.368756
0.368756
0.368764
0.368764
0.368773
0.368773
0.368773
0.368775
0.368775
0.368776
0.368792
0.368797
0.368797
0.368805
0.368805
0.368805
0.368805
0.368808
0.368808
0.368809
0.368811
0.368811
0.368818
0.368818
0.368818
0.368818
0.368818
0.368825
0.368825
0.368825
0.368827
0.368834
0.368834
0.368837
0.368845
0.368846
0.368856
0.368859
0.368859
0.368859
0.368864
0.368864
0.368883
0.368887
0.368892
0.368894
0.368919
0.368923
0.368923
0.368934
0.368934
0.368934
0.368937
0.368938
0.368938
0.368938
0.368944
0.368946
0.368951
0.368951
0.368952
0.368958
0.368958
0.368959
0.368972
0.368972
0.368972
0.368977
0.368977
0.369000
0.368993
0.368995
0.368994
0.368994
0.368997
0.368997
0.369002
0.369004
0.369009
0.369010
0.369010
0.369011
0.369011
0.369020
0.369020
0.369039
0.369049
0.369049
0.369049
0.369049
0.369049
0.369049
0.369049
0.369049
0.369049
0.369059
0.369059
0.369064
0.369064
0.369065
0.369065
0.369065
0.369065
0.369062
0.369063
0.369063
0.369066
0.369074
0.369074
0.369077
0.369077
0.369081
0.369081
0.369081
0.369081
0.369085
0.369088
0.369088
0.369088
0.369095
0.369096
0.369101
0.369101
0.369101
0.369109
0.369109
0.369109
0.369109
0.369119
0.369119
0.369141
0.369141
0.369141
0.369143
0.369143
0.369141
0.369143
0.369146
0.369151
0.369150
0.369151
0.369151
0.369156
0.369159
0.369161
0.369161
0.369161
0.369163
0.369165
0.369165
0.369165
0.369166
0.369166
0.369166
0.369174
0.369174
0.369174
0.369174
0.369174
0.369174
0.369174
0.369174
0.369175
0.369175
0.369175
0.369176
0.369176
0.369177
0.369177
0.369177
0.369177
0.369180
0.369180
0.369181
0.369181
0.369181
0.369185
0.369200
0.369200
0.369205
0.369209
0.369209
0.369209
0.369209
0.369214
0.369214
0.369214
0.369214
0.369214
0.369214
0.369214
0.369226
0.369226
0.369231
0.369236
0.369244
0.369244
0.369244
0.369244
0.369251
0.369264
0.369264
0.369264
0.369265
0.369268
0.369268
0.369268
0.369274
0.369274
0.369274
0.369274
0.369274
0.369274
0.369274
0.369274
0.369278
0.369278
0.369284
0.369284
0.369285
0.369285
0.369291
0.369291
0.369288
0.369288
0.369298
0.369298
0.369304
0.369304
0.369308
0.369308
0.369308
0.369308
0.369308
0.369308
0.369308
0.369309
0.369309
0.369309
0.369309
0.369309
0.369309
0.369313
0.369313
0.369318
0.369321
0.369321
0.369321
0.369324
0.369329
0.369329
0.369329
0.369329
0.369329
0.369330
0.369335
0.369338
0.369338
0.369338
0.369341
0.369342
0.369342
0.369351
0.369351
0.369354
0.369354
0.369355
0.369355
0.369342
0.369342
0.369342
0.369342
0.369345
0.369367
0.369374
0.369374
0.369374
0.369375
0.369370
0.369370
0.369370
0.369371
0.369371
0.369371
0.369371
0.369371
0.369371
0.369371
0.369377
0.369377
0.369377
0.369377
0.369377
0.369377
0.369380
0.369380
0.369380
0.369385
0.369385
0.369385
0.369385
0.369385
0.369385
0.369385
0.369385
0.369385
0.369385
0.369385
0.369385
0.369385
0.369386
0.369394
0.369394
0.369399
0.369399
0.369405
0.369406
0.369406
0.369408
0.369408
0.369408
0.369411
0.369413
0.369409
0.369409
0.369409
0.369410
0.369410
0.369416
0.369416
0.369416
0.369416
0.369421
0.369426
0.369426
0.369426
0.369427
0.369440
0.369441
0.369444
0.369444
0.369444
0.369444
0.369454
0.369454
0.369460
0.369460
0.369472
0.369472
0.369472
0.369481
0.369481
0.369481
0.369481
0.369481
0.369481
0.369481
0.369489
0.369489
0.369491
0.369491
0.369507
0.369508
0.369509
0.369513
0.369513
0.369518
0.369518
0.369522
0.369523
0.369530
0.369530
0.369538
0.369540
0.369544
0.369544
0.369549
0.369554
0.369554
0.369562
0.369563
0.369563
0.369563
0.369566
0.369569
0.369575
0.369575
0.369577
0.369579
0.369579
0.369579
0.369579
0.369579
0.369579
0.369578
0.369578
0.369580
0.369582
0.369585
0.369585
0.369585
0.369585
0.369593
0.369593
0.369594
0.369594
0.369594
0.369595
0.369606
0.369606
0.369605
0.369606
0.369608
0.369608
0.369609
0.369609
0.369610
0.369644
0.369644
0.369646
0.369646
0.369646
0.369650
0.369650
0.369650
0.369650
0.369651
0.369665
0.369668
0.369670
0.369670
0.369670
0.369670
0.369674
0.369697
0.369697
0.369697
0.369697
0.369697
0.369700
0.369700
0.369700
0.369700
0.369700
0.369715
0.369715
0.369716
0.369716
0.369721
0.369725
0.369725
0.369725
0.369727
0.369732
0.369733
0.369733
0.369734
0.369739
0.369739
0.369740
0.369728
0.369733
0.369739
0.369741
0.369744
0.369747
0.369761
0.369761
0.369761
0.369762
0.369762
0.369762
0.369762
0.369762
0.369762
0.369762
0.369763
0.369764
0.369769
0.369771
0.369771
0.369772
0.369774
0.369774
0.369776
0.369776
0.369776
0.369776
0.369776
0.369777
0.369777
0.369777
0.369777
0.369777
0.369803
0.369803
0.369803
0.369803
0.369804
0.369804
0.369804
0.369816
0.369816
0.369821
0.369821
0.369821
0.369843
0.369843
0.369843
0.369844
0.369844
0.369844
0.369845
0.369845
0.369850
0.369852
0.369856
0.369856
0.369857
0.369857
0.369857
0.369857
0.369857
0.369857
0.369857
0.369859
0.369859
0.369873
0.369873
0.369877
0.369877
0.369878
0.369878
0.369878
0.369879
0.369879
0.369875
0.369876
0.369879
0.369879
0.369879
0.369879
0.369879
0.369883
0.369890
0.369890
0.369888
0.369889
0.369890
0.369894
0.369894
0.369894
0.369896
0.369896
0.369896
0.369896
0.369899
0.369899
0.369899
0.369899
0.369899
0.369899
0.369900
0.369900
0.369900
0.369900
0.369900
0.369900
0.369900
0.369900
0.369903
0.369910
0.369910
0.369911
0.369911
0.369920
0.369920
0.369927
0.369931
0.369936
0.369936
0.369936
0.369953
0.369952
0.369952
0.369952
0.369957
0.369957
0.369957
0.369958
0.369958
0.369959
0.369959
0.369959
0.369959
0.369959
0.369962
0.369996
0.369996
0.369996
0.369996
0.369997
0.369998
0.369998
0.369991
0.369997
0.370006
0.370006
0.370006
0.370008
0.370008
0.370008
0.370007
0.370007
0.370011
0.370019
0.370023
0.370023
0.370022
0.370022
0.370022
0.370023
0.370027
0.370027
0.370028
0.370031
0.370033
0.370033
0.370033
0.370038
0.370038
0.370040
0.370041
0.370041
0.370043
0.370044
0.370046
0.370061
0.370061
0.370061
0.370062
0.370078
0.370079
0.370079
0.370079
0.370083
0.370083
0.370083
0.370086
0.370087
0.370087
0.370093
0.370095
0.370095
0.370118
0.370117
0.370117
0.370117
0.370117
0.370117
0.370117
0.370117
0.370121
0.370121
0.370121
0.370128
0.370128
0.370128
0.370132
0.370132
0.370132
0.370132
0.370132
0.370133
0.370133
0.370133
0.370133
0.370133
0.370133
0.370135
0.370135
0.370143
0.370143
0.370143
0.370143
0.370143
0.370143
0.370146
0.370146
0.370146
0.370152
0.370177
0.370177
0.370177
0.370188
0.370189
0.370189
0.370200
0.370202
0.370202
0.370218
0.370218
0.370218
0.370221
0.370221
0.370224
0.370224
0.370221
0.370221
0.370221
0.370221
0.370221
0.370222
0.370222
0.370222
0.370222
0.370222
0.370222
0.370235
0.370235
0.370236
0.370237
0.370247
0.370248
0.370248
0.370248
0.370248
0.370248
0.370258
0.370259
0.370260
0.370262
0.370262
0.370262
0.370262
0.370266
0.370266
0.370282
0.370298
0.370298
0.370298
0.370298
0.370303
0.370306
0.370306
0.370306
0.370310
0.370310
0.370310
0.370310
0.370312
0.370312
0.370312
0.370312
0.370312
0.370316
0.370320
0.370320
0.370320
0.370316
0.370318
0.370323
0.370325
0.370328
0.370328
0.370328
0.370328
0.370337
0.370337
0.370337
0.370337
0.370338
0.370347
0.370347
0.370349
0.370351
0.370351
0.370351
0.370353
0.370359
0.370362
0.370362
0.370361
0.370361
0.370361
0.370361
0.370369
0.370370
0.370370
0.370372
0.370372
0.370375
0.370375
0.370377
0.370380
0.370380
0.370388
0.370388
0.370410
0.370410
0.370410
0.370410
0.370419
0.370419
0.370419
0.370419
0.370419
0.370419
0.370419
0.370419
0.370419
0.370422
0.370424
0.370425
0.370425
0.370428
0.370428
0.370428
0.370428
0.370428
0.370430
0.370430
0.370430
0.370430
0.370430
0.370430
0.370443
0.370446
0.370448
0.370448
0.370448
0.370447
0.370448
0.370449
0.370449
0.370449
0.370449
0.370450
0.370450
0.370450
0.370450
0.370450
0.370457
0.370464
0.370464
0.370464
0.370468
0.370468
0.370468
0.370468
0.370468
0.370471
0.370471
0.370473
0.370473
0.370473
0.370475
0.370475
0.370475
0.370475
0.370479
0.370479
0.370479
0.370481
0.370481
0.370481
0.370481
0.370481
0.370481
0.370484
0.370488
0.370488
0.370489
0.370489
0.370489
0.370489
0.370489
0.370493
0.370493
0.370495
0.370500
0.370502
0.370502
0.370502
0.370502
0.370503
0.370504
0.370506
0.370506
0.370506
0.370509
0.370509
0.370509
0.370509
0.370509
0.370509
0.370509
0.370509
0.370509
0.370509
0.370510
0.370512
0.370512
0.370512
0.370512
0.370517
0.370517
0.370547
0.370547
0.370547
0.370548
0.370549
0.370549
0.370549
0.370549
0.370549
0.370549
0.370567
0.370569
0.370570
0.370574
0.370585
0.370585
0.370585
0.370585
0.370623
0.370623
0.370623
0.370623
0.370626
0.370642
0.370643
0.370643
0.370643
0.370647
0.370657
0.370657
0.370657
0.370657
0.370657
0.370657
0.370657
0.370657
0.370661
0.370661
0.370664
0.370664
0.370662
0.370662
0.370663
0.370662
0.370662
0.370662
0.370662
0.370669
0.370669
0.370669
0.370669
0.370669
0.370669
0.370669
0.370669
0.370669
0.370669
0.370679
0.370679
0.370679
0.370679
0.370684
0.370684
0.370684
0.370684
0.370684
0.370687
0.370687
0.370687
0.370687
0.370691
0.370691
0.370692
0.370692
0.370692
0.370693
0.370693
0.370693
0.370693
0.370693
0.370694
0.370694
0.370712
0.370730
0.370730
0.370732
0.370732
0.370736
0.370736
0.370736
0.370736
0.370736
0.370737
0.370737
0.370740
0.370740
0.370742
0.370749
0.370759
0.370761
0.370764
0.370764
0.370766
0.370766
0.370766
0.370763
0.370763
0.370763
0.370763
0.370763
0.370763
0.370768
0.370768
0.370768
0.370768
0.370783
0.370785
0.370785
0.370791
0.370793
0.370793
0.370802
0.370807
0.370807
0.370807
0.370807
0.370807
0.370811
0.370811
0.370811
0.370811
0.370814
0.370819
0.370819
0.370824
0.370826
0.370826
0.370835
0.370839
0.370839
0.370839
0.370839
0.370846
0.370850
0.370853
0.370860
0.370861
0.370865
0.370865
0.370865
0.370865
0.370866
0.370866
0.370866
0.370869
0.370869
0.370869
0.370869
0.370869
0.370870
0.370868
0.370870
0.370870
0.370871
0.370871
0.370871
0.370871
0.370871
0.370872
0.370872
0.370872
0.370872
0.370872
0.370874
0.370874
0.370876
0.370882
0.370886
0.370886
0.370886
0.370886
0.370898
0.370898
0.370898
0.370909
0.370909
0.370909
0.370914
0.370915
0.370915
0.370915
0.370917
0.370918
0.370918
0.370918
0.370918
0.370921
0.370922
0.370922
0.370922
0.370922
0.370922
0.370922
0.370928
0.370929
0.370943
0.370946
0.370946
0.370950
0.370950
0.370950
0.370952
0.370952
0.370952
0.370952
0.370952
0.370952
0.370952
0.370953
0.370955
0.370955
0.370955
0.370955
0.370956
0.370956
0.370956
0.370956
0.370956
0.370959
0.370959
0.370965
0.370965
0.370964
0.370972
0.370972
0.370972
0.370973
0.370973
0.370973
0.370973
0.370973
0.370976
0.370976
0.370980
0.370980
0.370980
0.370975
0.370989
0.370996
0.370996
0.370996
0.371004
0.371007
0.371009
0.371010
0.371010
0.371010
0.371014
0.371014
0.371015
0.371015
0.371015
0.371017
0.371019
0.371019
0.371022
0.371022
0.371028
0.371028
0.371029
0.371029
0.371034
0.371035
0.371035
0.371035
0.371036
0.371037
0.371043
0.371043
0.371043
0.371040
0.371044
0.371044
0.371047
0.371047
0.371047
0.371047
0.371048
0.371049
0.371049
0.371049
0.371049
0.371049
0.371052
0.371052
0.371060
0.371060
0.371065
0.371065
0.371065
0.371065
0.371065
0.371065
0.371065
0.371065
0.371065
0.371065
0.371065
0.371065
0.371065
0.371065
0.371065
0.371065
0.371065
0.371066
0.371066
0.371066
0.371067
0.371067
0.371069
0.371069
0.371070
0.371071
0.371073
0.371073
0.371073
0.371074
0.371074
0.371074
0.371074
0.371074
0.371074
0.371074
0.371075
0.371078
0.371079
0.371083
0.371083
0.371085
0.371085
0.371095
0.371095
0.371094
0.371100
0.371100
0.371102
0.371102
0.371102
0.371103
0.371103
0.371103
0.371103
0.371103
0.371115
0.371115
0.371115
0.371115
0.371115
0.371149
0.371152
0.371152
0.371152
0.371153
0.371155
0.371155
0.371155
0.371157
0.371157
0.371157
0.371157
0.371158
0.371158
0.371158
0.371160
0.371163
0.371178
0.371181
0.371187
0.371189
0.371189
0.371193
0.371201
0.371201
0.371208
0.371208
0.371209
0.371209
0.371209
0.371209
0.371211
0.371219
0.371219
0.371219
0.371219
0.371219
0.371222
0.371231
0.371231
0.371237
0.371237
0.371240
0.371252
0.371252
0.371252
0.371252
0.371252
0.371252
0.371255
0.371258
0.371261
0.371261
0.371262
0.371262
0.371263
0.371270
0.371272
0.371272
0.371272
0.371271
0.371271
0.371273
0.371273
0.371273
0.371273
0.371280
0.371280
0.371280
0.371280
0.371282
0.371282
0.371282
0.371281
0.371281
0.371282
0.371282
0.371282
0.371283
0.371283
0.371283
0.371283
0.371283
0.371283
0.371283
0.371285
0.371288
0.371288
0.371293
0.371293
0.371293
0.371293
0.371293
0.371292
0.371292
0.371292
0.371292
0.371292
0.371294
0.371294
0.371294
0.371294
0.371294
0.371294
0.371294
0.371294
0.371294
0.371297
0.371297
0.371297
0.371299
0.371299
0.371299
0.371302
0.371302
0.371302
0.371302
0.371302
0.371302
0.371303
0.371303
0.371303
0.371303
0.371303
0.371303
0.371306
0.371306
0.371306
0.371307
0.371307
0.371308
0.371310
0.371316
0.371316
0.371316
0.371320
0.371322
0.371322
0.371324
0.371324
0.371324
0.371324
0.371326
0.371326
0.371326
0.371326
0.371326
0.371328
0.371331
0.371331
0.371333
0.371339
0.371339
0.371340
0.371342
0.371343
0.371346
0.371347
0.371347
0.371348
0.371348
0.371348
0.371348
0.371351
0.371362
0.371362
0.371362
0.371361
0.371364
0.371364
0.371364
0.371364
0.371364
0.371368
0.371368
0.371368
0.371377
0.371377
0.371377
0.371381
0.371382
0.371382
0.371382
0.371399
0.371423
0.371423
0.371423
0.371442
0.371447
0.371447
0.371449
0.371449
0.371456
0.371456
0.371456
0.371456
0.371456
0.371456
0.371461
0.371461
0.371461
0.371461
0.371466
0.371466
0.371466
0.371469
0.371469
0.371469
0.371469
0.371469
0.371469
0.371469
0.371469
0.371469
0.371471
0.371471
0.371473
0.371476
0.371476
0.371482
0.371482
0.371482
0.371485
0.371489
0.371490
0.371490
0.371491
0.371491
0.371491
0.371491
0.371491
0.371492
0.371492
0.371492
0.371493
0.371493
0.371493
0.371493
0.371493
0.371493
0.371493
0.371493
0.371495
0.371495
0.371496
0.371496
0.371498
0.371498
0.371498
0.371499
0.371500
0.371500
0.371500
0.371502
0.371509
0.371510
0.371511
0.371515
0.371515
0.371524
0.371538
0.371538
0.371538
0.371552
0.371552
0.371552
0.371552
0.371556
0.371564
0.371571
0.371574
0.371574
0.371578
0.371579
0.371579
0.371579
0.371579
0.371579
0.371579
0.371579
0.371579
0.371579
0.371580
0.371584
0.371584
0.371589
0.371589
0.371595
0.371595
0.371595
0.371596
0.371608
0.371612
0.371613
0.371614
0.371625
0.371627
0.371631
0.371631
0.371631
0.371633
0.371631
0.371633
0.371633
0.371633
0.371633
0.371633
0.371633
0.371647
0.371647
0.371647
0.371648
0.371648
0.371648
0.371648
0.371648
0.371648
0.371656
0.371656
0.371657
0.371657
0.371657
0.371663
0.371663
0.371663
0.371663
0.371663
0.371664
0.371664
0.371690
0.371690
0.371694
0.371697
0.371697
0.371702
0.371702
0.371702
0.371702
0.371708
0.371708
0.371709
0.371709
0.371709
0.371710
0.371710
0.371710
0.371711
0.371724
0.371724
0.371724
0.371726
0.371729
0.371736
0.371736
0.371739
0.371739
0.371741
0.371742
0.371752
0.371752
0.371752
0.371752
0.371753
0.371753
0.371753
0.371753
0.371753
0.371753
0.371753
0.371757
0.371757
0.371759
0.371759
0.371761
0.371762
0.371770
0.371773
0.371776
0.371776
0.371776
0.371777
0.371783
0.371783
0.371788
0.371788
0.371788
0.371792
0.371791
0.371792
0.371792
0.371796
0.371806
0.371809
0.371809
0.371810
0.371810
0.371810
0.371810
0.371810
0.371810
0.371813
0.371813
0.371813
0.371813
0.371813
0.371813
0.371813
0.371813
0.371819
0.371836
0.371851
0.371851
0.371851
0.371853
0.371853
0.371853
0.371853
0.371853
0.371853
0.371853
0.371853
0.371853
0.371853
0.371853
0.371858
0.371858
0.371858
0.371858
0.371861
0.371862
0.371864
0.371864
0.371865
0.371865
0.371866
0.371866
0.371866
0.371867
0.371867
0.371867
0.371867
0.371867
0.371867
0.371867
0.371867
0.371869
0.371869
0.371869
0.371869
0.371869
0.371871
0.371872
0.371868
0.371879
0.371886
0.371886
0.371888
0.371889
0.371901
0.371901
0.371901
0.371901
0.371905
0.371905
0.371905
0.371905
0.371907
0.371907
0.371907
0.371905
0.371905
0.371905
0.371905
0.371905
0.371905
0.371905
0.371905
0.371906
0.371918
0.371918
0.371921
0.371921
0.371922
0.371926
0.371926
0.371926
0.371926
0.371927
0.371933
0.371933
0.371958
0.371959
0.371960
0.371960
0.371960
0.371964
0.371974
0.371976
0.371976
0.371979
0.371988
0.371988
0.371989
0.371989
0.371989
0.371989
0.371990
0.371990
0.371990
0.371990
0.371990
0.371990
0.371990
0.371990
0.371990
0.371990
0.371990
0.371990
0.371990
0.371990
0.371990
0.371997
0.372002
0.372002
0.372004
0.372004
0.372004
0.372004
0.372004
0.372004
0.372004
0.372038
0.372038
0.372041
0.372041
0.372041
0.372041
0.372042
0.372047
0.372047
0.372048
0.372048
0.372060
0.372071
0.372070
0.372070
0.372081
0.372081
0.372082
0.372084
0.372084
0.372084
0.372084
0.372084
0.372086
0.372073
0.372080
0.372080
0.372113
0.372110
0.372115
0.372115
0.372115
0.372115
0.372115
0.372115
0.372115
0.372118
0.372123
0.372123
0.372123
0.372123
0.372123
0.372123
0.372127
0.372127
0.372127
0.372127
0.372127
0.372127
0.372135
0.372135
0.372135
0.372135
0.372135
0.372141
0.372141
0.372141
0.372145
0.372145
0.372145
0.372145
0.372148
0.372148
0.372148
0.372148
0.372148
0.372148
0.372148
0.372148
0.372148
0.372148
0.372148
0.372148
0.372148
0.372148
0.372148
0.372148
0.372153
0.372153
0.372153
0.372153
0.372157
0.372157
0.372157
0.372163
0.372163
0.372174
0.372174
0.372185
0.372185
0.372185
0.372188
0.372188
0.372189
0.372189
0.372197
0.372198
0.372203
0.372203
0.372202
0.372203
0.372208
0.372213
0.372213
0.372218
0.372218
0.372223
0.372226
0.372241
0.372241
0.372242
0.372250
0.372250
0.372260
0.372260
0.372260
0.372260
0.372261
0.372261
0.372266
0.372266
0.372270
0.372271
0.372272
0.372272
0.372272
0.372273
0.372273
0.372274
0.372278
0.372279
0.372279
0.372284
0.372290
0.372290
0.372297
0.372298
0.372300
0.372300
0.372302
0.372302
0.372302
0.372304
0.372304
0.372304
0.372304
0.372306
0.372307
0.372307
0.372307
0.372307
0.372307
0.372309
0.372309
0.372309
0.372309
0.372316
0.372324
0.372324
0.372323
0.372323
0.372323
0.372324
0.372327
0.372327
0.372328
0.372328
0.372328
0.372331
0.372331
0.372338
0.372338
0.372338
0.372338
0.372341
0.372341
0.372341
0.372341
0.372341
0.372341
0.372341
0.372341
0.372344
0.372344
0.372344
0.372344
0.372344
0.372344
0.372348
0.372348
0.372353
0.372353
0.372361
0.372361
0.372361
0.372364
0.372366
0.372366
0.372366
0.372366
0.372366
0.372374
0.372374
0.372374
0.372374
0.372374
0.372380
0.372380
0.372379
0.372385
0.372385
0.372386
0.372386
0.372386
0.372386
0.372387
0.372387
0.372387
0.372387
0.372387
0.372388
0.372388
0.372388
0.372388
0.372385
0.372385
0.372385
0.372389
0.372396
0.372399
0.372414
0.372414
0.372414
0.372417
0.372417
0.372417
0.372417
0.372416
0.372420
0.372420
0.372420
0.372424
0.372437
0.372437
0.372437
0.372437
0.372437
0.372437
0.372449
0.372449
0.372449
0.372452
0.372452
0.372452
0.372461
0.372461
0.372461
0.372461
0.372461
0.372461
0.372461
0.372461
0.372467
0.372467
0.372464
0.372469
0.372469
0.372469
0.372469
0.372469
0.372469
0.372469
0.372469
0.372469
0.372469
0.372472
0.372472
0.372472
0.372472
0.372472
0.372480
0.372480
0.372488
0.372488
0.372488
0.372492
0.372493
0.372493
0.372493
0.372493
0.372493
0.372493
0.372493
0.372493
0.372494
0.372494
0.372496
0.372496
0.372496
0.372498
0.372498
0.372499
0.372499
0.372499
0.372500
0.372505
0.372503
0.372514
0.372514
0.372514
0.372513
0.372520
0.372520
0.372521
0.372518
0.372520
0.372520
0.372522
0.372522
0.372522
0.372525
0.372525
0.372525
0.372524
0.372524
0.372524
0.372524
0.372524
0.372527
0.372527
0.372527
0.372530
0.372530
0.372530
0.372533
0.372535
0.372535
0.372535
0.372544
0.372544
0.372544
0.372548
0.372548
0.372549
0.372550
0.372553
0.372553
0.372566
0.372566
0.372566
0.372577
0.372577
0.372577
0.372577
0.372584
0.372586
0.372586
0.372589
0.372590
0.372590
0.372590
0.372590
0.372590
0.372590
0.372599
0.372599
0.372599
0.372599
0.372599
0.372599
0.372599
0.372599
0.372617
0.372617
0.372621
0.372623
0.372623
0.372624
0.372642
0.372644
0.372647
0.372652
0.372652
0.372663
0.372668
0.372668
0.372668
0.372668
0.372671
0.372669
0.372674
0.372674
0.372679
0.372679
0.372679
0.372679
0.372681
0.372682
0.372682
0.372682
0.372682
0.372682
0.372682
0.372683
0.372683
0.372683
0.372683
0.372683
0.372683
0.372686
0.372688
0.372688
0.372690
0.372690
0.372690
0.372690
0.372690
0.372690
0.372698
0.372698
0.372698
0.372699
0.372699
0.372699
0.372699
0.372700
0.372702
0.372709
0.372709
0.372710
0.372710
0.372709
0.372709
0.372709
0.372714
0.372715
0.372715
0.372722
0.372722
0.372722
0.372722
0.372720
0.372720
0.372720
0.372720
0.372727
0.372727
0.372727
0.372726
0.372726
0.372730
0.372730
0.372731
0.372731
0.372731
0.372731
0.372732
0.372732
0.372736
0.372736
0.372746
0.372746
0.372746
0.372746
0.372746
0.372751
0.372754
0.372754
0.372754
0.372754
0.372755
0.372757
0.372757
0.372754
0.372754
0.372754
0.372754
0.372754
0.372758
0.372759
0.372759
0.372759
0.372759
0.372759
0.372759
0.372763
0.372763
0.372772
0.372772
0.372773
0.372773
0.372773
0.372773
0.372782
0.372782
0.372791
0.372812
0.372817
0.372822
0.372829
0.372831
0.372832
0.372832
0.372832
0.372837
0.372838
0.372838
0.372840
0.372840
0.372840
0.372840
0.372844
0.372844
0.372845
0.372848
0.372848
0.372849
0.372869
0.372869
0.372869
0.372869
0.372870
0.372870
0.372871
0.372871
0.372873
0.372873
0.372873
0.372873
0.372873
0.372874
0.372874
0.372874
0.372874
0.372877
0.372877
0.372884
0.372884
0.372884
0.372884
0.372884
0.372889
0.372889
0.372889
0.372890
0.372890
0.372889
0.372889
0.372889
0.372895
0.372896
0.372903
0.372906
0.372907
0.372907
0.372914
0.372914
0.372915
0.372916
0.372916
0.372916
0.372916
0.372916
0.372916
0.372916
0.372917
0.372917
0.372917
0.372917
0.372917
0.372917
0.372917
0.372920
0.372920
0.372920
0.372920
0.372920
0.372934
0.372934
0.372934
0.372937
0.372937
0.372937
0.372937
0.372941
0.372941
0.372944
0.372948
0.372948
0.372948
0.372948
0.372954
0.372957
0.372957
0.372957
0.372957
0.372957
0.372961
0.372961
0.372961
0.372963
0.372963
0.372963
0.372963
0.372973
0.372973
0.372974
0.372974
0.372974
0.372981
0.372984
0.372984
0.372987
0.372987
0.372991
0.372994
0.372994
0.372994
0.372996
0.373000
0.373000
0.373016
0.373018
0.373021
0.373023
0.373023
0.373024
0.373024
0.373024
0.373024
0.373032
0.373042
0.373042
0.373042
0.373044
0.373044
0.373044
0.373046
0.373046
0.373046
0.373048
0.373048
0.373049
0.373053
0.373068
0.373070
0.373070
0.373070
0.373070
0.373072
0.373072
0.373072
0.373072
0.373072
0.373094
0.373103
0.373103
0.373103
0.373109
0.373109
0.373110
0.373110
0.373116
0.373116
0.373116
0.373117
0.373117
0.373118
0.373118
0.373118
0.373118
0.373118
0.373120
0.373120
0.373120
0.373120
0.373120
0.373120
0.373120
0.373127
0.373127
0.373127
0.373128
0.373128
0.373156
0.373156
0.373156
0.373156
0.373156
0.373156
0.373157
0.373158
0.373158
0.373158
0.373158
0.373158
0.373158
0.373158
0.373157
0.373157
0.373157
0.373157
0.373157
0.373157
0.373157
0.373157
0.373158
0.373158
0.373163
0.373164
0.373167
0.373167
0.373168
0.373169
0.373169
0.373175
0.373176
0.373176
0.373176
0.373177
0.373177
0.373177
0.373177
0.373177
0.373177
0.373177
0.373177
0.373177
0.373177
0.373177
0.373177
0.373178
0.373178
0.373178
0.373179
0.373179
0.373179
0.373179
0.373183
0.373183
0.373183
0.373183
0.373183
0.373183
0.373186
0.373186
0.373186
0.373186
0.373186
0.373191
0.373192
0.373193
0.373193
0.373211
0.373211
0.373211
0.373211
0.373211
0.373212
0.373212
0.373212
0.373212
0.373212
0.373212
0.373212
0.373223
0.373230
0.373230
0.373239
0.373239
0.373239
0.373239
0.373238
0.373238
0.373238
0.373239
0.373239
0.373239
0.373243
0.373247
0.373248
0.373250
0.373251
0.373252
0.373252
0.373263
0.373269
0.373269
0.373269
0.373269
0.373269
0.373269
0.373269
0.373282
0.373282
0.373289
0.373289
0.373289
0.373289
0.373292
0.373292
0.373292
0.373291
0.373291
0.373291
0.373291
0.373293
0.373293
0.373293
0.373293
0.373293
0.373293
0.373293
0.373293
0.373293
0.373301
0.373301
0.373301
0.373301
0.373301
0.373301
0.373301
0.373301
0.373301
0.373301
0.373301
0.373302
0.373302
0.373305
0.373305
0.373309
0.373311
0.373302
0.373302
0.373302
0.373309
0.373312
0.373312
0.373312
0.373310
0.373311
0.373311
0.373311
0.373311
0.373311
0.373311
0.373311
0.373312
0.373318
0.373319
0.373319
0.373321
0.373321
0.373321
0.373321
0.373322
0.373331
0.373331
0.373332
0.373341
0.373342
0.373342
0.373345
0.373346
0.373346
0.373352
0.373353
0.373353
0.373353
0.373353
0.373355
0.373355
0.373360
0.373360
0.373368
0.373368
0.373377
0.373377
0.373377
0.373381
0.373381
0.373387
0.373387
0.373392
0.373392
0.373392
0.373392
0.373392
0.373392
0.373392
0.373392
0.373392
0.373392
0.373392
0.373392
0.373392
0.373392
0.373392
0.373392
0.373392
0.373391
0.373400
0.373402
0.373404
0.373409
0.373405
0.373405
0.373409
0.373409
0.373412
0.373417
0.373417
0.373417
0.373417
0.373433
0.373433
0.373433
0.373433
0.373433
0.373432
0.373433
0.373433
0.373433
0.373433
0.373433
0.373433
0.373433
0.373433
0.373433
0.373433
0.373433
0.373433
0.373434
0.373434
0.373434
0.373434
0.373434
0.373434
0.373434
0.373434
0.373439
0.373445
0.373448
0.373448
0.373452
0.373452
0.373481
0.373484
0.373484
0.373485
0.373485
0.373498
0.373498
0.373499
0.373503
0.373503
0.373503
0.373503
0.373505
0.373506
0.373506
0.373506
0.373506
0.373511
0.373513
0.373513
0.373513
0.373513
0.373513
0.373520
0.373520
0.373520
0.373520
0.373520
0.373524
0.373524
0.373524
0.373519
0.373519
0.373523
0.373525
0.373525
0.373525
0.373525
0.373531
0.373531
0.373537
0.373539
0.373542
0.373548
0.373548
0.373560
0.373560
0.373560
0.373564
0.373564
0.373565
0.373567
0.373575
0.373575
0.373574
0.373574
0.373581
0.373581
0.373581
0.373581
0.373581
0.373581
0.373581
0.373581
0.373581
0.373581
0.373581
0.373581
0.373581
0.373581
0.373581
0.373583
0.373583
0.373584
0.373587
0.373587
0.373596
0.373596
0.373597
0.373597
0.373592
0.373598
0.373604
0.373620
0.373625
0.373627
0.373627
0.373631
0.373631
0.373631
0.373631
0.373631
0.373633
0.373634
0.373635
0.373635
0.373635
0.373646
0.373648
0.373651
0.373651
0.373655
0.373664
0.373666
0.373666
0.373666
0.373666
0.373666
0.373667
0.373667
0.373667
0.373667
0.373667
0.373667
0.373671
0.373671
0.373671
0.373671
0.373673
0.373673
0.373673
0.373673
0.373673
0.373674
0.373675
0.373675
0.373675
0.373685
0.373685
0.373692
0.373692
0.373697
0.373697
0.373697
0.373697
0.373699
0.373699
0.373700
0.373700
0.373704
0.373704
0.373712
0.373712
0.373712
0.373712
0.373716
0.373716
0.373716
0.373718
0.373725
0.373725
0.373730
0.373728
0.373731
0.373731
0.373730
0.373730
0.373730
0.373731
0.373731
0.373733
0.373745
0.373748
0.373748
0.373748
0.373758
0.373759
0.373759
0.373759
0.373768
0.373768
0.373768
0.373772
0.373772
0.373777
0.373777
0.373780
0.373780
0.373780
0.373780
0.373780
0.373780
0.373780
0.373787
0.373788
0.373788
0.373788
0.373788
0.373788
0.373788
0.373800
0.373800
0.373800
0.373800
0.373799
0.373799
0.373807
0.373807
0.373808
0.373808
0.373808
0.373808
0.373808
0.373808
0.373809
0.373809
0.373809
0.373816
0.373821
0.373821
0.373821
0.373822
0.373825
0.373825
0.373825
0.373827
0.373828
0.373828
0.373828
0.373829
0.373829
0.373831
0.373831
0.373831
0.373833
0.373833
0.373836
0.373836
0.373836
0.373841
0.373841
0.373850
0.373850
0.373850
0.373850
0.373851
0.373854
0.373854
0.373856
0.373856
0.373856
0.373859
0.373859
0.373864
0.373864
0.373864
0.373865
0.373865
0.373865
0.373872
0.373875
0.373876
0.373881
0.373885
0.373885
0.373901
0.373901
0.373901
0.373901
0.373903
0.373904
0.373904
0.373904
0.373904
0.373914
0.373929
0.373929
0.373929
0.373930
0.373937
0.373937
0.373937
0.373937
0.373938
0.373938
0.373956
0.373956
0.373956
0.373956
0.373956
0.373957
0.373957
0.373962
0.373962
0.373962
0.373963
0.373963
0.373969
0.373969
0.373969
0.373969
0.373973
0.373973
0.373973
0.373973
0.373973
0.373980
0.373980
0.373979
0.373979
0.373981
0.373983
0.373983
0.373983
0.373985
0.373985
0.373985
0.373985
0.373985
0.373991
0.373991
0.374000
0.374000
0.374009
0.374012
0.374017
0.374023
0.374023
0.374023
0.374024
0.374024
0.374025
0.374025
0.374027
0.374027
0.374027
0.374029
0.374029
0.374029
0.374030
0.374031
0.374031
0.374031
0.374034
0.374035
0.374035
0.374035
0.374049
0.374049
0.374049
0.374050
0.374045
0.374045
0.374045
0.374045
0.374045
0.374049
0.374049
0.374049
0.374049
0.374049
0.374049
0.374049
0.374050
0.374050
0.374050
0.374050
0.374050
0.374050
0.374050
0.374055
0.374055
0.374060
0.374060
0.374059
0.374059
0.374059
0.374059
0.374060
0.374060
0.374060
0.374060
0.374060
0.374061
0.374068
0.374069
0.374072
0.374072
0.374079
0.374079
0.374079
0.374079
0.374079
0.374079
0.374079
0.374080
0.374080
0.374080
0.374080
0.374080
0.374080
0.374081
0.374082
0.374083
0.374085
0.374090
0.374090
0.374090
0.374092
0.374092
0.374103
0.374108
0.374108
0.374116
0.374116
0.374115
0.374115
0.374115
0.374123
0.374138
0.374138
0.374138
0.374140
0.374140
0.374140
0.374140
0.374145
0.374145
0.374145
0.374145
0.374145
0.374148
0.374148
0.374149
0.374149
0.374153
0.374153
0.374153
0.374153
0.374153
0.374157
0.374157
0.374161
0.374161
0.374161
0.374161
0.374163
0.374160
0.374160
0.374160
0.374160
0.374163
0.374163
0.374163
0.374162
0.374162
0.374162
0.374162
0.374162
0.374162
0.374162
0.374169
0.374169
0.374169
0.374169
0.374170
0.374170
0.374184
0.374186
0.374186
0.374194
0.374194
0.374194
0.374194
0.374194
0.374194
0.374207
0.374207
0.374207
0.374211
0.374211
0.374211
0.374211
0.374211
0.374219
0.374219
0.374220
0.374220
0.374225
0.374225
0.374228
0.374228
0.374243
0.374243
0.374243
0.374243
0.374243
0.374243
0.374237
0.374243
0.374254
0.374254
0.374254
0.374264
0.374266
0.374266
0.374266
0.374268
0.374268
0.374268
0.374268
0.374268
0.374274
0.374271
0.374271
0.374271
0.374271
0.374271
0.374271
0.374271
0.374271
0.374271
0.374272
0.374272
0.374272
0.374282
0.374282
0.374282
0.374282
0.374284
0.374286
0.374285
0.374285
0.374285
0.374286
0.374286
0.374286
0.374286
0.374286
0.374287
0.374287
0.374290
0.374291
0.374295
0.374295
0.374295
0.374297
0.374297
0.374309
0.374309
0.374309
0.374309
0.374309
0.374311
0.374312
0.374315
0.374315
0.374318
0.374318
0.374318
0.374318
0.374326
0.374326
0.374326
0.374324
0.374324
0.374324
0.374324
0.374324
0.374324
0.374326
0.374326
0.374326
0.374326
0.374329
0.374329
0.374337
0.374337
0.374337
0.374337
0.374337
0.374337
0.374337
0.374337
0.374337
0.374339
0.374339
0.374339
0.374339
0.374339
0.374339
0.374339
0.374339
0.374339
0.374343
0.374343
0.374343
0.374343
0.374343
0.374345
0.374345
0.374345
0.374345
0.374345
0.374345
0.374345
0.374345
0.374345
0.374345
0.374345
0.374345
0.374345
0.374348
0.374348
0.374348
0.374378
0.374378
0.374378
0.374378
0.374382
0.374382
0.374383
0.374383
0.374385
0.374385
0.374385
0.374385
0.374395
0.374409
0.374409
0.374409
0.374422
0.374422
0.374417
0.374417
0.374417
0.374417
0.374417
0.374420
0.374420
0.374420
0.374420
0.374420
0.374420
0.374420
0.374420
0.374434
0.374434
0.374434
0.374434
0.374435
0.374435
0.374435
0.374435
0.374435
0.374435
0.374440
0.374440
0.374440
0.374440
0.374440
0.374440
0.374441
0.374441
0.374443
0.374444
0.374444
0.374444
0.374445
0.374446
0.374446
0.374446
0.374446
0.374446
0.374446
0.374446
0.374446
0.374448
0.374448
0.374450
0.374450
0.374458
0.374460
0.374460
0.374460
0.374460
0.374460
0.374460
0.374460
0.374470
0.374470
0.374471
0.374472
0.374472
0.374472
0.374473
0.374473
0.374473
0.374490
0.374490
0.374499
0.374498
0.374498
0.374498
0.374498
0.374498
0.374498
0.374500
0.374500
0.374501
0.374505
0.374505
0.374505
0.374506
0.374506
0.374520
0.374521
0.374521
0.374521
0.374543
0.374543
0.374543
0.374543
0.374543
0.374555
0.374558
0.374573
0.374575
0.374575
0.374575
0.374570
0.374571
0.374579
0.374579
0.374579
0.374582
0.374582
0.374582
0.374582
0.374582
0.374582
0.374582
0.374582
0.374582
0.374583
0.374583
0.374583
0.374583
0.374584
0.374584
0.374584
0.374584
0.374584
0.374584
0.374584
0.374584
0.374584
0.374584
0.374584
0.374584
0.374584
0.374584
