0.284753
0.296270
0.301006
0.302368
0.305652
0.305748
0.306146
0.306264
0.306041
0.306279
0.307175
0.307230
0.307129
0.307081
0.307555
0.307253
0.307461
0.307423
0.307350
0.307270
0.307445
0.306546
0.306749
0.306422
0.306365
0.306319
0.306232
0.306578
0.306391
0.306340
0.306319
0.306629
0.306619
0.306387
0.305948
0.305741
0.305583
0.305756
0.305918
0.306014
0.305929
0.305896
0.305896
0.305706
0.305703
0.305709
0.305789
0.305732
0.305712
0.305779
0.305754
0.305754
0.305791
0.305648
0.305648
0.305442
0.305215
0.305430
0.305341
0.305156
0.304864
0.304857
0.304676
0.304804
0.304765
0.304772
0.304987
0.305021
0.305052
0.305080
0.305068
0.304959
0.304958
0.304907
0.304691
0.304691
0.304691
0.304691
0.304707
0.304544
0.304448
0.304465
0.304444
0.304306
0.304516
0.304483
0.304498
0.304607
0.304572
0.304584
0.304649
0.304626
0.304647
0.304647
0.304528
0.304615
0.304712
0.304620
0.304699
0.304699
0.304760
0.304696
0.304614
0.304531
0.304517
0.304314
0.304314
0.304278
0.304263
0.304266
0.304223
0.304496
0.304549
0.304549
0.304494
0.304514
0.304505
0.304640
0.304624
0.304636
0.304544
0.304338
0.304338
0.304457
0.304562
0.304568
0.304731
0.304735
0.304783
0.304780
0.304780
0.304232
0.304195
0.304155
0.304155
0.304155
0.304223
0.304283
0.304058
0.303973
0.303833
0.303870
0.303859
0.303868
0.303871
0.303871
0.303789
0.303691
0.303777
0.303743
0.303946
0.304033
0.304117
0.304048
0.303969
0.303942
0.304066
0.304030
0.304025
0.304127
0.304132
0.304111
0.304077
0.304153
0.304153
0.304154
0.304171
0.304181
0.304191
0.304160
0.304101
0.304049
0.303993
0.304034
0.304087
0.304144
0.304223
0.304199
0.304156
0.304171
0.304257
0.304257
0.304223
0.304222
0.304327
0.304321
0.304223
0.304238
0.303952
0.303932
0.303932
0.303986
0.304015
0.304048
0.304069
0.304141
0.304028
0.304002
0.304017
0.304078
0.304004
0.303990
0.303945
0.304000
0.304030
0.304021
0.303980
0.303981
0.304191
0.304184
0.304228
0.304228
0.304186
0.304112
0.304043
0.304022
0.304124
0.304121
0.304094
0.304144
0.304144
0.304085
0.304123
0.304208
0.304208
0.304186
0.304232
0.304232
0.304232
0.304142
0.304073
0.304075
0.304100
0.304124
0.304102
0.304182
0.304202
0.304223
0.304082
0.304171
0.304137
0.304151
0.304134
0.304156
0.304163
0.304173
0.304098
0.304098
0.304142
0.304129
0.304120
0.304044
0.304044
0.304111
0.304111
0.304207
0.304217
0.304171
0.304171
0.304171
0.304171
0.304272
0.304267
0.304158
0.304140
0.304239
0.304236
0.304107
0.304113
0.303980
0.304057
0.304045
0.303987
0.303950
0.303969
0.303847
0.303875
0.303885
0.303953
0.303991
0.303991
0.304029
0.303961
0.303959
0.303930
0.303915
0.303900
0.303900
0.303871
0.303917
0.303917
0.303943
0.303943
0.303812
0.303772
0.303809
0.303768
0.303826
0.303860
0.303824
0.303890
0.303848
0.303857
0.303899
0.303873
0.303879
0.303973
0.303989
0.303963
0.303914
0.303966
0.303983
0.303999
0.303988
0.303983
0.303987
0.303881
0.303934
0.303897
0.303904
0.303916
0.303858
0.303906
0.303976
0.303861
0.303862
0.303862
0.303855
0.303855
0.303932
0.303934
0.303872
0.303872
0.303845
0.303885
0.303895
0.303840
0.303842
0.303828
0.303826
0.303897
0.303873
0.303873
0.303865
0.303907
0.303756
0.303756
0.303719
0.303701
0.303722
0.303727
0.303679
0.303692
0.303692
0.303692
0.303712
0.303778
0.303703
0.303669
0.303683
0.303651
0.303649
0.303694
0.303743
0.303746
0.303744
0.303711
0.303695
0.303689
0.303721
0.303721
0.303758
0.303731
0.303731
0.303704
0.303704
0.303673
0.303673
0.303699
0.303695
0.303672
0.303631
0.303662
0.303657
0.303647
0.303655
0.303668
0.303668
0.303693
0.303727
0.303726
0.303686
0.303661
0.303615
0.303615
0.303697
0.303702
0.303699
0.303719
0.303686
0.303678
0.303676
0.303729
0.303707
0.303644
0.303662
0.303682
0.303709
0.303672
0.303704
0.303750
0.303764
0.303764
0.303758
0.303758
0.303790
0.303790
0.303850
0.303871
0.303854
0.303854
0.303819
0.303802
0.303802
0.303863
0.303759
0.303759
0.303763
0.303764
0.303754
0.303796
0.303776
0.303816
0.303790
0.303750
0.303736
0.303759
0.303790
0.303797
0.303749
0.303719
0.303730
0.303628
0.303628
0.303656
0.303681
0.303723
0.303711
0.303711
0.303753
0.303767
0.303793
0.303764
0.303757
0.303732
0.303720
0.303753
0.303770
0.303782
0.303745
0.303766
0.303766
0.303830
0.303785
0.303713
0.303716
0.303728
0.303782
0.303909
0.303945
0.303943
0.303943
0.303927
0.303995
0.303999
0.304024
0.304024
0.303974
0.303974
0.303974
0.303995
0.303995
0.303910
0.303936
0.304009
0.304020
0.304020
0.303990
0.303990
0.303993
0.304001
0.304094
0.304069
0.304077
0.304094
0.304106
0.304125
0.304132
0.304110
0.304093
0.304061
0.304078
0.304100
0.304092
0.304116
0.304097
0.304097
0.304110
0.304115
0.304089
0.304137
0.304106
0.304136
0.304165
0.304172
0.304154
0.304154
0.304149
0.304064
0.304048
0.304029
0.304051
0.304044
0.304132
0.304162
0.304162
0.304152
0.304157
0.304125
0.304164
0.304213
0.304228
0.304180
0.304153
0.304177
0.304205
0.304269
0.304282
0.304308
0.304300
0.304286
0.304286
0.304286
0.304241
0.304193
0.304198
0.304198
0.304192
0.304245
0.304237
0.304237
0.304157
0.304164
0.304164
0.304203
0.304253
0.304246
0.304187
0.304233
0.304242
0.304298
0.304272
0.304263
0.304273
0.304273
0.304126
0.304116
0.304246
0.304185
0.304164
0.304164
0.304211
0.304211
0.304211
0.304277
0.304277
0.304292
0.304292
0.304228
0.304146
0.304088
0.304172
0.304146
0.304158
0.304182
0.304167
0.304162
0.304162
0.304204
0.304153
0.304158
0.304178
0.304198
0.304203
0.304187
0.304205
0.304202
0.304189
0.304235
0.304235
0.304254
0.304249
0.304238
0.304187
0.304187
0.304175
0.304207
0.304171
0.304227
0.304282
0.304280
0.304286
0.304291
0.304274
0.304262
0.304263
0.304278
0.304288
0.304309
0.304316
0.304303
0.304307
0.304324
0.304290
0.304290
0.304272
0.304272
0.304290
0.304310
0.304306
0.304326
0.304352
0.304298
0.304313
0.304333
0.304336
0.304335
0.304351
0.304313
0.304334
0.304334
0.304299
0.304301
0.304310
0.304329
0.304335
0.304344
0.304378
0.304378
0.304414
0.304402
0.304387
0.304413
0.304338
0.304320
0.304308
0.304321
0.304344
0.304390
0.304384
0.304407
0.304390
0.304395
0.304406
0.304409
0.304442
0.304418
0.304396
0.304397
0.304423
0.304447
0.304447
0.304455
0.304458
0.304495
0.304501
0.304515
0.304478
0.304480
0.304476
0.304507
0.304524
0.304529
0.304539
0.304546
0.304567
0.304548
0.304525
0.304512
0.304547
0.304547
0.304547
0.304573
0.304538
0.304539
0.304538
0.304552
0.304551
0.304550
0.304623
0.304623
0.304595
0.304580
0.304594
0.304596
0.304595
0.304607
0.304618
0.304612
0.304619
0.304591
0.304602
0.304602
0.304612
0.304593
0.304595
0.304580
0.304568
0.304568
0.304568
0.304614
0.304613
0.304632
0.304646
0.304653
0.304601
0.304644
0.304627
0.304594
0.304594
0.304594
0.304603
0.304607
0.304599
0.304579
0.304583
0.304606
0.304606
0.304594
0.304611
0.304613
0.304605
0.304607
0.304563
0.304563
0.304526
0.304526
0.304551
0.304557
0.304560
0.304574
0.304532
0.304543
0.304568
0.304565
0.304560
0.304569
0.304554
0.304587
0.304610
0.304610
0.304613
0.304612
0.304618
0.304634
0.304628
0.304620
0.304639
0.304627
0.304627
0.304618
0.304620
0.304649
0.304665
0.304665
0.304665
0.304673
0.304671
0.304668
0.304663
0.304660
0.304660
0.304668
0.304648
0.304696
0.304694
0.304677
0.304695
0.304697
0.304697
0.304705
0.304700
0.304695
0.304695
0.304695
0.304695
0.304703
0.304679
0.304684
0.304620
0.304620
0.304619
0.304616
0.304663
0.304623
0.304648
0.304727
0.304733
0.304712
0.304718
0.304710
0.304706
0.304646
0.304639
0.304603
0.304664
0.304664
0.304656
0.304656
0.304691
0.304684
0.304660
0.304709
0.304699
0.304608
0.304616
0.304616
0.304616
0.304680
0.304680
0.304680
0.304696
0.304725
0.304665
0.304659
0.304659
0.304659
0.304659
0.304721
0.304744
0.304739
0.304721
0.304723
0.304723
0.304747
0.304747
0.304733
0.304726
0.304699
0.304699
0.304699
0.304693
0.304698
0.304724
0.304673
0.304694
0.304692
0.304713
0.304760
0.304772
0.304812
0.304790
0.304759
0.304759
0.304759
0.304771
0.304788
0.304740
0.304741
0.304787
0.304819
0.304825
0.304807
0.304825
0.304825
0.304825
0.304812
0.304803
0.304806
0.304810
0.304810
0.304819
0.304824
0.304828
0.304840
0.304815
0.304815
0.304830
0.304832
0.304814
0.304814
0.304815
0.304820
0.304805
0.304808
0.304795
0.304807
0.304802
0.304808
0.304853
0.304834
0.304820
0.304841
0.304825
0.304832
0.304832
0.304832
0.304830
0.304844
0.304844
0.304844
0.304872
0.304872
0.304872
0.304876
0.304876
0.304876
0.304876
0.304854
0.304855
0.304863
0.304854
0.304826
0.304829
0.304829
0.304858
0.304859
0.304866
0.304831
0.304831
0.304831
0.304855
0.304853
0.304866
0.304881
0.304899
0.304893
0.304896
0.304885
0.304884
0.304912
0.304937
0.304935
0.304923
0.304881
0.304887
0.304887
0.304932
0.304960
0.304960
0.304934
0.304955
0.304961
0.304950
0.304949
0.304950
0.304948
0.304894
0.304911
0.304911
0.304911
0.304941
0.304947
0.304947
0.304947
0.304929
0.304936
0.304948
0.304946
0.304933
0.304952
0.304959
0.304969
0.304969
0.304986
0.305002
0.305008
0.305003
0.305011
0.304982
0.304982
0.304981
0.304948
0.304935
0.304935
0.304932
0.304963
0.304930
0.304943
0.304937
0.304905
0.304893
0.304893
0.304893
0.304915
0.304930
0.304930
0.304904
0.304910
0.304910
0.304910
0.304866
0.304911
0.304914
0.304940
0.304964
0.304954
0.304965
0.304987
0.304970
0.304959
0.304962
0.304962
0.304962
0.304962
0.304962
0.304980
0.304975
0.304975
0.304966
0.304965
0.304938
0.304937
0.304960
0.304954
0.304947
0.304948
0.304948
0.304983
0.304983
0.304983
0.304983
0.304969
0.304993
0.305004
0.305008
0.305027
0.305053
0.305029
0.305032
0.305045
0.305069
0.305057
0.305068
0.305101
0.305113
0.305097
0.305082
0.305085
0.305079
0.305098
0.305098
0.305101
0.305089
0.305092
0.305118
0.305186
0.305184
0.305178
0.305181
0.305180
0.305180
0.305187
0.305171
0.305176
0.305176
0.305176
0.305205
0.305205
0.305223
0.305223
0.305210
0.305210
0.305214
0.305223
0.305225
0.305215
0.305215
0.305229
0.305231
0.305221
0.305174
0.305177
0.305155
0.305140
0.305160
0.305160
0.305161
0.305161
0.305180
0.305193
0.305197
0.305197
0.305196
0.305197
0.305221
0.305221
0.305234
0.305216
0.305219
0.305250
0.305223
0.305234
0.305241
0.305238
0.305248
0.305244
0.305295
0.305287
0.305293
0.305310
0.305349
0.305341
0.305302
0.305300
0.305297
0.305296
0.305296
0.305292
0.305283
0.305253
0.305253
0.305280
0.305280
0.305298
0.305316
0.305250
0.305250
0.305229
0.305213
0.305213
0.305228
0.305264
0.305278
0.305278
0.305284
0.305287
0.305286
0.305289
0.305309
0.305311
0.305255
0.305255
0.305305
0.305305
0.305299
0.305292
0.305292
0.305292
0.305307
0.305297
0.305297
0.305297
0.305301
0.305306
0.305306
0.305327
0.305352
0.305359
0.305358
0.305354
0.305358
0.305358
0.305341
0.305345
0.305354
0.305387
0.305387
0.305392
0.305405
0.305426
0.305406
0.305401
0.305424
0.305440
0.305459
0.305478
0.305477
0.305439
0.305437
0.305518
0.305502
0.305502
0.305514
0.305515
0.305522
0.305538
0.305566
0.305566
0.305566
0.305571
0.305595
0.305593
0.305593
0.305595
0.305614
0.305610
0.305620
0.305626
0.305635
0.305576
0.305580
0.305595
0.305585
0.305586
0.305586
0.305573
0.305588
0.305583
0.305585
0.305585
0.305590
0.305590
0.305581
0.305584
0.305582
0.305582
0.305539
0.305559
0.305560
0.305566
0.305566
0.305592
0.305591
0.305562
0.305562
0.305562
0.305562
0.305562
0.305586
0.305593
0.305590
0.305547
0.305538
0.305538
0.305538
0.305548
0.305549
0.305563
0.305557
0.305578
0.305584
0.305584
0.305584
0.305572
0.305584
0.305584
0.305584
0.305576
0.305564
0.305564
0.305564
0.305587
0.305586
0.305586
0.305548
0.305562
0.305562
0.305569
0.305569
0.305585
0.305579
0.305579
0.305567
0.305567
0.305574
0.305572
0.305587
0.305582
0.305582
0.305582
0.305554
0.305537
0.305548
0.305553
0.305546
0.305546
0.305525
0.305522
0.305551
0.305551
0.305567
0.305563
0.305563
0.305561
0.305550
0.305563
0.305568
0.305562
0.305564
0.305564
0.305541
0.305547
0.305551
0.305545
0.305555
0.305555
0.305554
0.305547
0.305554
0.305562
0.305545
0.305555
0.305555
0.305556
0.305563
0.305555
0.305555
0.305575
0.305575
0.305588
0.305588
0.305590
0.305564
0.305586
0.305589
0.305596
0.305602
0.305568
0.305582
0.305602
0.305595
0.305625
0.305625
0.305636
0.305662
0.305631
0.305634
0.305631
0.305637
0.305637
0.305649
0.305649
0.305649
0.305631
0.305658
0.305653
0.305653
0.305670
0.305671
0.305671
0.305671
0.305667
0.305667
0.305650
0.305602
0.305602
0.305612
0.305645
0.305662
0.305674
0.305660
0.305660
0.305605
0.305658
0.305622
0.305625
0.305620
0.305616
0.305631
0.305662
0.305678
0.305684
0.305682
0.305702
0.305719
0.305723
0.305721
0.305733
0.305743
0.305735
0.305737
0.305758
0.305757
0.305751
0.305751
0.305761
0.305759
0.305752
0.305752
0.305767
0.305774
0.305780
0.305788
0.305787
0.305764
0.305765
0.305769
0.305769
0.305769
0.305785
0.305831
0.305839
0.305839
0.305839
0.305829
0.305829
0.305829
0.305829
0.305810
0.305810
0.305810
0.305810
0.305829
0.305829
0.305825
0.305825
0.305825
0.305809
0.305842
0.305846
0.305836
0.305836
0.305836
0.305825
0.305818
0.305818
0.305851
0.305838
0.305834
0.305839
0.305807
0.305820
0.305824
0.305824
0.305827
0.305839
0.305832
0.305831
0.305831
0.305828
0.305806
0.305816
0.305816
0.305816
0.305854
0.305883
0.305883
0.305892
0.305892
0.305894
0.305894
0.305876
0.305877
0.305862
0.305872
0.305899
0.305907
0.305907
0.305919
0.305892
0.305907
0.305910
0.305910
0.305905
0.305905
0.305885
0.305874
0.305874
0.305874
0.305904
0.305904
0.305921
0.305918
0.305918
0.305925
0.305925
0.305949
0.305950
0.305965
0.305965
0.305961
0.305958
0.305964
0.305977
0.305965
0.305972
0.305972
0.305979
0.305979
0.305979
0.305996
0.306013
0.306015
0.306005
0.306051
0.306042
0.306046
0.306046
0.306054
0.306058
0.306063
0.306063
0.306075
0.306075
0.306086
0.306089
0.306089
0.306087
0.306090
0.306078
0.306078
0.306089
0.306092
0.306093
0.306108
0.306105
0.306075
0.306075
0.306087
0.306097
0.306110
0.306109
0.306123
0.306123
0.306123
0.306126
0.306121
0.306121
0.306119
0.306120
0.306119
0.306129
0.306128
0.306127
0.306126
0.306132
0.306132
0.306148
0.306148
0.306148
0.306136
0.306112
0.306112
0.306104
0.306111
0.306107
0.306107
0.306118
0.306118
0.306128
0.306098
0.306123
0.306117
0.306130
0.306130
0.306143
0.306143
0.306149
0.306153
0.306148
0.306148
0.306148
0.306140
0.306140
0.306140
0.306140
0.306140
0.306147
0.306147
0.306141
0.306141
0.306161
0.306167
0.306166
0.306173
0.306173
0.306176
0.306158
0.306166
0.306166
0.306166
0.306169
0.306169
0.306176
0.306173
0.306178
0.306182
0.306182
0.306178
0.306181
0.306173
0.306173
0.306173
0.306171
0.306181
0.306181
0.306181
0.306181
0.306180
0.306180
0.306162
0.306188
0.306194
0.306202
0.306204
0.306204
0.306204
0.306204
0.306199
0.306198
0.306198
0.306204
0.306204
0.306181
0.306188
0.306195
0.306195
0.306195
0.306195
0.306227
0.306229
0.306196
0.306196
0.306211
0.306207
0.306207
0.306207
0.306207
0.306205
0.306234
0.306234
0.306241
0.306241
0.306249
0.306244
0.306244
0.306244
0.306229
0.306232
0.306236
0.306236
0.306257
0.306256
0.306255
0.306255
0.306246
0.306245
0.306246
0.306258
0.306258
0.306247
0.306256
0.306251
0.306259
0.306248
0.306249
0.306249
0.306249
0.306264
0.306264
0.306289
0.306289
0.306285
0.306285
0.306285
0.306285
0.306286
0.306286
0.306286
0.306286
0.306278
0.306287
0.306292
0.306300
0.306300
0.306300
0.306300
0.306310
0.306343
0.306344
0.306344
0.306346
0.306339
0.306335
0.306311
0.306305
0.306307
0.306321
0.306321
0.306321
0.306326
0.306336
0.306336
0.306331
0.306336
0.306336
0.306336
0.306336
0.306341
0.306342
0.306353
0.306353
0.306355
0.306351
0.306353
0.306363
0.306363
0.306364
0.306363
0.306343
0.306347
0.306375
0.306363
0.306355
0.306337
0.306359
0.306359
0.306370
0.306370
0.306370
0.306370
0.306370
0.306371
0.306353
0.306353
0.306353
0.306362
0.306362
0.306362
0.306367
0.306367
0.306363
0.306363
0.306363
0.306369
0.306369
0.306354
0.306359
0.306359
0.306359
0.306359
0.306358
0.306367
0.306367
0.306359
0.306366
0.306367
0.306371
0.306371
0.306361
0.306363
0.306349
0.306350
0.306364
0.306365
0.306365
0.306365
0.306368
0.306368
0.306368
0.306399
0.306397
0.306393
0.306428
0.306425
0.306422
0.306422
0.306422
0.306425
0.306425
0.306425
0.306428
0.306431
0.306427
0.306431
0.306431
0.306416
0.306423
0.306423
0.306418
0.306401
0.306413
0.306407
0.306418
0.306418
0.306418
0.306418
0.306422
0.306442
0.306442
0.306438
0.306429
0.306429
0.306431
0.306439
0.306440
0.306441
0.306449
0.306461
0.306461
0.306461
0.306461
0.306467
0.306470
0.306470
0.306443
0.306455
0.306455
0.306467
0.306497
0.306493
0.306503
0.306503
0.306483
0.306484
0.306498
0.306499
0.306493
0.306500
0.306500
0.306504
0.306501
0.306497
0.306507
0.306507
0.306519
0.306519
0.306529
0.306533
0.306533
0.306540
0.306529
0.306529
0.306527
0.306527
0.306534
0.306534
0.306537
0.306518
0.306520
0.306520
0.306520
0.306520
0.306520
0.306520
0.306535
0.306534
0.306521
0.306524
0.306524
0.306524
0.306526
0.306530
0.306530
0.306542
0.306543
0.306530
0.306530
0.306550
0.306554
0.306552
0.306559
0.306558
0.306558
0.306562
0.306557
0.306553
0.306532
0.306526
0.306540
0.306543
0.306551
0.306551
0.306538
0.306544
0.306541
0.306537
0.306526
0.306546
0.306529
0.306529
0.306538
0.306548
0.306537
0.306537
0.306537
0.306547
0.306547
0.306526
0.306526
0.306526
0.306523
0.306522
0.306522
0.306531
0.306531
0.306532
0.306534
0.306534
0.306534
0.306533
0.306547
0.306547
0.306547
0.306547
0.306549
0.306549
0.306554
0.306553
0.306553
0.306557
0.306557
0.306557
0.306557
0.306557
0.306569
0.306571
0.306571
0.306573
0.306569
0.306573
0.306560
0.306558
0.306559
0.306566
0.306566
0.306566
0.306571
0.306568
0.306567
0.306572
0.306584
0.306581
0.306589
0.306593
0.306593
0.306600
0.306600
0.306589
0.306592
0.306594
0.306598
0.306608
0.306609
0.306614
0.306608
0.306608
0.306606
0.306603
0.306603
0.306612
0.306612
0.306615
0.306622
0.306622
0.306622
0.306625
0.306625
0.306638
0.306649
0.306644
0.306642
0.306642
0.306637
0.306637
0.306647
0.306654
0.306652
0.306664
0.306665
0.306663
0.306641
0.306641
0.306641
0.306641
0.306641
0.306641
0.306641
0.306641
0.306637
0.306637
0.306637
0.306650
0.306650
0.306652
0.306652
0.306652
0.306652
0.306647
0.306647
0.306639
0.306639
0.306639
0.306595
0.306612
0.306608
0.306614
0.306610
0.306636
0.306645
0.306640
0.306646
0.306636
0.306638
0.306666
0.306666
0.306664
0.306673
0.306666
0.306671
0.306664
0.306664
0.306671
0.306671
0.306676
0.306679
0.306683
0.306683
0.306699
0.306699
0.306699
0.306696
0.306696
0.306693
0.306664
0.306664
0.306664
0.306664
0.306663
0.306664
0.306664
0.306664
0.306657
0.306624
0.306614
0.306602
0.306602
0.306602
0.306602
0.306637
0.306637
0.306618
0.306620
0.306620
0.306611
0.306614
0.306617
0.306608
0.306621
0.306651
0.306662
0.306669
0.306660
0.306659
0.306654
0.306653
0.306653
0.306679
0.306683
0.306683
0.306682
0.306676
0.306677
0.306677
0.306670
0.306678
0.306678
0.306678
0.306689
0.306697
0.306686
0.306674
0.306668
0.306668
0.306671
0.306671
0.306671
0.306671
0.306671
0.306671
0.306664
0.306664
0.306664
0.306664
0.306662
0.306666
0.306670
0.306670
0.306667
0.306667
0.306669
0.306669
0.306674
0.306674
0.306680
0.306660
0.306653
0.306669
0.306662
0.306661
0.306661
0.306659
0.306707
0.306711
0.306710
0.306711
0.306702
0.306695
0.306695
0.306738
0.306738
0.306738
0.306736
0.306761
0.306761
0.306760
0.306760
0.306736
0.306736
0.306753
0.306753
0.306753
0.306753
0.306766
0.306779
0.306779
0.306786
0.306786
0.306785
0.306785
0.306783
0.306792
0.306787
0.306787
0.306796
0.306788
0.306788
0.306788
0.306776
0.306776
0.306776
0.306778
0.306778
0.306800
0.306802
0.306802
0.306802
0.306810
0.306802
0.306813
0.306806
0.306790
0.306779
0.306779
0.306817
0.306813
0.306807
0.306818
0.306817
0.306817
0.306834
0.306834
0.306834
0.306832
0.306831
0.306831
0.306831
0.306817
0.306817
0.306817
0.306817
0.306790
0.306790
0.306790
0.306796
0.306776
0.306777
0.306778
0.306778
0.306780
0.306787
0.306787
0.306782
0.306782
0.306782
0.306782
0.306782
0.306787
0.306753
0.306753
0.306740
0.306727
0.306727
0.306743
0.306758
0.306758
0.306752
0.306752
0.306770
0.306767
0.306764
0.306761
0.306780
0.306780
0.306781
0.306784
0.306793
0.306795
0.306795
0.306795
0.306775
0.306762
0.306764
0.306776
0.306797
0.306798
0.306798
0.306795
0.306789
0.306801
0.306801
0.306809
0.306802
0.306802
0.306818
0.306815
0.306815
0.306814
0.306814
0.306819
0.306819
0.306819
0.306820
0.306820
0.306831
0.306832
0.306831
0.306831
0.306831
0.306836
0.306835
0.306824
0.306824
0.306828
0.306839
0.306839
0.306841
0.306841
0.306879
0.306879
0.306879
0.306875
0.306884
0.306882
0.306887
0.306887
0.306889
0.306889
0.306882
0.306883
0.306858
0.306859
0.306866
0.306828
0.306827
0.306827
0.306835
0.306829
0.306894
0.306898
0.306894
0.306890
0.306885
0.306891
0.306891
0.306927
0.306925
0.306933
0.306901
0.306901
0.306898
0.306895
0.306896
0.306909
0.306909
0.306902
0.306918
0.306917
0.306882
0.306880
0.306886
0.306880
0.306880
0.306900
0.306905
0.306908
0.306910
0.306913
0.306913
0.306916
0.306920
0.306928
0.306927
0.306928
0.306929
0.306929
0.306932
0.306932
0.306911
0.306900
0.306894
0.306895
0.306885
0.306885
0.306885
0.306885
0.306907
0.306919
0.306913
0.306923
0.306917
0.306917
0.306898
0.306907
0.306907
0.306925
0.306923
0.306923
0.306917
0.306917
0.306917
0.306917
0.306917
0.306922
0.306925
0.306925
0.306928
0.306925
0.306917
0.306898
0.306899
0.306902
0.306898
0.306919
0.306919
0.306923
0.306923
0.306932
0.306932
0.306947
0.306950
0.306950
0.306943
0.306942
0.306942
0.306940
0.306928
0.306928
0.306931
0.306927
0.306942
0.306942
0.306950
0.306954
0.306958
0.306950
0.306950
0.306944
0.306948
0.306948
0.306948
0.306969
0.306974
0.306973
0.306998
0.306996
0.307002
0.307016
0.307022
0.307027
0.307027
0.307029
0.307029
0.307028
0.307030
0.307030
0.307045
0.307035
0.307014
0.307021
0.307011
0.306992
0.306993
0.306993
0.306993
0.307036
0.307034
0.307034
0.307034
0.307034
0.307037
0.307036
0.307036
0.307036
0.307036
0.307041
0.307046
0.307046
0.307054
0.307055
0.307067
0.307060
0.307061
0.307061
0.307071
0.307073
0.307081
0.307082
0.307082
0.307082
0.307082
0.307077
0.307091
0.307091
0.307095
0.307097
0.307100
0.307100
0.307098
0.307098
0.307103
0.307099
0.307100
0.307095
0.307088
0.307083
0.307076
0.307081
0.307077
0.307080
0.307091
0.307081
0.307071
0.307070
0.307070
0.307070
0.307083
0.307091
0.307080
0.307080
0.307080
0.307080
0.307067
0.307063
0.307063
0.307063
0.307066
0.307064
0.307068
0.307092
0.307092
0.307092
0.307092
0.307092
0.307092
0.307081
0.307065
0.307065
0.307065
0.307062
0.307062
0.307061
0.307061
0.307061
0.307057
0.307057
0.307061
0.307072
0.307068
0.307075
0.307075
0.307087
0.307087
0.307071
0.307077
0.307074
0.307096
0.307086
0.307086
0.307085
0.307099
0.307086
0.307070
0.307070
0.307058
0.307058
0.307064
0.307081
0.307081
0.307081
0.307077
0.307062
0.307062
0.307062
0.307062
0.307083
0.307076
0.307081
0.307081
0.307081
0.307073
0.307078
0.307084
0.307084
0.307084
0.307087
0.307088
0.307101
0.307096
0.307106
0.307102
0.307095
0.307092
0.307092
0.307087
0.307087
0.307086
0.307083
0.307082
0.307104
0.307106
0.307106
0.307104
0.307104
0.307094
0.307092
0.307065
0.307072
0.307087
0.307093
0.307067
0.307074
0.307074
0.307076
0.307070
0.307062
0.307062
0.307080
0.307079
0.307090
0.307092
0.307098
0.307098
0.307103
0.307104
0.307101
0.307105
0.307105
0.307127
0.307124
0.307122
0.307135
0.307152
0.307146
0.307146
0.307142
0.307144
0.307144
0.307146
0.307144
0.307146
0.307146
0.307159
0.307159
0.307149
0.307135
0.307131
0.307139
0.307138
0.307133
0.307147
0.307147
0.307147
0.307147
0.307144
0.307154
0.307155
0.307155
0.307151
0.307190
0.307177
0.307176
0.307175
0.307180
0.307176
0.307177
0.307177
0.307181
0.307181
0.307181
0.307182
0.307174
0.307177
0.307176
0.307189
0.307189
0.307189
0.307176
0.307176
0.307177
0.307177
0.307174
0.307185
0.307188
0.307188
0.307183
0.307168
0.307168
0.307169
0.307169
0.307169
0.307176
0.307192
0.307202
0.307202
0.307189
0.307190
0.307190
0.307190
0.307193
0.307198
0.307198
0.307199
0.307186
0.307185
0.307189
0.307189
0.307197
0.307200
0.307200
0.307203
0.307202
0.307202
0.307205
0.307205
0.307205
0.307210
0.307211
0.307212
0.307212
0.307208
0.307204
0.307204
0.307204
0.307204
0.307204
0.307207
0.307209
0.307210
0.307219
0.307219
0.307225
0.307223
0.307223
0.307228
0.307224
0.307225
0.307226
0.307230
0.307230
0.307230
0.307235
0.307247
0.307247
0.307250
0.307250
0.307250
0.307250
0.307250
0.307251
0.307255
0.307256
0.307254
0.307254
0.307250
0.307254
0.307254
0.307254
0.307251
0.307251
0.307251
0.307249
0.307249
0.307250
0.307253
0.307252
0.307252
0.307252
0.307252
0.307244
0.307248
0.307242
0.307242
0.307246
0.307246
0.307261
0.307261
0.307259
0.307257
0.307257
0.307266
0.307266
0.307266
0.307257
0.307264
0.307249
0.307267
0.307267
0.307267
0.307267
0.307267
0.307267
0.307268
0.307268
0.307263
0.307263
0.307264
0.307280
0.307280
0.307281
0.307290
0.307290
0.307274
0.307293
0.307286
0.307284
0.307295
0.307294
0.307294
0.307297
0.307293
0.307293
0.307309
0.307309
0.307309
0.307316
0.307298
0.307299
0.307299
0.307306
0.307305
0.307320
0.307320
0.307326
0.307325
0.307307
0.307307
0.307301
0.307304
0.307310
0.307317
0.307317
0.307319
0.307318
0.307298
0.307251
0.307252
0.307278
0.307289
0.307310
0.307310
0.307310
0.307309
0.307284
0.307285
0.307270
0.307269
0.307274
0.307276
0.307276
0.307327
0.307323
0.307320
0.307321
0.307316
0.307316
0.307341
0.307342
0.307344
0.307351
0.307351
0.307350
0.307350
0.307343
0.307343
0.307343
0.307343
0.307346
0.307355
0.307355
0.307359
0.307353
0.307360
0.307360
0.307364
0.307363
0.307363
0.307358
0.307358
0.307368
0.307368
0.307368
0.307368
0.307369
0.307369
0.307369
0.307371
0.307371
0.307384
0.307384
0.307384
0.307384
0.307392
0.307392
0.307392
0.307392
0.307392
0.307390
0.307393
0.307400
0.307408
0.307390
0.307393
0.307407
0.307407
0.307416
0.307416
0.307416
0.307409
0.307410
0.307410
0.307410
0.307441
0.307446
0.307440
0.307440
0.307423
0.307422
0.307421
0.307421
0.307423
0.307435
0.307435
0.307438
0.307438
0.307438
0.307432
0.307421
0.307421
0.307421
0.307421
0.307421
0.307421
0.307421
0.307422
0.307425
0.307430
0.307430
0.307432
0.307432
0.307432
0.307423
0.307431
0.307427
0.307427
0.307415
0.307415
0.307422
0.307434
0.307434
0.307442
0.307432
0.307434
0.307433
0.307426
0.307427
0.307433
0.307444
0.307434
0.307434
0.307426
0.307435
0.307448
0.307452
0.307452
0.307452
0.307446
0.307451
0.307439
0.307444
0.307443
0.307443
0.307443
0.307454
0.307454
0.307454
0.307454
0.307454
0.307464
0.307465
0.307447
0.307446
0.307456
0.307457
0.307457
0.307445
0.307444
0.307440
0.307440
0.307449
0.307430
0.307449
0.307449
0.307449
0.307449
0.307461
0.307458
0.307458
0.307458
0.307472
0.307468
0.307468
0.307468
0.307467
0.307467
0.307467
0.307472
0.307484
0.307484
0.307490
0.307485
0.307485
0.307473
0.307474
0.307478
0.307481
0.307489
0.307475
0.307472
0.307472
0.307494
0.307494
0.307495
0.307506
0.307514
0.307513
0.307510
0.307506
0.307504
0.307504
0.307503
0.307503
0.307509
0.307509
0.307516
0.307524
0.307520
0.307523
0.307530
0.307530
0.307530
0.307516
0.307516
0.307510
0.307519
0.307535
0.307535
0.307535
0.307540
0.307543
0.307537
0.307530
0.307520
0.307520
0.307521
0.307521
0.307529
0.307531
0.307527
0.307535
0.307536
0.307551
0.307571
0.307575
0.307574
0.307572
0.307565
0.307565
0.307566
0.307566
0.307569
0.307569
0.307569
0.307567
0.307567
0.307567
0.307564
0.307560
0.307550
0.307550
0.307550
0.307550
0.307553
0.307557
0.307557
0.307565
0.307560
0.307560
0.307560
0.307560
0.307560
0.307560
0.307550
0.307559
0.307559
0.307570
0.307560
0.307547
0.307542
0.307554
0.307550
0.307568
0.307568
0.307566
0.307566
0.307566
0.307566
0.307568
0.307568
0.307574
0.307574
0.307574
0.307574
0.307577
0.307577
0.307572
0.307574
0.307574
0.307574
0.307574
0.307574
0.307576
0.307584
0.307585
0.307583
0.307583
0.307591
0.307599
0.307594
0.307594
0.307603
0.307616
0.307621
0.307620
0.307620
0.307623
0.307623
0.307623
0.307623
0.307620
0.307627
0.307627
0.307628
0.307613
0.307614
0.307637
0.307637
0.307639
0.307639
0.307643
0.307652
0.307652
0.307652
0.307660
0.307660
0.307660
0.307660
0.307660
0.307660
0.307663
0.307661
0.307660
0.307665
0.307665
0.307673
0.307673
0.307676
0.307678
0.307675
0.307675
0.307669
0.307681
0.307681
0.307681
0.307677
0.307692
0.307692
0.307687
0.307685
0.307695
0.307705
0.307705
0.307705
0.307709
0.307708
0.307708
0.307709
0.307709
0.307708
0.307699
0.307699
0.307694
0.307694
0.307711
0.307717
0.307730
0.307723
0.307718
0.307718
0.307718
0.307735
0.307746
0.307746
0.307752
0.307752
0.307752
0.307752
0.307756
0.307756
0.307756
0.307760
0.307760
0.307761
0.307762
0.307761
0.307767
0.307766
0.307770
0.307775
0.307775
0.307775
0.307775
0.307780
0.307779
0.307791
0.307791
0.307789
0.307789
0.307789
0.307790
0.307793
0.307793
0.307793
0.307793
0.307795
0.307795
0.307799
0.307795
0.307795
0.307795
0.307795
0.307798
0.307797
0.307797
0.307797
0.307797
0.307797
0.307789
0.307792
0.307792
0.307792
0.307801
0.307801
0.307805
0.307807
0.307807
0.307807
0.307813
0.307813
0.307813
0.307814
0.307800
0.307800
0.307801
0.307801
0.307801
0.307801
0.307802
0.307805
0.307805
0.307805
0.307808
0.307808
0.307812
0.307820
0.307822
0.307822
0.307822
0.307832
0.307813
0.307813
0.307813
0.307806
0.307797
0.307806
0.307809
0.307812
0.307817
0.307817
0.307817
0.307817
0.307817
0.307817
0.307816
0.307810
0.307811
0.307811
0.307811
0.307812
0.307813
0.307819
0.307829
0.307829
0.307830
0.307831
0.307829
0.307851
0.307845
0.307847
0.307869
0.307868
0.307867
0.307876
0.307847
0.307852
0.307854
0.307863
0.307874
0.307876
0.307876
0.307881
0.307881
0.307881
0.307881
0.307872
0.307867
0.307875
0.307875
0.307875
0.307884
0.307881
0.307881
0.307876
0.307876
0.307876
0.307875
0.307881
0.307886
0.307886
0.307886
0.307881
0.307881
0.307881
0.307881
0.307886
0.307886
0.307886
0.307886
0.307908
0.307910
0.307910
0.307922
0.307910
0.307909
0.307909
0.307910
0.307910
0.307910
0.307911
0.307911
0.307903
0.307910
0.307901
0.307910
0.307910
0.307915
0.307919
0.307924
0.307924
0.307926
0.307931
0.307931
0.307931
0.307931
0.307931
0.307929
0.307929
0.307929
0.307929
0.307950
0.307950
0.307952
0.307950
0.307950
0.307963
0.307963
0.307963
0.307974
0.307974
0.307974
0.307972
0.307972
0.307973
0.307971
0.307971
0.307974
0.307973
0.307976
0.307985
0.307985
0.307979
0.307979
0.307979
0.307979
0.307979
0.307979
0.307979
0.307969
0.307968
0.307968
0.307972
0.307978
0.307972
0.307973
0.307973
0.307956
0.307968
0.307952
0.307967
0.307969
0.307953
0.307953
0.307967
0.307968
0.307965
0.307981
0.307981
0.307981
0.307984
0.307984
0.307984
0.307976
0.307976
0.307967
0.307974
0.307974
0.307974
0.307974
0.307973
0.307973
0.307973
0.307971
0.307971
0.307972
0.307968
0.307968
0.307963
0.307948
0.307948
0.307960
0.307964
0.307975
0.307971
0.307971
0.307972
0.307972
0.307976
0.307971
0.307961
0.307961
0.307964
0.307965
0.307965
0.307982
0.307987
0.307987
0.307988
0.307997
0.307991
0.307989
0.307978
0.307975
0.307966
0.307966
0.307966
0.307966
0.307970
0.307977
0.307977
0.307977
0.307994
0.307994
0.307988
0.307981
0.307988
0.307984
0.307985
0.307984
0.307984
0.307982
0.307982
0.307982
0.307982
0.307991
0.308011
0.308011
0.308007
0.308006
0.308009
0.308010
0.308008
0.308010
0.308012
0.308028
0.308030
0.308030
0.308030
0.308033
0.308033
0.308034
0.308029
0.308029
0.308029
0.308029
0.308029
0.308040
0.308041
0.308041
0.308041
0.308041
0.308044
0.308050
0.308062
0.308066
0.308066
0.308051
0.308052
0.308050
0.308050
0.308050
0.308043
0.308045
0.308045
0.308049
0.308050
0.308048
0.308048
0.308054
0.308054
0.308051
0.308051
0.308051
0.308051
0.308052
0.308051
0.308053
0.308062
0.308073
0.308073
0.308073
0.308074
0.308072
0.308068
0.308068
0.308068
0.308067
0.308093
0.308093
0.308093
0.308103
0.308107
0.308107
0.308107
0.308101
0.308100
0.308103
0.308110
0.308118
0.308122
0.308122
0.308119
0.308114
0.308114
0.308114
0.308111
0.308111
0.308111
0.308114
0.308114
0.308114
0.308114
0.308113
0.308113
0.308113
0.308112
0.308110
0.308111
0.308111
0.308114
0.308114
0.308113
0.308118
0.308118
0.308123
0.308123
0.308122
0.308118
0.308118
0.308123
0.308123
0.308123
0.308123
0.308110
0.308110
0.308110
0.308110
0.308110
0.308121
0.308121
0.308114
0.308114
0.308114
0.308114
0.308114
0.308114
0.308114
0.308113
0.308114
0.308114
0.308111
0.308108
0.308108
0.308112
0.308115
0.308115
0.308114
0.308104
0.308104
0.308104
0.308105
0.308106
0.308106
0.308106
0.308106
0.308105
0.308105
0.308107
0.308107
0.308110
0.308111
0.308115
0.308115
0.308119
0.308099
0.308100
0.308111
0.308112
0.308112
0.308112
0.308118
0.308116
0.308125
0.308126
0.308126
0.308128
0.308121
0.308121
0.308121
0.308122
0.308114
0.308096
0.308103
0.308103
0.308103
0.308124
0.308128
0.308128
0.308128
0.308128
0.308128
0.308111
0.308110
0.308106
0.308108
0.308115
0.308128
0.308126
0.308124
0.308127
0.308122
0.308129
0.308129
0.308129
0.308130
0.308130
0.308136
0.308136
0.308129
0.308129
0.308129
0.308129
0.308114
0.308137
0.308138
0.308132
0.308134
0.308134
0.308135
0.308135
0.308135
0.308135
0.308139
0.308136
0.308136
0.308136
0.308136
0.308136
0.308136
0.308135
0.308135
0.308139
0.308137
0.308136
0.308136
0.308140
0.308140
0.308140
0.308140
0.308143
0.308139
0.308139
0.308134
0.308134
0.308132
0.308137
0.308137
0.308137
0.308140
0.308140
0.308140
0.308140
0.308140
0.308142
0.308149
0.308149
0.308149
0.308149
0.308149
0.308148
0.308142
0.308142
0.308125
0.308141
0.308142
0.308141
0.308143
0.308153
0.308158
0.308156
0.308159
0.308159
0.308157
0.308160
0.308160
0.308160
0.308154
0.308154
0.308154
0.308154
0.308160
0.308160
0.308157
0.308159
0.308159
0.308163
0.308173
0.308178
0.308174
0.308180
0.308180
0.308177
0.308177
0.308174
0.308174
0.308177
0.308169
0.308169
0.308174
0.308189
0.308185
0.308184
0.308188
0.308188
0.308188
0.308192
0.308196
0.308213
0.308218
0.308218
0.308220
0.308228
0.308230
0.308232
0.308232
0.308231
0.308231
0.308234
0.308239
0.308239
0.308240
0.308240
0.308241
0.308245
0.308245
0.308246
0.308245
0.308243
0.308243
0.308243
0.308243
0.308243
0.308243
0.308237
0.308220
0.308226
0.308226
0.308237
0.308245
0.308245
0.308245
0.308245
0.308245
0.308245
0.308245
0.308245
0.308250
0.308252
0.308252
0.308252
0.308254
0.308254
0.308251
0.308254
0.308253
0.308253
0.308258
0.308258
0.308248
0.308248
0.308248
0.308263
0.308259
0.308256
0.308256
0.308248
0.308246
0.308246
0.308261
0.308261
0.308265
0.308265
0.308266
0.308266
0.308274
0.308274
0.308274
0.308276
0.308276
0.308276
0.308275
0.308275
0.308275
0.308275
0.308275
0.308275
0.308275
0.308276
0.308268
0.308268
0.308268
0.308268
0.308272
0.308272
0.308272
0.308268
0.308268
0.308268
0.308268
0.308268
0.308268
0.308272
0.308272
0.308272
0.308272
0.308264
0.308264
0.308266
0.308259
0.308259
0.308255
0.308255
0.308270
0.308273
0.308273
0.308257
0.308257
0.308263
0.308266
0.308266
0.308266
0.308276
0.308276
0.308280
0.308273
0.308278
0.308278
0.308278
0.308275
0.308279
0.308279
0.308277
0.308277
0.308277
0.308276
0.308278
0.308299
0.308288
0.308288
0.308272
0.308273
0.308299
0.308309
0.308309
0.308321
0.308321
0.308314
0.308314
0.308317
0.308317
0.308318
0.308312
0.308318
0.308315
0.308318
0.308319
0.308319
0.308311
0.308311
0.308311
0.308300
0.308305
0.308311
0.308309
0.308313
0.308313
0.308306
0.308309
0.308300
0.308300
0.308300
0.308324
0.308328
0.308333
0.308326
0.308326
0.308326
0.308328
0.308330
0.308345
0.308345
0.308345
0.308344
0.308344
0.308347
0.308348
0.308348
0.308354
0.308354
0.308353
0.308353
0.308362
0.308350
0.308350
0.308350
0.308350
0.308350
0.308350
0.308367
0.308367
0.308367
0.308353
0.308353
0.308357
0.308357
0.308364
0.308364
0.308364
0.308363
0.308363
0.308363
0.308363
0.308363
0.308350
0.308350
0.308353
0.308353
0.308353
0.308364
0.308369
0.308369
0.308376
0.308376
0.308375
0.308384
0.308370
0.308370
0.308364
0.308363
0.308363
0.308378
0.308367
0.308362
0.308362
0.308363
0.308363
0.308376
0.308376
0.308379
0.308377
0.308377
0.308373
0.308371
0.308371
0.308372
0.308373
0.308370
0.308372
0.308372
0.308374
0.308377
0.308376
0.308376
0.308375
0.308376
0.308376
0.308376
0.308376
0.308375
0.308375
0.308380
0.308380
0.308380
0.308381
0.308382
0.308406
0.308406
0.308405
0.308405
0.308412
0.308407
0.308407
0.308407
0.308408
0.308412
0.308412
0.308413
0.308413
0.308406
0.308406
0.308411
0.308411
0.308411
0.308411
0.308417
0.308417
0.308418
0.308418
0.308418
0.308408
0.308412
0.308411
0.308408
0.308407
0.308407
0.308415
0.308415
0.308415
0.308419
0.308411
0.308407
0.308407
0.308407
0.308433
0.308434
0.308436
0.308434
0.308429
0.308430
0.308434
0.308434
0.308434
0.308417
0.308417
0.308420
0.308420
0.308425
0.308424
0.308440
0.308440
0.308440
0.308441
0.308440
0.308453
0.308453
0.308453
0.308446
0.308446
0.308446
0.308447
0.308448
0.308448
0.308448
0.308442
0.308447
0.308441
0.308436
0.308436
0.308436
0.308437
0.308437
0.308438
0.308438
0.308436
0.308437
0.308437
0.308436
0.308446
0.308446
0.308446
0.308452
0.308446
0.308447
0.308447
0.308445
0.308463
0.308463
0.308463
0.308460
0.308460
0.308464
0.308462
0.308463
0.308457
0.308457
0.308462
0.308460
0.308470
0.308476
0.308476
0.308476
0.308476
0.308475
0.308475
0.308475
0.308475
0.308466
0.308463
0.308463
0.308463
0.308462
0.308463
0.308465
0.308465
0.308465
0.308465
0.308467
0.308466
0.308466
0.308466
0.308461
0.308461
0.308466
0.308451
0.308455
0.308455
0.308459
0.308459
0.308465
0.308451
0.308453
0.308451
0.308451
0.308455
0.308470
0.308469
0.308487
0.308485
0.308493
0.308487
0.308485
0.308485
0.308486
0.308486
0.308486
0.308486
0.308501
0.308503
0.308506
0.308506
0.308505
0.308508
0.308504
0.308504
0.308496
0.308502
0.308502
0.308502
0.308502
0.308510
0.308519
0.308534
0.308532
0.308531
0.308518
0.308518
0.308526
0.308526
0.308527
0.308534
0.308534
0.308519
0.308524
0.308524
0.308539
0.308540
0.308535
0.308535
0.308536
0.308541
0.308540
0.308537
0.308537
0.308537
0.308537
0.308537
0.308539
0.308539
0.308539
0.308539
0.308539
0.308539
0.308537
0.308537
0.308539
0.308539
0.308539
0.308539
0.308539
0.308539
0.308540
0.308540
0.308541
0.308541
0.308543
0.308543
0.308543
0.308543
0.308545
0.308545
0.308541
0.308536
0.308536
0.308535
0.308535
0.308535
0.308535
0.308535
0.308544
0.308544
0.308544
0.308553
0.308550
0.308549
0.308549
0.308550
0.308552
0.308553
0.308555
0.308557
0.308558
0.308558
0.308558
0.308556
0.308555
0.308555
0.308555
0.308552
0.308552
0.308546
0.308546
0.308576
0.308580
0.308582
0.308580
0.308580
0.308578
0.308586
0.308589
0.308589
0.308587
0.308585
0.308585
0.308592
0.308603
0.308603
0.308599
0.308599
0.308599
0.308598
0.308597
0.308597
0.308597
0.308597
0.308597
0.308598
0.308598
0.308598
0.308598
0.308598
0.308598
0.308596
0.308596
0.308596
0.308592
0.308600
0.308600
0.308600
0.308607
0.308593
0.308593
0.308595
0.308601
0.308602
0.308601
0.308611
0.308610
0.308611
0.308611
0.308604
0.308598
0.308598
0.308598
0.308598
0.308609
0.308596
0.308594
0.308594
0.308596
0.308596
0.308603
0.308604
0.308603
0.308606
0.308605
0.308605
0.308601
0.308601
0.308601
0.308601
0.308605
0.308599
0.308602
0.308602
0.308602
0.308601
0.308595
0.308603
0.308602
0.308599
0.308599
0.308607
0.308607
0.308614
0.308615
0.308619
0.308614
0.308610
0.308610
0.308612
0.308613
0.308618
0.308618
0.308616
0.308616
0.308613
0.308615
0.308624
0.308630
0.308630
0.308622
0.308622
0.308621
0.308617
0.308625
0.308630
0.308630
0.308627
0.308630
0.308633
0.308631
0.308636
0.308636
0.308629
0.308631
0.308631
0.308635
0.308637
0.308639
0.308639
0.308655
0.308652
0.308651
0.308651
0.308650
0.308640
0.308640
0.308640
0.308638
0.308644
0.308644
0.308638
0.308639
0.308639
0.308630
0.308630
0.308642
0.308642
0.308642
0.308642
0.308639
0.308639
0.308637
0.308638
0.308629
0.308622
0.308620
0.308623
0.308632
0.308641
0.308641
0.308640
0.308640
0.308615
0.308642
0.308642
0.308642
0.308640
0.308640
0.308638
0.308638
0.308638
0.308657
0.308655
0.308655
0.308654
0.308644
0.308644
0.308652
0.308647
0.308647
0.308644
0.308654
0.308656
0.308656
0.308656
0.308663
0.308662
0.308659
0.308659
0.308659
0.308659
0.308659
0.308664
0.308666
0.308665
0.308663
0.308654
0.308646
0.308646
0.308637
0.308652
0.308671
0.308673
0.308673
0.308678
0.308666
0.308666
0.308675
0.308675
0.308685
0.308685
0.308685
0.308685
0.308686
0.308686
0.308686
0.308684
0.308686
0.308684
0.308684
0.308687
0.308685
0.308685
0.308685
0.308685
0.308699
0.308688
0.308681
0.308681
0.308690
0.308690
0.308700
0.308702
0.308714
0.308714
0.308708
0.308708
0.308706
0.308708
0.308708
0.308708
0.308708
0.308712
0.308712
0.308712
0.308712
0.308712
0.308711
0.308713
0.308713
0.308713
0.308713
0.308717
0.308716
0.308716
0.308716
0.308716
0.308717
0.308717
0.308709
0.308724
0.308725
0.308729
0.308728
0.308728
0.308728
0.308726
0.308729
0.308730
0.308731
0.308731
0.308727
0.308721
0.308721
0.308721
0.308730
0.308738
0.308740
0.308740
0.308740
0.308755
0.308754
0.308752
0.308752
0.308767
0.308752
0.308748
0.308748
0.308748
0.308748
0.308748
0.308741
0.308744
0.308752
0.308746
0.308746
0.308749
0.308754
0.308754
0.308754
0.308754
0.308747
0.308749
0.308741
0.308741
0.308741
0.308744
0.308744
0.308744
0.308745
0.308745
0.308750
0.308750
0.308751
0.308754
0.308754
0.308754
0.308757
0.308734
0.308742
0.308754
0.308754
0.308756
0.308761
0.308767
0.308764
0.308752
0.308752
0.308753
0.308758
0.308772
0.308772
0.308772
0.308775
0.308763
0.308763
0.308759
0.308759
0.308763
0.308763
0.308763
0.308763
0.308763
0.308762
0.308762
0.308759
0.308759
0.308759
0.308760
0.308760
0.308761
0.308761
0.308755
0.308755
0.308759
0.308759
0.308760
0.308763
0.308764
0.308766
0.308766
0.308766
0.308767
0.308770
0.308774
0.308774
0.308775
0.308775
0.308767
0.308780
0.308780
0.308786
0.308789
0.308788
0.308796
0.308799
0.308797
0.308797
0.308800
0.308800
0.308799
0.308796
0.308796
0.308795
0.308797
0.308798
0.308799
0.308799
0.308800
0.308800
0.308800
0.308800
0.308804
0.308804
0.308804
0.308799
0.308800
0.308800
0.308798
0.308798
0.308804
0.308803
0.308804
0.308804
0.308806
0.308806
0.308813
0.308805
0.308805
0.308805
0.308803
0.308805
0.308805
0.308805
0.308808
0.308808
0.308808
0.308810
0.308803
0.308803
0.308803
0.308803
0.308809
0.308809
0.308809
0.308809
0.308809
0.308809
0.308809
0.308809
0.308806
0.308806
0.308806
0.308793
0.308797
0.308799
0.308799
0.308819
0.308802
0.308810
0.308810
0.308814
0.308814
0.308817
0.308817
0.308817
0.308811
0.308811
0.308810
0.308811
0.308812
0.308812
0.308804
0.308791
0.308797
0.308797
0.308815
0.308832
0.308832
0.308833
0.308833
0.308834
0.308832
0.308832
0.308832
0.308820
0.308820
0.308832
0.308842
0.308840
0.308839
0.308844
0.308841
0.308835
0.308830
0.308830
0.308830
0.308830
0.308830
0.308830
0.308835
0.308835
0.308835
0.308835
0.308838
0.308838
0.308839
0.308841
0.308841
0.308841
0.308842
0.308842
0.308835
0.308834
0.308834
0.308835
0.308849
0.308849
0.308848
0.308843
0.308864
0.308863
0.308854
0.308854
0.308854
0.308860
0.308850
0.308854
0.308853
0.308853
0.308853
0.308853
0.308857
0.308857
0.308857
0.308857
0.308844
0.308844
0.308844
0.308849
0.308849
0.308864
0.308885
0.308897
0.308897
0.308893
0.308904
0.308923
0.308923
0.308923
0.308916
0.308918
0.308918
0.308917
0.308935
0.308939
0.308938
0.308937
0.308938
0.308927
0.308933
0.308939
0.308939
0.308952
0.308949
0.308949
0.308932
0.308934
0.308939
0.308937
0.308937
0.308937
0.308947
0.308947
0.308943
0.308946
0.308944
0.308945
0.308950
0.308950
0.308952
0.308952
0.308952
0.308953
0.308953
0.308953
0.308953
0.308952
0.308952
0.308950
0.308950
0.308950
0.308950
0.308948
0.308948
0.308958
0.308958
0.308959
0.308959
0.308959
0.308961
0.308958
0.308958
0.308944
0.308950
0.308950
0.308948
0.308969
0.308970
0.308965
0.308965
0.308965
0.308965
0.308964
0.308961
0.308973
0.308972
0.308970
0.308973
0.308973
0.308966
0.308966
0.308955
0.308955
0.308957
0.308956
0.308964
0.308964
0.308964
0.308964
0.308964
0.308964
0.308964
0.308964
0.308964
0.308964
0.308964
0.308967
0.308967
0.308962
0.308962
0.308962
0.308961
0.308972
0.308972
0.308971
0.308973
0.308972
0.308973
0.308973
0.308974
0.308974
0.308974
0.308974
0.308974
0.308974
0.308974
0.308974
0.308974
0.308974
0.308984
0.308984
0.308985
0.308987
0.308987
0.308987
0.308987
0.308996
0.308996
0.308996
0.308996
0.308996
0.308996
0.308998
0.308993
0.308993
0.308996
0.308996
0.308996
0.308997
0.308995
0.308992
0.308992
0.308992
0.308993
0.308993
0.308993
0.308993
0.308989
0.308989
0.308989
0.308992
0.308992
0.308992
0.308998
0.308998
0.308998
0.309002
0.309002
0.309002
0.309000
0.309002
0.309002
0.309002
0.309002
0.309007
0.309007
0.309007
0.309007
0.309007
0.309007
0.309002
0.309003
0.309003
0.309003
0.309003
0.309002
0.309002
0.309002
0.309010
0.309010
0.309005
0.308996
0.308992
0.308991
0.308991
0.308994
0.308990
0.308987
0.308992
0.308998
0.308998
0.308999
0.308999
0.309001
0.309001
0.309000
0.309000
0.309000
0.309000
0.309000
0.308999
0.308999
0.309002
0.308999
0.308999
0.309013
0.309012
0.309012
0.309012
0.309007
0.309007
0.309021
0.309022
0.309024
0.309029
0.309035
0.309035
0.309035
0.309035
0.309036
0.309035
0.309034
0.309034
0.309037
0.309043
0.309043
0.309035
0.309033
0.309032
0.309025
0.309025
0.309035
0.309035
0.309035
0.309035
0.309038
0.309034
0.309037
0.309037
0.309037
0.309042
0.309042
0.309045
0.309045
0.309045
0.309044
0.309044
0.309044
0.309044
0.309040
0.309027
0.309026
0.309026
0.309026
0.309038
0.309038
0.309028
0.309031
0.309031
0.309030
0.309030
0.309033
0.309029
0.309033
0.309031
0.309045
0.309044
0.309041
0.309040
0.309040
0.309041
0.309041
0.309044
0.309044
0.309044
0.309040
0.309040
0.309040
0.309040
0.309035
0.309036
0.309036
0.309036
0.309034
0.309037
0.309037
0.309039
0.309039
0.309041
0.309040
0.309040
0.309040
0.309022
0.309023
0.309033
0.309033
0.309036
0.309036
0.309033
0.309029
0.309036
0.309039
0.309042
0.309041
0.309043
0.309041
0.309039
0.309042
0.309044
0.309045
0.309045
0.309045
0.309047
0.309047
0.309047
0.309047
0.309047
0.309047
0.309044
0.309044
0.309047
0.309047
0.309047
0.309047
0.309050
0.309048
0.309055
0.309060
0.309042
0.309048
0.309045
0.309045
0.309045
0.309045
0.309045
0.309041
0.309041
0.309041
0.309041
0.309041
0.309041
0.309044
0.309044
0.309037
0.309037
0.309037
0.309028
0.309028
0.309028
0.309031
0.309042
0.309036
0.309036
0.309036
0.309036
0.309044
0.309044
0.309044
0.309044
0.309015
0.309015
0.309015
0.309007
0.309040
0.309041
0.309041
0.309041
0.309037
0.309041
0.309041
0.309041
0.309041
0.309042
0.309042
0.309044
0.309044
0.309044
0.309044
0.309045
0.309045
0.309042
0.309044
0.309044
0.309050
0.309050
0.309050
0.309041
0.309041
0.309041
0.309041
0.309041
0.309041
0.309041
0.309041
0.309041
0.309055
0.309037
0.309037
0.309033
0.309033
0.309033
0.309054
0.309054
0.309054
0.309054
0.309054
0.309052
0.309051
0.309051
0.309051
0.309054
0.309056
0.309056
0.309051
0.309051
0.309050
0.309053
0.309059
0.309059
0.309061
0.309061
0.309061
0.309061
0.309053
0.309052
0.309045
0.309050
0.309050
0.309050
0.309050
0.309061
0.309061
0.309064
0.309064
0.309062
0.309062
0.309068
0.309068
0.309074
0.309073
0.309073
0.309073
0.309074
0.309072
0.309070
0.309073
0.309073
0.309073
0.309073
0.309073
0.309073
0.309070
0.309064
0.309072
0.309078
0.309078
0.309075
0.309075
0.309075
0.309076
0.309077
0.309080
0.309078
0.309078
0.309070
0.309070
0.309073
0.309073
0.309076
0.309078
0.309075
0.309075
0.309083
0.309090
0.309086
0.309087
0.309072
0.309078
0.309086
0.309086
0.309086
0.309087
0.309087
0.309087
0.309087
0.309089
0.309084
0.309084
0.309063
0.309063
0.309063
0.309065
0.309067
0.309067
0.309086
0.309086
0.309086
0.309088
0.309088
0.309097
0.309096
0.309109
0.309107
0.309106
0.309107
0.309119
0.309125
0.309125
0.309125
0.309114
0.309117
0.309118
0.309123
0.309126
0.309126
0.309126
0.309128
0.309129
0.309129
0.309129
0.309125
0.309142
0.309142
0.309142
0.309142
0.309142
0.309142
0.309136
0.309136
0.309135
0.309135
0.309135
0.309135
0.309135
0.309135
0.309126
0.309125
0.309125
0.309125
0.309132
0.309132
0.309132
0.309134
0.309135
0.309135
0.309142
0.309142
0.309138
0.309143
0.309143
0.309142
0.309142
0.309134
0.309134
0.309134
0.309135
0.309135
0.309135
0.309135
0.309124
0.309125
0.309123
0.309134
0.309132
0.309132
0.309122
0.309122
0.309122
0.309122
0.309122
0.309122
0.309132
0.309132
0.309129
0.309129
0.309129
0.309129
0.309125
0.309127
0.309127
0.309125
0.309125
0.309133
0.309133
0.309134
0.309137
0.309137
0.309137
0.309150
0.309144
0.309141
0.309141
0.309139
0.309139
0.309149
0.309153
0.309153
0.309153
0.309164
0.309164
0.309164
0.309164
0.309167
0.309167
0.309157
0.309159
0.309159
0.309166
0.309166
0.309166
0.309171
0.309171
0.309171
0.309167
0.309170
0.309170
0.309170
0.309170
0.309165
0.309165
0.309167
0.309167
0.309167
0.309172
0.309172
0.309172
0.309172
0.309172
0.309172
0.309173
0.309173
0.309170
0.309170
0.309170
0.309167
0.309171
0.309175
0.309170
0.309169
0.309169
0.309167
0.309167
0.309170
0.309170
0.309166
0.309159
0.309159
0.309161
0.309161
0.309158
0.309170
0.309170
0.309170
0.309173
0.309177
0.309168
0.309165
0.309165
0.309166
0.309169
0.309170
0.309170
0.309170
0.309161
0.309169
0.309174
0.309174
0.309177
0.309165
0.309170
0.309181
0.309181
0.309181
0.309178
0.309193
0.309193
0.309193
0.309198
0.309194
0.309191
0.309183
0.309176
0.309176
0.309176
0.309189
0.309191
0.309192
0.309192
0.309178
0.309178
0.309181
0.309181
0.309179
0.309179
0.309179
0.309180
0.309180
0.309182
0.309182
0.309167
0.309168
0.309168
0.309168
0.309171
0.309161
0.309171
0.309173
0.309174
0.309178
0.309178
0.309178
0.309178
0.309178
0.309178
0.309178
0.309173
0.309170
0.309168
0.309168
0.309173
0.309175
0.309175
0.309175
0.309175
0.309173
0.309171
0.309171
0.309171
0.309171
0.309171
0.309171
0.309171
0.309171
0.309164
0.309161
0.309156
0.309156
0.309163
0.309174
0.309174
0.309174
0.309174
0.309182
0.309182
0.309182
0.309182
0.309182
0.309178
0.309189
0.309189
0.309189
0.309189
0.309188
0.309188
0.309190
0.309193
0.309193
0.309193
0.309193
0.309195
0.309193
0.309193
0.309191
0.309193
0.309193
0.309192
0.309218
0.309218
0.309218
0.309219
0.309225
0.309226
0.309231
0.309224
0.309228
0.309227
0.309227
0.309227
0.309227
0.309227
0.309229
0.309229
0.309229
0.309229
0.309229
0.309233
0.309233
0.309233
0.309233
0.309238
0.309232
0.309233
0.309236
0.309235
0.309226
0.309225
0.309225
0.309225
0.309235
0.309240
0.309242
0.309242
0.309232
0.309230
0.309230
0.309234
0.309234
0.309234
0.309234
0.309234
0.309239
0.309242
0.309243
0.309243
0.309244
0.309235
0.309234
0.309234
0.309234
0.309237
0.309248
0.309243
0.309243
0.309238
0.309239
0.309244
0.309244
0.309244
0.309237
0.309237
0.309237
0.309245
0.309245
0.309251
0.309250
0.309250
0.309254
0.309255
0.309255
0.309255
0.309254
0.309256
0.309256
0.309256
0.309256
0.309257
0.309257
0.309257
0.309256
0.309256
0.309256
0.309261
0.309263
0.309263
0.309263
0.309266
0.309266
0.309267
0.309267
0.309267
0.309267
0.309254
0.309254
0.309256
0.309256
0.309252
0.309260
0.309263
0.309263
0.309263
0.309265
0.309265
0.309265
0.309265
0.309265
0.309265
0.309263
0.309268
0.309268
0.309268
0.309268
0.309260
0.309256
0.309256
0.309259
0.309259
0.309269
0.309269
0.309270
0.309268
0.309268
0.309270
0.309263
0.309269
0.309264
0.309264
0.309264
0.309263
0.309269
0.309269
0.309269
0.309269
0.309272
0.309273
0.309274
0.309275
0.309275
0.309277
0.309277
0.309277
0.309285
0.309285
0.309285
0.309281
0.309290
0.309300
0.309300
0.309298
0.309300
0.309301
0.309301
0.309303
0.309303
0.309303
0.309294
0.309294
0.309296
0.309290
0.309302
0.309298
0.309298
0.309295
0.309295
0.309290
0.309292
0.309298
0.309298
0.309298
0.309292
0.309299
0.309301
0.309296
0.309296
0.309302
0.309302
0.309302
0.309306
0.309308
0.309316
0.309316
0.309317
0.309319
0.309316
0.309318
0.309322
0.309322
0.309322
0.309322
0.309311
0.309311
0.309311
0.309308
0.309308
0.309308
0.309316
0.309308
0.309308
0.309308
0.309308
0.309308
0.309309
0.309325
0.309330
0.309330
0.309328
0.309328
0.309327
0.309312
0.309312
0.309311
0.309313
0.309314
0.309314
0.309326
0.309321
0.309321
0.309323
0.309323
0.309328
0.309328
0.309333
0.309336
0.309336
0.309338
0.309338
0.309338
0.309338
0.309338
0.309339
0.309339
0.309336
0.309336
0.309339
0.309339
0.309339
0.309339
0.309339
0.309344
0.309343
0.309343
0.309336
0.309344
0.309344
0.309344
0.309344
0.309341
0.309343
0.309340
0.309344
0.309344
0.309345
0.309345
0.309350
0.309352
0.309355
0.309355
0.309359
0.309364
0.309366
0.309350
0.309350
0.309350
0.309353
0.309351
0.309354
0.309357
0.309362
0.309361
0.309349
0.309350
0.309350
0.309350
0.309351
0.309355
0.309360
0.309360
0.309360
0.309360
0.309360
0.309360
0.309360
0.309352
0.309352
0.309347
0.309348
0.309348
0.309345
0.309345
0.309356
0.309356
0.309356
0.309355
0.309355
0.309355
0.309341
0.309338
0.309338
0.309338
0.309345
0.309351
0.309352
0.309352
0.309350
0.309353
0.309353
0.309350
0.309350
0.309349
0.309346
0.309346
0.309346
0.309379
0.309381
0.309381
0.309376
0.309376
0.309376
0.309376
0.309377
0.309377
0.309377
0.309376
0.309376
0.309380
0.309379
0.309379
0.309379
0.309381
0.309381
0.309381
0.309376
0.309376
0.309376
0.309379
0.309379
0.309379
0.309378
0.309378
0.309373
0.309364
0.309366
0.309370
0.309370
0.309368
0.309373
0.309373
0.309373
0.309373
0.309376
0.309375
0.309375
0.309383
0.309383
0.309383
0.309383
0.309389
0.309389
0.309384
0.309390
0.309390
0.309390
0.309389
0.309388
0.309391
0.309391
0.309391
0.309391
0.309394
0.309393
0.309393
0.309393
0.309393
0.309393
0.309393
0.309393
0.309393
0.309393
0.309389
0.309389
0.309403
0.309403
0.309411
0.309412
0.309421
0.309410
0.309410
0.309405
0.309403
0.309403
0.309407
0.309407
0.309407
0.309408
0.309384
0.309389
0.309389
0.309389
0.309388
0.309387
0.309387
0.309398
0.309412
0.309414
0.309414
0.309413
0.309413
0.309413
0.309404
0.309404
0.309403
0.309403
0.309401
0.309407
0.309411
0.309411
0.309393
0.309406
0.309405
0.309405
0.309404
0.309403
0.309403
0.309412
0.309412
0.309412
0.309411
0.309411
0.309405
0.309405
0.309402
0.309403
0.309403
0.309407
0.309407
0.309398
0.309398
0.309398
0.309396
0.309396
0.309396
0.309396
0.309401
0.309402
0.309402
0.309405
0.309405
0.309390
0.309390
0.309390
0.309390
0.309388
0.309388
0.309401
0.309402
0.309402
0.309402
0.309402
0.309401
0.309401
0.309403
0.309410
0.309429
0.309429
0.309429
0.309428
0.309428
0.309428
0.309428
0.309428
0.309428
0.309429
0.309426
0.309431
0.309431
0.309431
0.309435
0.309434
0.309435
0.309435
0.309435
0.309435
0.309435
0.309435
0.309435
0.309431
0.309434
0.309434
0.309434
0.309434
0.309429
0.309429
0.309429
0.309433
0.309433
0.309433
0.309433
0.309433
0.309434
0.309434
0.309434
0.309426
0.309435
0.309436
0.309436
0.309436
0.309438
0.309445
0.309437
0.309437
0.309436
0.309436
0.309438
0.309438
0.309438
0.309439
0.309439
0.309439
0.309439
0.309439
0.309439
0.309443
0.309443
0.309443
0.309440
0.309440
0.309447
0.309461
0.309459
0.309459
0.309454
0.309455
0.309446
0.309446
0.309445
0.309443
0.309449
0.309455
0.309459
0.309461
0.309467
0.309467
0.309477
0.309476
0.309477
0.309478
0.309479
0.309477
0.309478
0.309478
0.309463
0.309464
0.309464
0.309470
0.309470
0.309469
0.309469
0.309464
0.309461
0.309461
0.309458
0.309458
0.309458
0.309468
0.309468
0.309461
0.309461
0.309461
0.309463
0.309468
0.309468
0.309468
0.309468
0.309468
0.309468
0.309468
0.309468
0.309468
0.309468
0.309468
0.309468
0.309468
0.309468
0.309465
0.309461
0.309453
0.309463
0.309463
0.309472
0.309473
0.309472
0.309485
0.309484
0.309481
0.309481
0.309477
0.309478
0.309478
0.309485
0.309488
0.309488
0.309486
0.309486
0.309486
0.309486
0.309488
0.309489
0.309486
0.309485
0.309485
0.309486
0.309486
0.309491
0.309493
0.309499
0.309499
0.309498
0.309503
0.309507
0.309505
0.309505
0.309505
0.309508
0.309508
0.309507
0.309511
0.309511
0.309506
0.309506
0.309508
0.309508
0.309506
0.309506
0.309506
0.309506
0.309486
0.309486
0.309486
0.309486
0.309505
0.309514
0.309523
0.309522
0.309522
0.309522
0.309525
0.309525
0.309525
0.309526
0.309518
0.309518
0.309524
0.309524
0.309524
0.309523
0.309523
0.309524
0.309522
0.309522
0.309523
0.309523
0.309523
0.309543
0.309543
0.309546
0.309550
0.309544
0.309544
0.309545
0.309546
0.309546
0.309546
0.309546
0.309546
0.309541
0.309541
0.309542
0.309558
0.309558
0.309561
0.309561
0.309561
0.309565
0.309560
0.309559
0.309559
0.309563
0.309563
0.309559
0.309559
0.309557
0.309557
0.309567
0.309567
0.309565
0.309555
0.309554
0.309554
0.309565
0.309565
0.309568
0.309567
0.309562
0.309562
0.309566
0.309566
0.309551
0.309562
0.309562
0.309562
0.309564
0.309564
0.309564
0.309566
0.309566
0.309566
0.309566
0.309566
0.309569
0.309569
0.309579
0.309579
0.309578
0.309580
0.309580
0.309599
0.309599
0.309599
0.309593
0.309586
0.309586
0.309586
0.309586
0.309588
0.309588
0.309587
0.309587
0.309587
0.309589
0.309589
0.309589
0.309589
0.309589
0.309587
0.309587
0.309590
0.309590
0.309593
0.309597
0.309597
0.309597
0.309594
0.309594
0.309606
0.309606
0.309610
0.309611
0.309609
0.309616
0.309619
0.309619
0.309619
0.309619
0.309619
0.309619
0.309619
0.309619
0.309619
0.309619
0.309619
0.309618
0.309624
0.309624
0.309625
0.309624
0.309624
0.309624
0.309624
0.309624
0.309620
0.309620
0.309622
0.309622
0.309621
0.309621
0.309621
0.309612
0.309615
0.309615
0.309620
0.309620
0.309615
0.309618
0.309618
0.309635
0.309635
0.309631
0.309632
0.309633
0.309633
0.309633
0.309631
0.309633
0.309626
0.309628
0.309628
0.309628
0.309628
0.309629
0.309629
0.309629
0.309625
0.309621
0.309621
0.309621
0.309621
0.309621
0.309621
0.309621
0.309623
0.309627
0.309630
0.309632
0.309632
0.309629
0.309628
0.309628
0.309612
0.309624
0.309624
0.309619
0.309614
0.309614
0.309609
0.309611
0.309611
0.309611
0.309614
0.309614
0.309621
0.309620
0.309620
0.309620
0.309620
0.309620
0.309620
0.309618
0.309619
0.309619
0.309620
0.309622
0.309626
0.309626
0.309626
0.309626
0.309626
0.309626
0.309626
0.309630
0.309630
0.309622
0.309622
0.309622
0.309623
0.309623
0.309629
0.309629
0.309632
0.309635
0.309635
0.309635
0.309632
0.309632
0.309636
0.309636
0.309636
0.309632
0.309633
0.309639
0.309639
0.309639
0.309639
0.309642
0.309640
0.309634
0.309644
0.309642
0.309642
0.309646
0.309646
0.309656
0.309657
0.309658
0.309656
0.309657
0.309661
0.309661
0.309672
0.309672
0.309671
0.309673
0.309673
0.309673
0.309673
0.309673
0.309673
0.309673
0.309673
0.309673
0.309673
0.309673
0.309673
0.309673
0.309673
0.309673
0.309673
0.309673
0.309673
0.309673
0.309673
0.309676
0.309667
0.309669
0.309683
0.309683
0.309683
0.309687
0.309684
0.309684
0.309684
0.309682
0.309686
0.309679
0.309679
0.309679
0.309679
0.309686
0.309688
0.309691
0.309690
0.309690
0.309690
0.309689
0.309692
0.309695
0.309695
0.309700
0.309700
0.309697
0.309697
0.309697
0.309697
0.309697
0.309697
0.309688
0.309688
0.309688
0.309694
0.309690
0.309690
0.309690
0.309690
0.309694
0.309690
0.309690
0.309690
0.309695
0.309695
0.309694
0.309694
0.309695
0.309695
0.309695
0.309696
0.309696
0.309696
0.309696
0.309696
0.309696
0.309696
0.309696
0.309696
0.309696
0.309696
0.309696
0.309696
0.309697
0.309697
0.309690
0.309690
0.309690
0.309690
0.309686
0.309686
0.309688
0.309694
0.309694
0.309694
0.309694
0.309694
0.309697
0.309697
0.309697
0.309696
0.309694
0.309691
0.309679
0.309678
0.309680
0.309682
0.309682
0.309682
0.309690
0.309690
0.309682
0.309677
0.309677
0.309669
0.309669
0.309671
0.309671
0.309676
0.309675
0.309675
0.309676
0.309675
0.309681
0.309681
0.309681
0.309677
0.309677
0.309677
0.309686
0.309686
0.309686
0.309686
0.309685
0.309685
0.309685
0.309685
0.309685
0.309685
0.309685
0.309685
0.309677
0.309678
0.309672
0.309673
0.309675
0.309678
0.309683
0.309689
0.309690
0.309690
0.309690
0.309690
0.309694
0.309694
0.309694
0.309698
0.309698
0.309698
0.309695
0.309696
0.309688
0.309688
0.309688
0.309688
0.309692
0.309692
0.309692
0.309691
0.309699
0.309694
0.309694
0.309693
0.309684
0.309684
0.309680
0.309687
0.309694
0.309694
0.309694
0.309699
0.309700
0.309699
0.309696
0.309697
0.309699
0.309706
0.309706
0.309705
0.309703
0.309703
0.309703
0.309703
0.309703
0.309703
0.309711
0.309711
0.309710
0.309704
0.309704
0.309704
0.309704
0.309704
0.309709
0.309709
0.309709
0.309711
0.309710
0.309708
0.309708
0.309708
0.309711
0.309711
0.309710
0.309710
0.309711
0.309711
0.309712
0.309710
0.309709
0.309709
0.309716
0.309717
0.309716
0.309716
0.309716
0.309716
0.309715
0.309715
0.309715
0.309715
0.309721
0.309722
0.309719
0.309718
0.309718
0.309719
0.309719
0.309719
0.309719
0.309724
0.309723
0.309723
0.309723
0.309723
0.309725
0.309725
0.309725
0.309726
0.309726
0.309727
0.309727
0.309727
0.309727
0.309726
0.309725
0.309724
0.309724
0.309724
0.309725
0.309728
0.309729
0.309728
0.309728
0.309728
0.309728
0.309731
0.309735
0.309735
0.309735
0.309735
0.309735
0.309736
0.309736
0.309736
0.309736
0.309736
0.309733
0.309733
0.309734
0.309720
0.309720
0.309720
0.309720
0.309720
0.309720
0.309726
0.309726
0.309726
0.309720
0.309727
0.309727
0.309727
0.309727
0.309727
0.309727
0.309727
0.309722
0.309722
0.309722
0.309724
0.309724
0.309724
0.309724
0.309728
0.309727
0.309727
0.309729
0.309729
0.309730
0.309730
0.309726
0.309726
0.309720
0.309720
0.309720
0.309720
0.309720
0.309720
0.309725
0.309725
0.309725
0.309726
0.309731
0.309731
0.309731
0.309731
0.309733
0.309730
0.309745
0.309745
0.309745
0.309745
0.309745
0.309745
0.309745
0.309745
0.309745
0.309745
0.309745
0.309745
0.309745
0.309745
0.309745
0.309745
0.309745
0.309745
0.309745
0.309745
0.309745
0.309745
0.309745
0.309745
0.309745
0.309745
0.309745
0.309747
0.309742
0.309746
0.309750
0.309750
0.309749
0.309749
0.309749
0.309749
0.309749
0.309752
0.309743
0.309741
0.309741
0.309740
0.309745
0.309753
0.309753
0.309755
0.309754
0.309753
0.309753
0.309752
0.309752
0.309749
0.309749
0.309749
0.309749
0.309753
0.309752
0.309752
0.309752
0.309744
0.309749
0.309749
0.309749
0.309749
0.309751
0.309751
0.309751
0.309751
0.309751
0.309747
0.309747
0.309747
0.309747
0.309747
0.309747
0.309747
0.309747
0.309746
0.309746
0.309744
0.309747
0.309747
0.309748
0.309748
0.309748
0.309748
0.309748
0.309748
0.309748
0.309748
0.309747
0.309747
0.309747
0.309747
0.309747
0.309747
0.309751
0.309751
0.309751
0.309751
0.309751
0.309755
0.309755
0.309755
0.309749
0.309763
0.309770
0.309770
0.309771
0.309776
0.309776
0.309779
0.309779
0.309779
0.309779
0.309779
0.309780
0.309780
0.309778
0.309779
0.309779
0.309782
0.309783
0.309783
0.309784
0.309784
0.309784
0.309784
0.309784
0.309784
0.309784
0.309784
0.309784
0.309779
0.309779
0.309779
0.309779
0.309783
0.309783
0.309781
0.309790
0.309788
0.309789
0.309789
0.309801
0.309797
0.309797
0.309794
0.309789
0.309785
0.309789
0.309788
0.309788
0.309783
0.309782
0.309791
0.309795
0.309798
0.309798
0.309812
0.309809
0.309809
0.309810
0.309815
0.309816
0.309816
0.309813
0.309813
0.309811
0.309811
0.309815
0.309815
0.309818
0.309819
0.309819
0.309819
0.309819
0.309819
0.309819
0.309819
0.309818
0.309818
0.309819
0.309821
0.309821
0.309822
0.309822
0.309821
0.309821
0.309821
0.309818
0.309818
0.309818
0.309819
0.309822
0.309823
0.309820
0.309816
0.309816
0.309827
0.309827
0.309831
0.309831
0.309828
0.309840
0.309841
0.309842
0.309842
0.309837
0.309837
0.309845
0.309847
0.309847
0.309847
0.309847
0.309847
0.309846
0.309846
0.309837
0.309835
0.309835
0.309837
0.309841
0.309843
0.309843
0.309843
0.309845
0.309850
0.309850
0.309848
0.309848
0.309851
0.309854
0.309855
0.309855
0.309855
0.309855
0.309854
0.309855
0.309855
0.309855
0.309855
0.309855
0.309855
0.309856
0.309856
0.309852
0.309859
0.309864
0.309859
0.309859
0.309865
0.309866
0.309866
0.309866
0.309864
0.309868
0.309868
0.309868
0.309867
0.309868
0.309875
0.309876
0.309876
0.309875
0.309875
0.309875
0.309867
0.309867
0.309867
0.309867
0.309867
0.309871
0.309871
0.309871
0.309871
0.309870
0.309881
0.309881
0.309875
0.309875
0.309880
0.309880
0.309880
0.309880
0.309880
0.309882
0.309880
0.309880
0.309877
0.309877
0.309884
0.309888
0.309885
0.309885
0.309890
0.309890
0.309887
0.309888
0.309894
0.309894
0.309883
0.309883
0.309883
0.309883
0.309883
0.309883
0.309892
0.309888
0.309888
0.309899
0.309899
0.309905
0.309905
0.309905
0.309905
0.309905
0.309904
0.309904
0.309900
0.309900
0.309899
0.309901
0.309901
0.309901
0.309903
0.309918
0.309921
0.309913
0.309906
0.309911
0.309909
0.309921
0.309914
0.309914
0.309921
0.309921
0.309921
0.309921
0.309919
0.309919
0.309919
0.309919
0.309937
0.309937
0.309937
0.309937
0.309937
0.309937
0.309937
0.309937
0.309937
0.309937
0.309934
0.309945
0.309945
0.309944
0.309946
0.309951
0.309949
0.309954
0.309956
0.309957
0.309951
0.309951
0.309964
0.309962
0.309962
0.309962
0.309964
0.309964
0.309965
0.309967
0.309967
0.309965
0.309965
0.309965
0.309965
0.309965
0.309962
0.309965
0.309965
0.309965
0.309965
0.309968
0.309969
0.309969
0.309976
0.309977
0.309978
0.309978
0.309978
0.309979
0.309975
0.309975
0.309975
0.309975
0.309977
0.309980
0.309980
0.309980
0.309980
0.309980
0.309980
0.309980
0.309971
0.309977
0.309977
0.309979
0.309976
0.309976
0.309973
0.309982
0.309981
0.309983
0.309982
0.309982
0.309982
0.309982
0.309981
0.309987
0.309987
0.309987
0.309989
0.309987
0.309986
0.309986
0.309989
0.309992
0.309992
0.309995
0.309992
0.309992
0.309992
0.309992
0.309992
0.309992
0.309992
0.309991
0.309991
0.309991
0.309991
0.309991
0.309991
0.309991
0.309991
0.309991
0.309991
0.309988
0.309988
0.309988
0.309988
0.309988
0.309988
0.309989
0.309989
0.309989
0.309990
0.309990
0.309990
0.309990
0.309991
0.309991
0.309991
0.309998
0.309998
0.309998
0.309998
0.309998
0.309998
0.310003
0.310001
0.310001
0.310001
0.310001
0.310001
0.310001
0.310005
0.310005
0.310005
0.310001
0.310001
0.310001
0.310009
0.310009
0.310008
0.310005
0.310005
0.310005
0.310005
0.310005
0.310008
0.310008
0.310008
0.310007
0.310010
0.310010
0.310009
0.310005
0.310005
0.310007
0.310013
0.310013
0.310013
0.310013
0.310012
0.310012
0.310012
0.310012
0.310012
0.310012
0.310012
0.310012
0.310012
0.310010
0.310010
0.310010
0.310010
0.310006
0.310006
0.310010
0.310005
0.310005
0.310005
0.310005
0.310010
0.310010
0.310010
0.310015
0.310015
0.310015
0.310015
0.310015
0.310015
0.310015
0.310021
0.310021
0.310013
0.310013
0.310013
0.310008
0.310008
0.310004
0.310005
0.310010
0.310010
0.310010
0.310010
0.310009
0.310009
0.310015
0.310015
0.310015
0.310015
0.310015
0.310013
0.310015
0.310016
0.310021
0.310021
0.310021
0.310022
0.310027
0.310027
0.310024
0.310025
0.310025
0.310027
0.310027
0.310030
0.310030
0.310030
0.310016
0.310016
0.310020
0.310020
0.310029
0.310028
0.310028
0.310036
0.310036
0.310036
0.310036
0.310036
0.310036
0.310032
0.310032
0.310026
0.310026
0.310025
0.310030
0.310030
0.310035
0.310035
0.310033
0.310034
0.310035
0.310035
0.310037
0.310037
0.310049
0.310049
0.310049
0.310049
0.310036
0.310045
0.310045
0.310045
0.310045
0.310045
0.310044
0.310044
0.310043
0.310043
0.310043
0.310043
0.310043
0.310043
0.310043
0.310043
0.310043
0.310045
0.310044
0.310034
0.310034
0.310038
0.310038
0.310038
0.310040
0.310040
0.310040
0.310042
0.310042
0.310042
0.310042
0.310042
0.310042
0.310042
0.310042
0.310040
0.310040
0.310040
0.310040
0.310040
0.310040
0.310040
0.310042
0.310042
0.310042
0.310042
0.310042
0.310042
0.310041
0.310041
0.310039
0.310040
0.310040
0.310039
0.310039
0.310039
0.310042
0.310042
0.310040
0.310040
0.310036
0.310036
0.310036
0.310036
0.310039
0.310039
0.310039
0.310039
0.310039
0.310038
0.310038
0.310038
0.310038
0.310034
0.310034
0.310034
0.310034
0.310034
0.310039
0.310039
0.310039
0.310039
0.310039
0.310033
0.310033
0.310033
0.310039
0.310039
0.310043
0.310042
0.310042
0.310042
0.310042
0.310042
0.310042
0.310042
0.310042
0.310043
0.310043
0.310043
0.310043
0.310043
0.310043
0.310043
0.310054
0.310054
0.310054
0.310054
0.310054
0.310051
0.310051
0.310051
0.310051
0.310051
0.310056
0.310057
0.310057
0.310057
0.310057
0.310057
0.310057
0.310055
0.310057
0.310057
0.310056
0.310057
0.310057
0.310057
0.310056
0.310059
0.310061
0.310061
0.310061
0.310051
0.310055
0.310055
0.310055
0.310055
0.310054
0.310054
0.310067
0.310067
0.310068
0.310068
0.310068
0.310068
0.310057
0.310058
0.310057
0.310057
0.310057
0.310057
0.310059
0.310059
0.310059
0.310068
0.310065
0.310065
0.310067
0.310072
0.310072
0.310072
0.310072
0.310076
0.310076
0.310076
0.310076
0.310076
0.310092
0.310099
0.310099
0.310098
0.310098
0.310096
0.310095
0.310095
0.310095
0.310095
0.310095
0.310095
0.310102
0.310102
0.310105
0.310104
0.310106
0.310106
0.310105
0.310105
0.310104
0.310104
0.310098
0.310101
0.310101
0.310101
0.310102
0.310104
0.310104
0.310103
0.310103
0.310103
0.310103
0.310103
0.310100
0.310100
0.310104
0.310094
0.310094
0.310100
0.310100
0.310099
0.310099
0.310099
0.310099
0.310097
0.310097
0.310097
0.310101
0.310110
0.310113
0.310110
0.310110
0.310124
0.310124
0.310124
0.310133
0.310133
0.310133
0.310133
0.310131
0.310131
0.310127
0.310121
0.310121
0.310121
0.310122
0.310120
0.310124
0.310127
0.310127
0.310121
0.310121
0.310123
0.310121
0.310121
0.310125
0.310133
0.310134
0.310134
0.310134
0.310134
0.310134
0.310134
0.310134
0.310134
0.310133
0.310133
0.310133
0.310133
0.310146
0.310146
0.310146
0.310142
0.310143
0.310137
0.310142
0.310142
0.310142
0.310131
0.310135
0.310134
0.310134
0.310134
0.310134
0.310141
0.310141
0.310139
0.310139
0.310145
0.310148
0.310148
0.310147
0.310148
0.310151
0.310151
0.310163
0.310163
0.310163
0.310165
0.310165
0.310175
0.310175
0.310175
0.310170
0.310170
0.310175
0.310167
0.310170
0.310168
0.310168
0.310168
0.310169
0.310169
0.310169
0.310173
0.310175
0.310174
0.310174
0.310174
0.310174
0.310177
0.310177
0.310177
0.310171
0.310171
0.310171
0.310171
0.310172
0.310172
0.310169
0.310173
0.310168
0.310168
0.310168
0.310168
0.310168
0.310167
0.310167
0.310167
0.310167
0.310172
0.310172
0.310172
0.310168
0.310173
0.310176
0.310175
0.310175
0.310185
0.310185
0.310185
0.310185
0.310183
0.310183
0.310184
0.310184
0.310185
0.310185
0.310185
0.310185
0.310185
0.310185
0.310183
0.310183
0.310182
0.310182
0.310185
0.310185
0.310183
0.310183
0.310183
0.310187
0.310187
0.310187
0.310177
0.310178
0.310178
0.310178
0.310184
0.310184
0.310185
0.310185
0.310183
0.310183
0.310183
0.310184
0.310184
0.310184
0.310184
0.310184
0.310186
0.310187
0.310189
0.310188
0.310189
0.310189
0.310189
0.310189
0.310189
0.310190
0.310190
0.310190
0.310190
0.310190
0.310190
0.310190
0.310190
0.310190
0.310190
0.310190
0.310190
0.310192
0.310192
0.310192
0.310192
0.310192
0.310192
0.310192
0.310192
0.310194
0.310196
0.310193
0.310193
0.310193
0.310193
0.310193
0.310193
0.310193
0.310193
0.310197
0.310196
0.310197
0.310201
0.310210
0.310208
0.310209
0.310215
0.310210
0.310210
0.310193
0.310192
0.310192
0.310192
0.310205
0.310205
0.310205
0.310205
0.310205
0.310204
0.310204
0.310200
0.310202
0.310202
0.310202
0.310202
0.310202
0.310202
0.310202
0.310202
0.310202
0.310203
0.310195
0.310195
0.310195
0.310197
0.310197
0.310197
0.310199
0.310199
0.310199
0.310199
0.310202
0.310202
0.310195
0.310195
0.310195
0.310195
0.310195
0.310198
0.310198
0.310203
0.310200
0.310200
0.310199
0.310199
0.310195
0.310197
0.310198
0.310198
0.310198
0.310200
0.310199
0.310200
0.310199
0.310200
0.310198
0.310198
0.310200
0.310202
0.310202
0.310203
0.310203
0.310203
0.310202
0.310206
0.310206
0.310206
0.310206
0.310204
0.310204
0.310203
0.310199
0.310199
0.310199
0.310199
0.310190
0.310196
0.310201
0.310201
0.310201
0.310201
0.310204
0.310204
0.310205
0.310203
0.310204
0.310204
0.310205
0.310210
0.310209
0.310210
0.310210
0.310210
0.310210
0.310210
0.310210
0.310210
0.310210
0.310210
0.310210
0.310210
0.310210
0.310210
0.310210
0.310211
0.310211
0.310211
0.310211
0.310214
0.310206
0.310206
0.310206
0.310206
0.310210
0.310210
0.310210
0.310210
0.310210
0.310210
0.310210
0.310210
0.310210
0.310210
0.310210
0.310210
0.310215
0.310215
0.310215
0.310211
0.310211
0.310211
0.310210
0.310210
0.310210
0.310214
0.310214
0.310214
0.310214
0.310214
0.310215
0.310217
0.310217
0.310216
0.310217
0.310217
0.310220
0.310223
0.310223
0.310226
0.310226
0.310226
0.310226
0.310226
0.310223
0.310224
0.310224
0.310224
0.310225
0.310225
0.310225
0.310225
0.310223
0.310228
0.310222
0.310222
0.310222
0.310221
0.310221
0.310224
0.310221
0.310226
0.310224
0.310224
0.310224
0.310225
0.310226
0.310221
0.310222
0.310225
0.310231
0.310231
0.310231
0.310227
0.310230
0.310230
0.310229
0.310229
0.310229
0.310231
0.310231
0.310232
0.310230
0.310230
0.310230
0.310230
0.310232
0.310232
0.310232
0.310232
0.310228
0.310229
0.310229
0.310237
0.310237
0.310241
0.310241
0.310246
0.310246
0.310246
0.310246
0.310246
0.310246
0.310246
0.310247
0.310247
0.310247
0.310247
0.310246
0.310246
0.310246
0.310247
0.310247
0.310247
0.310247
0.310248
0.310250
0.310255
0.310245
0.310245
0.310234
0.310237
0.310247
0.310256
0.310258
0.310259
0.310259
0.310259
0.310259
0.310255
0.310255
0.310255
0.310254
0.310254
0.310257
0.310257
0.310257
0.310258
0.310258
0.310258
0.310258
0.310258
0.310257
0.310257
0.310260
0.310260
0.310260
0.310260
0.310260
0.310260
0.310253
0.310253
0.310259
0.310259
0.310259
0.310256
0.310263
0.310263
0.310263
0.310261
0.310260
0.310258
0.310260
0.310259
0.310259
0.310260
0.310259
0.310259
0.310263
0.310264
0.310264
0.310264
0.310264
0.310265
0.310266
0.310266
0.310265
0.310265
0.310271
0.310271
0.310271
0.310271
0.310271
0.310271
0.310274
0.310274
0.310274
0.310274
0.310277
0.310278
0.310278
0.310283
0.310279
0.310280
0.310280
0.310280
0.310282
0.310282
0.310282
0.310283
0.310282
0.310283
0.310284
0.310290
0.310290
0.310290
0.310290
0.310289
0.310283
0.310283
0.310283
0.310283
0.310291
0.310291
0.310291
0.310291
0.310286
0.310278
0.310279
0.310275
0.310273
0.310273
0.310273
0.310280
0.310280
0.310280
0.310280
0.310279
0.310276
0.310276
0.310276
0.310276
0.310280
0.310280
0.310280
0.310280
0.310280
0.310279
0.310279
0.310279
0.310279
0.310283
0.310283
0.310283
0.310283
0.310285
0.310285
0.310287
0.310287
0.310287
0.310287
0.310287
0.310277
0.310278
0.310278
0.310278
0.310278
0.310284
0.310290
0.310290
0.310288
0.310288
0.310280
0.310280
0.310281
0.310281
0.310281
0.310281
0.310284
0.310284
0.310284
0.310277
0.310277
0.310282
0.310282
0.310279
0.310279
0.310279
0.310279
0.310281
0.310281
0.310280
0.310280
0.310290
0.310295
0.310295
0.310288
0.310284
0.310284
0.310281
0.310281
0.310281
0.310286
0.310276
0.310293
0.310293
0.310284
0.310283
0.310286
0.310286
0.310288
0.310288
0.310286
0.310286
0.310286
0.310286
0.310287
0.310287
0.310287
0.310287
0.310287
0.310287
0.310287
0.310287
0.310291
0.310298
0.310298
0.310298
0.310298
0.310298
0.310298
0.310298
0.310298
0.310298
0.310298
0.310296
0.310296
0.310296
0.310296
0.310296
0.310297
0.310297
0.310297
0.310297
0.310297
0.310297
0.310301
0.310301
0.310301
0.310301
0.310302
0.310302
0.310302
0.310301
0.310301
0.310301
0.310301
0.310301
0.310301
0.310301
0.310301
0.310303
0.310303
0.310303
0.310302
0.310302
0.310300
0.310300
0.310301
0.310304
0.310306
0.310306
0.310305
0.310310
0.310306
0.310305
0.310305
0.310305
0.310316
0.310316
0.310318
0.310318
0.310316
0.310316
0.310316
0.310316
0.310316
0.310313
0.310311
0.310311
0.310311
0.310313
0.310313
0.310323
0.310323
0.310323
0.310322
0.310320
0.310318
0.310309
0.310309
0.310309
0.310309
0.310315
0.310315
0.310315
0.310321
0.310320
0.310323
0.310323
0.310323
0.310323
0.310312
0.310312
0.310312
0.310321
0.310321
0.310321
0.310321
0.310331
0.310322
0.310322
0.310327
0.310327
0.310326
0.310326
0.310328
0.310328
0.310328
0.310328
0.310329
0.310338
0.310338
0.310338
0.310338
0.310338
0.310338
0.310336
0.310331
0.310334
0.310334
0.310334
0.310334
0.310334
0.310332
0.310332
0.310332
0.310334
0.310332
0.310333
0.310333
0.310335
0.310334
0.310335
0.310337
0.310337
0.310337
0.310337
0.310344
0.310344
0.310344
0.310344
0.310344
0.310344
0.310342
0.310342
0.310342
0.310342
0.310342
0.310342
0.310342
0.310342
0.310331
0.310331
0.310333
0.310335
0.310335
0.310342
0.310342
0.310341
0.310341
0.310341
0.310344
0.310344
0.310344
0.310344
0.310344
0.310344
0.310344
0.310348
0.310348
0.310351
0.310350
0.310350
0.310350
0.310352
0.310352
0.310352
0.310351
0.310351
0.310351
0.310355
0.310355
0.310355
0.310359
0.310359
0.310359
0.310359
0.310361
0.310361
0.310361
0.310361
0.310361
0.310364
0.310368
0.310368
0.310363
0.310363
0.310363
0.310364
0.310364
0.310368
0.310368
0.310368
0.310371
0.310371
0.310370
0.310370
0.310369
0.310369
0.310368
0.310367
0.310367
0.310369
0.310369
0.310378
0.310381
0.310381
0.310385
0.310385
0.310376
0.310376
0.310380
0.310380
0.310378
0.310378
0.310377
0.310377
0.310364
0.310368
0.310368
0.310368
0.310368
0.310380
0.310380
0.310378
0.310378
0.310377
0.310376
0.310376
0.310383
0.310383
0.310383
0.310383
0.310377
0.310377
0.310377
0.310377
0.310377
0.310379
0.310379
0.310379
0.310379
0.310379
0.310379
0.310379
0.310380
0.310380
0.310380
0.310380
0.310381
0.310381
0.310386
0.310386
0.310386
0.310386
0.310386
0.310386
0.310386
0.310389
0.310389
0.310389
0.310389
0.310387
0.310388
0.310388
0.310388
0.310387
0.310381
0.310381
0.310379
0.310379
0.310379
0.310384
0.310384
0.310384
0.310384
0.310384
0.310384
0.310390
0.310389
0.310389
0.310389
0.310385
0.310384
0.310387
0.310387
0.310388
0.310388
0.310388
0.310388
0.310390
0.310390
0.310390
0.310390
0.310390
0.310390
0.310392
0.310392
0.310392
0.310392
0.310394
0.310394
0.310394
0.310394
0.310388
0.310385
0.310377
0.310377
0.310386
0.310386
0.310386
0.310395
0.310396
0.310396
0.310393
0.310395
0.310395
0.310394
0.310394
0.310394
0.310394
0.310394
0.310403
0.310403
0.310402
0.310404
0.310404
0.310403
0.310400
0.310400
0.310400
0.310402
0.310399
0.310399
0.310399
0.310399
0.310401
0.310401
0.310401
0.310399
0.310415
0.310415
0.310414
0.310411
0.310409
0.310409
0.310406
0.310411
0.310411
0.310415
0.310416
0.310416
0.310416
0.310416
0.310416
0.310416
0.310416
0.310416
0.310416
0.310416
0.310416
0.310416
0.310424
0.310424
0.310424
0.310424
0.310424
0.310428
0.310428
0.310428
0.310428
0.310429
0.310429
0.310429
0.310429
0.310429
0.310430
0.310430
0.310430
0.310430
0.310429
0.310417
0.310419
0.310418
0.310429
0.310430
0.310429
0.310429
0.310430
0.310430
0.310430
0.310426
0.310426
0.310431
0.310430
0.310430
0.310430
0.310430
0.310430
0.310430
0.310430
0.310423
0.310423
0.310423
0.310423
0.310431
0.310424
0.310424
0.310424
0.310431
0.310431
0.310433
0.310430
0.310430
0.310430
0.310431
0.310431
0.310431
0.310432
0.310432
0.310432
0.310432
0.310432
0.310432
0.310432
0.310432
0.310432
0.310436
0.310436
0.310436
0.310435
0.310435
0.310435
0.310436
0.310435
0.310435
0.310435
0.310435
0.310435
0.310438
0.310440
0.310440
0.310441
0.310441
0.310441
0.310438
0.310442
0.310442
0.310442
0.310442
0.310442
0.310449
0.310449
0.310449
0.310449
0.310449
0.310449
0.310449
0.310449
0.310449
0.310449
0.310449
0.310449
0.310449
0.310449
0.310449
0.310451
0.310447
0.310447
0.310447
0.310447
0.310450
0.310453
0.310452
0.310451
0.310453
0.310453
0.310453
0.310453
0.310455
0.310465
0.310465
0.310465
0.310465
0.310465
0.310465
0.310465
0.310465
0.310468
0.310468
0.310468
0.310468
0.310468
0.310464
0.310473
0.310473
0.310473
0.310474
0.310468
0.310468
0.310468
0.310457
0.310456
0.310456
0.310457
0.310453
0.310454
0.310454
0.310459
0.310466
0.310467
0.310467
0.310462
0.310463
0.310463
0.310470
0.310470
0.310470
0.310470
0.310468
0.310468
0.310468
0.310468
0.310468
0.310468
0.310464
0.310464
0.310464
0.310464
0.310464
0.310464
0.310466
0.310466
0.310465
0.310465
0.310465
0.310465
0.310465
0.310465
0.310465
0.310465
0.310465
0.310465
0.310465
0.310465
0.310465
0.310465
0.310465
0.310465
0.310465
0.310466
0.310466
0.310466
0.310468
0.310468
0.310470
0.310470
0.310470
0.310469
0.310469
0.310470
0.310473
0.310473
0.310473
0.310473
0.310473
0.310473
0.310473
0.310475
0.310475
0.310475
0.310476
0.310479
0.310481
0.310478
0.310478
0.310483
0.310483
0.310483
0.310484
0.310484
0.310487
0.310487
0.310487
0.310487
0.310487
0.310487
0.310487
0.310487
0.310487
0.310488
0.310488
0.310488
0.310488
0.310493
0.310503
0.310502
0.310502
0.310503
0.310503
0.310503
0.310503
0.310503
0.310508
0.310508
0.310508
0.310508
0.310508
0.310508
0.310508
0.310508
0.310508
0.310511
0.310511
0.310512
0.310512
0.310510
0.310516
0.310516
0.310516
0.310519
0.310519
0.310519
0.310519
0.310518
0.310518
0.310518
0.310521
0.310521
0.310520
0.310522
0.310521
0.310521
0.310522
0.310522
0.310522
0.310522
0.310525
0.310525
0.310525
0.310526
0.310525
0.310525
0.310525
0.310525
0.310525
0.310526
0.310526
0.310526
0.310526
0.310526
0.310528
0.310528
0.310528
0.310528
0.310528
0.310528
0.310532
0.310531
0.310529
0.310529
0.310529
0.310524
0.310524
0.310524
0.310520
0.310520
0.310531
0.310531
0.310539
0.310539
0.310541
0.310541
0.310535
0.310532
0.310532
0.310532
0.310532
0.310538
0.310538
0.310538
0.310537
0.310537
0.310537
0.310537
0.310537
0.310533
0.310526
0.310528
0.310528
0.310528
0.310528
0.310528
0.310534
0.310534
0.310534
0.310532
0.310532
0.310532
0.310531
0.310531
0.310531
0.310532
0.310534
0.310534
0.310534
0.310534
0.310529
0.310530
0.310530
0.310530
0.310530
0.310530
0.310530
0.310530
0.310528
0.310528
0.310532
0.310532
0.310532
0.310528
0.310528
0.310534
0.310534
0.310534
0.310534
0.310537
0.310537
0.310533
0.310533
0.310543
0.310543
0.310543
0.310543
0.310541
0.310541
0.310541
0.310542
0.310542
0.310542
0.310539
0.310539
0.310539
0.310539
0.310539
0.310541
0.310547
0.310547
0.310547
0.310547
0.310548
0.310548
0.310548
0.310548
0.310548
0.310545
0.310541
0.310541
0.310541
0.310536
0.310539
0.310540
0.310540
0.310546
0.310545
0.310548
0.310548
0.310548
0.310548
0.310548
0.310564
0.310571
0.310571
0.310580
0.310587
0.310587
0.310590
0.310586
0.310579
0.310576
0.310575
0.310577
0.310582
0.310582
0.310582
0.310582
0.310582
0.310582
0.310582
0.310582
0.310582
0.310582
0.310582
0.310582
0.310582
0.310582
0.310582
0.310582
0.310582
0.310582
0.310582
0.310582
0.310582
0.310582
0.310581
0.310582
0.310584
0.310585
0.310587
0.310587
0.310586
0.310587
0.310587
0.310587
0.310575
0.310575
0.310581
0.310581
0.310582
0.310582
0.310582
0.310582
0.310580
0.310577
0.310577
0.310578
0.310578
0.310578
0.310580
0.310582
0.310582
0.310581
0.310580
0.310580
0.310581
0.310581
0.310581
0.310581
0.310581
0.310581
0.310581
0.310581
0.310581
0.310581
0.310581
0.310581
0.310583
0.310581
0.310581
0.310581
0.310582
0.310582
0.310582
0.310582
0.310582
0.310582
0.310583
0.310583
0.310583
0.310583
0.310583
0.310590
0.310590
0.310590
0.310590
0.310590
0.310581
0.310579
0.310579
0.310578
0.310578
0.310578
0.310578
0.310578
0.310579
0.310579
0.310579
0.310579
0.310579
0.310579
0.310579
0.310578
0.310584
0.310584
0.310578
0.310578
0.310578
0.310578
0.310583
0.310589
0.310591
0.310584
0.310584
0.310587
0.310583
0.310585
0.310590
0.310588
0.310588
0.310588
0.310588
0.310585
0.310585
0.310585
0.310585
0.310585
0.310585
0.310585
0.310585
0.310590
0.310590
0.310590
0.310591
0.310590
0.310590
0.310589
0.310585
0.310585
0.310580
0.310580
0.310577
0.310581
0.310581
0.310581
0.310581
0.310584
0.310584
0.310584
0.310580
0.310579
0.310579
0.310576
0.310576
0.310580
0.310580
0.310574
0.310574
0.310574
0.310574
0.310574
0.310574
0.310574
0.310574
0.310576
0.310576
0.310576
0.310576
0.310578
0.310579
0.310579
0.310579
0.310581
0.310581
0.310581
0.310581
0.310581
0.310581
0.310581
0.310581
0.310581
0.310582
0.310582
0.310582
0.310587
0.310596
0.310589
0.310588
0.310587
0.310587
0.310587
0.310586
0.310586
0.310592
0.310592
0.310592
0.310584
0.310591
0.310587
0.310587
0.310588
0.310588
0.310591
0.310591
0.310591
0.310585
0.310585
0.310585
0.310585
0.310582
0.310582
0.310574
0.310574
0.310576
0.310576
0.310582
0.310580
0.310580
0.310589
0.310589
0.310595
0.310595
0.310595
0.310595
0.310595
0.310595
0.310595
0.310594
0.310594
0.310594
0.310594
0.310594
0.310594
0.310594
0.310594
0.310594
0.310594
0.310594
0.310594
0.310594
0.310594
0.310596
0.310600
0.310600
0.310600
0.310600
0.310599
0.310590
0.310590
0.310590
0.310590
0.310589
0.310594
0.310594
0.310594
0.310594
0.310595
0.310596
0.310596
0.310596
0.310596
0.310594
0.310594
0.310594
0.310594
0.310594
0.310594
0.310594
0.310593
0.310593
0.310594
0.310594
0.310594
0.310594
0.310594
0.310594
0.310594
0.310594
0.310594
0.310594
0.310594
0.310594
0.310594
0.310594
0.310596
0.310596
0.310596
0.310596
0.310592
0.310592
0.310591
0.310587
0.310592
0.310592
0.310592
0.310592
0.310593
0.310593
0.310590
0.310590
0.310589
0.310591
0.310591
0.310591
0.310596
0.310596
0.310596
0.310596
0.310596
0.310597
0.310597
0.310599
0.310600
0.310601
0.310601
0.310598
0.310597
0.310597
0.310597
0.310597
0.310597
0.310597
0.310597
0.310598
0.310605
0.310596
0.310596
0.310596
0.310595
0.310595
0.310595
0.310599
0.310602
0.310602
0.310602
0.310598
0.310598
0.310598
0.310598
0.310598
0.310597
0.310597
0.310597
0.310597
0.310597
0.310597
0.310600
0.310602
0.310603
0.310603
0.310602
0.310601
0.310600
0.310601
0.310602
0.310604
0.310600
0.310600
0.310602
0.310602
0.310602
0.310606
0.310606
0.310607
0.310596
0.310596
0.310596
0.310597
0.310597
0.310605
0.310605
0.310610
0.310610
0.310610
0.310610
0.310609
0.310609
0.310613
0.310613
0.310613
0.310620
0.310626
0.310626
0.310612
0.310613
0.310612
0.310618
0.310618
0.310618
0.310619
0.310619
0.310619
0.310617
0.310617
0.310618
0.310618
0.310617
0.310616
0.310616
0.310616
0.310616
0.310624
0.310624
0.310624
0.310623
0.310623
0.310622
0.310623
0.310623
0.310623
0.310626
0.310626
0.310608
0.310622
0.310622
0.310622
0.310622
0.310622
0.310622
0.310622
0.310622
0.310628
0.310628
0.310628
0.310628
0.310628
0.310628
0.310628
0.310628
0.310628
0.310628
0.310622
0.310618
0.310618
0.310618
0.310621
0.310629
0.310629
0.310629
0.310625
0.310631
0.310632
0.310632
0.310636
0.310636
0.310634
0.310634
0.310634
0.310634
0.310634
0.310635
0.310635
0.310635
0.310635
0.310635
0.310633
0.310633
0.310633
0.310633
0.310638
0.310638
0.310638
0.310638
0.310639
0.310638
0.310631
0.310636
0.310636
0.310637
0.310638
0.310638
0.310641
0.310642
0.310642
0.310642
0.310642
0.310642
0.310641
0.310641
0.310641
0.310641
0.310642
0.310643
0.310644
0.310644
0.310644
0.310644
0.310641
0.310641
0.310642
0.310642
0.310646
0.310646
0.310646
0.310653
0.310656
0.310656
0.310656
0.310656
0.310656
0.310656
0.310656
0.310656
0.310657
0.310658
0.310657
0.310661
0.310661
0.310661
0.310661
0.310661
0.310661
0.310669
0.310667
0.310665
0.310665
0.310665
0.310665
0.310666
0.310667
0.310667
0.310667
0.310667
0.310668
0.310668
0.310668
0.310653
0.310653
0.310653
0.310653
0.310655
0.310655
0.310660
0.310660
0.310648
0.310655
0.310655
0.310655
0.310666
0.310666
0.310665
0.310665
0.310668
0.310667
0.310667
0.310667
0.310667
0.310669
0.310669
0.310669
0.310669
0.310668
0.310668
0.310668
0.310668
0.310664
0.310664
0.310664
0.310662
0.310662
0.310665
0.310665
0.310665
0.310668
0.310668
0.310667
0.310667
0.310664
0.310663
0.310663
0.310687
0.310687
0.310687
0.310687
0.310678
0.310679
0.310679
0.310679
0.310679
0.310683
0.310683
0.310698
0.310698
0.310693
0.310693
0.310693
0.310696
0.310696
0.310696
0.310699
0.310699
0.310699
0.310699
0.310699
0.310695
0.310695
0.310695
0.310698
0.310698
0.310701
0.310701
0.310701
0.310701
0.310702
0.310702
0.310702
0.310702
0.310702
0.310702
0.310702
0.310702
0.310702
0.310702
0.310702
0.310702
0.310702
0.310711
0.310711
0.310711
0.310711
0.310713
0.310713
0.310713
0.310714
0.310715
0.310715
0.310715
0.310715
0.310715
0.310715
0.310715
0.310715
0.310715
0.310715
0.310715
0.310716
0.310716
0.310716
0.310716
0.310716
0.310716
0.310716
0.310713
0.310713
0.310713
0.310716
0.310716
0.310716
0.310716
0.310716
0.310716
0.310719
0.310719
0.310719
0.310719
0.310719
0.310719
0.310719
0.310716
0.310727
0.310727
0.310726
0.310725
0.310725
0.310724
0.310724
0.310724
0.310724
0.310727
0.310727
0.310727
0.310727
0.310727
0.310727
0.310728
0.310728
0.310725
0.310724
0.310724
0.310724
0.310724
0.310724
0.310724
0.310727
0.310729
0.310729
0.310729
0.310729
0.310734
0.310734
0.310736
0.310736
0.310736
0.310736
0.310736
0.310736
0.310736
0.310719
0.310715
0.310717
0.310717
0.310717
0.310717
0.310717
0.310717
0.310717
0.310717
0.310719
0.310719
0.310719
0.310719
0.310719
0.310719
0.310724
0.310724
0.310722
0.310722
0.310722
0.310714
0.310714
0.310712
0.310712
0.310712
0.310712
0.310713
0.310713
0.310713
0.310712
0.310712
0.310712
0.310712
0.310713
0.310713
0.310713
0.310719
0.310719
0.310712
0.310712
0.310710
0.310703
0.310712
0.310717
0.310722
0.310724
0.310724
0.310723
0.310723
0.310723
0.310722
0.310722
0.310722
0.310723
0.310723
0.310723
0.310723
0.310726
0.310710
0.310710
0.310710
0.310722
0.310722
0.310732
0.310732
0.310731
0.310731
0.310731
0.310731
0.310731
0.310731
0.310731
0.310731
0.310732
0.310741
0.310742
0.310741
0.310743
0.310741
0.310742
0.310742
0.310742
0.310741
0.310743
0.310743
0.310742
0.310742
0.310743
0.310743
0.310742
0.310742
0.310754
0.310754
0.310754
0.310753
0.310753
0.310753
0.310753
0.310753
0.310753
0.310753
0.310757
0.310755
0.310755
0.310762
0.310766
0.310767
0.310767
0.310767
0.310767
0.310767
0.310761
0.310761
0.310761
0.310761
0.310761
0.310761
0.310766
0.310767
0.310767
0.310767
0.310767
0.310766
0.310766
0.310766
0.310767
0.310767
0.310767
0.310767
0.310768
0.310768
0.310767
0.310767
0.310767
0.310765
0.310764
0.310764
0.310764
0.310764
0.310761
0.310761
0.310761
0.310761
0.310761
0.310763
0.310758
0.310772
0.310772
0.310772
0.310775
0.310775
0.310768
0.310768
0.310768
0.310775
0.310777
0.310777
0.310777
0.310777
0.310777
0.310777
0.310779
0.310779
0.310779
0.310779
0.310779
0.310779
0.310780
0.310780
0.310783
0.310783
0.310783
0.310783
0.310783
0.310785
0.310785
0.310785
0.310785
0.310785
0.310785
0.310780
0.310780
0.310780
0.310784
0.310787
0.310787
0.310787
0.310787
0.310787
0.310787
0.310786
0.310786
0.310791
0.310791
0.310791
0.310791
0.310792
0.310792
0.310792
0.310791
0.310791
0.310791
0.310794
0.310794
0.310794
0.310791
0.310791
0.310791
0.310790
0.310790
0.310802
0.310802
0.310802
0.310802
0.310804
0.310804
0.310804
0.310804
0.310804
0.310804
0.310804
0.310803
0.310803
0.310803
0.310806
0.310808
0.310808
0.310808
0.310808
0.310808
0.310808
0.310809
0.310809
0.310809
0.310805
0.310805
0.310805
0.310808
0.310808
0.310811
0.310811
0.310811
0.310811
0.310811
0.310813
0.310813
0.310821
0.310821
0.310821
0.310820
0.310819
0.310819
0.310817
0.310817
0.310828
0.310830
0.310830
0.310825
0.310825
0.310825
0.310825
0.310822
0.310822
0.310822
0.310831
0.310831
0.310831
0.310833
0.310833
0.310833
0.310832
0.310832
0.310832
0.310836
0.310836
0.310860
0.310857
0.310857
0.310856
0.310856
0.310856
0.310856
0.310858
0.310858
0.310857
0.310857
0.310853
0.310853
0.310858
0.310867
0.310849
0.310849
0.310849
0.310849
0.310868
0.310864
0.310864
0.310864
0.310864
0.310864
0.310871
0.310858
0.310858
0.310858
0.310858
0.310860
0.310860
0.310869
0.310869
0.310872
0.310869
0.310869
0.310869
0.310869
0.310869
0.310869
0.310867
0.310862
0.310862
0.310853
0.310853
0.310853
0.310857
0.310861
0.310861
0.310859
0.310849
0.310849
0.310849
0.310860
0.310859
0.310863
0.310859
0.310859
0.310859
0.310859
0.310859
