-0.142822
-0.130006
-0.123616
-0.117281
-0.107291
-0.102887
-0.100896
-0.096731
-0.093692
-0.088424
-0.085042
-0.082829
-0.081441
-0.079147
-0.077790
-0.073872
-0.073539
-0.072761
-0.072364
-0.071714
-0.071482
-0.066341
-0.064880
-0.060211
-0.054627
-0.053385
-0.051080
-0.050597
-0.048649
-0.046202
-0.045620
-0.044990
-0.043179
-0.038675
-0.033716
-0.033099
-0.032597
-0.031199
-0.030506
-0.029023
-0.026722
-0.026441
-0.026441
-0.024036
-0.023683
-0.022715
-0.022005
-0.020721
-0.020490
-0.020397
-0.019609
-0.019609
-0.019249
-0.017632
-0.017632
-0.015034
-0.013669
-0.013340
-0.011556
-0.010974
-0.008773
-0.008487
-0.007596
-0.007333
-0.006999
-0.004982
-0.002942
-0.002679
-0.002449
-0.002250
-0.002197
-0.000299
0.000696
0.001929
0.003492
0.003492
0.003492
0.003492
0.004345
0.004786
0.006485
0.006647
0.006910
0.008535
0.009743
0.010616
0.012156
0.012297
0.013349
0.013358
0.014437
0.015657
0.016428
0.016428
0.018007
0.018945
0.019596
0.019873
0.020889
0.020889
0.021099
0.021574
0.022187
0.022803
0.023828
0.024527
0.024527
0.025219
0.025600
0.027527
0.027806
0.028217
0.029334
0.029334
0.029826
0.030080
0.030098
0.030311
0.031033
0.031708
0.032234
0.033333
0.033333
0.033339
0.033669
0.033686
0.034317
0.034335
0.034549
0.035120
0.035120
0.039086
0.039789
0.040066
0.040066
0.040066
0.040041
0.041128
0.043057
0.043389
0.044475
0.044878
0.045758
0.045783
0.045796
0.045796
0.047368
0.048196
0.049766
0.050007
0.050275
0.050965
0.051914
0.052302
0.052815
0.053008
0.053324
0.053535
0.053980
0.054557
0.054562
0.054708
0.054999
0.055215
0.055215
0.055218
0.055391
0.055451
0.057025
0.057236
0.057888
0.058677
0.059094
0.059176
0.059611
0.060280
0.060542
0.060846
0.061183
0.061690
0.062382
0.062382
0.062522
0.062571
0.062863
0.062985
0.064026
0.064663
0.065647
0.066265
0.066265
0.066396
0.066604
0.067591
0.067693
0.068354
0.068772
0.069292
0.069291
0.069410
0.070183
0.070705
0.070832
0.071064
0.071447
0.071620
0.071730
0.071915
0.072137
0.072343
0.072529
0.072529
0.073523
0.074528
0.074974
0.075359
0.076396
0.076491
0.076887
0.077748
0.077748
0.077974
0.078098
0.078496
0.078496
0.078651
0.078755
0.078755
0.078755
0.079300
0.079784
0.079791
0.080251
0.080426
0.080614
0.081612
0.082072
0.082277
0.082975
0.083271
0.083583
0.083597
0.084012
0.084022
0.084150
0.084615
0.085222
0.085222
0.085602
0.085670
0.085941
0.086698
0.086698
0.086960
0.086960
0.087121
0.087896
0.088175
0.088175
0.088175
0.088175
0.088549
0.088848
0.089596
0.089875
0.090070
0.090937
0.091365
0.091619
0.092281
0.092334
0.092450
0.092681
0.092946
0.093263
0.094353
0.094337
0.094370
0.094501
0.094516
0.094516
0.094802
0.095432
0.095478
0.095634
0.095772
0.096494
0.096494
0.096650
0.096895
0.096895
0.096901
0.096901
0.097839
0.098041
0.098496
0.098851
0.098906
0.098981
0.099217
0.099465
0.099871
0.099893
0.099965
0.100252
0.100380
0.100773
0.101002
0.101332
0.101517
0.101587
0.101590
0.101721
0.102099
0.102467
0.102523
0.102869
0.103224
0.103670
0.103800
0.103824
0.104063
0.104087
0.104321
0.105010
0.105272
0.105272
0.105510
0.105510
0.105698
0.105729
0.105869
0.105869
0.106201
0.106307
0.106321
0.107246
0.107249
0.107515
0.107839
0.108147
0.108334
0.108334
0.108362
0.108818
0.109090
0.109090
0.109728
0.109982
0.110009
0.110091
0.110159
0.110312
0.110312
0.110312
0.110445
0.111006
0.111433
0.111809
0.111914
0.111995
0.112005
0.112062
0.112129
0.112384
0.112403
0.113382
0.113565
0.113670
0.113735
0.113735
0.113888
0.114015
0.114015
0.114331
0.114331
0.114514
0.114514
0.114813
0.115014
0.115239
0.115533
0.115825
0.115853
0.116263
0.116339
0.116406
0.116406
0.116491
0.116504
0.116505
0.116651
0.116795
0.117050
0.117050
0.117339
0.117381
0.117397
0.117438
0.117668
0.117817
0.117826
0.117933
0.118007
0.118513
0.118583
0.118689
0.118756
0.118956
0.119199
0.119216
0.119217
0.119217
0.119651
0.119651
0.120022
0.120022
0.120207
0.120332
0.120558
0.120570
0.120628
0.120823
0.120844
0.121201
0.121736
0.121736
0.121850
0.121893
0.122067
0.122098
0.122162
0.122348
0.122462
0.122553
0.122588
0.122578
0.122715
0.122735
0.123130
0.123247
0.123377
0.123818
0.123818
0.123842
0.123837
0.124236
0.124453
0.124453
0.124532
0.124631
0.124693
0.125085
0.125231
0.125368
0.125537
0.125574
0.125806
0.125827
0.126023
0.126701
0.126701
0.126791
0.127256
0.127624
0.127653
0.127653
0.127977
0.128148
0.128246
0.128274
0.128274
0.128311
0.128689
0.128850
0.128915
0.128915
0.129181
0.129181
0.129181
0.129317
0.129317
0.129686
0.129669
0.129732
0.129779
0.129779
0.130257
0.130257
0.130259
0.130546
0.130747
0.130918
0.130924
0.130984
0.131298
0.131453
0.131498
0.131619
0.131669
0.131736
0.131811
0.131850
0.131864
0.132001
0.132228
0.132228
0.132235
0.132344
0.132431
0.132565
0.132717
0.132732
0.132772
0.132820
0.132937
0.132937
0.133133
0.133262
0.133462
0.133553
0.133787
0.133858
0.134011
0.134002
0.134002
0.134079
0.134097
0.134199
0.134320
0.134487
0.134598
0.135027
0.135237
0.135279
0.135278
0.135457
0.135448
0.135543
0.135736
0.135830
0.135830
0.135830
0.136145
0.136411
0.136567
0.136567
0.136808
0.136966
0.136985
0.136985
0.137269
0.137395
0.137395
0.137612
0.137688
0.137734
0.138006
0.138260
0.138469
0.138515
0.138784
0.138872
0.138888
0.138888
0.139307
0.139440
0.139573
0.139986
0.140217
0.140217
0.140391
0.140391
0.140391
0.140542
0.140542
0.140539
0.140539
0.140803
0.141007
0.141109
0.141539
0.141682
0.141921
0.142013
0.142110
0.142230
0.142230
0.142231
0.142408
0.142452
0.142571
0.142692
0.142704
0.142727
0.142878
0.143047
0.143184
0.143347
0.143347
0.143554
0.143587
0.143699
0.144110
0.144117
0.144186
0.144283
0.144482
0.144545
0.144931
0.144994
0.145219
0.145221
0.145282
0.145330
0.145332
0.145348
0.145354
0.145389
0.145409
0.145552
0.145554
0.145584
0.145855
0.145855
0.146106
0.146106
0.146160
0.146242
0.146309
0.146496
0.146876
0.147040
0.147081
0.147129
0.147134
0.147135
0.147271
0.147438
0.147435
0.147435
0.147628
0.147633
0.147853
0.147867
0.147989
0.147989
0.148049
0.148049
0.148082
0.148349
0.148493
0.148603
0.148766
0.148930
0.149147
0.149180
0.149214
0.149326
0.149391
0.149397
0.149505
0.149513
0.149551
0.149551
0.149625
0.149817
0.149933
0.149937
0.149961
0.150152
0.150152
0.150482
0.150503
0.150667
0.150757
0.150753
0.151039
0.151043
0.151162
0.151175
0.151232
0.151237
0.151241
0.151243
0.151241
0.151321
0.151494
0.151564
0.151589
0.151589
0.151589
0.151624
0.151775
0.151776
0.151781
0.151824
0.151826
0.151944
0.152000
0.152000
0.152171
0.152230
0.152234
0.152296
0.152435
0.152469
0.152580
0.152647
0.152700
0.152871
0.152925
0.152925
0.152943
0.153025
0.153087
0.153270
0.153379
0.153797
0.153797
0.153874
0.153920
0.153958
0.154109
0.154116
0.154577
0.154609
0.154632
0.154745
0.154745
0.154745
0.154855
0.154857
0.155320
0.155344
0.155392
0.155424
0.155424
0.155461
0.155548
0.155553
0.155567
0.155607
0.155901
0.155901
0.156050
0.156064
0.156174
0.156245
0.156267
0.156452
0.156757
0.156818
0.156952
0.156955
0.157063
0.157143
0.157168
0.157247
0.157272
0.157272
0.157294
0.157337
0.157347
0.157404
0.157426
0.157521
0.157571
0.157597
0.157597
0.157783
0.157782
0.157878
0.157871
0.157929
0.157971
0.157987
0.157990
0.158050
0.158206
0.158242
0.158242
0.158344
0.158460
0.158465
0.158467
0.158541
0.158535
0.158554
0.158554
0.158551
0.158580
0.158653
0.158653
0.158653
0.158653
0.158690
0.158757
0.158775
0.159042
0.159042
0.159044
0.159207
0.159386
0.159526
0.159514
0.159805
0.159816
0.160058
0.160072
0.160093
0.160186
0.160463
0.160571
0.160711
0.160826
0.160826
0.160921
0.160921
0.160981
0.160992
0.161060
0.161258
0.161398
0.161659
0.161692
0.161692
0.161692
0.161873
0.161873
0.161873
0.161869
0.161886
0.161974
0.162017
0.162023
0.162023
0.162023
0.162051
0.162063
0.162121
0.162221
0.162348
0.162348
0.162345
0.162345
0.162483
0.162526
0.162616
0.162616
0.162616
0.162647
0.162750
0.162763
0.162862
0.162954
0.162972
0.163063
0.163088
0.163095
0.163135
0.163241
0.163525
0.163525
0.163525
0.163560
0.163571
0.163936
0.163938
0.163999
0.164017
0.164027
0.164247
0.164251
0.164251
0.164251
0.164299
0.164384
0.164392
0.164454
0.164454
0.164529
0.164528
0.164595
0.164647
0.164860
0.164860
0.164949
0.164970
0.165230
0.165230
0.165229
0.165345
0.165461
0.165478
0.165557
0.165597
0.165705
0.165755
0.165772
0.165809
0.165866
0.165914
0.166011
0.166024
0.166024
0.166024
0.166062
0.166131
0.166131
0.166131
0.166163
0.166163
0.166163
0.166176
0.166176
0.166176
0.166176
0.166255
0.166255
0.166260
0.166290
0.166387
0.166392
0.166392
0.166502
0.166518
0.166542
0.166615
0.166615
0.166615
0.166673
0.166764
0.166852
0.166928
0.166935
0.166945
0.166992
0.167111
0.167112
0.167208
0.167232
0.167264
0.167333
0.167486
0.167624
0.167629
0.167621
0.167638
0.167696
0.167809
0.167803
0.167799
0.167822
0.167824
0.167830
0.167989
0.168151
0.168163
0.168163
0.168163
0.168164
0.168303
0.168303
0.168398
0.168432
0.168490
0.168728
0.168733
0.168779
0.168823
0.168851
0.168856
0.168856
0.168906
0.168918
0.169022
0.169027
0.169044
0.169079
0.169083
0.169153
0.169341
0.169406
0.169406
0.169410
0.169535
0.169747
0.169828
0.169838
0.169895
0.170057
0.170057
0.170057
0.170276
0.170353
0.170587
0.170674
0.170759
0.170759
0.170759
0.170936
0.171070
0.171076
0.171081
0.171243
0.171317
0.171340
0.171363
0.171405
0.171454
0.171539
0.171539
0.171539
0.171539
0.171539
0.171698
0.171803
0.171803
0.171850
0.171851
0.171925
0.171926
0.172005
0.172074
0.172134
0.172137
0.172137
0.172163
0.172163
0.172166
0.172167
0.172205
0.172335
0.172375
0.172404
0.172442
0.172455
0.172490
0.172664
0.172751
0.172765
0.172860
0.172880
0.172928
0.172951
0.173072
0.173319
0.173328
0.173416
0.173433
0.173433
0.173434
0.173550
0.173570
0.173622
0.173718
0.173721
0.173731
0.173749
0.173773
0.173856
0.173864
0.173954
0.173981
0.173981
0.173981
0.174028
0.174028
0.174141
0.174141
0.174215
0.174215
0.174313
0.174355
0.174404
0.174429
0.174429
0.174435
0.174458
0.174583
0.174716
0.174721
0.174788
0.174832
0.174943
0.174943
0.174950
0.174950
0.174960
0.175020
0.175026
0.175026
0.175081
0.175090
0.175132
0.175132
0.175198
0.175383
0.175384
0.175446
0.175587
0.175855
0.175897
0.175939
0.175942
0.175948
0.176030
0.176154
0.176170
0.176165
0.176238
0.176278
0.176392
0.176397
0.176477
0.176507
0.176507
0.176564
0.176657
0.176768
0.176768
0.176753
0.176753
0.176769
0.176830
0.177272
0.177272
0.177396
0.177473
0.177473
0.177517
0.177590
0.177667
0.177667
0.177667
0.177684
0.177693
0.177712
0.177723
0.177769
0.177895
0.177895
0.177896
0.177897
0.177990
0.178050
0.178050
0.178050
0.178052
0.178086
0.178086
0.178086
0.178131
0.178155
0.178155
0.178200
0.178196
0.178219
0.178263
0.178311
0.178338
0.178338
0.178399
0.178410
0.178403
0.178506
0.178506
0.178534
0.178589
0.178728
0.178826
0.178857
0.178986
0.179009
0.179052
0.179081
0.179132
0.179244
0.179277
0.179286
0.179361
0.179361
0.179405
0.179441
0.179489
0.179661
0.179735
0.179735
0.179735
0.179754
0.179763
0.179824
0.179928
0.180049
0.180087
0.180124
0.180150
0.180228
0.180257
0.180489
0.180485
0.180499
0.180645
0.180646
0.180646
0.180694
0.180732
0.180969
0.180968
0.180980
0.180980
0.180980
0.181054
0.181070
0.181089
0.181091
0.181285
0.181323
0.181322
0.181345
0.181345
0.181363
0.181369
0.181489
0.181491
0.181491
0.181492
0.181492
0.181509
0.181507
0.181512
0.181684
0.181734
0.181734
0.181734
0.181740
0.181789
0.181853
0.181910
0.181902
0.182000
0.182000
0.182000
0.182024
0.182054
0.182054
0.182054
0.182248
0.182336
0.182336
0.182348
0.182412
0.182505
0.182505
0.182676
0.182691
0.182691
0.182727
0.182727
0.182812
0.182854
0.182854
0.182974
0.182974
0.183023
0.183063
0.183071
0.183081
0.183081
0.183081
0.183203
0.183289
0.183285
0.183299
0.183361
0.183361
0.183400
0.183406
0.183415
0.183415
0.183413
0.183463
0.183463
0.183526
0.183768
0.183816
0.183817
0.183825
0.183876
0.183876
0.183941
0.183941
0.183944
0.183964
0.184021
0.184021
0.184022
0.184086
0.184125
0.184129
0.184315
0.184348
0.184357
0.184372
0.184431
0.184514
0.184514
0.184587
0.184679
0.184713
0.184713
0.184764
0.184821
0.184843
0.185021
0.185038
0.185044
0.185158
0.185218
0.185230
0.185266
0.185288
0.185288
0.185375
0.185466
0.185539
0.185550
0.185557
0.185553
0.185585
0.185580
0.185580
0.185580
0.185677
0.185748
0.185768
0.185768
0.185767
0.185792
0.185833
0.185833
0.185929
0.185929
0.185991
0.186131
0.186131
0.186129
0.186140
0.186147
0.186223
0.186331
0.186331
0.186579
0.186558
0.186636
0.186711
0.186736
0.186768
0.186781
0.186790
0.186899
0.186918
0.186926
0.187060
0.187089
0.187089
0.187111
0.187154
0.187173
0.187212
0.187211
0.187221
0.187249
0.187408
0.187408
0.187411
0.187429
0.187562
0.187562
0.187561
0.187561
0.187609
0.187689
0.187691
0.187760
0.187877
0.187882
0.187882
0.187882
0.187895
0.187955
0.188153
0.188153
0.188153
0.188174
0.188174
0.188174
0.188174
0.188214
0.188214
0.188214
0.188214
0.188302
0.188302
0.188338
0.188338
0.188338
0.188360
0.188457
0.188480
0.188526
0.188526
0.188526
0.188633
0.188678
0.188678
0.188797
0.188879
0.188931
0.188930
0.189061
0.189062
0.189075
0.189075
0.189082
0.189091
0.189118
0.189196
0.189196
0.189290
0.189496
0.189571
0.189571
0.189571
0.189649
0.189795
0.189795
0.189796
0.189796
0.189802
0.189802
0.189889
0.189895
0.189958
0.189958
0.189977
0.189980
0.189980
0.189983
0.190089
0.190102
0.190101
0.190101
0.190122
0.190122
0.190352
0.190437
0.190437
0.190437
0.190529
0.190529
0.190551
0.190578
0.190578
0.190589
0.190589
0.190603
0.190604
0.190644
0.190644
0.190664
0.190681
0.190688
0.190730
0.190776
0.190847
0.190847
0.190866
0.190866
0.190866
0.190904
0.190928
0.190945
0.191067
0.191082
0.191152
0.191156
0.191156
0.191207
0.191308
0.191381
0.191381
0.191421
0.191421
0.191433
0.191457
0.191495
0.191566
0.191629
0.191666
0.191666
0.191689
0.191714
0.191713
0.191770
0.191774
0.191996
0.191996
0.192031
0.192023
0.192074
0.192075
0.192086
0.192086
0.192086
0.192165
0.192169
0.192169
0.192229
0.192256
0.192257
0.192280
0.192317
0.192325
0.192327
0.192332
0.192332
0.192337
0.192337
0.192338
0.192400
0.192589
0.192589
0.192598
0.192693
0.192817
0.192817
0.192885
0.192885
0.192884
0.192934
0.192936
0.192974
0.192986
0.192986
0.193017
0.193017
0.193024
0.193064
0.193069
0.193069
0.193069
0.193112
0.193112
0.193112
0.193112
0.193112
0.193109
0.193109
0.193118
0.193118
0.193184
0.193183
0.193187
0.193220
0.193220
0.193234
0.193343
0.193358
0.193358
0.193358
0.193386
0.193386
0.193453
0.193467
0.193513
0.193519
0.193519
0.193550
0.193604
0.193672
0.193672
0.193672
0.193686
0.193690
0.193690
0.193690
0.193690
0.193703
0.193703
0.193760
0.193786
0.193813
0.193917
0.193970
0.193970
0.193975
0.194032
0.194058
0.194063
0.194063
0.194061
0.194061
0.194111
0.194164
0.194173
0.194173
0.194173
0.194173
0.194232
0.194246
0.194354
0.194354
0.194354
0.194366
0.194366
0.194366
0.194366
0.194379
0.194396
0.194396
0.194393
0.194393
0.194416
0.194423
0.194423
0.194431
0.194463
0.194484
0.194487
0.194487
0.194495
0.194501
0.194504
0.194504
0.194541
0.194550
0.194550
0.194565
0.194565
0.194651
0.194645
0.194660
0.194669
0.194757
0.194794
0.194794
0.194794
0.194801
0.194801
0.194859
0.194860
0.194891
0.194891
0.194891
0.194891
0.194893
0.194893
0.194893
0.194893
0.194905
0.194905
0.194912
0.194913
0.194955
0.194955
0.194955
0.194952
0.194976
0.194977
0.194977
0.195035
0.195089
0.195146
0.195188
0.195238
0.195249
0.195250
0.195250
0.195250
0.195253
0.195296
0.195296
0.195446
0.195460
0.195460
0.195460
0.195460
0.195493
0.195491
0.195486
0.195486
0.195494
0.195520
0.195519
0.195555
0.195555
0.195559
0.195594
0.195628
0.195629
0.195643
0.195681
0.195703
0.195837
0.195849
0.195849
0.195884
0.195884
0.195884
0.195884
0.195884
0.195887
0.195937
0.195937
0.195937
0.195930
0.195954
0.195954
0.195950
0.195950
0.195965
0.195965
0.195965
0.195966
0.195966
0.196029
0.196028
0.196028
0.196028
0.196028
0.196034
0.196059
0.196059
0.196080
0.196076
0.196079
0.196149
0.196149
0.196277
0.196298
0.196356
0.196403
0.196408
0.196532
0.196532
0.196532
0.196535
0.196535
0.196535
0.196562
0.196616
0.196633
0.196651
0.196655
0.196686
0.196686
0.196686
0.196693
0.196727
0.196727
0.196732
0.196737
0.196761
0.196770
0.196770
0.196819
0.196815
0.196815
0.196862
0.197010
0.197006
0.197074
0.197096
0.197096
0.197096
0.197096
0.197096
0.197112
0.197112
0.197141
0.197158
0.197158
0.197169
0.197167
0.197188
0.197199
0.197242
0.197253
0.197253
0.197253
0.197253
0.197317
0.197327
0.197327
0.197391
0.197408
0.197408
0.197409
0.197412
0.197423
0.197430
0.197431
0.197549
0.197557
0.197563
0.197563
0.197583
0.197579
0.197579
0.197577
0.197604
0.197657
0.197669
0.197669
0.197751
0.197752
0.197782
0.197782
0.197782
0.197814
0.197859
0.197859
0.197891
0.197897
0.197900
0.197900
0.197899
0.197977
0.198007
0.198007
0.198007
0.198007
0.198007
0.198007
0.198045
0.198049
0.198101
0.198214
0.198214
0.198214
0.198222
0.198229
0.198229
0.198244
0.198247
0.198263
0.198265
0.198309
0.198305
0.198327
0.198332
0.198335
0.198335
0.198337
0.198387
0.198401
0.198484
0.198501
0.198495
0.198521
0.198520
0.198521
0.198551
0.198595
0.198604
0.198609
0.198623
0.198617
0.198639
0.198639
0.198643
0.198645
0.198659
0.198659
0.198661
0.198664
0.198664
0.198719
0.198719
0.198719
0.198724
0.198759
0.198759
0.198801
0.198801
0.198878
0.198876
0.198876
0.198876
0.198891
0.198945
0.198945
0.198945
0.198945
0.198977
0.198977
0.198974
0.198978
0.198978
0.199007
0.199007
0.199007
0.199007
0.199007
0.199108
0.199107
0.199107
0.199121
0.199130
0.199179
0.199228
0.199247
0.199272
0.199278
0.199278
0.199278
0.199276
0.199298
0.199300
0.199348
0.199356
0.199388
0.199384
0.199409
0.199410
0.199469
0.199469
0.199554
0.199554
0.199554
0.199561
0.199565
0.199568
0.199667
0.199687
0.199687
0.199700
0.199716
0.199716
0.199811
0.199811
0.199835
0.199836
0.199837
0.199837
0.199842
0.199842
0.199866
0.199910
0.199923
0.199932
0.199933
0.199941
0.199941
0.199944
0.199964
0.199974
0.200020
0.200024
0.200031
0.200104
0.200104
0.200104
0.200104
0.200104
0.200158
0.200158
0.200158
0.200186
0.200186
0.200186
0.200190
0.200190
0.200295
0.200295
0.200296
0.200296
0.200325
0.200325
0.200346
0.200346
0.200346
0.200441
0.200437
0.200502
0.200510
0.200577
0.200579
0.200592
0.200623
0.200689
0.200729
0.200750
0.200773
0.200773
0.200783
0.200820
0.200835
0.200852
0.200863
0.200869
0.200896
0.200896
0.200909
0.200918
0.200916
0.200916
0.200935
0.200935
0.200935
0.200940
0.200940
0.200961
0.201016
0.201016
0.201016
0.201016
0.201018
0.201018
0.201018
0.201018
0.201037
0.201108
0.201128
0.201147
0.201147
0.201147
0.201147
0.201160
0.201160
0.201201
0.201229
0.201229
0.201267
0.201372
0.201422
0.201450
0.201438
0.201450
0.201505
0.201505
0.201533
0.201568
0.201609
0.201616
0.201616
0.201690
0.201695
0.201695
0.201697
0.201707
0.201740
0.201740
0.201801
0.201817
0.201817
0.201817
0.201832
0.201837
0.201864
0.201921
0.201952
0.201952
0.201953
0.201953
0.201953
0.201953
0.201954
0.201954
0.202002
0.202002
0.202002
0.202002
0.202032
0.202065
0.202076
0.202076
0.202096
0.202096
0.202095
0.202095
0.202132
0.202133
0.202142
0.202208
0.202218
0.202251
0.202318
0.202325
0.202325
0.202332
0.202333
0.202337
0.202338
0.202370
0.202396
0.202428
0.202429
0.202535
0.202535
0.202535
0.202549
0.202549
0.202549
0.202573
0.202573
0.202673
0.202673
0.202687
0.202687
0.202687
0.202687
0.202690
0.202699
0.202699
0.202725
0.202725
0.202764
0.202764
0.202783
0.202793
0.202811
0.202811
0.202824
0.202902
0.202902
0.202902
0.202927
0.202927
0.202927
0.202942
0.202942
0.202934
0.202953
0.202953
0.202972
0.202985
0.203052
0.203082
0.203148
0.203219
0.203239
0.203239
0.203229
0.203274
0.203361
0.203383
0.203394
0.203394
0.203415
0.203415
0.203415
0.203426
0.203439
0.203439
0.203439
0.203482
0.203482
0.203482
0.203482
0.203553
0.203553
0.203553
0.203553
0.203653
0.203680
0.203687
0.203687
0.203695
0.203771
0.203771
0.203787
0.203824
0.203824
0.203824
0.203824
0.203857
0.203945
0.203945
0.204006
0.204095
0.204095
0.204093
0.204095
0.204099
0.204127
0.204127
0.204123
0.204140
0.204196
0.204203
0.204282
0.204282
0.204282
0.204283
0.204325
0.204325
0.204343
0.204343
0.204398
0.204520
0.204523
0.204526
0.204560
0.204597
0.204597
0.204647
0.204676
0.204687
0.204687
0.204691
0.204736
0.204736
0.204752
0.204760
0.204761
0.204767
0.204767
0.204775
0.204775
0.204775
0.204774
0.204774
0.204785
0.204787
0.204789
0.204789
0.204789
0.204846
0.204855
0.204910
0.204910
0.204924
0.204995
0.204995
0.205020
0.205036
0.205034
0.205034
0.205034
0.205044
0.205066
0.205095
0.205181
0.205181
0.205180
0.205180
0.205208
0.205209
0.205310
0.205334
0.205328
0.205489
0.205499
0.205499
0.205543
0.205575
0.205583
0.205590
0.205608
0.205625
0.205658
0.205680
0.205680
0.205668
0.205693
0.205691
0.205788
0.205788
0.205812
0.205899
0.205902
0.205909
0.205909
0.205928
0.205930
0.205945
0.206048
0.206050
0.206059
0.206103
0.206103
0.206120
0.206168
0.206174
0.206208
0.206210
0.206210
0.206258
0.206263
0.206284
0.206292
0.206293
0.206293
0.206293
0.206298
0.206301
0.206326
0.206341
0.206358
0.206370
0.206411
0.206411
0.206411
0.206411
0.206398
0.206401
0.206440
0.206477
0.206503
0.206503
0.206567
0.206563
0.206563
0.206567
0.206570
0.206570
0.206582
0.206583
0.206583
0.206584
0.206584
0.206583
0.206582
0.206582
0.206613
0.206624
0.206642
0.206692
0.206694
0.206692
0.206724
0.206763
0.206763
0.206771
0.206771
0.206770
0.206770
0.206840
0.206843
0.206843
0.206859
0.206887
0.206887
0.206888
0.206939
0.206939
0.206943
0.206969
0.206976
0.206976
0.206996
0.207006
0.207030
0.207092
0.207092
0.207108
0.207118
0.207118
0.207119
0.207149
0.207185
0.207205
0.207207
0.207235
0.207277
0.207278
0.207292
0.207295
0.207296
0.207343
0.207344
0.207346
0.207345
0.207345
0.207361
0.207411
0.207506
0.207524
0.207549
0.207603
0.207718
0.207718
0.207718
0.207712
0.207715
0.207715
0.207724
0.207724
0.207730
0.207764
0.207765
0.207765
0.207765
0.207783
0.207788
0.207789
0.207815
0.207818
0.207840
0.207869
0.207869
0.207870
0.207885
0.207892
0.207892
0.207892
0.207892
0.207892
0.207892
0.207900
0.207974
0.207974
0.207984
0.207984
0.207992
0.207992
0.208024
0.208024
0.208056
0.208130
0.208140
0.208149
0.208208
0.208224
0.208310
0.208311
0.208321
0.208319
0.208326
0.208361
0.208385
0.208391
0.208391
0.208391
0.208394
0.208395
0.208428
0.208428
0.208428
0.208428
0.208480
0.208493
0.208493
0.208493
0.208495
0.208501
0.208530
0.208572
0.208572
0.208572
0.208572
0.208572
0.208585
0.208606
0.208686
0.208686
0.208686
0.208731
0.208731
0.208733
0.208733
0.208733
0.208744
0.208744
0.208748
0.208762
0.208777
0.208798
0.208798
0.208845
0.208845
0.208861
0.208864
0.208877
0.208911
0.208928
0.208928
0.208934
0.208951
0.208997
0.209021
0.209021
0.209058
0.209058
0.209060
0.209076
0.209076
0.209076
0.209095
0.209119
0.209119
0.209119
0.209119
0.209131
0.209162
0.209165
0.209165
0.209165
0.209199
0.209199
0.209200
0.209200
0.209200
0.209207
0.209207
0.209237
0.209257
0.209252
0.209263
0.209294
0.209301
0.209321
0.209371
0.209371
0.209389
0.209501
0.209552
0.209582
0.209590
0.209590
0.209619
0.209619
0.209661
0.209679
0.209768
0.209772
0.209777
0.209774
0.209832
0.209860
0.209860
0.209965
0.210017
0.210050
0.210050
0.210052
0.210133
0.210149
0.210151
0.210153
0.210155
0.210187
0.210186
0.210220
0.210256
0.210256
0.210260
0.210277
0.210294
0.210316
0.210307
0.210333
0.210333
0.210354
0.210359
0.210359
0.210364
0.210469
0.210506
0.210506
0.210505
0.210506
0.210577
0.210650
0.210659
0.210670
0.210671
0.210692
0.210697
0.210697
0.210697
0.210740
0.210756
0.210758
0.210778
0.210778
0.210803
0.210828
0.210856
0.210862
0.210890
0.210888
0.210903
0.210938
0.210938
0.210963
0.210963
0.210963
0.210962
0.210984
0.211051
0.211060
0.211075
0.211075
0.211075
0.211109
0.211109
0.211118
0.211118
0.211127
0.211124
0.211123
0.211123
0.211175
0.211239
0.211239
0.211241
0.211241
0.211241
0.211250
0.211261
0.211257
0.211257
0.211282
0.211383
0.211383
0.211383
0.211419
0.211417
0.211417
0.211423
0.211478
0.211479
0.211477
0.211491
0.211509
0.211516
0.211516
0.211607
0.211614
0.211628
0.211651
0.211651
0.211651
0.211665
0.211666
0.211668
0.211668
0.211680
0.211692
0.211692
0.211692
0.211692
0.211692
0.211702
0.211708
0.211707
0.211725
0.211726
0.211736
0.211743
0.211759
0.211768
0.211780
0.211780
0.211806
0.211818
0.211818
0.211818
0.211817
0.211857
0.211858
0.211882
0.211882
0.211882
0.211882
0.211882
0.211890
0.211898
0.211904
0.211907
0.211907
0.211915
0.211933
0.211933
0.211933
0.211939
0.211939
0.211939
0.211947
0.211947
0.211948
0.211951
0.211951
0.211952
0.211952
0.211952
0.212067
0.212082
0.212122
0.212122
0.212119
0.212119
0.212116
0.212116
0.212126
0.212130
0.212130
0.212130
0.212146
0.212146
0.212169
0.212168
0.212193
0.212201
0.212201
0.212201
0.212201
0.212201
0.212201
0.212233
0.212264
0.212275
0.212275
0.212280
0.212290
0.212290
0.212290
0.212380
0.212380
0.212412
0.212453
0.212488
0.212502
0.212506
0.212517
0.212517
0.212517
0.212579
0.212579
0.212588
0.212591
0.212591
0.212595
0.212646
0.212663
0.212663
0.212660
0.212672
0.212680
0.212680
0.212689
0.212707
0.212746
0.212746
0.212781
0.212785
0.212799
0.212800
0.212800
0.212808
0.212821
0.212856
0.212980
0.212981
0.212982
0.212979
0.212988
0.212988
0.212988
0.213001
0.213057
0.213064
0.213099
0.213112
0.213107
0.213112
0.213112
0.213102
0.213177
0.213183
0.213226
0.213238
0.213238
0.213245
0.213245
0.213250
0.213252
0.213252
0.213257
0.213257
0.213270
0.213270
0.213270
0.213308
0.213313
0.213326
0.213326
0.213332
0.213344
0.213343
0.213343
0.213346
0.213349
0.213349
0.213397
0.213397
0.213443
0.213443
0.213443
0.213457
0.213457
0.213457
0.213457
0.213501
0.213501
0.213575
0.213575
0.213575
0.213575
0.213567
0.213567
0.213567
0.213567
0.213569
0.213593
0.213601
0.213599
0.213608
0.213630
0.213651
0.213705
0.213705
0.213704
0.213704
0.213704
0.213755
0.213756
0.213756
0.213756
0.213760
0.213765
0.213823
0.213823
0.213863
0.213883
0.213936
0.213942
0.213952
0.213961
0.213961
0.213961
0.213961
0.213961
0.213972
0.213996
0.214005
0.214005
0.214005
0.214034
0.214034
0.214050
0.214056
0.214064
0.214115
0.214115
0.214120
0.214120
0.214120
0.214205
0.214248
0.214272
0.214272
0.214322
0.214322
0.214335
0.214341
0.214341
0.214350
0.214393
0.214464
0.214468
0.214495
0.214524
0.214521
0.214519
0.214574
0.214574
0.214621
0.214622
0.214623
0.214630
0.214630
0.214630
0.214648
0.214645
0.214687
0.214689
0.214693
0.214693
0.214693
0.214704
0.214704
0.214705
0.214705
0.214705
0.214781
0.214781
0.214855
0.214862
0.214866
0.214898
0.214898
0.214930
0.214931
0.214944
0.214944
0.214951
0.214993
0.214992
0.214992
0.214992
0.214992
0.215015
0.215040
0.215040
0.215040
0.215046
0.215053
0.215053
0.215053
0.215101
0.215101
0.215101
0.215105
0.215102
0.215102
0.215123
0.215132
0.215132
0.215149
0.215202
0.215212
0.215212
0.215209
0.215277
0.215280
0.215280
0.215283
0.215283
0.215283
0.215280
0.215274
0.215306
0.215330
0.215350
0.215362
0.215362
0.215400
0.215400
0.215398
0.215398
0.215414
0.215427
0.215458
0.215460
0.215505
0.215505
0.215506
0.215532
0.215569
0.215585
0.215586
0.215692
0.215693
0.215693
0.215694
0.215692
0.215720
0.215762
0.215805
0.215805
0.215827
0.215827
0.215822
0.215874
0.215921
0.215920
0.215928
0.215925
0.215921
0.215925
0.215944
0.216000
0.216071
0.216076
0.216076
0.216076
0.216082
0.216082
0.216082
0.216091
0.216091
0.216091
0.216099
0.216112
0.216137
0.216137
0.216137
0.216137
0.216136
0.216134
0.216134
0.216139
0.216154
0.216154
0.216154
0.216154
0.216154
0.216162
0.216181
0.216174
0.216190
0.216183
0.216196
0.216212
0.216218
0.216230
0.216237
0.216245
0.216245
0.216252
0.216252
0.216252
0.216252
0.216262
0.216266
0.216270
0.216270
0.216272
0.216272
0.216276
0.216276
0.216290
0.216291
0.216291
0.216291
0.216292
0.216292
0.216292
0.216292
0.216330
0.216341
0.216341
0.216418
0.216433
0.216446
0.216446
0.216452
0.216464
0.216463
0.216471
0.216471
0.216500
0.216500
0.216500
0.216500
0.216522
0.216523
0.216534
0.216557
0.216630
0.216656
0.216686
0.216686
0.216709
0.216709
0.216747
0.216751
0.216751
0.216751
0.216801
0.216844
0.216844
0.216844
0.216860
0.216860
0.216875
0.216886
0.216889
0.216900
0.216900
0.216925
0.216925
0.216939
0.216953
0.216968
0.216968
0.217003
0.217007
0.217007
0.217007
0.217052
0.217045
0.217045
0.217052
0.217061
0.217146
0.217153
0.217153
0.217153
0.217159
0.217201
0.217201
0.217203
0.217203
0.217204
0.217231
0.217231
0.217257
0.217257
0.217270
0.217269
0.217269
0.217305
0.217315
0.217315
0.217315
0.217304
0.217355
0.217355
0.217385
0.217385
0.217385
0.217385
0.217395
0.217396
0.217396
0.217404
0.217404
0.217432
0.217435
0.217436
0.217440
0.217464
0.217467
0.217478
0.217478
0.217481
0.217481
0.217482
0.217495
0.217491
0.217491
0.217496
0.217496
0.217496
0.217507
0.217513
0.217513
0.217513
0.217513
0.217511
0.217513
0.217510
0.217532
0.217532
0.217532
0.217532
0.217540
0.217545
0.217545
0.217545
0.217545
0.217545
0.217572
0.217635
0.217635
0.217635
0.217652
0.217652
0.217658
0.217664
0.217664
0.217664
0.217661
0.217662
0.217662
0.217667
0.217701
0.217701
0.217701
0.217701
0.217701
0.217701
0.217722
0.217751
0.217751
0.217751
0.217770
0.217770
0.217768
0.217763
0.217773
0.217773
0.217773
0.217777
0.217809
0.217809
0.217809
0.217819
0.217834
0.217837
0.217853
0.217861
0.217864
0.217864
0.217864
0.217874
0.217878
0.217878
0.217887
0.217899
0.217899
0.217899
0.217899
0.217914
0.217927
0.217964
0.217970
0.217978
0.217984
0.217984
0.217999
0.218045
0.218064
0.218064
0.218054
0.218056
0.218093
0.218158
0.218234
0.218255
0.218264
0.218262
0.218307
0.218310
0.218310
0.218312
0.218313
0.218316
0.218316
0.218336
0.218342
0.218392
0.218409
0.218409
0.218415
0.218466
0.218466
0.218474
0.218474
0.218474
0.218496
0.218506
0.218518
0.218518
0.218518
0.218546
0.218549
0.218550
0.218550
0.218566
0.218567
0.218567
0.218567
0.218622
0.218642
0.218642
0.218664
0.218694
0.218709
0.218709
0.218721
0.218721
0.218721
0.218725
0.218807
0.218822
0.218837
0.218904
0.218904
0.218904
0.218919
0.218934
0.218952
0.218952
0.218953
0.218951
0.218951
0.218951
0.218951
0.218951
0.218956
0.218956
0.218956
0.218956
0.218976
0.218976
0.218976
0.218991
0.218991
0.219020
0.219020
0.219020
0.219049
0.219049
0.219049
0.219053
0.219053
0.219053
0.219064
0.219064
0.219063
0.219065
0.219066
0.219060
0.219060
0.219085
0.219090
0.219090
0.219091
0.219091
0.219092
0.219092
0.219102
0.219109
0.219109
0.219148
0.219145
0.219162
0.219164
0.219164
0.219195
0.219205
0.219238
0.219250
0.219258
0.219284
0.219284
0.219306
0.219330
0.219342
0.219340
0.219340
0.219340
0.219392
0.219392
0.219392
0.219416
0.219416
0.219435
0.219473
0.219473
0.219481
0.219481
0.219485
0.219485
0.219485
0.219510
0.219510
0.219519
0.219527
0.219527
0.219539
0.219567
0.219567
0.219578
0.219584
0.219604
0.219615
0.219615
0.219628
0.219628
0.219638
0.219663
0.219693
0.219693
0.219709
0.219718
0.219718
0.219708
0.219708
0.219709
0.219719
0.219722
0.219749
0.219753
0.219767
0.219789
0.219804
0.219804
0.219804
0.219804
0.219815
0.219809
0.219856
0.219856
0.219866
0.219866
0.219874
0.219906
0.219938
0.219947
0.219994
0.220063
0.220063
0.220070
0.220070
0.220070
0.220077
0.220095
0.220178
0.220178
0.220221
0.220223
0.220238
0.220238
0.220240
0.220243
0.220251
0.220267
0.220276
0.220276
0.220276
0.220277
0.220277
0.220283
0.220306
0.220306
0.220322
0.220322
0.220322
0.220314
0.220313
0.220313
0.220313
0.220313
0.220334
0.220359
0.220366
0.220365
0.220365
0.220394
0.220408
0.220414
0.220414
0.220414
0.220433
0.220439
0.220439
0.220437
0.220438
0.220452
0.220452
0.220464
0.220464
0.220476
0.220510
0.220514
0.220514
0.220518
0.220524
0.220528
0.220534
0.220553
0.220553
0.220570
0.220571
0.220584
0.220614
0.220635
0.220639
0.220682
0.220701
0.220701
0.220701
0.220720
0.220716
0.220716
0.220716
0.220731
0.220795
0.220800
0.220803
0.220812
0.220834
0.220834
0.220844
0.220863
0.220864
0.220864
0.220868
0.220868
0.220868
0.220872
0.220884
0.220890
0.220890
0.220891
0.220891
0.220891
0.220899
0.220908
0.220907
0.220907
0.220906
0.220906
0.220918
0.220926
0.220927
0.220954
0.220954
0.220961
0.220970
0.220970
0.220972
0.220972
0.220972
0.220972
0.221061
0.221061
0.221113
0.221113
0.221113
0.221121
0.221121
0.221134
0.221134
0.221134
0.221134
0.221134
0.221146
0.221146
0.221146
0.221147
0.221147
0.221155
0.221199
0.221199
0.221206
0.221205
0.221205
0.221207
0.221220
0.221220
0.221221
0.221221
0.221225
0.221225
0.221225
0.221225
0.221242
0.221242
0.221247
0.221247
0.221256
0.221255
0.221274
0.221274
0.221271
0.221306
0.221313
0.221372
0.221394
0.221394
0.221394
0.221412
0.221414
0.221414
0.221415
0.221415
0.221419
0.221434
0.221434
0.221434
0.221433
0.221449
0.221492
0.221497
0.221497
0.221497
0.221497
0.221492
0.221492
0.221492
0.221494
0.221507
0.221561
0.221565
0.221574
0.221575
0.221584
0.221574
0.221577
0.221596
0.221594
0.221638
0.221637
0.221637
0.221637
0.221639
0.221639
0.221637
0.221637
0.221668
0.221668
0.221668
0.221668
0.221695
0.221711
0.221710
0.221718
0.221721
0.221721
0.221721
0.221721
0.221724
0.221724
0.221723
0.221727
0.221727
0.221727
0.221727
0.221727
0.221727
0.221763
0.221764
0.221763
0.221768
0.221770
0.221797
0.221800
0.221800
0.221800
0.221800
0.221810
0.221825
0.221825
0.221840
0.221843
0.221870
0.221881
0.221881
0.221883
0.221887
0.221887
0.221887
0.221891
0.221891
0.221892
0.221892
0.221892
0.221893
0.221893
0.221893
0.221907
0.221922
0.221922
0.221948
0.221935
0.221981
0.221982
0.221988
0.221981
0.221989
0.221991
0.221997
0.221997
0.222011
0.222014
0.222016
0.222016
0.222029
0.222029
0.222029
0.222032
0.222030
0.222030
0.222047
0.222056
0.222057
0.222068
0.222076
0.222073
0.222088
0.222085
0.222087
0.222101
0.222107
0.222131
0.222131
0.222139
0.222154
0.222154
0.222171
0.222188
0.222198
0.222206
0.222264
0.222264
0.222265
0.222279
0.222305
0.222342
0.222340
0.222342
0.222360
0.222352
0.222354
0.222352
0.222352
0.222355
0.222355
0.222381
0.222400
0.222400
0.222403
0.222403
0.222427
0.222427
0.222427
0.222430
0.222430
0.222439
0.222439
0.222439
0.222439
0.222439
0.222439
0.222453
0.222476
0.222473
0.222473
0.222466
0.222461
0.222461
0.222461
0.222461
0.222461
0.222461
0.222461
0.222461
0.222462
0.222472
0.222472
0.222472
0.222478
0.222478
0.222481
0.222489
0.222521
0.222521
0.222529
0.222529
0.222560
0.222560
0.222562
0.222569
0.222601
0.222610
0.222610
0.222651
0.222686
0.222687
0.222679
0.222679
0.222730
0.222730
0.222750
0.222750
0.222747
0.222747
0.222747
0.222754
0.222754
0.222754
0.222766
0.222766
0.222766
0.222770
0.222770
0.222770
0.222779
0.222778
0.222799
0.222799
0.222799
0.222799
0.222827
0.222827
0.222827
0.222835
0.222835
0.222835
0.222835
0.222835
0.222835
0.222840
0.222840
0.222840
0.222840
0.222851
0.222851
0.222869
0.222878
0.222878
0.222884
0.222884
0.222886
0.222886
0.222886
0.222909
0.222920
0.222921
0.222924
0.222924
0.222924
0.222944
0.222944
0.222952
0.222962
0.222974
0.222974
0.222974
0.222990
0.223000
0.223000
0.223004
0.223027
0.223027
0.223032
0.223031
0.223047
0.223107
0.223107
0.223132
0.223134
0.223158
0.223158
0.223158
0.223175
0.223175
0.223212
0.223212
0.223215
0.223214
0.223218
0.223236
0.223263
0.223286
0.223287
0.223288
0.223288
0.223300
0.223300
0.223300
0.223378
0.223377
0.223377
0.223398
0.223395
0.223395
0.223413
0.223415
0.223438
0.223438
0.223438
0.223427
0.223429
0.223436
0.223479
0.223479
0.223479
0.223486
0.223486
0.223488
0.223507
0.223507
0.223511
0.223511
0.223510
0.223516
0.223516
0.223513
0.223513
0.223515
0.223516
0.223518
0.223543
0.223543
0.223548
0.223548
0.223548
0.223553
0.223553
0.223553
0.223584
0.223621
0.223621
0.223629
0.223629
0.223633
0.223635
0.223635
0.223638
0.223638
0.223638
0.223638
0.223638
0.223667
0.223667
0.223708
0.223708
0.223708
0.223705
0.223715
0.223715
0.223721
0.223722
0.223737
0.223728
0.223850
0.223850
0.223857
0.223875
0.223876
0.223882
0.223916
0.223926
0.223926
0.223931
0.223931
0.223923
0.223923
0.223922
0.223924
0.223924
0.223933
0.223937
0.223937
0.223936
0.223936
0.223950
0.223948
0.223948
0.223956
0.223959
0.223967
0.223967
0.223968
0.223971
0.223971
0.223971
0.223971
0.223974
0.223974
0.223973
0.223973
0.223973
0.223979
0.223979
0.224035
0.224036
0.224048
0.224048
0.224079
0.224103
0.224103
0.224103
0.224104
0.224109
0.224109
0.224109
0.224109
0.224128
0.224128
0.224126
0.224126
0.224126
0.224126
0.224135
0.224135
0.224135
0.224135
0.224135
0.224150
0.224192
0.224193
0.224202
0.224210
0.224210
0.224254
0.224254
0.224254
0.224258
0.224290
0.224313
0.224314
0.224314
0.224318
0.224324
0.224331
0.224335
0.224354
0.224354
0.224356
0.224356
0.224356
0.224392
0.224394
0.224399
0.224399
0.224404
0.224409
0.224404
0.224404
0.224404
0.224432
0.224435
0.224434
0.224434
0.224434
0.224470
0.224470
0.224471
0.224473
0.224473
0.224473
0.224473
0.224483
0.224482
0.224505
0.224512
0.224513
0.224512
0.224516
0.224516
0.224516
0.224516
0.224524
0.224528
0.224528
0.224534
0.224538
0.224538
0.224538
0.224533
0.224547
0.224566
0.224571
0.224576
0.224565
0.224565
0.224588
0.224595
0.224595
0.224598
0.224612
0.224621
0.224631
0.224631
0.224637
0.224648
0.224645
0.224646
0.224646
0.224646
0.224646
0.224647
0.224647
0.224647
0.224647
0.224667
0.224693
0.224693
0.224693
0.224695
0.224695
0.224708
0.224708
0.224708
0.224711
0.224713
0.224735
0.224735
0.224735
0.224750
0.224750
0.224770
0.224804
0.224807
0.224807
0.224831
0.224831
0.224834
0.224872
0.224881
0.224893
0.224893
0.224893
0.224901
0.224912
0.224905
0.224911
0.224907
0.224929
0.224938
0.224938
0.224937
0.224937
0.224937
0.224937
0.224940
0.224971
0.224989
0.224989
0.225000
0.225002
0.225022
0.225022
0.225099
0.225094
0.225094
0.225094
0.225094
0.225099
0.225105
0.225101
0.225107
0.225117
0.225143
0.225143
0.225161
0.225161
0.225164
0.225165
0.225165
0.225232
0.225238
0.225238
0.225243
0.225244
0.225250
0.225250
0.225251
0.225252
0.225253
0.225287
0.225287
0.225291
0.225291
0.225291
0.225294
0.225294
0.225294
0.225294
0.225294
0.225294
0.225308
0.225308
0.225307
0.225307
0.225307
0.225307
0.225307
0.225311
0.225311
0.225311
0.225327
0.225327
0.225328
0.225330
0.225330
0.225330
0.225328
0.225328
0.225343
0.225354
0.225354
0.225362
0.225362
0.225362
0.225362
0.225362
0.225361
0.225361
0.225371
0.225394
0.225400
0.225403
0.225403
0.225410
0.225417
0.225417
0.225418
0.225420
0.225423
0.225423
0.225423
0.225448
0.225449
0.225449
0.225449
0.225473
0.225473
0.225482
0.225482
0.225462
0.225473
0.225478
0.225483
0.225483
0.225486
0.225487
0.225488
0.225488
0.225501
0.225523
0.225523
0.225531
0.225533
0.225533
0.225561
0.225561
0.225561
0.225569
0.225578
0.225578
0.225578
0.225578
0.225578
0.225592
0.225592
0.225592
0.225592
0.225592
0.225592
0.225621
0.225621
0.225621
0.225640
0.225650
0.225650
0.225650
0.225654
0.225675
0.225675
0.225678
0.225686
0.225693
0.225695
0.225692
0.225696
0.225697
0.225697
0.225725
0.225751
0.225751
0.225756
0.225756
0.225769
0.225809
0.225817
0.225817
0.225816
0.225816
0.225814
0.225817
0.225846
0.225846
0.225847
0.225847
0.225858
0.225858
0.225858
0.225858
0.225854
0.225901
0.225902
0.225905
0.225905
0.225908
0.225929
0.225952
0.225978
0.225998
0.225998
0.226004
0.226004
0.226011
0.226042
0.226063
0.226077
0.226084
0.226084
0.226087
0.226086
0.226120
0.226120
0.226125
0.226130
0.226133
0.226132
0.226132
0.226134
0.226134
0.226159
0.226159
0.226161
0.226172
0.226176
0.226173
0.226173
0.226193
0.226210
0.226214
0.226233
0.226240
0.226244
0.226264
0.226297
0.226297
0.226304
0.226310
0.226319
0.226319
0.226310
0.226322
0.226323
0.226323
0.226337
0.226374
0.226375
0.226375
0.226381
0.226383
0.226383
0.226392
0.226393
0.226393
0.226413
0.226413
0.226412
0.226429
0.226429
0.226429
0.226442
0.226442
0.226445
0.226448
0.226464
0.226483
0.226492
0.226494
0.226491
0.226503
0.226503
0.226530
0.226530
0.226584
0.226582
0.226582
0.226582
0.226639
0.226639
0.226647
0.226647
0.226647
0.226660
0.226673
0.226673
0.226677
0.226726
0.226726
0.226723
0.226739
0.226739
0.226752
0.226758
0.226770
0.226770
0.226770
0.226777
0.226782
0.226786
0.226786
0.226786
0.226795
0.226795
0.226805
0.226805
0.226808
0.226838
0.226847
0.226861
0.226861
0.226897
0.226898
0.226912
0.226929
0.226929
0.226949
0.227060
0.227060
0.227068
0.227068
0.227071
0.227071
0.227072
0.227072
0.227080
0.227080
0.227080
0.227095
0.227094
0.227098
0.227098
0.227109
0.227116
0.227147
0.227147
0.227147
0.227146
0.227183
0.227205
0.227205
0.227206
0.227206
0.227215
0.227267
0.227280
0.227280
0.227310
0.227310
0.227322
0.227321
0.227321
0.227321
0.227322
0.227327
0.227327
0.227329
0.227329
0.227331
0.227332
0.227349
0.227349
0.227349
0.227349
0.227354
0.227361
0.227361
0.227361
0.227361
0.227361
0.227361
0.227375
0.227385
0.227393
0.227394
0.227399
0.227399
0.227399
0.227406
0.227409
0.227414
0.227414
0.227414
0.227428
0.227437
0.227439
0.227439
0.227443
0.227447
0.227447
0.227460
0.227461
0.227457
0.227466
0.227478
0.227478
0.227494
0.227530
0.227535
0.227535
0.227535
0.227535
0.227535
0.227547
0.227554
0.227551
0.227562
0.227570
0.227569
0.227576
0.227576
0.227576
0.227576
0.227602
0.227655
0.227678
0.227678
0.227678
0.227688
0.227691
0.227694
0.227702
0.227702
0.227708
0.227708
0.227709
0.227710
0.227710
0.227746
0.227754
0.227872
0.227881
0.227893
0.227893
0.227901
0.227899
0.227902
0.227920
0.227945
0.227957
0.227958
0.227954
0.227969
0.227990
0.227990
0.227993
0.228022
0.228022
0.228064
0.228064
0.228062
0.228062
0.228062
0.228062
0.228062
0.228067
0.228067
0.228074
0.228074
0.228074
0.228076
0.228076
0.228075
0.228079
0.228092
0.228092
0.228111
0.228111
0.228113
0.228111
0.228121
0.228119
0.228119
0.228122
0.228128
0.228127
0.228124
0.228126
0.228127
0.228127
0.228142
0.228133
0.228133
0.228133
0.228158
0.228176
0.228188
0.228188
0.228210
0.228210
0.228210
0.228210
0.228211
0.228220
0.228220
0.228232
0.228234
0.228235
0.228235
0.228235
0.228235
0.228235
0.228235
0.228235
0.228236
0.228238
0.228238
0.228246
0.228247
0.228247
0.228310
0.228311
0.228307
0.228308
0.228312
0.228312
0.228323
0.228323
0.228328
0.228361
0.228361
0.228361
0.228404
0.228405
0.228405
0.228405
0.228421
0.228421
0.228421
0.228420
0.228433
0.228440
0.228440
0.228440
0.228443
0.228444
0.228444
0.228444
0.228445
0.228445
0.228445
0.228445
0.228456
0.228456
0.228456
0.228501
0.228503
0.228509
0.228509
0.228516
0.228553
0.228555
0.228555
0.228553
0.228553
0.228561
0.228561
0.228561
0.228587
0.228587
0.228593
0.228594
0.228610
0.228611
0.228629
0.228660
0.228672
0.228672
0.228683
0.228669
0.228670
0.228685
0.228685
0.228701
0.228711
0.228712
0.228712
0.228724
0.228724
0.228730
0.228722
0.228724
0.228727
0.228729
0.228733
0.228740
0.228746
0.228746
0.228746
0.228746
0.228746
0.228746
0.228746
0.228756
0.228756
0.228756
0.228796
0.228796
0.228806
0.228809
0.228809
0.228809
0.228814
0.228814
0.228851
0.228855
0.228855
0.228857
0.228902
0.228902
0.228913
0.228961
0.229005
0.229007
0.229026
0.229026
0.229026
0.229030
0.229073
0.229073
0.229087
0.229087
0.229087
0.229087
0.229089
0.229089
0.229089
0.229089
0.229124
0.229137
0.229155
0.229152
0.229152
0.229147
0.229141
0.229148
0.229148
0.229168
0.229172
0.229179
0.229179
0.229195
0.229250
0.229276
0.229276
0.229277
0.229266
0.229272
0.229274
0.229277
0.229279
0.229306
0.229301
0.229308
0.229308
0.229314
0.229330
0.229330
0.229389
0.229389
0.229397
0.229408
0.229408
0.229417
0.229420
0.229420
0.229484
0.229485
0.229491
0.229490
0.229493
0.229493
0.229492
0.229492
0.229492
0.229492
0.229493
0.229493
0.229493
0.229495
0.229495
0.229499
0.229499
0.229499
0.229499
0.229503
0.229503
0.229497
0.229497
0.229499
0.229499
0.229499
0.229502
0.229573
0.229573
0.229599
0.229605
0.229605
0.229618
0.229642
0.229648
0.229676
0.229676
0.229676
0.229676
0.229702
0.229705
0.229702
0.229708
0.229715
0.229720
0.229720
0.229736
0.229737
0.229758
0.229758
0.229760
0.229764
0.229761
0.229761
0.229761
0.229761
0.229763
0.229763
0.229763
0.229763
0.229763
0.229763
0.229763
0.229766
0.229766
0.229777
0.229777
0.229777
0.229779
0.229785
0.229785
0.229786
0.229808
0.229816
0.229818
0.229818
0.229817
0.229818
0.229818
0.229818
0.229818
0.229819
0.229819
0.229819
0.229819
0.229819
0.229823
0.229823
0.229830
0.229829
0.229829
0.229829
0.229829
0.229828
0.229828
0.229828
0.229828
0.229828
0.229828
0.229829
0.229838
0.229838
0.229836
0.229836
0.229836
0.229835
0.229843
0.229852
0.229852
0.229854
0.229854
0.229854
0.229854
0.229854
0.229881
0.229881
0.229881
0.229883
0.229883
0.229883
0.229888
0.229888
0.229888
0.229890
0.229890
0.229890
0.229899
0.229906
0.229906
0.229906
0.229906
0.229905
0.229905
0.229905
0.229910
0.229910
0.229911
0.229924
0.229925
0.229925
0.229925
0.229925
0.229926
0.229926
0.229926
0.229926
0.229927
0.229973
0.230008
0.230013
0.230016
0.230016
0.230021
0.230046
0.230053
0.230060
0.230067
0.230067
0.230067
0.230067
0.230068
0.230072
0.230074
0.230087
0.230088
0.230089
0.230089
0.230090
0.230090
0.230099
0.230111
0.230111
0.230105
0.230125
0.230125
0.230150
0.230162
0.230162
0.230166
0.230174
0.230173
0.230174
0.230193
0.230193
0.230197
0.230197
0.230206
0.230236
0.230239
0.230240
0.230244
0.230241
0.230241
0.230252
0.230258
0.230259
0.230272
0.230272
0.230286
0.230299
0.230299
0.230299
0.230301
0.230308
0.230315
0.230315
0.230316
0.230318
0.230318
0.230329
0.230329
0.230329
0.230339
0.230339
0.230339
0.230339
0.230370
0.230384
0.230388
0.230389
0.230389
0.230384
0.230384
0.230414
0.230417
0.230438
0.230452
0.230453
0.230451
0.230474
0.230478
0.230498
0.230497
0.230510
0.230515
0.230519
0.230519
0.230523
0.230523
0.230525
0.230525
0.230525
0.230534
0.230534
0.230534
0.230534
0.230569
0.230569
0.230569
0.230569
0.230578
0.230580
0.230580
0.230582
0.230582
0.230591
0.230594
0.230594
0.230597
0.230629
0.230629
0.230635
0.230635
0.230634
0.230634
0.230647
0.230655
0.230665
0.230670
0.230670
0.230677
0.230682
0.230691
0.230697
0.230695
0.230694
0.230717
0.230717
0.230717
0.230716
0.230716
0.230716
0.230716
0.230722
0.230722
0.230726
0.230726
0.230730
0.230730
0.230730
0.230730
0.230729
0.230740
0.230739
0.230755
0.230779
0.230780
0.230789
0.230789
0.230789
0.230789
0.230789
0.230805
0.230812
0.230812
0.230812
0.230812
0.230812
0.230850
0.230850
0.230875
0.230875
0.230880
0.230901
0.230901
0.230901
0.230900
0.230903
0.230930
0.230930
0.230931
0.230931
0.230939
0.230939
0.230940
0.230940
0.231028
0.231028
0.231028
0.231050
0.231035
0.231040
0.231040
0.231040
0.231052
0.231060
0.231060
0.231060
0.231060
0.231062
0.231062
0.231080
0.231080
0.231080
0.231080
0.231086
0.231086
0.231101
0.231121
0.231121
0.231123
0.231123
0.231125
0.231159
0.231159
0.231159
0.231159
0.231159
0.231159
0.231159
0.231159
0.231159
0.231163
0.231188
0.231193
0.231201
0.231201
0.231202
0.231204
0.231206
0.231206
0.231206
0.231206
0.231213
0.231230
0.231230
0.231230
0.231254
0.231254
0.231254
0.231276
0.231276
0.231278
0.231282
0.231279
0.231279
0.231285
0.231285
0.231285
0.231285
0.231326
0.231334
0.231344
0.231343
0.231343
0.231343
0.231350
0.231350
0.231350
0.231347
0.231347
0.231351
0.231351
0.231351
0.231351
0.231362
0.231376
0.231378
0.231378
0.231378
0.231395
0.231403
0.231405
0.231406
0.231406
0.231406
0.231407
0.231432
0.231436
0.231444
0.231465
0.231467
0.231467
0.231477
0.231484
0.231484
0.231486
0.231496
0.231502
0.231518
0.231518
0.231542
0.231542
0.231540
0.231540
0.231540
0.231544
0.231567
0.231567
0.231562
0.231559
0.231581
0.231593
0.231630
0.231627
0.231621
0.231621
0.231621
0.231629
0.231629
0.231629
0.231629
0.231631
0.231651
0.231651
0.231688
0.231688
0.231688
0.231693
0.231693
0.231694
0.231764
0.231764
0.231764
0.231787
0.231787
0.231788
0.231811
0.231826
0.231829
0.231838
0.231860
0.231870
0.231874
0.231874
0.231874
0.231914
0.231916
0.231922
0.231925
0.231937
0.231937
0.231937
0.231939
0.231940
0.231940
0.231940
0.231945
0.231941
0.231941
0.231941
0.231941
0.231941
0.231941
0.231960
0.231960
0.231961
0.231961
0.231961
0.231961
0.231961
0.231961
0.231984
0.231990
0.231990
0.231990
0.231990
0.231990
0.231990
0.231989
0.231990
0.231990
0.231997
0.231997
0.232004
0.232007
0.232007
0.232010
0.232010
0.232055
0.232055
0.232055
0.232070
0.232071
0.232072
0.232072
0.232099
0.232111
0.232128
0.232140
0.232155
0.232155
0.232180
0.232180
0.232183
0.232183
0.232183
0.232183
0.232190
0.232190
0.232194
0.232194
0.232195
0.232195
0.232225
0.232246
0.232246
0.232248
0.232248
0.232252
0.232252
0.232267
0.232266
0.232266
0.232266
0.232294
0.232355
0.232384
0.232384
0.232390
0.232403
0.232398
0.232403
0.232403
0.232407
0.232441
0.232444
0.232444
0.232444
0.232444
0.232444
0.232456
0.232460
0.232460
0.232463
0.232463
0.232466
0.232469
0.232469
0.232469
0.232481
0.232480
0.232480
0.232480
0.232480
0.232497
0.232497
0.232498
0.232498
0.232499
0.232503
0.232503
0.232503
0.232503
0.232503
0.232503
0.232523
0.232523
0.232549
0.232549
0.232549
0.232553
0.232590
0.232589
0.232598
0.232610
0.232610
0.232615
0.232615
0.232616
0.232616
0.232628
0.232659
0.232659
0.232661
0.232661
0.232667
0.232688
0.232688
0.232688
0.232687
0.232692
0.232705
0.232728
0.232728
0.232731
0.232731
0.232732
0.232732
0.232733
0.232769
0.232772
0.232785
0.232785
0.232785
0.232797
0.232810
0.232811
0.232811
0.232811
0.232820
0.232813
0.232813
0.232813
0.232813
0.232832
0.232839
0.232854
0.232867
0.232867
0.232867
0.232873
0.232873
0.232873
0.232876
0.232926
0.232926
0.232927
0.232927
0.232952
0.232952
0.232952
0.232952
0.232952
0.232952
0.232952
0.232984
0.232995
0.232997
0.232997
0.232997
0.233013
0.233022
0.233051
0.233053
0.233070
0.233070
0.233070
0.233070
0.233070
0.233070
0.233070
0.233085
0.233102
0.233104
0.233104
0.233105
0.233106
0.233106
0.233106
0.233106
0.233109
0.233120
0.233120
0.233120
0.233120
0.233121
0.233127
0.233134
0.233134
0.233171
0.233190
0.233209
0.233209
0.233214
0.233214
0.233216
0.233216
0.233216
0.233218
0.233218
0.233219
0.233219
0.233219
0.233240
0.233233
0.233233
0.233233
0.233233
0.233234
0.233234
0.233234
0.233236
0.233236
0.233236
0.233236
0.233235
0.233237
0.233237
0.233246
0.233245
0.233245
0.233247
0.233230
0.233230
0.233230
0.233233
0.233235
0.233238
0.233233
0.233255
0.233263
0.233266
0.233266
0.233270
0.233270
0.233275
0.233278
0.233278
0.233278
0.233279
0.233279
0.233283
0.233283
0.233283
0.233283
0.233307
0.233333
0.233339
0.233358
0.233362
0.233383
0.233403
0.233410
0.233410
0.233407
0.233408
0.233409
0.233409
0.233426
0.233430
0.233430
0.233430
0.233432
0.233432
0.233432
0.233432
0.233438
0.233445
0.233453
0.233453
0.233453
0.233477
0.233478
0.233478
0.233478
0.233484
0.233493
0.233500
0.233500
0.233512
0.233515
0.233513
0.233513
0.233513
0.233523
0.233522
0.233522
0.233519
0.233519
0.233519
0.233527
0.233527
0.233526
0.233530
0.233530
0.233530
0.233533
0.233536
0.233536
0.233536
0.233536
0.233536
0.233537
0.233537
0.233548
0.233548
0.233548
0.233560
0.233564
0.233566
0.233566
0.233565
0.233565
0.233569
0.233574
0.233574
0.233574
0.233595
0.233599
0.233610
0.233610
0.233626
0.233623
0.233622
0.233622
0.233622
0.233625
0.233667
0.233667
0.233667
0.233667
0.233667
0.233675
0.233682
0.233682
0.233693
0.233693
0.233715
0.233726
0.233726
0.233724
0.233724
0.233732
0.233732
0.233732
0.233737
0.233737
0.233741
0.233758
0.233759
0.233780
0.233780
0.233780
0.233793
0.233829
0.233829
0.233830
0.233830
0.233847
0.233847
0.233848
0.233850
0.233850
0.233853
0.233853
0.233853
0.233879
0.233879
0.233879
0.233898
0.233916
0.233919
0.233919
0.233926
0.233932
0.233938
0.233938
0.233940
0.233941
0.233941
0.233952
0.233952
0.233951
0.233966
0.233960
0.233974
0.233974
0.233986
0.233987
0.234022
0.234030
0.234026
0.234026
0.234026
0.234055
0.234058
0.234058
0.234078
0.234078
0.234126
0.234126
0.234126
0.234125
0.234141
0.234147
0.234147
0.234156
0.234161
0.234168
0.234169
0.234187
0.234187
0.234187
0.234187
0.234199
0.234199
0.234199
0.234211
0.234211
0.234211
0.234205
0.234216
0.234216
0.234216
0.234216
0.234216
0.234216
0.234221
0.234224
0.234224
0.234229
0.234229
0.234233
0.234264
0.234264
0.234271
0.234271
0.234271
0.234271
0.234271
0.234285
0.234285
0.234290
0.234290
0.234290
0.234290
0.234300
0.234315
0.234315
0.234315
0.234316
0.234316
0.234316
0.234316
0.234317
0.234318
0.234348
0.234361
0.234362
0.234362
0.234362
0.234362
0.234362
0.234371
0.234373
0.234373
0.234400
0.234400
0.234400
0.234401
0.234401
0.234405
0.234409
0.234441
0.234445
0.234445
0.234444
0.234444
0.234474
0.234473
0.234480
0.234480
0.234480
0.234480
0.234480
0.234522
0.234522
0.234522
0.234522
0.234527
0.234536
0.234536
0.234535
0.234536
0.234559
0.234567
0.234567
0.234567
0.234584
0.234583
0.234592
0.234592
0.234592
0.234592
0.234592
0.234592
0.234592
0.234605
0.234605
0.234623
0.234650
0.234650
0.234660
0.234660
0.234661
0.234663
0.234663
0.234667
0.234667
0.234667
0.234701
0.234717
0.234717
0.234717
0.234714
0.234718
0.234748
0.234748
0.234758
0.234759
0.234759
0.234787
0.234787
0.234791
0.234798
0.234798
0.234798
0.234803
0.234803
0.234803
0.234809
0.234809
0.234809
0.234809
0.234813
0.234813
0.234813
0.234814
0.234814
0.234825
0.234827
0.234827
0.234827
0.234828
0.234828
0.234828
0.234835
0.234835
0.234835
0.234838
0.234838
0.234838
0.234840
0.234840
0.234859
0.234890
0.234909
0.234912
0.234912
0.234915
0.234923
0.234923
0.234923
0.234923
0.234921
0.234922
0.234922
0.234919
0.234919
0.234919
0.234919
0.234921
0.234921
0.234929
0.234939
0.234939
0.234939
0.234954
0.234955
0.234962
0.234962
0.234962
0.234971
0.234969
0.234973
0.234973
0.234973
0.234973
0.234973
0.234973
0.234973
0.234973
0.234973
0.235002
0.235002
0.235010
0.235010
0.235020
0.235022
0.235030
0.235071
0.235071
0.235085
0.235093
0.235093
0.235100
0.235100
0.235100
0.235099
0.235162
0.235167
0.235167
0.235167
0.235167
0.235172
0.235172
0.235171
0.235169
0.235174
0.235174
0.235192
0.235192
0.235192
0.235204
0.235204
0.235212
0.235212
0.235228
0.235235
0.235235
0.235235
0.235304
0.235302
0.235328
0.235328
0.235329
0.235332
0.235332
0.235329
0.235329
0.235329
0.235338
0.235338
0.235345
0.235345
0.235360
0.235374
0.235374
0.235372
0.235372
0.235396
0.235396
0.235396
0.235419
0.235419
0.235419
0.235419
0.235420
0.235430
0.235430
0.235444
0.235444
0.235502
0.235502
0.235502
0.235502
0.235508
0.235508
0.235509
0.235520
0.235520
0.235520
0.235520
0.235528
0.235533
0.235533
0.235532
0.235583
0.235583
0.235583
0.235585
0.235586
0.235586
0.235586
0.235588
0.235588
0.235593
0.235605
0.235607
0.235607
0.235609
0.235610
0.235611
0.235615
0.235615
0.235615
0.235616
0.235616
0.235616
0.235616
0.235629
0.235628
0.235628
0.235628
0.235628
0.235634
0.235634
0.235634
0.235647
0.235647
0.235647
0.235647
0.235647
0.235648
0.235648
0.235648
0.235659
0.235654
0.235657
0.235657
0.235657
0.235661
0.235661
0.235681
0.235681
0.235687
0.235687
0.235701
0.235712
0.235712
0.235721
0.235721
0.235725
0.235725
0.235725
0.235725
0.235800
0.235800
0.235800
0.235826
0.235827
0.235832
0.235823
0.235829
0.235829
0.235845
0.235846
0.235862
0.235862
0.235866
0.235871
0.235876
0.235882
0.235908
0.235909
0.235920
0.235920
0.235915
0.235916
0.235916
0.235915
0.235933
0.235944
0.235944
0.235944
0.235969
0.236003
0.236003
0.236007
0.236007
0.236031
0.236031
0.236036
0.236040
0.236040
0.236066
0.236066
0.236078
0.236080
0.236080
0.236094
0.236094
0.236094
0.236095
0.236094
0.236094
0.236094
0.236094
0.236094
0.236094
0.236094
0.236094
0.236094
0.236094
0.236094
0.236097
0.236097
0.236097
0.236117
0.236125
0.236136
0.236141
0.236151
0.236152
0.236166
0.236173
0.236192
0.236218
0.236228
0.236228
0.236248
0.236258
0.236258
0.236262
0.236263
0.236263
0.236285
0.236285
0.236287
0.236287
0.236288
0.236288
0.236309
0.236319
0.236319
0.236321
0.236321
0.236323
0.236327
0.236327
0.236328
0.236337
0.236361
0.236357
0.236389
0.236389
0.236389
0.236395
0.236395
0.236402
0.236414
0.236414
0.236424
0.236425
0.236427
0.236427
0.236460
0.236460
0.236460
0.236460
0.236503
0.236503
0.236503
0.236503
0.236506
0.236505
0.236533
0.236538
0.236538
0.236538
0.236567
0.236567
0.236567
0.236567
0.236586
0.236586
0.236582
0.236583
0.236583
0.236588
0.236588
0.236590
0.236609
0.236609
0.236608
0.236608
0.236608
0.236591
0.236592
0.236595
0.236599
0.236624
0.236624
0.236630
0.236630
0.236630
0.236630
0.236630
0.236630
0.236638
0.236638
0.236639
0.236625
0.236625
0.236624
0.236624
0.236624
0.236625
0.236642
0.236653
0.236653
0.236659
0.236659
0.236666
0.236666
0.236670
0.236670
0.236688
0.236688
0.236712
0.236723
0.236755
0.236755
0.236765
0.236776
0.236776
0.236778
0.236798
0.236798
0.236805
0.236805
0.236822
0.236826
0.236826
0.236826
0.236828
0.236828
0.236828
0.236842
0.236842
0.236842
0.236842
0.236842
0.236845
0.236845
0.236842
0.236850
0.236852
0.236856
0.236856
0.236837
0.236837
0.236837
0.236850
0.236863
0.236863
0.236863
0.236863
0.236863
0.236863
0.236873
0.236873
0.236873
0.236876
0.236876
0.236876
0.236876
0.236876
0.236896
0.236896
0.236907
0.236907
0.236914
0.236917
0.236917
0.236917
0.236925
0.236927
0.236920
0.236920
0.236919
0.236919
0.236922
0.236922
0.236921
0.236921
0.236921
0.236921
0.236921
0.236921
0.236932
0.236932
0.236935
0.236935
0.236935
0.236936
0.236949
0.236949
0.236949
0.236956
0.236956
0.236956
0.236956
0.236956
0.236965
0.236965
0.236969
0.236969
0.236984
0.236984
0.236984
0.237007
0.237011
0.237011
0.237008
0.237008
0.237025
0.237033
0.237033
0.237031
0.237031
0.237039
0.237040
0.237053
0.237053
0.237053
0.237058
0.237061
0.237082
0.237080
0.237080
0.237080
0.237080
0.237081
0.237081
0.237081
0.237107
0.237181
0.237181
0.237181
0.237181
0.237185
0.237188
0.237188
0.237236
0.237236
0.237235
0.237237
0.237237
0.237246
0.237248
0.237248
0.237276
0.237271
0.237271
0.237280
0.237286
0.237286
0.237304
0.237303
0.237311
0.237311
0.237327
0.237327
0.237327
0.237328
0.237330
0.237329
0.237331
0.237331
0.237331
0.237333
0.237357
0.237357
0.237358
0.237363
0.237367
0.237367
0.237367
0.237367
0.237370
0.237370
0.237371
0.237372
0.237372
0.237388
0.237388
0.237388
0.237398
0.237398
0.237404
0.237404
0.237406
0.237404
0.237404
0.237405
0.237409
0.237409
0.237411
0.237411
0.237411
0.237429
0.237433
0.237429
0.237429
0.237429
0.237429
0.237431
0.237436
0.237464
0.237473
0.237475
0.237475
0.237479
0.237479
0.237485
0.237485
0.237488
0.237491
0.237490
0.237490
0.237490
0.237483
0.237483
0.237487
0.237497
0.237497
0.237497
0.237497
0.237497
0.237497
0.237497
0.237497
0.237497
0.237497
0.237497
0.237497
0.237497
0.237497
0.237497
0.237497
0.237497
0.237497
0.237497
0.237497
0.237495
0.237508
0.237510
0.237529
0.237529
0.237529
0.237534
0.237548
0.237561
0.237562
0.237568
0.237569
0.237599
0.237599
0.237599
0.237599
0.237604
0.237614
0.237613
0.237621
0.237624
0.237624
0.237626
0.237626
0.237628
0.237628
0.237625
0.237625
0.237629
0.237629
0.237629
0.237629
0.237629
0.237629
0.237656
0.237656
0.237656
0.237654
0.237662
0.237662
0.237662
0.237662
0.237664
0.237675
0.237675
0.237675
0.237679
0.237679
0.237690
0.237690
0.237691
0.237691
0.237691
0.237693
0.237693
0.237693
0.237693
0.237694
0.237694
0.237694
0.237694
0.237694
0.237694
0.237694
0.237694
0.237694
0.237693
0.237693
0.237709
0.237709
0.237709
0.237709
0.237740
0.237740
0.237781
0.237784
0.237784
0.237784
0.237796
0.237796
0.237802
0.237802
0.237802
0.237804
0.237810
0.237836
0.237851
0.237853
0.237856
0.237856
0.237856
0.237862
0.237855
0.237855
0.237906
0.237920
0.237920
0.237938
0.237938
0.237988
0.237988
0.237986
0.237999
0.237999
0.238002
0.238007
0.238018
0.238018
0.238021
0.238027
0.238028
0.238028
0.238034
0.238034
0.238034
0.238034
0.238038
0.238038
0.238038
0.238038
0.238038
0.238038
0.238038
0.238038
0.238057
0.238057
0.238090
0.238097
0.238113
0.238113
0.238112
0.238133
0.238148
0.238148
0.238148
0.238148
0.238177
0.238177
0.238177
0.238192
0.238192
0.238192
0.238206
0.238212
0.238229
0.238229
0.238229
0.238231
0.238230
0.238231
0.238231
0.238235
0.238232
0.238248
0.238248
0.238249
0.238259
0.238259
0.238267
0.238261
0.238271
0.238271
0.238274
0.238276
0.238276
0.238278
0.238281
0.238281
0.238283
0.238283
0.238283
0.238283
0.238286
0.238295
0.238295
0.238295
0.238296
0.238296
0.238290
0.238290
0.238302
0.238311
0.238312
0.238312
0.238312
0.238313
0.238309
0.238309
0.238309
0.238318
0.238324
0.238327
0.238327
0.238327
0.238329
0.238329
0.238339
0.238339
0.238346
0.238348
0.238350
0.238355
0.238363
0.238363
0.238386
0.238386
0.238387
0.238387
0.238387
0.238387
0.238392
0.238392
0.238392
0.238392
0.238390
0.238390
0.238403
0.238404
0.238404
0.238416
0.238416
0.238416
0.238416
0.238422
0.238425
0.238425
0.238430
0.238430
0.238438
0.238438
0.238438
0.238440
0.238440
0.238440
0.238440
0.238440
0.238440
0.238447
0.238465
0.238472
0.238472
0.238472
0.238474
0.238479
0.238478
0.238479
0.238479
0.238479
0.238479
0.238480
0.238478
0.238478
0.238479
0.238479
0.238479
0.238486
0.238486
0.238486
0.238486
0.238486
0.238492
0.238492
0.238496
0.238520
0.238520
0.238520
0.238520
0.238520
0.238520
0.238528
0.238528
0.238528
0.238546
0.238541
0.238541
0.238541
0.238541
0.238541
0.238541
0.238541
0.238556
0.238556
0.238556
0.238554
0.238554
0.238554
0.238554
0.238554
0.238557
0.238557
0.238558
0.238558
0.238558
0.238558
0.238572
0.238572
0.238582
0.238582
0.238582
0.238582
0.238582
0.238582
0.238583
0.238583
0.238583
0.238596
0.238591
0.238598
0.238598
0.238598
0.238599
0.238612
0.238621
0.238621
0.238625
0.238625
0.238625
0.238625
0.238634
0.238634
0.238637
0.238637
0.238637
0.238637
0.238637
0.238637
0.238637
0.238637
0.238637
0.238637
0.238637
0.238639
0.238639
0.238639
0.238639
0.238639
0.238639
0.238639
0.238639
0.238639
0.238646
0.238649
0.238648
0.238648
0.238656
0.238656
0.238656
0.238656
0.238656
0.238658
0.238669
0.238674
0.238674
0.238678
0.238683
0.238698
0.238698
0.238706
0.238717
0.238719
0.238719
0.238721
0.238721
0.238733
0.238733
0.238733
0.238735
0.238738
0.238742
0.238742
0.238742
0.238754
0.238753
0.238753
0.238753
0.238753
0.238755
0.238755
0.238755
0.238755
0.238755
0.238763
0.238763
0.238763
0.238763
0.238763
0.238763
0.238763
0.238763
0.238765
0.238765
0.238768
0.238774
0.238774
0.238773
0.238775
0.238775
0.238775
0.238775
0.238775
0.238775
0.238775
0.238781
0.238781
0.238781
0.238781
0.238781
0.238781
0.238780
0.238780
0.238782
0.238782
0.238782
0.238786
0.238786
0.238786
0.238796
0.238814
0.238829
0.238829
0.238835
0.238859
0.238859
0.238868
0.238868
0.238868
0.238868
0.238870
0.238872
0.238872
0.238875
0.238877
0.238877
0.238882
0.238882
0.238882
0.238885
0.238885
0.238885
0.238887
0.238888
0.238888
0.238888
0.238888
0.238888
0.238897
0.238897
0.238897
0.238897
0.238894
0.238894
0.238901
0.238908
0.238910
0.238916
0.238916
0.238924
0.238935
0.238935
0.238941
0.238951
0.238956
0.238954
0.238958
0.238967
0.238981
0.238984
0.238981
0.238982
0.238998
0.238998
0.239006
0.239010
0.239010
0.239013
0.239016
0.239023
0.239023
0.239029
0.239029
0.239031
0.239031
0.239028
0.239031
0.239034
0.239034
0.239034
0.239034
0.239034
0.239034
0.239034
0.239037
0.239039
0.239039
0.239040
0.239038
0.239038
0.239038
0.239038
0.239040
0.239040
0.239040
0.239049
0.239048
0.239048
0.239058
0.239059
0.239062
0.239074
0.239125
0.239125
0.239134
0.239135
0.239133
0.239133
0.239136
0.239126
0.239136
0.239136
0.239138
0.239144
0.239145
0.239139
0.239143
0.239143
0.239143
0.239143
0.239143
0.239145
0.239145
0.239163
0.239166
0.239166
0.239213
0.239220
0.239218
0.239218
0.239218
0.239242
0.239244
0.239244
0.239250
0.239250
0.239251
0.239252
0.239254
0.239254
0.239257
0.239263
0.239266
0.239266
0.239266
0.239269
0.239269
0.239270
0.239270
0.239276
0.239278
0.239310
0.239305
0.239307
0.239328
0.239328
0.239327
0.239326
0.239326
0.239326
0.239329
0.239339
0.239339
0.239339
0.239344
0.239342
0.239342
0.239346
0.239346
0.239347
0.239349
0.239353
0.239364
0.239364
0.239364
0.239364
0.239364
0.239362
0.239362
0.239362
0.239362
0.239364
0.239369
0.239369
0.239392
0.239392
0.239393
0.239393
0.239393
0.239393
0.239393
0.239393
0.239397
0.239397
0.239430
0.239430
0.239432
0.239443
0.239446
0.239446
0.239450
0.239450
0.239469
0.239474
0.239469
0.239469
0.239482
0.239482
0.239482
0.239482
0.239482
0.239482
0.239510
0.239527
0.239527
0.239522
0.239522
0.239522
0.239522
0.239527
0.239532
0.239533
0.239535
0.239535
0.239552
0.239553
0.239554
0.239555
0.239555
0.239555
0.239554
0.239540
0.239550
0.239567
0.239595
0.239593
0.239595
0.239601
0.239613
0.239613
0.239610
0.239610
0.239610
0.239610
0.239613
0.239613
0.239613
0.239613
0.239616
0.239616
0.239617
0.239617
0.239617
0.239617
0.239617
0.239617
0.239617
0.239617
0.239622
0.239631
0.239631
0.239632
0.239632
0.239644
0.239654
0.239657
0.239674
0.239675
0.239689
0.239689
0.239696
0.239697
0.239697
0.239698
0.239703
0.239703
0.239707
0.239719
0.239719
0.239722
0.239722
0.239722
0.239722
0.239722
0.239727
0.239727
0.239727
0.239727
0.239727
0.239735
0.239736
0.239736
0.239740
0.239744
0.239748
0.239748
0.239748
0.239748
0.239761
0.239761
0.239761
0.239761
0.239759
0.239758
0.239758
0.239758
0.239761
0.239761
0.239763
0.239763
0.239774
0.239768
0.239770
0.239769
0.239778
0.239778
0.239782
0.239776
0.239779
0.239777
0.239779
0.239779
0.239779
0.239779
0.239784
0.239789
0.239789
0.239790
0.239793
0.239819
0.239820
0.239820
0.239841
0.239840
0.239840
0.239841
0.239852
0.239852
0.239852
0.239852
0.239852
0.239852
0.239852
0.239856
0.239856
0.239856
0.239856
0.239856
0.239856
0.239856
0.239856
0.239856
0.239856
0.239867
0.239867
0.239867
0.239867
0.239867
0.239867
0.239870
0.239870
0.239870
0.239869
0.239869
0.239870
0.239870
0.239869
0.239869
0.239869
0.239881
0.239881
0.239881
0.239881
0.239881
0.239881
0.239879
0.239884
0.239884
0.239884
0.239884
0.239884
0.239884
0.239907
0.239907
0.239907
0.239911
0.239913
0.239913
0.239924
0.239928
0.239934
0.239938
0.239938
0.239938
0.239938
0.239939
0.239950
0.239950
0.239950
0.239952
0.239955
0.239955
0.239956
0.239967
0.239967
0.239977
0.239978
0.239978
0.239978
0.239978
0.239979
0.239979
0.239979
0.239979
0.239979
0.239979
0.239979
0.239979
0.239979
0.239992
0.239992
0.239992
0.239992
0.239999
0.239999
0.239995
0.240002
0.240002
0.240002
0.240002
0.240013
0.240013
0.240013
0.240015
0.240015
0.240015
0.240015
0.240015
0.240015
0.240015
0.240018
0.240018
0.240045
0.240050
0.240054
0.240069
0.240073
0.240080
0.240079
0.240078
0.240078
0.240078
0.240078
0.240079
0.240080
0.240084
0.240084
0.240084
0.240084
0.240084
0.240110
0.240111
0.240114
0.240113
0.240113
0.240113
0.240115
0.240110
0.240110
0.240119
0.240123
0.240123
0.240121
0.240121
0.240125
0.240126
0.240126
0.240161
0.240161
0.240160
0.240161
0.240175
0.240177
0.240177
0.240175
0.240178
0.240183
0.240183
0.240183
0.240183
0.240206
0.240209
0.240219
0.240219
0.240224
0.240230
0.240230
0.240228
0.240228
0.240243
0.240244
0.240246
0.240246
0.240247
0.240247
0.240243
0.240243
0.240243
0.240245
0.240269
0.240274
0.240274
0.240274
0.240274
0.240274
0.240275
0.240275
0.240277
0.240277
0.240277
0.240277
0.240281
0.240281
0.240281
0.240281
0.240281
0.240281
0.240281
0.240312
0.240313
0.240317
0.240317
0.240318
0.240318
0.240318
0.240318
0.240318
0.240318
0.240318
0.240318
0.240318
0.240322
0.240322
0.240322
0.240329
0.240329
0.240330
0.240330
0.240330
0.240330
0.240330
0.240329
0.240329
0.240329
0.240330
0.240330
0.240330
0.240331
0.240331
0.240334
0.240338
0.240338
0.240340
0.240340
0.240340
0.240339
0.240339
0.240346
0.240346
0.240354
0.240354
0.240354
0.240354
0.240368
0.240368
0.240368
0.240368
0.240368
0.240372
0.240372
0.240372
0.240372
0.240393
0.240393
0.240393
0.240393
0.240393
0.240392
0.240394
0.240394
0.240394
0.240394
0.240405
0.240410
0.240410
0.240414
0.240414
0.240413
0.240420
0.240424
0.240424
0.240425
0.240431
0.240431
0.240431
0.240431
0.240436
0.240438
0.240438
0.240471
0.240471
0.240471
0.240471
0.240471
0.240472
0.240472
0.240472
0.240472
0.240490
0.240490
0.240490
0.240502
0.240502
0.240499
0.240500
0.240500
0.240500
0.240500
0.240500
0.240500
0.240505
0.240524
0.240524
0.240528
0.240531
0.240531
0.240531
0.240533
0.240533
0.240562
0.240562
0.240562
0.240580
0.240582
0.240582
0.240582
0.240582
0.240583
0.240583
0.240595
0.240595
0.240595
0.240595
0.240595
0.240595
0.240609
0.240609
0.240610
0.240610
0.240610
0.240610
0.240611
0.240611
0.240611
0.240611
0.240652
0.240652
0.240652
0.240651
0.240651
0.240654
0.240654
0.240654
0.240654
0.240654
0.240667
0.240667
0.240694
0.240702
0.240702
0.240720
0.240720
0.240738
0.240753
0.240753
0.240753
0.240753
0.240777
0.240777
0.240782
0.240782
0.240781
0.240783
0.240788
0.240788
0.240790
0.240790
0.240793
0.240793
0.240828
0.240834
0.240834
0.240835
0.240836
0.240836
0.240836
0.240842
0.240842
0.240842
0.240846
0.240846
0.240850
0.240850
0.240856
0.240883
0.240883
0.240891
0.240892
0.240899
0.240899
0.240899
0.240899
0.240906
0.240906
0.240906
0.240905
0.240920
0.240917
0.240925
0.240930
0.240936
0.240936
0.240936
0.240943
0.240943
0.240943
0.240943
0.240947
0.240949
0.240958
0.240966
0.240966
0.240966
0.240973
0.240977
0.240986
0.240990
0.240990
0.240998
0.240998
0.240997
0.241011
0.241011
0.241009
0.241023
0.241027
0.241027
0.241027
0.241027
0.241027
0.241027
0.241027
0.241027
0.241035
0.241035
0.241035
0.241035
0.241070
0.241070
0.241070
0.241083
0.241083
0.241096
0.241095
0.241099
0.241099
0.241130
0.241133
0.241135
0.241135
0.241135
0.241135
0.241146
0.241146
0.241151
0.241151
0.241164
0.241186
0.241186
0.241192
0.241191
0.241196
0.241196
0.241191
0.241191
0.241192
0.241192
0.241192
0.241205
0.241205
0.241205
0.241212
0.241212
0.241212
0.241228
0.241230
0.241232
0.241232
0.241233
0.241233
0.241232
0.241241
0.241240
0.241253
0.241254
0.241254
0.241254
0.241254
0.241259
0.241259
0.241259
0.241267
0.241267
0.241269
0.241269
0.241293
0.241293
0.241313
0.241317
0.241340
0.241340
0.241340
0.241340
0.241340
0.241348
0.241348
0.241348
0.241364
0.241378
0.241378
0.241378
0.241383
0.241379
0.241377
0.241379
0.241379
0.241370
0.241386
0.241386
0.241386
0.241391
0.241391
0.241391
0.241391
0.241391
0.241391
0.241391
0.241391
0.241392
0.241392
0.241398
0.241398
0.241400
0.241400
0.241403
0.241403
0.241412
0.241419
0.241419
0.241422
0.241422
0.241425
0.241441
0.241441
0.241441
0.241442
0.241438
0.241438
0.241438
0.241438
0.241440
0.241440
0.241440
0.241440
0.241440
0.241440
0.241440
0.241441
0.241446
0.241450
0.241461
0.241462
0.241472
0.241475
0.241475
0.241475
0.241475
0.241475
0.241475
0.241475
0.241476
0.241476
0.241476
0.241476
0.241476
0.241476
0.241476
0.241476
0.241476
0.241480
0.241480
0.241480
0.241480
0.241480
0.241480
0.241480
0.241484
0.241485
0.241483
0.241490
0.241490
0.241490
0.241490
0.241492
0.241492
0.241501
0.241501
0.241498
0.241511
0.241513
0.241511
0.241516
0.241523
0.241526
0.241536
0.241548
0.241548
0.241584
0.241584
0.241584
0.241584
0.241588
0.241587
0.241587
0.241587
0.241587
0.241592
0.241592
0.241607
0.241608
0.241608
0.241608
0.241608
0.241615
0.241615
0.241615
0.241615
0.241615
0.241615
0.241651
0.241651
0.241651
0.241654
0.241655
0.241655
0.241656
0.241656
0.241660
0.241660
0.241660
0.241660
0.241673
0.241673
0.241673
0.241673
0.241673
0.241678
0.241678
0.241679
0.241684
0.241685
0.241688
0.241688
0.241699
0.241697
0.241700
0.241700
0.241700
0.241702
0.241705
0.241705
0.241708
0.241709
0.241715
0.241715
0.241715
0.241715
0.241715
0.241718
0.241718
0.241718
0.241724
0.241722
0.241724
0.241724
0.241724
0.241727
0.241727
0.241730
0.241741
0.241741
0.241741
0.241741
0.241762
0.241768
0.241768
0.241768
0.241768
0.241768
0.241776
0.241777
0.241777
0.241780
0.241798
0.241798
0.241796
0.241801
0.241805
0.241806
0.241806
0.241806
0.241806
0.241807
0.241808
0.241808
0.241808
0.241807
0.241807
0.241807
0.241809
0.241809
0.241809
0.241809
0.241809
0.241809
0.241809
0.241806
0.241823
0.241823
0.241823
0.241823
0.241826
0.241826
0.241826
0.241826
0.241826
0.241826
0.241826
0.241826
0.241826
0.241845
0.241845
0.241845
0.241849
0.241849
0.241849
0.241857
0.241857
0.241857
0.241859
0.241859
0.241859
0.241859
0.241859
0.241859
0.241859
0.241859
0.241860
0.241867
0.241867
0.241878
0.241877
0.241877
0.241877
0.241895
0.241896
0.241898
0.241898
0.241898
0.241911
0.241911
0.241916
0.241917
0.241917
0.241917
0.241917
0.241917
0.241917
0.241917
0.241919
0.241916
0.241945
0.241945
0.241945
0.241946
0.241946
0.241949
0.241969
0.241984
0.241987
0.241992
0.241992
0.241996
0.241995
0.242015
0.242016
0.242015
0.242012
0.242013
0.242013
0.242020
0.242017
0.242017
0.242021
0.242021
0.242021
0.242025
0.242025
0.242028
0.242039
0.242039
0.242039
0.242045
0.242046
0.242046
0.242046
0.242046
0.242051
0.242055
0.242055
0.242067
0.242067
0.242072
0.242072
0.242077
0.242080
0.242080
0.242080
0.242080
0.242080
0.242080
0.242080
0.242080
0.242080
0.242080
0.242095
0.242095
0.242095
0.242112
0.242112
0.242112
0.242113
0.242114
0.242115
0.242112
0.242137
0.242137
0.242160
0.242178
0.242171
0.242169
0.242169
0.242169
0.242169
0.242169
0.242171
0.242177
0.242177
0.242177
0.242188
0.242188
0.242187
0.242187
0.242187
0.242191
0.242191
0.242191
0.242191
0.242191
0.242193
0.242193
0.242195
0.242199
0.242199
0.242199
0.242202
0.242202
0.242212
0.242212
0.242209
0.242209
0.242209
0.242215
0.242214
0.242214
0.242213
0.242217
0.242226
0.242228
0.242227
0.242233
0.242233
0.242234
0.242235
0.242235
0.242249
0.242257
0.242257
0.242257
0.242257
0.242260
0.242259
0.242259
0.242260
0.242260
0.242259
0.242259
0.242259
0.242259
0.242258
0.242258
0.242266
0.242266
0.242266
0.242266
0.242271
0.242272
0.242272
0.242271
0.242281
0.242281
0.242281
0.242281
0.242280
0.242280
0.242281
0.242281
0.242283
0.242292
0.242293
0.242289
0.242289
0.242289
0.242289
0.242292
0.242302
0.242302
0.242302
0.242302
0.242296
0.242297
0.242297
0.242297
0.242303
0.242323
0.242324
0.242351
0.242362
0.242364
0.242364
0.242360
0.242360
0.242364
0.242364
0.242366
0.242374
0.242374
0.242374
0.242374
0.242372
0.242372
0.242372
0.242372
0.242372
0.242373
0.242373
0.242373
0.242377
0.242377
0.242377
0.242377
0.242377
0.242383
0.242383
0.242386
0.242386
0.242390
0.242390
0.242390
0.242410
0.242411
0.242411
0.242411
0.242414
0.242409
0.242403
0.242403
0.242407
0.242407
0.242434
0.242434
0.242438
0.242438
0.242438
0.242438
0.242439
0.242439
0.242439
0.242447
0.242447
0.242451
0.242451
0.242458
0.242458
0.242459
0.242465
0.242464
0.242464
0.242469
0.242469
0.242477
0.242477
0.242477
0.242485
0.242489
0.242489
0.242510
0.242510
0.242510
0.242514
0.242537
0.242543
0.242543
0.242572
0.242572
0.242571
0.242571
0.242571
0.242571
0.242576
0.242576
0.242576
0.242576
0.242576
0.242576
0.242576
0.242576
0.242576
0.242576
0.242576
0.242576
0.242588
0.242594
0.242594
0.242594
0.242594
0.242594
0.242594
0.242594
0.242594
0.242594
0.242594
0.242602
0.242602
0.242602
0.242602
0.242602
0.242603
0.242603
0.242603
0.242603
0.242603
0.242603
0.242619
0.242619
0.242621
0.242621
0.242623
0.242623
0.242623
0.242633
0.242633
0.242633
0.242633
0.242633
0.242633
0.242633
0.242633
0.242634
0.242634
0.242634
0.242635
0.242635
0.242639
0.242639
0.242641
0.242639
0.242649
0.242649
0.242649
0.242656
0.242664
0.242665
0.242665
0.242665
0.242663
0.242663
0.242662
0.242662
0.242673
0.242673
0.242673
0.242673
0.242673
0.242680
0.242686
0.242686
0.242686
0.242688
0.242688
0.242681
0.242681
0.242681
0.242687
0.242689
0.242698
0.242716
0.242716
0.242716
0.242716
0.242727
0.242730
0.242730
0.242729
0.242730
0.242733
0.242733
0.242733
0.242735
0.242756
0.242756
0.242756
0.242754
0.242771
0.242771
0.242771
0.242771
0.242784
0.242784
0.242791
0.242791
0.242798
0.242798
0.242799
0.242799
0.242799
0.242799
0.242802
0.242796
0.242796
0.242796
0.242796
0.242796
0.242796
0.242800
0.242807
0.242804
0.242804
0.242804
0.242804
0.242804
0.242808
0.242808
0.242808
0.242828
0.242831
0.242839
0.242841
0.242844
0.242848
0.242851
0.242857
0.242857
0.242858
0.242858
0.242864
0.242864
0.242864
0.242864
0.242864
0.242864
0.242868
0.242868
0.242868
0.242868
0.242868
0.242868
0.242868
0.242868
0.242885
0.242885
0.242889
0.242892
0.242892
0.242891
0.242891
0.242892
0.242892
0.242892
0.242930
0.242930
0.242943
0.242943
0.242943
0.242943
0.242948
0.242945
0.242953
0.242962
0.242965
0.242965
0.242965
0.242966
0.242966
0.242966
0.242975
0.242975
0.242975
0.242982
0.242982
0.242982
0.242984
0.242985
0.242985
0.242985
0.243003
0.243003
0.243003
0.243003
0.243003
0.243005
0.243006
0.243006
0.243013
0.243013
0.243013
0.243030
0.243030
0.243027
0.243027
0.243027
0.243029
0.243037
0.243041
0.243041
0.243055
0.243055
0.243057
0.243066
0.243066
0.243069
0.243069
0.243085
0.243083
0.243083
0.243092
0.243092
0.243123
0.243123
0.243129
0.243131
0.243136
0.243136
0.243137
0.243137
0.243158
0.243159
0.243159
0.243159
0.243159
0.243158
0.243159
0.243170
0.243170
0.243174
0.243176
0.243176
0.243181
0.243181
0.243181
0.243181
0.243207
0.243208
0.243222
0.243222
0.243222
0.243226
0.243226
0.243226
0.243226
0.243227
0.243227
0.243228
0.243228
0.243228
0.243228
0.243228
0.243232
0.243232
0.243230
0.243230
0.243230
0.243230
0.243230
0.243230
0.243230
0.243229
0.243229
0.243229
0.243229
0.243231
0.243231
0.243231
0.243231
0.243233
0.243240
0.243240
0.243248
0.243248
0.243248
0.243248
0.243248
0.243248
0.243248
0.243248
0.243248
0.243245
0.243246
0.243246
0.243246
0.243252
0.243259
0.243263
0.243263
0.243265
0.243265
0.243265
0.243270
0.243269
0.243269
0.243269
0.243270
0.243270
0.243270
0.243268
0.243268
0.243268
0.243268
0.243279
0.243279
0.243279
0.243279
0.243294
0.243307
0.243317
0.243317
0.243321
0.243321
0.243321
0.243316
0.243319
0.243319
0.243323
0.243324
0.243324
0.243329
0.243330
0.243330
0.243330
0.243330
0.243330
0.243330
0.243330
0.243330
0.243330
0.243334
0.243339
0.243339
0.243339
0.243341
0.243347
0.243347
0.243347
0.243347
0.243350
0.243350
0.243351
0.243354
0.243348
0.243348
0.243351
0.243359
0.243368
0.243387
0.243406
0.243403
0.243403
0.243409
0.243411
0.243411
0.243411
0.243411
0.243413
0.243413
0.243413
0.243413
0.243413
0.243413
0.243413
0.243413
0.243411
0.243412
0.243422
0.243422
0.243422
0.243430
0.243431
0.243431
0.243431
0.243433
0.243433
0.243433
0.243433
0.243433
0.243432
0.243432
0.243441
0.243441
0.243442
0.243471
0.243470
0.243471
0.243473
0.243474
0.243475
0.243475
0.243476
0.243476
0.243476
0.243484
0.243484
0.243482
0.243484
0.243484
0.243484
0.243484
0.243484
0.243484
0.243484
0.243492
0.243492
0.243492
0.243492
0.243492
0.243505
0.243505
0.243512
0.243507
0.243507
0.243505
0.243509
0.243509
0.243509
0.243509
0.243509
0.243509
0.243519
0.243519
0.243519
0.243519
0.243519
0.243519
0.243519
0.243519
0.243519
0.243530
0.243530
0.243530
0.243533
0.243533
0.243533
0.243535
0.243536
0.243536
0.243536
0.243536
0.243536
0.243538
0.243537
0.243537
0.243537
0.243538
0.243538
0.243546
0.243545
0.243546
0.243546
0.243546
0.243546
0.243543
0.243543
0.243543
0.243543
0.243543
0.243543
0.243543
0.243543
0.243543
0.243543
0.243543
0.243543
0.243543
0.243543
0.243543
0.243547
0.243553
0.243553
0.243553
0.243553
0.243559
0.243559
0.243561
0.243562
0.243564
0.243564
0.243564
0.243564
0.243564
0.243566
0.243566
0.243566
0.243566
0.243566
0.243566
0.243566
0.243566
0.243564
0.243564
0.243564
0.243564
0.243564
0.243571
0.243583
0.243583
0.243583
0.243586
0.243610
0.243610
0.243610
0.243633
0.243636
0.243639
0.243645
0.243650
0.243653
0.243653
0.243652
0.243646
0.243648
0.243649
0.243660
0.243660
0.243660
0.243662
0.243662
0.243662
0.243662
0.243669
0.243669
0.243669
0.243669
0.243669
0.243669
0.243678
0.243678
0.243678
0.243679
0.243679
0.243679
0.243677
0.243677
0.243678
0.243678
0.243678
0.243678
0.243678
0.243678
0.243678
0.243678
0.243678
0.243678
0.243678
0.243678
0.243678
0.243678
0.243678
0.243678
0.243678
0.243682
0.243682
0.243682
0.243687
0.243687
0.243685
0.243685
0.243685
0.243686
0.243686
0.243685
0.243691
0.243691
0.243691
0.243691
0.243691
0.243691
0.243691
0.243709
0.243709
0.243709
0.243715
0.243721
0.243725
0.243733
0.243741
0.243746
0.243746
0.243746
0.243753
0.243753
0.243761
0.243761
0.243761
0.243761
0.243761
0.243761
0.243766
0.243766
0.243766
0.243765
0.243765
0.243765
0.243765
0.243767
0.243767
0.243768
0.243768
0.243768
0.243768
0.243768
0.243774
0.243774
0.243776
0.243778
0.243781
0.243782
0.243782
0.243782
0.243787
0.243787
0.243787
0.243791
0.243791
0.243796
0.243807
0.243809
0.243813
0.243813
0.243813
0.243817
0.243817
0.243817
0.243817
0.243822
0.243822
0.243822
0.243821
0.243821
0.243823
0.243820
0.243836
0.243836
0.243839
0.243839
0.243839
0.243839
0.243840
0.243840
0.243840
0.243844
0.243845
0.243845
0.243846
0.243846
0.243846
0.243846
0.243846
0.243846
0.243846
0.243846
0.243850
0.243851
0.243851
0.243851
0.243851
0.243851
0.243860
0.243861
0.243865
0.243865
0.243865
0.243883
0.243883
0.243883
0.243891
0.243890
0.243886
0.243886
0.243886
0.243886
0.243887
0.243887
0.243895
0.243902
0.243902
0.243902
0.243902
0.243909
0.243909
0.243909
0.243911
0.243911
0.243911
0.243911
0.243911
0.243916
0.243928
0.243937
0.243937
0.243937
0.243937
0.243937
0.243933
0.243933
0.243936
0.243937
0.243938
0.243938
0.243941
0.243941
0.243941
0.243941
0.243942
0.243942
0.243942
0.243942
0.243965
0.243968
0.243968
0.243968
0.243968
0.243968
0.243978
0.243978
0.243987
0.243987
0.243988
0.243988
0.243988
0.243993
0.243993
0.243997
0.243997
0.243997
0.243997
0.244002
0.244002
0.244012
0.244012
0.244006
0.244006
0.244007
0.244007
0.244009
0.244011
0.244011
0.244013
0.244015
0.244015
0.244033
0.244033
0.244036
0.244036
0.244036
0.244038
0.244034
0.244038
0.244038
0.244038
0.244044
0.244044
0.244044
0.244044
0.244044
0.244050
0.244056
0.244056
0.244056
0.244064
0.244063
0.244073
0.244073
0.244077
0.244079
0.244089
0.244089
0.244089
0.244089
0.244089
0.244106
0.244114
0.244115
0.244114
0.244109
0.244109
0.244108
0.244120
0.244132
0.244141
0.244142
0.244143
0.244142
0.244143
0.244146
0.244146
0.244145
0.244145
0.244145
0.244146
0.244146
0.244146
0.244146
0.244146
0.244146
0.244147
0.244147
0.244147
0.244147
0.244147
0.244147
0.244147
0.244147
0.244147
0.244155
0.244156
0.244157
0.244159
0.244160
0.244160
0.244162
0.244162
0.244162
0.244162
0.244186
0.244186
0.244189
0.244189
0.244193
0.244193
0.244193
0.244193
0.244196
0.244209
0.244214
0.244214
0.244214
0.244214
0.244214
0.244214
0.244216
0.244218
0.244219
0.244219
0.244218
0.244218
0.244218
0.244218
0.244218
0.244218
0.244218
0.244218
0.244218
0.244232
0.244232
0.244232
0.244235
0.244237
0.244237
0.244237
0.244238
0.244238
0.244238
0.244238
0.244238
0.244238
0.244238
0.244238
0.244238
0.244238
0.244240
0.244234
0.244234
0.244234
0.244234
0.244234
0.244255
0.244258
0.244258
0.244278
0.244278
0.244278
0.244278
0.244278
0.244278
0.244278
0.244278
0.244278
0.244278
0.244278
0.244278
0.244281
0.244285
0.244285
0.244303
0.244303
0.244303
0.244303
0.244299
0.244307
0.244307
0.244318
0.244318
0.244316
0.244322
0.244321
0.244322
0.244335
0.244335
0.244335
0.244335
0.244356
0.244356
0.244356
0.244356
0.244356
0.244356
0.244356
0.244356
0.244368
0.244368
0.244368
0.244371
0.244375
0.244375
0.244382
0.244390
0.244390
0.244399
0.244399
0.244413
0.244415
0.244415
0.244416
0.244416
0.244419
0.244436
0.244436
0.244442
0.244444
0.244444
0.244451
0.244451
0.244450
0.244450
0.244457
0.244457
0.244457
0.244457
0.244457
0.244460
0.244460
0.244460
0.244463
0.244463
0.244463
0.244463
0.244472
0.244475
0.244483
0.244483
0.244482
0.244491
0.244491
0.244491
0.244493
0.244495
0.244495
0.244495
0.244495
0.244495
0.244495
0.244495
0.244490
0.244497
0.244506
0.244511
0.244515
0.244515
0.244515
0.244525
0.244525
0.244529
0.244529
0.244531
0.244541
0.244542
0.244555
0.244563
0.244564
0.244564
0.244570
0.244570
0.244570
0.244577
0.244577
0.244577
0.244577
0.244606
0.244606
0.244615
0.244615
0.244615
0.244615
0.244616
0.244629
0.244629
0.244629
0.244629
0.244635
0.244644
0.244644
0.244645
0.244645
0.244649
0.244656
0.244658
0.244658
0.244658
0.244658
0.244658
0.244658
0.244658
0.244658
0.244658
0.244658
0.244658
0.244658
0.244658
0.244658
0.244667
0.244665
0.244665
0.244665
0.244665
0.244668
0.244679
0.244679
0.244679
0.244679
0.244684
0.244683
0.244684
0.244684
0.244684
0.244685
0.244688
0.244688
0.244688
0.244688
0.244692
0.244693
0.244693
0.244693
0.244693
0.244693
0.244693
0.244694
0.244694
0.244694
0.244694
0.244694
0.244694
0.244694
0.244694
0.244694
0.244694
0.244694
0.244694
0.244694
0.244694
0.244694
0.244694
0.244693
0.244693
0.244693
0.244693
0.244728
0.244728
0.244729
0.244741
0.244742
0.244742
0.244742
0.244742
0.244745
0.244745
0.244753
0.244753
0.244756
0.244763
0.244763
0.244763
0.244774
0.244774
0.244777
0.244777
0.244779
0.244792
0.244792
0.244792
0.244794
0.244796
0.244796
0.244808
0.244809
0.244810
0.244810
0.244810
0.244810
0.244813
0.244813
0.244815
0.244813
0.244827
0.244827
0.244827
0.244831
0.244831
0.244831
0.244830
0.244842
0.244842
0.244846
0.244854
0.244854
0.244854
0.244854
0.244854
0.244855
0.244855
0.244855
0.244855
0.244855
0.244855
0.244869
0.244878
0.244877
0.244877
0.244887
0.244890
0.244891
0.244893
0.244894
0.244894
0.244914
0.244914
0.244938
0.244941
0.244941
0.244941
0.244941
0.244940
0.244953
0.244953
0.244953
0.244953
0.244953
0.244953
0.244953
0.244955
0.244955
0.244955
0.244955
0.244957
0.244957
0.244959
0.244959
0.244959
0.244970
0.244982
0.244982
0.245005
0.245005
0.245014
0.245013
0.245013
0.245013
0.245015
0.245015
0.245015
0.245024
0.245024
0.245024
0.245024
0.245024
0.245030
0.245030
0.245030
0.245030
0.245031
0.245031
0.245031
0.245032
0.245032
0.245033
0.245036
0.245036
0.245036
0.245037
0.245038
0.245064
0.245059
0.245059
0.245059
0.245059
0.245059
0.245059
0.245059
0.245059
0.245053
0.245053
0.245053
0.245053
0.245053
0.245053
0.245053
0.245053
0.245053
0.245053
0.245062
0.245068
0.245068
0.245068
0.245066
0.245061
0.245061
0.245063
0.245069
0.245068
0.245067
0.245067
0.245078
0.245078
0.245094
0.245094
0.245094
0.245094
0.245094
0.245104
0.245104
0.245104
0.245104
0.245104
0.245109
0.245109
0.245109
0.245109
0.245111
0.245116
0.245116
0.245116
0.245119
0.245120
0.245131
0.245131
0.245132
0.245132
0.245133
0.245133
0.245130
0.245130
0.245131
0.245132
0.245132
0.245132
0.245136
0.245136
0.245136
0.245136
0.245137
0.245158
0.245157
0.245157
0.245159
0.245159
0.245168
0.245168
0.245181
0.245181
0.245186
0.245186
0.245186
0.245189
0.245189
0.245189
0.245189
0.245189
0.245192
0.245192
0.245194
0.245194
0.245195
0.245195
0.245197
0.245194
0.245195
0.245195
0.245199
0.245200
0.245200
0.245205
0.245207
0.245210
0.245210
0.245210
0.245210
0.245210
0.245209
0.245209
0.245209
0.245209
0.245210
0.245210
0.245210
0.245230
0.245230
0.245230
0.245230
0.245228
0.245228
0.245233
0.245233
0.245253
0.245271
0.245271
0.245271
0.245278
0.245278
0.245282
0.245282
0.245281
0.245294
0.245294
0.245294
0.245294
0.245294
0.245294
0.245296
0.245296
0.245314
0.245317
0.245317
0.245317
0.245326
0.245326
0.245326
0.245334
0.245334
0.245341
0.245341
0.245341
0.245340
0.245342
0.245348
0.245348
0.245353
0.245354
0.245354
0.245348
0.245348
0.245348
0.245348
0.245367
0.245370
0.245370
0.245370
0.245370
0.245365
0.245365
0.245357
0.245357
0.245372
0.245377
0.245377
0.245375
0.245376
0.245376
0.245375
0.245378
0.245378
0.245386
0.245386
0.245392
0.245392
0.245392
0.245391
0.245391
0.245389
0.245389
0.245389
0.245389
0.245391
0.245391
0.245391
0.245391
0.245392
0.245392
0.245392
0.245392
0.245392
0.245392
0.245392
0.245392
0.245392
0.245389
0.245389
0.245389
0.245391
0.245395
0.245395
0.245395
0.245401
0.245403
0.245403
0.245403
0.245403
0.245403
0.245403
0.245404
0.245404
0.245404
0.245404
0.245404
0.245405
0.245405
0.245405
0.245405
0.245405
0.245405
0.245405
0.245408
0.245409
0.245409
0.245411
0.245411
0.245418
0.245418
0.245421
0.245421
0.245424
0.245426
0.245427
0.245428
0.245428
0.245432
0.245432
0.245440
0.245434
0.245434
0.245461
0.245464
0.245464
0.245466
0.245466
0.245466
0.245466
0.245472
0.245471
0.245471
0.245471
0.245471
0.245471
0.245471
0.245471
0.245477
0.245478
0.245478
0.245478
0.245478
0.245478
0.245478
0.245479
0.245482
0.245482
0.245482
0.245482
0.245484
0.245484
0.245482
0.245482
0.245482
0.245482
0.245482
0.245482
0.245482
0.245518
0.245523
0.245522
0.245522
0.245522
0.245522
0.245524
0.245534
0.245534
0.245534
0.245533
0.245533
0.245533
0.245535
0.245535
0.245535
0.245535
0.245535
0.245538
0.245538
0.245538
0.245562
0.245563
0.245565
0.245565
0.245565
0.245565
0.245566
0.245566
0.245566
0.245567
0.245567
0.245567
0.245567
0.245567
0.245567
0.245567
0.245567
0.245567
0.245588
0.245588
0.245591
0.245599
0.245601
0.245601
0.245603
0.245610
0.245610
0.245614
0.245614
0.245619
0.245623
0.245623
0.245623
0.245625
0.245625
0.245625
0.245625
0.245626
0.245646
0.245646
0.245646
0.245645
0.245645
0.245644
0.245644
0.245652
0.245652
0.245652
0.245652
0.245652
0.245652
0.245652
0.245652
0.245652
0.245645
0.245656
0.245659
0.245659
0.245662
0.245663
0.245663
0.245663
0.245669
0.245671
0.245671
0.245674
0.245674
0.245678
0.245683
0.245684
0.245684
0.245691
0.245691
0.245691
0.245700
0.245700
0.245700
0.245700
0.245701
0.245701
0.245703
0.245699
0.245703
0.245703
0.245701
0.245706
0.245708
0.245710
0.245710
0.245710
0.245710
0.245727
0.245727
0.245727
0.245727
0.245727
0.245727
0.245725
0.245724
0.245724
0.245724
0.245724
0.245726
0.245726
0.245726
0.245726
0.245726
0.245726
0.245727
0.245735
0.245735
0.245745
0.245746
0.245746
0.245750
0.245757
0.245757
0.245757
0.245757
0.245779
0.245779
0.245779
0.245779
0.245779
0.245781
0.245788
0.245775
0.245775
0.245775
0.245774
0.245774
0.245782
0.245782
0.245782
0.245782
0.245783
0.245783
0.245783
0.245783
0.245783
0.245783
0.245781
0.245781
0.245781
0.245781
0.245781
0.245781
0.245783
0.245783
0.245789
0.245789
0.245789
0.245790
0.245790
0.245793
0.245793
0.245793
0.245793
0.245793
0.245793
0.245800
0.245800
0.245805
0.245808
0.245809
0.245809
0.245809
0.245816
0.245816
0.245816
0.245819
0.245819
0.245825
0.245826
0.245826
0.245826
0.245831
0.245831
0.245831
0.245833
0.245833
0.245833
0.245837
0.245837
0.245837
0.245848
0.245848
0.245848
0.245851
0.245851
0.245858
0.245858
0.245858
0.245858
0.245857
0.245858
0.245858
0.245858
0.245859
0.245859
0.245859
0.245861
0.245861
0.245861
0.245858
0.245859
0.245859
0.245859
0.245859
0.245859
0.245859
0.245860
0.245860
0.245860
0.245865
0.245865
0.245865
0.245870
0.245873
0.245873
0.245873
0.245873
0.245873
0.245873
0.245874
0.245874
0.245867
0.245867
0.245867
0.245870
0.245872
0.245872
0.245875
0.245877
0.245872
0.245872
0.245872
0.245881
0.245881
0.245881
0.245881
0.245885
0.245885
0.245885
0.245881
0.245881
0.245881
0.245880
0.245880
0.245880
0.245882
0.245882
0.245882
0.245881
0.245881
0.245873
0.245876
0.245876
0.245879
0.245879
0.245879
0.245879
0.245877
0.245877
0.245881
0.245887
0.245899
0.245899
0.245900
0.245894
0.245945
0.245946
0.245946
0.245946
0.245945
0.245949
0.245949
0.245949
0.245949
0.245949
0.245950
0.245985
0.245985
0.245985
0.245985
0.245985
0.245985
0.245991
0.245991
0.245998
0.246004
0.246004
0.246004
0.246004
0.246004
0.246004
0.246005
0.246013
0.246013
0.246049
0.246049
0.246049
0.246049
0.246049
0.246049
0.246051
0.246061
0.246061
0.246061
0.246061
0.246066
0.246071
0.246076
0.246076
0.246076
0.246076
0.246076
