0.281368
0.287504
0.291845
0.294765
0.296743
0.298207
0.299741
0.301525
0.303049
0.304027
0.304691
0.307088
0.308408
0.308608
0.308902
0.309562
0.310383
0.311582
0.311618
0.311482
0.311112
0.310863
0.310885
0.311735
0.311705
0.311760
0.312368
0.312475
0.313227
0.313730
0.314147
0.314280
0.314614
0.314760
0.314760
0.315067
0.315208
0.315350
0.315816
0.316013
0.315862
0.315863
0.315918
0.316284
0.316550
0.316968
0.316789
0.316578
0.316642
0.316803
0.316826
0.316853
0.317209
0.317146
0.317649
0.317827
0.317833
0.317818
0.317792
0.318023
0.318264
0.318453
0.318542
0.318788
0.319091
0.319371
0.319371
0.319541
0.319489
0.319578
0.319684
0.319684
0.319785
0.320166
0.320369
0.320423
0.320437
0.320298
0.320298
0.320206
0.320202
0.320225
0.320275
0.320103
0.320136
0.320029
0.320227
0.320147
0.319839
0.319690
0.320014
0.320014
0.320069
0.320069
0.320056
0.320244
0.320264
0.320290
0.320384
0.320413
0.320654
0.320719
0.320712
0.320657
0.320407
0.320296
0.320275
0.320294
0.320317
0.320328
0.320344
0.320349
0.320370
0.320441
0.320441
0.320393
0.320393
0.320393
0.320393
0.320435
0.320445
0.320445
0.320468
0.320478
0.320478
0.320583
0.320371
0.320343
0.320374
0.320405
0.320540
0.320549
0.320555
0.320557
0.320584
0.320834
0.320834
0.320837
0.320837
0.320867
0.320927
0.320939
0.321066
0.321072
0.321072
0.321072
0.321127
0.321127
0.321094
0.321094
0.321094
0.321270
0.321305
0.321311
0.321406
0.321433
0.321442
0.321516
0.321582
0.321582
0.321582
0.321575
0.321585
0.321640
0.321640
0.321640
0.321640
0.321456
0.321470
0.321555
0.321555
0.321555
0.321509
0.321534
0.321550
0.321550
0.321607
0.321607
0.321749
0.321658
0.321658
0.321655
0.321800
0.321829
0.321829
0.321910
0.322059
0.322071
0.322071
0.322071
0.322071
0.322049
0.322078
0.322078
0.322189
0.322391
0.322371
0.322455
0.322455
0.322571
0.322571
0.322574
0.322801
0.322801
0.322803
0.322909
0.322907
0.323024
0.323129
0.323094
0.323200
0.323201
0.323207
0.323251
0.323256
0.323283
0.323283
0.323398
0.323509
0.323513
0.323519
0.323538
0.323475
0.323475
0.323475
0.323442
0.323490
0.323437
0.323422
0.323493
0.323493
0.323535
0.323544
0.323561
0.323597
0.323597
0.323656
0.323852
0.323923
0.323927
0.323927
0.323927
0.324041
0.324115
0.324115
0.324127
0.324064
0.324118
0.324118
0.324152
0.324083
0.324083
0.324103
0.324037
0.324060
0.324060
0.324060
0.324012
0.324012
0.324071
0.324071
0.324071
0.324160
0.324046
0.324046
0.324052
0.324090
0.324090
0.324090
0.324105
0.324105
0.324116
0.324076
0.324076
0.324076
0.323956
0.323910
0.323950
0.323880
0.323946
0.323945
0.323955
0.323955
0.323973
0.323973
0.323748
0.323825
0.323825
0.323825
0.323844
0.323844
0.323950
0.323950
0.323957
0.323823
0.323823
0.323823
0.323966
0.324071
0.324071
0.323981
0.324082
0.324146
0.324146
0.324158
0.324160
0.324090
0.324139
0.324243
0.324243
0.324243
0.324217
0.324217
0.324257
0.324261
0.324314
0.324333
0.324318
0.324319
0.324319
0.324319
0.324319
0.324358
0.324301
0.324301
0.324301
0.324303
0.324488
0.324488
0.324489
0.324489
0.324506
0.324514
0.324515
0.324515
0.324522
0.324522
0.324511
0.324511
0.324533
0.324547
0.324547
0.324547
0.324568
0.324568
0.324551
0.324561
0.324561
0.324561
0.324626
0.324637
0.324549
0.324561
0.324561
0.324780
0.324780
0.324780
0.324869
0.324869
0.324875
0.324864
0.324848
0.324848
0.324878
0.324859
0.324859
0.324833
0.324833
0.324833
0.324866
0.324866
0.324867
0.324883
0.324883
0.324883
0.324799
0.324800
0.324800
0.324810
0.324819
0.324876
0.324893
0.324853
0.324880
0.324871
0.324907
0.324907
0.324924
0.324924
0.324924
0.324924
0.324964
0.325108
0.325097
0.325097
0.325118
0.325121
0.325121
0.325137
0.325137
0.325137
0.325137
0.325137
0.325142
0.325142
0.325147
0.325189
0.325189
0.325196
0.325240
0.325240
0.325240
0.325240
0.325282
0.325282
0.325282
0.325252
0.325252
0.325252
0.325128
0.325186
0.325190
0.325214
0.325214
0.325296
0.325296
0.325308
0.325316
0.325316
0.325316
0.325415
0.325357
0.325367
0.325611
0.325611
0.325637
0.325738
0.325721
0.325755
0.325755
0.325723
0.325723
0.325730
0.325730
0.325893
0.325894
0.325894
0.325880
0.325880
0.325868
0.325851
0.325867
0.325868
0.325886
0.325890
0.325890
0.325890
0.325890
0.325890
0.325890
0.325902
0.325894
0.325913
0.325913
0.325932
0.325932
0.325932
0.325932
0.325950
0.325917
0.325923
0.325924
0.325924
0.325985
0.325985
0.326288
0.326329
0.326360
0.326360
0.326360
0.326457
0.326457
0.326457
0.326448
0.326448
0.326448
0.326449
0.326449
0.326449
0.326449
0.326449
0.326467
0.326467
0.326475
0.326475
0.326475
0.326403
0.326413
0.326454
0.326463
0.326463
0.326464
0.326583
0.326586
0.326589
0.326609
0.326609
0.326612
0.326647
0.326647
0.326650
0.326650
0.326650
0.326646
0.326646
0.326646
0.326647
0.326706
0.326706
0.326706
0.326847
0.326825
0.326826
0.326826
0.326826
0.326817
0.326817
0.326817
0.326731
0.326775
0.326775
0.326773
0.326773
0.326773
0.326773
0.326817
0.326688
0.326688
0.326688
0.326721
0.326721
0.326744
0.326744
0.326744
0.326784
0.326784
0.326788
0.326946
0.326946
0.326946
0.326929
0.326958
0.326958
0.326958
0.326958
0.326958
0.326965
0.326965
0.327064
0.326970
0.326970
0.326988
0.326988
0.326988
0.326988
0.327013
0.327013
0.327013
0.327065
0.327087
0.327087
0.327087
0.327091
0.327100
0.327100
0.327102
0.327102
0.327102
0.327104
0.327150
0.327237
0.327165
0.327169
0.327218
0.327218
0.327228
0.327229
0.327229
0.327229
0.327259
0.327259
0.327259
0.327259
0.327259
0.327261
0.327261
0.327259
0.327259
0.327291
0.327369
0.327373
0.327373
0.327373
0.327373
0.327376
0.327382
0.327406
0.327406
0.327406
0.327420
0.327420
0.327420
0.327420
0.327420
0.327478
0.327478
0.327478
0.327482
0.327509
0.327509
0.327513
0.327513
0.327529
0.327529
0.327518
0.327523
0.327542
0.327544
0.327544
0.327567
0.327581
0.327581
0.327583
0.327583
0.327590
0.327600
0.327600
0.327609
0.327609
0.327609
0.327609
0.327613
0.327605
0.327605
0.327605
0.327605
0.327605
0.327610
0.327634
0.327580
0.327580
0.327580
0.327580
0.327584
0.327584
0.327584
0.327584
0.327584
0.327627
0.327580
0.327571
0.327621
0.327624
0.327624
0.327624
0.327624
0.327624
0.327628
0.327634
0.327643
0.327643
0.327643
0.327643
0.327643
0.327643
0.327659
0.327663
0.327663
0.327663
0.327663
0.327689
0.327708
0.327731
0.327711
0.327852
0.327852
0.327852
0.327872
0.327872
0.327872
0.327872
0.327884
0.327884
0.327884
0.327947
0.327947
0.327897
0.327901
0.327904
0.327945
0.327955
0.328055
0.327976
0.328005
0.328005
0.328005
0.328005
0.328039
0.327957
0.328166
0.328166
0.328166
0.328166
0.328166
0.328184
0.328184
0.328189
0.328176
0.328178
0.328178
0.328188
0.328200
0.328200
0.328294
0.328295
0.328295
0.328295
0.328331
0.328333
0.328334
0.328334
0.328334
0.328342
0.328364
0.328364
0.328372
0.328372
0.328372
0.328381
0.328497
0.328497
0.328516
0.328516
0.328516
0.328522
0.328522
0.328522
0.328522
0.328527
0.328527
0.328528
0.328554
0.328558
0.328558
0.328566
0.328566
0.328566
0.328547
0.328502
0.328502
0.328502
0.328511
0.328511
0.328521
0.328521
0.328521
0.328582
0.328619
0.328619
0.328746
0.328755
0.328755
0.328756
0.328756
0.328775
0.328775
0.328775
0.329165
0.329165
0.329165
0.329165
0.329165
0.329167
0.329167
0.329167
0.329167
0.329167
0.329167
0.329167
0.329167
0.329176
0.329163
0.329163
0.329159
0.329159
0.329159
0.329159
0.329159
0.329172
0.329280
0.329281
0.329281
0.329281
0.329281
0.329281
0.329281
0.329281
0.329320
0.329328
0.329328
0.329335
0.329335
0.329335
0.329364
0.329369
0.329369
0.329380
0.329339
0.329375
0.329375
0.329376
0.329385
0.329385
0.329385
0.329393
0.329393
0.329393
0.329501
0.329596
0.329597
0.329597
0.329597
0.329597
0.329597
0.329600
0.329520
0.329563
0.329555
0.329623
0.329623
0.329623
0.329623
0.329676
0.329747
0.329747
0.329747
0.329758
0.329766
0.329766
0.329766
0.329785
0.329785
0.329786
0.329857
0.329857
0.329857
0.329857
0.329875
0.329875
0.329875
0.329875
0.329875
0.329875
0.329875
0.329889
0.329875
0.329875
0.329875
0.329875
0.329875
0.329875
0.329923
0.329923
0.329932
0.329932
0.329954
0.329954
0.329954
0.330003
0.330003
0.330003
0.330102
0.330102
0.330103
0.330105
0.330134
0.330148
0.330190
0.330196
0.330199
0.330199
0.330217
0.330217
0.330217
0.330217
0.330217
0.330217
0.330223
0.330223
0.330225
0.330230
0.330230
0.330311
0.330311
0.330311
0.330318
0.330318
0.330318
0.330318
0.330328
0.330332
0.330334
0.330334
0.330334
0.330330
0.330330
0.330330
0.330330
0.330330
0.330364
0.330364
0.330364
0.330364
0.330364
0.330364
0.330347
0.330347
0.330347
0.330347
0.330339
0.330340
0.330340
0.330340
0.330246
0.330246
0.330247
0.330247
0.330247
0.330254
0.330254
0.330279
0.330290
0.330290
0.330290
0.330290
0.330290
0.330290
0.330303
0.330312
0.330351
0.330351
0.330314
0.330314
0.330326
0.330326
0.330329
0.330329
0.330334
0.330347
0.330416
0.330422
0.330422
0.330424
0.330424
0.330438
0.330438
0.330439
0.330501
0.330501
0.330504
0.330504
0.330504
0.330521
0.330521
0.330521
0.330522
0.330522
0.330522
0.330522
0.330522
0.330522
0.330524
0.330526
0.330526
0.330528
0.330547
0.330536
0.330536
0.330540
0.330584
0.330584
0.330584
0.330587
0.330587
0.330532
0.330549
0.330549
0.330549
0.330549
0.330549
0.330549
0.330581
0.330581
0.330593
0.330598
0.330624
0.330624
0.330653
0.330653
0.330653
0.330653
0.330653
0.330665
0.330669
0.330669
0.330669
0.330669
0.330669
0.330675
0.330710
0.330798
0.330726
0.330735
0.330738
0.330738
0.330738
0.330740
0.330740
0.330743
0.330743
0.330820
0.330820
0.330837
0.330872
0.330872
0.330870
0.330870
0.330887
0.330961
0.330961
0.330961
0.330961
0.330961
0.330974
0.331018
0.330997
0.330997
0.331000
0.331000
0.331000
0.331000
0.331007
0.331007
0.331007
0.331012
0.331012
0.331025
0.331027
0.331027
0.331027
0.331064
0.331064
0.331064
0.331088
0.331114
0.331114
0.331131
0.331131
0.331131
0.331131
0.331131
0.331005
0.331005
0.331005
0.331005
0.331005
0.331005
0.330953
0.330953
0.330953
0.330953
0.330815
0.330791
0.330791
0.330810
0.330818
0.330818
0.330828
0.330841
0.330841
0.330841
0.330845
0.330855
0.330855
0.330960
0.330976
0.330976
0.330979
0.330979
0.330979
0.330979
0.330979
0.330979
0.330979
0.330979
0.330991
0.330991
0.330997
0.331004
0.331008
0.330924
0.330880
0.330880
0.330880
0.330880
0.330880
0.330915
0.330915
0.330915
0.330922
0.330922
0.330924
0.330924
0.330924
0.330931
0.330931
0.330935
0.330935
0.330935
0.330943
0.330943
0.330943
0.330943
0.330943
0.330944
0.330511
0.330511
0.330517
0.330517
0.330475
0.330475
0.330482
0.330482
0.330482
0.330509
0.330509
0.330509
0.330512
0.330610
0.330611
0.330611
0.330690
0.330690
0.330735
0.330743
0.330754
0.330758
0.330758
0.330758
0.330758
0.330758
0.330763
0.330771
0.330771
0.330771
0.330771
0.330771
0.330771
0.330822
0.330822
0.330822
0.330822
0.330831
0.330831
0.330831
0.330831
0.330831
0.330804
0.330804
0.330835
0.330835
0.330838
0.330838
0.330838
0.330859
0.330865
0.330865
0.330865
0.330866
0.330866
0.330879
0.330879
0.330879
0.330879
0.330879
0.330879
0.330879
0.330879
0.330879
0.330879
0.330886
0.330886
0.330888
0.330888
0.330888
0.330898
0.330898
0.330898
0.330898
0.330898
0.330898
0.330898
0.330898
0.330898
0.330898
0.330913
0.330913
0.330914
0.330914
0.330914
0.330914
0.330930
0.330932
0.330932
0.330932
0.330932
0.330942
0.330933
0.330933
0.330938
0.330938
0.330938
0.330938
0.330938
0.330970
0.330970
0.330970
0.330970
0.330970
0.330970
0.330970
0.331002
0.331002
0.331002
0.331005
0.331005
0.331010
0.331010
0.331011
0.331011
0.331011
0.331032
0.331032
0.331032
0.331032
0.331027
0.331033
0.331033
0.331036
0.331036
0.331036
0.331017
0.331017
0.330999
0.330999
0.330999
0.330999
0.331003
0.331003
0.331003
0.331003
0.331156
0.331177
0.331177
0.331205
0.331205
0.331217
0.331217
0.331217
0.331219
0.331227
0.331227
0.331227
0.331236
0.331236
0.331243
0.331243
0.331272
0.331272
0.331272
0.331272
0.331339
0.331339
0.331329
0.331338
0.331338
0.331338
0.331354
0.331354
0.331354
0.331354
0.331354
0.331354
0.331354
0.331354
0.331354
0.331365
0.331365
0.331365
0.331368
0.331369
0.331369
0.331369
0.331369
0.331369
0.331369
0.331369
0.331369
0.331369
0.331369
0.331369
0.331393
0.331395
0.331396
0.331396
0.331396
0.331396
0.331413
0.331413
0.331413
0.331413
0.331429
0.331431
0.331309
0.331309
0.331314
0.331314
0.331314
0.331314
0.331314
0.331314
0.331314
0.331370
0.331370
0.331378
0.331378
0.331386
0.331386
0.331387
0.331387
0.331387
0.331387
0.331387
0.331387
0.331387
0.331387
0.331387
0.331383
0.331383
0.331384
0.331413
0.331413
0.331415
0.331415
0.331456
0.331471
0.331471
0.331471
0.331474
0.331474
0.331482
0.331483
0.331483
0.331483
0.331570
0.331567
0.331567
0.331567
0.331572
0.331572
0.331574
0.331574
0.331574
0.331578
0.331578
0.331578
0.331585
0.331686
0.331686
0.331736
0.331736
0.331736
0.331736
0.331744
0.331724
0.331724
0.331724
0.331724
0.331724
0.331724
0.331786
0.331792
0.331792
0.331792
0.331792
0.331843
0.331846
0.331846
0.331883
0.331891
0.331939
0.331948
0.331948
0.331992
0.331992
0.331994
0.331994
0.331994
0.332013
0.332028
0.332028
0.332028
0.332028
0.332048
0.332048
0.332048
0.332044
0.332044
0.332042
0.332042
0.332042
0.332042
0.332154
0.332180
0.332180
0.332180
0.332182
0.332182
0.332182
0.332187
0.332187
0.332187
0.332187
0.332188
0.332193
0.332196
0.332210
0.332211
0.332212
0.332226
0.332226
0.332226
0.332221
0.332221
0.332221
0.332221
0.332221
0.332221
0.332221
0.332153
0.332153
0.332153
0.332153
0.332153
0.332153
0.332153
0.332154
0.332154
0.332154
0.332154
0.332154
0.332154
0.332154
0.332158
0.332158
0.332158
0.332158
0.332158
0.332158
0.332158
0.332158
0.332285
0.332285
0.332285
0.332289
0.332289
0.332322
0.332322
0.332302
0.332302
0.332353
0.332354
0.332429
0.332429
0.332429
0.332449
0.332449
0.332449
0.332449
0.332449
0.332449
0.332348
0.332348
0.332310
0.332343
0.332343
0.332355
0.332355
0.332355
0.332355
0.332385
0.332385
0.332385
0.332386
0.332386
0.332389
0.332389
0.332389
0.332370
0.332379
0.332379
0.332384
0.332393
0.332393
0.332393
0.332400
0.332410
0.332410
0.332410
0.332410
0.332421
0.332421
0.332421
0.332421
0.332421
0.332464
0.332464
0.332465
0.332481
0.332481
0.332449
0.332449
0.332457
0.332457
0.332475
0.332475
0.332475
0.332505
0.332505
0.332505
0.332505
0.332520
0.332520
0.332532
0.332532
0.332532
0.332532
0.332553
0.332553
0.332553
0.332553
0.332556
0.332556
0.332556
0.332651
0.332667
0.332667
0.332687
0.332614
0.332617
0.332617
0.332639
0.332639
0.332640
0.332640
0.332640
0.332640
0.332564
0.332564
0.332564
0.332564
0.332577
0.332582
0.332603
0.332604
0.332604
0.332604
0.332605
0.332605
0.332605
0.332605
0.332605
0.332605
0.332502
0.332502
0.332502
0.332502
0.332522
0.332522
0.332522
0.332522
0.332522
0.332523
0.332523
0.332471
0.332483
0.332483
0.332483
0.332647
0.332661
0.332661
0.332668
0.332668
0.332669
0.332715
0.332728
0.332728
0.332731
0.332731
0.332744
0.332744
0.332744
0.332744
0.332744
0.332744
0.332756
0.332756
0.332756
0.332798
0.332798
0.332798
0.332798
0.332798
0.332800
0.332800
0.332800
0.332800
0.332800
0.332800
0.332800
0.332800
0.332800
0.332800
0.332800
0.332800
0.332832
0.332853
0.332855
0.332873
0.332873
0.332873
0.332873
0.332873
0.332873
0.332873
0.332875
0.332878
0.332878
0.332878
0.332878
0.332878
0.332878
0.332888
0.332888
0.332888
0.332890
0.332890
0.332890
0.332892
0.332898
0.332914
0.332914
0.332925
0.332925
0.332925
0.332925
0.332925
0.332925
0.332925
0.332925
0.332925
0.332925
0.332970
0.332970
0.332962
0.332962
0.332962
0.332964
0.332964
0.332964
0.332964
0.332964
0.332964
0.332971
0.332971
0.332985
0.332974
0.332974
0.332972
0.332972
0.332980
0.332980
0.332980
0.332980
0.332980
0.332980
0.332980
0.332980
0.332980
0.332990
0.332990
0.332990
0.332990
0.332990
0.332990
0.333101
0.333101
0.333101
0.333101
0.333108
0.333108
0.333117
0.333117
0.333120
0.333127
0.333127
0.333129
0.333129
0.333129
0.333132
0.333132
0.333132
0.333132
0.333132
0.333132
0.333132
0.333132
0.333132
0.333132
0.333137
0.333117
0.333117
0.333117
0.333145
0.333105
0.333043
0.333043
0.333066
0.333066
0.333066
0.333150
0.333150
0.333150
0.333150
0.333150
0.333150
0.333150
0.333150
0.333213
0.333213
0.333223
0.333234
0.333234
0.333234
0.333237
0.333239
0.333239
0.333242
0.333242
0.333247
0.333309
0.333309
0.333309
0.333312
0.333325
0.333325
0.333325
0.333325
0.333325
0.333325
0.333329
0.333347
0.333347
0.333347
0.333353
0.333389
0.333389
0.333389
0.333394
0.333394
0.333394
0.333394
0.333398
0.333402
0.333408
0.333408
0.333411
0.333411
0.333411
0.333411
0.333419
0.333419
0.333423
0.333407
0.333407
0.333407
0.333407
0.333416
0.333416
0.333416
0.333416
0.333416
0.333416
0.333416
0.333416
0.333416
0.333416
0.333416
0.333416
0.333417
0.333417
0.333417
0.333417
0.333402
0.333410
0.333410
0.333410
0.333419
0.333419
0.333419
0.333457
0.333457
0.333413
0.333413
0.333413
0.333413
0.333413
0.333413
0.333413
0.333413
0.333413
0.333419
0.333419
0.333419
0.333426
0.333426
0.333427
0.333493
0.333493
0.333493
0.333493
0.333493
0.333494
0.333494
0.333494
0.333494
0.333494
0.333494
0.333494
0.333520
0.333524
0.333527
0.333527
0.333527
0.333527
0.333533
0.333533
0.333533
0.333533
0.333546
0.333546
0.333463
0.333475
0.333475
0.333475
0.333475
0.333475
0.333475
0.333398
0.333398
0.333398
0.333398
0.333398
0.333398
0.333398
0.333398
0.333403
0.333384
0.333384
0.333384
0.333384
0.333384
0.333385
0.333385
0.333387
0.333387
0.333390
0.333390
0.333631
0.333631
0.333631
0.333631
0.333631
0.333631
0.333631
0.333631
0.333631
0.333633
0.333639
0.333639
0.333639
0.333639
0.333639
0.333639
0.333639
0.333648
0.333648
0.333648
0.333652
0.333771
0.333771
0.333771
0.333771
0.333771
0.333701
0.333701
0.333717
0.333717
0.333755
0.333782
0.333782
0.333782
0.333782
0.333783
0.333783
0.333783
0.333784
0.333784
0.333797
0.333797
0.333797
0.333797
0.333797
0.333797
0.333797
0.333799
0.333799
0.333790
0.333790
0.333794
0.333794
0.333794
0.333846
0.333846
0.333846
0.333846
0.333855
0.333887
0.333887
0.333646
0.333646
0.333654
0.333654
0.333654
0.333654
0.333655
0.333655
0.333655
0.333655
0.333655
0.333655
0.333639
0.333639
0.333659
0.333659
0.333659
0.333685
0.333685
0.333690
0.333690
0.333721
0.333729
0.333729
0.333729
0.333729
0.333748
0.333757
0.333757
0.333760
0.333784
0.333828
0.333829
0.333829
0.333829
0.333829
0.333832
0.333834
0.333838
0.333838
0.333838
0.333838
0.333707
0.333714
0.333714
0.333711
0.333795
0.333795
0.333811
0.333811
0.333811
0.333821
0.333821
0.333821
0.333821
0.333821
0.333821
0.333821
0.333822
0.333822
0.333824
0.333821
0.333821
0.333824
0.333841
0.333868
0.333868
0.333868
0.333868
0.333868
0.333868
0.333768
0.333768
0.333768
0.333768
0.333768
0.333794
0.333794
0.333794
0.333794
0.333794
0.333797
0.333797
0.333825
0.333825
0.333838
0.333838
0.333838
0.333838
0.333838
0.333839
0.333897
0.333897
0.333897
0.333904
0.333904
0.333905
0.333905
0.333905
0.333905
0.333905
0.333909
0.333909
0.333893
0.333893
0.333910
0.333910
0.333910
0.333910
0.333910
0.333910
0.333879
0.333879
0.333879
0.333879
0.333879
0.333886
0.333886
0.333886
0.333886
0.333847
0.333847
0.333847
0.333847
0.333847
0.333860
0.333985
0.333985
0.333985
0.333987
0.333987
0.333987
0.333987
0.333987
0.333988
0.333988
0.333988
0.334018
0.334021
0.334021
0.334021
0.334021
0.334036
0.334036
0.334036
0.334041
0.334041
0.334048
0.334048
0.334048
0.334048
0.334054
0.334054
0.334054
0.334060
0.334146
0.334152
0.334158
0.334158
0.334158
0.334177
0.334179
0.334179
0.334179
0.334179
0.334184
0.334218
0.334220
0.334220
0.334220
0.334227
0.334231
0.334233
0.334233
0.334233
0.334233
0.334233
0.334242
0.334245
0.334245
0.334245
0.334256
0.334256
0.334265
0.334281
0.334281
0.334281
0.334281
0.334281
0.334281
0.334281
0.334281
0.334281
0.334281
0.334281
0.334281
0.334281
0.334281
0.334269
0.334363
0.334363
0.334366
0.334401
0.334401
0.334401
0.334401
0.334402
0.334402
0.334402
0.334402
0.334402
0.334404
0.334491
0.334496
0.334499
0.334504
0.334449
0.334449
0.334461
0.334461
0.334461
0.334462
0.334463
0.334463
0.334463
0.334463
0.334471
0.334474
0.334474
0.334474
0.334478
0.334478
0.334478
0.334478
0.334478
0.334478
0.334478
0.334478
0.334478
0.334478
0.334481
0.334484
0.334496
0.334496
0.334496
0.334498
0.334530
0.334547
0.334634
0.334634
0.334634
0.334634
0.334692
0.334692
0.334692
0.334715
0.334719
0.334719
0.334719
0.334719
0.334719
0.334719
0.334728
0.334766
0.334680
0.334680
0.334680
0.334680
0.334683
0.334684
0.334684
0.334684
0.334684
0.334706
0.334706
0.334706
0.334706
0.334633
0.334642
0.334642
0.334652
0.334652
0.334652
0.334652
0.334652
0.334652
0.334665
0.334665
0.334665
0.334665
0.334670
0.334670
0.334670
0.334670
0.334670
0.334670
0.334672
0.334672
0.334679
0.334679
0.334679
0.334679
0.334679
0.334681
0.334681
0.334689
0.334689
0.334696
0.334707
0.334707
0.334707
0.334707
0.334709
0.334709
0.334762
0.334762
0.334762
0.334762
0.334762
0.334762
0.334768
0.334760
0.334760
0.334760
0.334760
0.334760
0.334760
0.334760
0.334760
0.334780
0.334786
0.334788
0.334800
0.334795
0.334795
0.334795
0.334795
0.334749
0.334749
0.334751
0.334751
0.334751
0.334751
0.334861
0.334861
0.334902
0.334922
0.334922
0.334922
0.334922
0.334922
0.334922
0.334925
0.334898
0.334898
0.334898
0.334898
0.334898
0.334898
0.334898
0.334898
0.334898
0.334898
0.334900
0.334900
0.334900
0.334900
0.334900
0.334900
0.334900
0.334902
0.334902
0.334908
0.334908
0.334908
0.334908
0.334908
0.334908
0.334974
0.335017
0.335022
0.335022
0.335022
0.335030
0.335034
0.335039
0.335039
0.335045
0.335060
0.335099
0.335100
0.335093
0.335093
0.335093
0.335093
0.335093
0.335093
0.335098
0.335098
0.335098
0.335108
0.335108
0.335114
0.335114
0.335114
0.335160
0.335160
0.335160
0.335160
0.335160
0.335160
0.335160
0.335172
0.335172
0.335172
0.335172
0.335172
0.335172
0.335173
0.335182
0.335182
0.335182
0.335182
0.335182
0.335182
0.335202
0.335202
0.335202
0.335202
0.335202
0.335202
0.335202
0.335202
0.335206
0.335206
0.335206
0.335206
0.335206
0.335239
0.335248
0.335257
0.335257
0.335257
0.335257
0.335257
0.335257
0.335271
0.335271
0.335271
0.335272
0.335277
0.335277
0.335277
0.335400
0.335401
0.335404
0.335404
0.335404
0.335404
0.335404
0.335417
0.335417
0.335408
0.335294
0.335294
0.335294
0.335294
0.335301
0.335301
0.335301
0.335302
0.335302
0.335302
0.335303
0.335303
0.335303
0.335305
0.335315
0.335315
0.335315
0.335315
0.335315
0.335315
0.335315
0.335315
0.335315
0.335315
0.335326
0.335327
0.335327
0.335327
0.335327
0.335328
0.335328
0.335328
0.335328
0.335328
0.335328
0.335328
0.335343
0.335343
0.335347
0.335347
0.335347
0.335351
0.335351
0.335351
0.335351
0.335351
0.335351
0.335411
0.335411
0.335411
0.335411
0.335411
0.335480
0.335480
0.335480
0.335480
0.335504
0.335504
0.335504
0.335504
0.335504
0.335504
0.335504
0.335510
0.335549
0.335554
0.335554
0.335592
0.335592
0.335772
0.336106
0.336109
0.336109
0.336121
0.336121
0.336122
0.336122
0.336129
0.336129
0.336129
0.336129
0.336136
0.336136
0.336136
0.336136
0.336144
0.336144
0.336144
0.336147
0.336147
0.336147
0.336147
0.336157
0.336157
0.336157
0.336157
0.336138
0.336145
0.336145
0.336145
0.336166
0.336168
0.336173
0.336173
0.336173
0.336176
0.336181
0.336181
0.336181
0.336184
0.336184
0.336184
0.336186
0.336195
0.336197
0.336197
0.336213
0.336264
0.336264
0.336264
0.336264
0.336264
0.336264
0.336264
0.336264
0.336268
0.336268
0.336268
0.336268
0.336268
0.336268
0.336268
0.336268
0.336273
0.336273
0.336273
0.336276
0.336276
0.336276
0.336276
0.336276
0.336276
0.336276
0.336276
0.336281
0.336825
0.336825
0.336825
0.336825
0.336825
0.336825
0.336825
0.336855
0.336783
0.336783
0.336789
0.336791
0.336791
0.336791
0.336791
0.336791
0.336793
0.336798
0.336873
0.336874
0.336874
0.336874
0.336874
0.336893
0.336866
0.336866
0.336866
0.336868
0.336868
0.336868
0.336868
0.336868
0.336868
0.336870
0.336870
0.336870
0.336870
0.336870
0.336870
0.336870
0.337009
0.337009
0.337009
0.337032
0.337032
0.337037
0.337039
0.337039
0.337039
0.337032
0.337032
0.337032
0.337032
0.337033
0.337033
0.337033
0.337033
0.337033
0.337033
0.337033
0.337033
0.337034
0.336980
0.337006
0.337132
0.337132
0.337136
0.337138
0.337138
0.337138
0.337138
0.337138
0.337138
0.337138
0.337142
0.337142
0.337142
0.337142
0.337153
0.337163
0.337163
0.337161
0.337161
0.337161
0.337165
0.337187
0.337187
0.337187
0.337187
0.337187
0.337187
0.337189
0.337199
0.337199
0.337199
0.337218
0.337218
0.337224
0.337220
0.337196
0.337229
0.337229
0.337229
0.337229
0.337229
0.337229
0.337279
0.337290
0.337290
0.337290
0.337293
0.337298
0.337298
0.337303
0.337303
0.337303
0.337306
0.337306
0.337306
0.337306
0.337318
0.337321
0.337260
0.337260
0.337260
0.337260
0.337260
0.337260
0.337260
0.337273
0.337273
0.337273
0.337274
0.337319
0.337319
0.337319
0.337319
0.337320
0.337329
0.337329
0.337329
0.337329
0.337329
0.337329
0.337330
0.337330
0.337300
0.337300
0.337300
0.337300
0.337305
0.337307
0.337307
0.337307
0.337307
0.337307
0.337326
0.337326
0.337326
0.337334
0.337336
0.337336
0.337337
0.337337
0.337337
0.337337
0.337337
0.337337
0.337338
0.337338
0.337338
0.337338
0.337338
0.337338
0.337339
0.337342
0.337342
0.337342
0.337342
0.337342
0.337342
0.337342
0.337342
0.337344
0.337344
0.337344
0.337344
0.337344
0.337344
0.337344
0.337398
0.337398
0.337410
0.337410
0.337411
0.337411
0.337411
0.337419
0.337426
0.337426
0.337433
0.337433
0.337433
0.337442
0.337442
0.337442
0.337442
0.337442
0.337453
0.337455
0.337455
0.337455
0.337461
0.337461
0.337461
0.337461
0.337478
0.337479
0.337545
0.337545
0.337545
0.337545
0.337365
0.337365
0.337365
0.337365
0.337378
0.337379
0.337379
0.337385
0.337388
0.337388
0.337388
0.337404
0.337404
0.337404
0.337431
0.337604
0.337621
0.337621
0.337621
0.337621
0.337621
0.337621
0.337621
0.337623
0.337630
0.337633
0.337629
0.337643
0.337643
0.337643
0.337643
0.337654
0.337654
0.337658
0.337658
0.337658
0.337658
0.337658
0.337658
0.337658
0.337658
0.337658
0.337658
0.337658
0.337658
0.337658
0.337658
0.337660
0.337660
0.337660
0.337660
0.337660
0.337660
0.337667
0.337739
0.337739
0.337739
0.337746
0.337746
0.337746
0.337748
0.337751
0.337751
0.337757
0.337757
0.337757
0.337758
0.337758
0.337758
0.337758
0.337758
0.337762
0.337762
0.337762
0.337779
0.337779
0.337833
0.337838
0.337838
0.337838
0.337745
0.337699
0.337699
0.337711
0.337711
0.337721
0.337727
0.337727
0.337840
0.337840
0.337840
0.337840
0.337840
0.337841
0.337841
0.337858
0.337866
0.337866
0.337871
0.337871
0.337871
0.337871
0.337878
0.337879
0.337879
0.337879
0.337895
0.337895
0.337895
0.337900
0.338052
0.338061
0.338120
0.338120
0.338121
0.338121
0.338188
0.338191
0.338201
0.338201
0.338206
0.338208
0.338208
0.338208
0.338212
0.338212
0.338212
0.338225
0.338277
0.338277
0.338277
0.338282
0.338285
0.338285
0.338285
0.338285
0.338285
0.338285
0.338303
0.338323
0.338329
0.338331
0.338331
0.338331
0.338331
0.338331
0.338329
0.338329
0.338329
0.338331
0.338338
0.338338
0.338338
0.338338
0.338338
0.338338
0.338357
0.338381
0.338381
0.338388
0.338388
0.338389
0.338389
0.338389
0.338389
0.338389
0.338346
0.338346
0.338357
0.338369
0.338369
0.338369
0.338369
0.338369
0.338369
0.338372
0.338372
0.338372
0.338372
0.338372
0.338372
0.338043
0.338069
0.338069
0.338069
0.338069
0.338069
0.338069
0.338069
0.338069
0.338066
0.338039
0.338043
0.338045
0.338045
0.338048
0.338048
0.338048
0.338049
0.338049
0.338049
0.338049
0.338050
0.337994
0.337994
0.338039
0.338039
0.338039
0.338039
0.338039
0.338039
0.338039
0.338039
0.338039
0.338039
0.338039
0.338045
0.338045
0.338045
0.338046
0.338046
0.338046
0.338058
0.338058
0.338058
0.338058
0.338058
0.338058
0.338058
0.338058
0.338058
0.338058
0.338067
0.338078
0.338080
0.338080
0.338080
0.338088
0.338089
0.338115
0.338115
0.338084
0.338100
0.338110
0.338110
0.338140
0.338140
0.338140
0.338140
0.338140
0.338140
0.338243
0.338243
0.338243
0.338243
0.338243
0.338243
0.338243
0.338243
0.338243
0.338248
0.338262
0.338262
0.338266
0.338266
0.338269
0.338269
0.338269
0.338269
0.338305
0.338305
0.338305
0.338258
0.338258
0.338263
0.338264
0.338264
0.338264
0.338264
0.338264
0.338264
0.338264
0.338264
0.338264
0.338264
0.338265
0.338265
0.338265
0.338265
0.338265
0.338263
0.338263
0.338265
0.338265
0.338280
0.338280
0.338280
0.338712
0.338712
0.338723
0.338723
0.338723
0.338723
0.338723
0.338732
0.338732
0.338841
0.338841
0.338841
0.338841
0.338841
0.338835
0.338835
0.338835
0.338835
0.338835
0.338840
0.338840
0.338840
0.338841
0.338841
0.338841
0.338841
0.338842
0.338842
0.338827
0.338828
0.338831
0.338831
0.338831
0.338831
0.338852
0.338852
0.338859
0.338859
0.338863
0.338863
0.338941
0.338941
0.338949
0.338949
0.338949
0.338949
0.338951
0.338951
0.338951
0.338957
0.338942
0.338951
0.338951
0.338951
0.338951
0.338959
0.338959
0.338959
0.338959
0.338959
0.338959
0.338959
0.338959
0.338959
0.338959
0.338959
0.338959
0.338959
0.338959
0.338959
0.338959
0.338962
0.338962
0.338964
0.338964
0.338964
0.338964
0.338964
0.338964
0.338964
0.338964
0.338964
0.338964
0.338965
0.338965
0.338965
0.338970
0.338970
0.338993
0.338993
0.338998
0.338998
0.338998
0.338998
0.338998
0.338998
0.338998
0.339064
0.339064
0.339077
0.339077
0.339077
0.339077
0.339077
0.339120
0.339122
0.339124
0.339124
0.339124
0.339124
0.339124
0.339129
0.339129
0.339129
0.339129
0.339129
0.339141
0.339141
0.339142
0.339142
0.339186
0.339186
0.339289
0.339289
0.339289
0.339289
0.339289
0.339289
0.339289
0.339290
0.339290
0.339291
0.339291
0.339291
0.339286
0.339286
0.339286
0.339286
0.339286
0.339286
0.339288
0.339288
0.339291
0.339201
0.339201
0.339201
0.339236
0.339236
0.339248
0.339267
0.339270
0.339270
0.339247
0.339247
0.339281
0.339286
0.339299
0.339299
0.339299
0.339299
0.339299
0.339299
0.339299
0.339299
0.339318
0.339318
0.339321
0.339321
0.339321
0.339306
0.339304
0.339304
0.339304
0.339306
0.339306
0.339306
0.339306
0.339382
0.339382
0.339382
0.339383
0.339383
0.339383
0.339417
0.339421
0.339421
0.339421
0.339421
0.339421
0.339447
0.339447
0.339447
0.339447
0.339447
0.339447
0.339447
0.339447
0.339447
0.339447
0.339447
0.339447
0.339448
0.339448
0.339453
0.339453
0.339453
0.339453
0.339453
0.339453
0.339457
0.339457
0.339457
0.339460
0.339460
0.339458
0.339458
0.339458
0.339458
0.339458
0.339458
0.339458
0.339458
0.339458
0.339458
0.339458
0.339458
0.339453
0.339453
0.339453
0.339455
0.339455
0.339457
0.339457
0.339457
0.339457
0.339457
0.339457
0.339457
0.339457
0.339457
0.339457
0.339464
0.339466
0.339466
0.339466
0.339468
0.339468
0.339468
0.339468
0.339468
0.339469
0.339469
0.339494
0.339494
0.339494
0.339494
0.339494
0.339494
0.339494
0.339494
0.339495
0.339495
0.339496
0.339496
0.339507
0.339574
0.339574
0.339579
0.339584
0.339585
0.339585
0.339585
0.339596
0.339596
0.339596
0.339596
0.339521
0.339523
0.339540
0.339540
0.339551
0.339560
0.339560
0.339580
0.339580
0.339580
0.339580
0.339510
0.339510
0.339510
0.339510
0.339510
0.339517
0.339522
0.339522
0.339522
0.339522
0.339522
0.339522
0.339536
0.339536
0.339536
0.339541
0.339541
0.339545
0.339545
0.339545
0.339549
0.339550
0.339550
0.339551
0.339551
0.339551
0.339563
0.339563
0.339563
0.339563
0.339563
0.339563
0.339563
0.339563
0.339563
0.339563
0.339563
0.339564
0.339564
0.339564
0.339577
0.339577
0.339579
0.339580
0.339618
0.339618
0.339625
0.339625
0.339625
0.339625
0.339625
0.339625
0.339625
0.339708
0.339708
0.339708
0.339708
0.339708
0.339721
0.339721
0.339721
0.339721
0.339733
0.339733
0.339733
0.339738
0.339738
0.339740
0.339740
0.339766
0.339766
0.339772
0.339772
0.339787
0.339787
0.339787
0.339790
0.339790
0.339795
0.339795
0.339795
0.339795
0.339792
0.339795
0.339795
0.339795
0.339795
0.339795
0.339795
0.339711
0.339711
0.339711
0.339711
0.339711
0.339711
0.339713
0.339713
0.339713
0.339713
0.339713
0.339716
0.339716
0.339716
0.339716
0.339716
0.339716
0.339716
0.339716
0.339716
0.339719
0.339733
0.339733
0.339753
0.339760
0.339761
0.339761
0.339759
0.339759
0.339759
0.339759
0.339759
0.339759
0.339766
0.339766
0.339766
0.339787
0.339792
0.339792
0.339792
0.339792
0.339794
0.339810
0.339815
0.339826
0.339831
0.339831
0.339831
0.339832
0.339832
0.339846
0.339849
0.339849
0.339849
0.339849
0.339849
0.339849
0.339855
0.339855
0.339855
0.339858
0.339865
0.339884
0.339884
0.339884
0.339884
0.339884
0.339894
0.339894
0.339889
0.339889
0.339896
0.339896
0.339896
0.339896
0.339896
0.339896
0.339896
0.339896
0.339902
0.339902
0.339904
0.339904
0.339909
0.339909
0.339909
0.339909
0.339909
0.339909
0.339909
0.339909
0.339909
0.339909
0.339909
0.339909
0.339909
0.339909
0.339909
0.339909
0.339909
0.339909
0.339913
0.339913
0.339914
0.339914
0.339914
0.339914
0.339914
0.339914
0.339914
0.339916
0.339940
0.339940
0.339940
0.339943
0.339947
0.339947
0.339947
0.339947
0.339947
0.339947
0.339947
0.339953
0.339953
0.339953
0.339953
0.339953
0.339953
0.339953
0.339953
0.339953
0.339955
0.339955
0.339955
0.339955
0.339955
0.339955
0.339955
0.339930
0.339933
0.339934
0.339934
0.339934
0.339943
0.339943
0.339943
0.339947
0.339947
0.339961
0.339961
0.339961
0.339971
0.339971
0.339971
0.339973
0.339973
0.339973
0.339995
0.340009
0.340009
0.340030
0.340030
0.340030
0.340030
0.340030
0.340030
0.340043
0.340043
0.340043
0.340043
0.340043
0.340044
0.340049
0.340049
0.340049
0.340049
0.340058
0.340062
0.340062
0.340062
0.340146
0.340146
0.340146
0.340146
0.340146
0.340146
0.340152
0.340154
0.340202
0.340219
0.340225
0.340225
0.340221
0.340221
0.340221
0.340216
0.340216
0.340216
0.340216
0.340223
0.340223
0.340223
0.340223
0.340223
0.340223
0.340212
0.340212
0.340223
0.340227
0.340227
0.340227
0.340255
0.340255
0.340255
0.340255
0.340255
0.340255
0.340255
0.340265
0.340265
0.340265
0.340265
0.340265
0.340265
0.340266
0.340266
0.340266
0.340266
0.340269
0.340269
0.340269
0.340269
0.340269
0.340269
0.340269
0.340269
0.340269
0.340269
0.340295
0.340305
0.340305
0.340305
0.340305
0.340305
0.340305
0.340305
0.340305
0.340305
0.340305
0.340305
0.340304
0.340304
0.340304
0.340304
0.340365
0.340406
0.340407
0.340407
0.340407
0.340407
0.340414
0.340412
0.340412
0.340432
0.340432
0.340432
0.340432
0.340438
0.340438
0.340438
0.340438
0.340505
0.340505
0.340507
0.340507
0.340507
0.340510
0.340513
0.340513
0.340513
0.340513
0.340513
0.340513
0.340513
0.340523
0.340523
0.340523
0.340523
0.340523
0.340523
0.340529
0.340529
0.340529
0.340529
0.340529
0.340529
0.340529
0.340529
0.340530
0.340530
0.340530
0.340530
0.340530
0.340530
0.340530
0.340534
0.340534
0.340534
0.340534
0.340534
0.340534
0.340532
0.340533
0.340533
0.340546
0.340546
0.340546
0.340556
0.340556
0.340556
0.340556
0.340556
0.340556
0.340584
0.340584
0.340584
0.340603
0.340603
0.340605
0.340605
0.340605
0.340605
0.340610
0.340610
0.340610
0.340610
0.340610
0.340617
0.340617
0.340618
0.340618
0.340618
0.340618
0.340618
0.340618
0.340618
0.340641
0.340641
0.340642
0.340644
0.340644
0.340644
0.340650
0.340650
0.340650
0.340650
0.340650
0.340650
0.340656
0.340656
0.340656
0.340656
0.340656
0.340656
0.340674
0.340674
0.340674
0.340674
0.340674
0.340674
0.340674
0.340674
0.340674
0.340674
0.340674
0.340674
0.340683
0.340683
0.340690
0.340690
0.340690
0.340690
0.340690
0.340690
0.340690
0.340677
0.340677
0.340700
0.340700
0.340700
0.340700
0.340700
0.340700
0.340700
0.340700
0.340694
0.340702
0.340702
0.340693
0.340691
0.340691
0.340691
0.340691
0.340691
0.340693
0.340693
0.340693
0.340693
0.340693
0.340693
0.340693
0.340693
0.340760
0.340760
0.340760
0.340760
0.340760
0.340774
0.340774
0.340774
0.340775
0.340775
0.340780
0.340780
0.340780
0.340780
0.340780
0.340780
0.340780
0.340780
0.340780
0.340780
0.340780
0.340780
0.340782
0.340782
0.340782
0.340794
0.340794
0.340794
0.340795
0.340791
0.340798
0.340808
0.340808
0.340809
0.340734
0.340734
0.340734
0.340734
0.340734
0.340737
0.340806
0.340806
0.340806
0.340806
0.340806
0.340806
0.340806
0.340806
0.340806
0.340818
0.340818
0.340818
0.340818
0.340818
0.340818
0.340818
0.340818
0.340818
0.340818
0.340818
0.340818
0.340819
0.340819
0.340823
0.340823
0.340823
0.340828
0.340828
0.340828
0.340841
0.340846
0.340846
0.340846
0.340846
0.340846
0.340846
0.340846
0.340846
0.340846
0.340848
0.340848
0.340848
0.340848
0.340848
0.340848
0.340848
0.340848
0.340857
0.340868
0.340868
0.340868
0.340868
0.340868
0.340868
0.340870
0.340870
0.340870
0.340870
0.340885
0.340895
0.340895
0.340895
0.340895
0.340898
0.340898
0.340898
0.340898
0.340898
0.340898
0.340898
0.340898
0.340899
0.340899
0.340899
0.340899
0.340899
0.340899
0.340899
0.340899
0.340953
0.340953
0.340956
0.340956
0.340956
0.340956
0.340956
0.340960
0.340960
0.340960
0.340960
0.340960
0.340960
0.340960
0.340960
0.340960
0.340962
0.341082
0.341086
0.341086
0.341086
0.341088
0.341093
0.341093
0.341099
0.341099
0.341099
0.341099
0.341099
0.341099
0.341099
0.341112
0.341112
0.341112
0.341112
0.341112
0.341112
0.341112
0.341112
0.341112
0.341112
0.341112
0.341112
0.341112
0.341112
0.341112
0.341112
0.341112
0.341112
0.341112
0.341112
0.341112
0.341117
0.341117
0.341117
0.341117
0.341115
0.341115
0.341118
0.341118
0.341118
0.341118
0.341118
0.341118
0.341118
0.341118
0.341122
0.341122
0.341128
0.341135
0.341135
0.341135
0.341138
0.341138
0.341138
0.341138
0.341138
0.341138
0.341138
0.341138
0.341138
0.341138
0.341138
0.341138
0.341138
0.341138
0.341138
0.341138
0.341138
0.341138
0.341138
0.341138
0.341138
0.341138
0.341138
0.341138
0.341155
0.341155
0.341155
0.341155
0.341155
0.341155
0.341155
0.341155
0.341155
0.341155
0.341156
0.341162
0.341162
0.341162
0.341162
0.341171
0.341221
0.341221
0.341221
0.341221
0.341221
0.341221
0.341221
0.341221
0.341221
0.341221
0.341221
0.341221
0.341221
0.341221
0.341246
0.341246
0.341246
0.341246
0.341253
0.341253
0.341253
0.341253
0.341260
0.341260
0.341260
0.341260
0.341335
0.341335
0.341335
0.341335
0.341335
0.341335
0.341335
0.341335
0.341335
0.341335
0.341344
0.341344
0.341344
0.341344
0.341344
0.341344
0.341349
0.341349
0.341349
0.341349
0.341406
0.341406
0.341406
0.341406
0.341406
0.341411
0.341418
0.341418
0.341418
0.341418
0.341431
0.341431
0.341431
0.341431
0.341431
0.341431
0.341431
0.341431
0.341431
0.341431
0.341431
0.341431
0.341431
0.341431
0.341431
0.341431
0.341431
0.341431
0.341435
0.341435
0.341435
0.341439
0.341439
0.341448
0.341448
0.341458
0.341458
0.341458
0.341458
0.341462
0.341462
0.341462
0.341462
0.341462
0.341462
0.341471
0.341471
0.341471
0.341487
0.341491
0.341491
0.341491
0.341491
0.341491
0.341491
0.341491
0.341491
0.341491
0.341491
0.341491
0.341491
0.341504
0.341504
0.341516
0.341516
0.341517
0.341517
0.341517
0.341517
0.341517
0.341528
0.341528
0.341528
0.341528
0.341536
0.341536
0.341656
0.341656
0.341659
0.341659
0.341661
0.341661
0.341664
0.341664
0.341664
0.341664
0.341664
0.341655
0.341655
0.341655
0.341655
0.341655
0.341655
0.341663
0.341678
0.341678
0.341678
0.341678
0.341678
0.341678
0.341678
0.341678
0.341695
0.341695
0.341695
0.341695
0.341695
0.341703
0.341703
0.341703
0.341703
0.341703
0.341703
0.341703
0.341703
0.341703
0.341703
0.341703
0.341703
0.341703
0.341703
0.341703
0.341703
0.341703
0.341703
0.341703
0.341703
0.341703
0.341703
0.341735
0.341706
0.341706
0.341726
0.341726
0.341726
0.341733
0.341733
0.341735
0.341741
0.341753
0.341753
0.341753
0.341753
0.341753
0.341753
0.341753
0.341753
0.341753
0.341753
0.341753
0.341753
0.341820
0.341820
0.341820
0.341821
0.341849
0.341849
0.341835
0.341835
0.341835
0.341835
0.341835
0.341817
0.341817
0.341817
0.341817
0.341830
0.341830
0.341830
0.341831
0.341831
0.341832
0.341832
0.341832
0.341832
0.341834
0.341834
0.341834
0.341834
0.341834
0.341834
0.341834
0.341834
0.341834
0.341848
0.341848
0.341848
0.341848
0.341848
0.341848
0.341861
0.341864
0.341864
0.341864
0.341864
0.341864
0.341864
0.341836
0.341836
0.341836
0.341836
0.341842
0.341842
0.341842
0.341930
0.341933
0.341933
0.341931
0.341943
0.341944
0.341944
0.341944
0.341944
0.341944
0.341945
0.341931
0.341933
0.341933
0.341933
0.341944
0.341944
0.341944
0.341944
0.341947
0.341947
0.341955
0.341955
0.341955
0.341955
0.341955
0.341955
0.341955
0.341955
0.341955
0.341955
0.341955
0.341955
0.341958
0.341958
0.341958
0.341960
0.342036
0.342036
0.342208
0.342208
0.342208
0.342208
0.342208
0.342209
0.342209
0.342212
0.342212
0.342214
0.342214
0.342214
0.342214
0.342214
0.342214
0.342214
0.342230
0.342245
0.342245
0.342245
0.342246
0.342246
0.342246
0.342246
0.342248
0.342248
0.342248
0.342248
0.342248
0.342248
0.342248
0.342248
0.342248
0.342254
0.342257
0.342257
0.342294
0.342294
0.342296
0.342296
0.342296
0.342317
0.342317
0.342317
0.342317
0.342317
0.342317
0.342318
0.342318
0.342318
0.342318
0.342318
0.342322
0.342322
0.342322
0.342322
0.342319
0.342319
0.342319
0.342319
0.342319
0.342319
0.342314
0.342366
0.342366
0.342366
0.342366
0.342366
0.342366
0.342366
0.342366
0.342405
0.342405
0.342418
0.342418
0.342418
0.342327
0.342327
0.342327
0.342327
0.342327
0.342327
0.342327
0.342327
0.342329
0.342329
0.342333
0.342338
0.342338
0.342338
0.342339
0.342340
0.342363
0.342363
0.342363
0.342363
0.342363
0.342364
0.342359
0.342359
0.342359
0.342359
0.342359
0.342359
0.342359
0.342359
0.342359
0.342363
0.342364
0.342364
0.342364
0.342364
0.342364
0.342364
0.342373
0.342373
0.342373
0.342373
0.342373
0.342373
0.342373
0.342373
0.342373
0.342373
0.342373
0.342373
0.342373
0.342373
0.342375
0.342375
0.342375
0.342375
0.342375
0.342375
0.342375
0.342375
0.342375
0.342375
0.342494
0.342494
0.342494
0.342494
0.342494
0.342494
0.342494
0.342451
0.342451
0.342451
0.342459
0.342459
0.342459
0.342459
0.342459
0.342459
0.342459
0.342459
0.342459
0.342461
0.342462
0.342462
0.342462
0.342464
0.342464
0.342464
0.342464
0.342465
0.342465
0.342465
0.342465
0.342465
0.342465
0.342465
0.342465
0.342465
0.342471
0.342471
0.342471
0.342472
0.342472
0.342511
0.342524
0.342524
0.342524
0.342533
0.342533
0.342533
0.342533
0.342533
0.342527
0.342527
0.342527
0.342527
0.342525
0.342525
0.342525
0.342531
0.342531
0.342531
0.342538
0.342544
0.342544
0.342544
0.342544
0.342547
0.342556
0.342556
0.342556
0.342556
0.342556
0.342556
0.342576
0.342581
0.342581
0.342581
0.342581
0.342581
0.342581
0.342581
0.342583
0.342583
0.342583
0.342737
0.342737
0.342737
0.342740
0.342740
0.342740
0.342740
0.342750
0.342750
0.342750
0.342750
0.342750
0.342750
0.342750
0.342750
0.342750
0.342771
0.342771
0.342767
0.342773
0.342773
0.342773
0.342773
0.342775
0.342775
0.342775
0.342776
0.342776
0.342776
0.342776
0.342776
0.342776
0.342776
0.342776
0.342779
0.342779
0.342779
0.342781
0.342781
0.342781
0.342781
0.342781
0.342781
0.342781
0.342781
0.342788
0.342788
0.342788
0.342790
0.342790
0.342718
0.342736
0.342736
0.342736
0.342736
0.342736
0.342736
0.342736
0.342736
0.342743
0.342743
0.342743
0.342743
0.342764
0.342764
0.342764
0.342764
0.342764
0.342764
0.342764
0.342774
0.342774
0.342774
0.342774
0.342774
0.342774
0.342774
0.342787
0.342767
0.342820
0.342820
0.342820
0.342820
0.342820
0.342831
0.342836
0.342836
0.342836
0.342837
0.342837
0.342837
0.342837
0.342837
0.342837
0.342843
0.342844
0.342844
0.342844
0.342844
0.342844
0.342844
0.342843
0.342843
0.342843
0.342843
0.342843
0.342853
0.342853
0.342853
0.342853
0.342853
0.342860
0.342860
0.342860
0.342863
0.342863
0.342863
0.342863
0.342863
0.342863
0.342863
0.342861
0.342865
0.342872
0.342874
0.342874
0.342881
0.342881
0.342881
0.342881
0.342887
0.342887
0.342887
0.342887
0.342887
0.342887
0.342887
0.342887
0.342887
0.342890
0.342890
0.342890
0.342890
0.342907
0.342907
0.342907
0.342939
0.342941
0.342941
0.342941
0.342941
0.342941
0.342941
0.342941
0.342941
0.342941
0.342941
0.342945
0.342945
0.342945
0.342945
0.342945
0.342945
0.342945
0.342947
0.342948
0.342948
0.342950
0.342950
0.342950
0.342949
0.342949
0.342949
0.342949
0.342949
0.342951
0.342951
0.342951
0.342951
0.342951
0.342951
0.342951
0.342951
0.342951
0.342951
0.342953
0.342953
0.342955
0.342955
0.342955
0.342955
0.342955
0.342955
0.343009
0.343009
0.343009
0.343009
0.343009
0.343009
0.343009
0.343009
0.343009
0.343029
0.343029
0.343029
0.343029
0.343035
0.343000
0.343002
0.343002
0.343002
0.343002
0.343002
0.343015
0.343023
0.343023
0.343023
0.343023
0.343023
0.343028
0.343028
0.343028
0.343028
0.343035
0.343042
0.343045
0.343045
0.343054
0.343054
0.343054
0.343054
0.343054
0.343061
0.343061
0.343061
0.343061
0.343061
0.343061
0.343061
0.343061
0.343061
0.343061
0.343061
0.343062
0.343062
0.343062
0.343062
0.343062
0.343064
0.343064
0.343090
0.343090
0.343090
0.343090
0.343096
0.343097
0.343097
0.343097
0.343097
0.343097
0.343097
0.343104
0.343104
0.343104
0.343104
0.343104
0.343104
0.343104
0.343104
0.343104
0.343108
0.343108
0.343108
0.343108
0.343108
0.343108
0.343108
0.343109
0.343109
0.343109
0.343109
0.343109
0.343109
0.343105
0.343105
0.343107
0.343107
0.343107
0.343107
0.343107
0.343107
0.343118
0.343118
0.343118
0.343087
0.343087
0.343087
0.343087
0.343095
0.343095
0.343095
0.343095
0.343095
0.343095
0.343095
0.343095
0.343101
0.343101
0.343101
0.343101
0.343103
0.343103
0.343103
0.343104
0.343087
0.343087
0.343088
0.343088
0.343088
0.343088
0.343088
0.343091
0.343091
0.343091
0.343098
0.343098
0.343098
0.343098
0.343098
0.343098
0.343098
0.343098
0.343108
0.343108
0.343108
0.343108
0.343108
0.343108
0.343108
0.343111
0.343111
0.343111
0.343111
0.343111
0.343111
0.343111
0.343111
0.343111
0.343111
0.343111
0.343116
0.343116
0.343116
0.343117
0.343117
0.343123
0.343123
0.343125
0.343173
0.343173
0.343173
0.343173
0.343173
0.343173
0.343173
0.343173
0.343158
0.343158
0.343158
0.343159
0.343170
0.343185
0.343186
0.343186
0.343186
0.343186
0.343186
0.343186
0.343186
0.343195
0.343206
0.343207
0.343213
0.343213
0.343213
0.343213
0.343216
0.343224
0.343224
0.343224
0.343224
0.343224
0.343211
0.343211
0.343211
0.343219
0.343219
0.343219
0.343219
0.343219
0.343219
0.343219
0.343219
0.343219
0.343224
0.343224
0.343228
0.343228
0.343228
0.343255
0.343255
0.343255
0.343234
0.343234
0.343245
0.343259
0.343259
0.343266
0.343266
0.343266
0.343266
0.343266
0.343266
0.343265
0.343265
0.343265
0.343265
0.343265
0.343265
0.343265
0.343265
0.343267
0.343267
0.343267
0.343271
0.343273
0.343273
0.343274
0.343274
0.343274
0.343274
0.343337
0.343337
0.343349
0.343349
0.343349
0.343368
0.343369
0.343369
0.343369
0.343369
0.343375
0.343377
0.343377
0.343393
0.343392
0.343392
0.343392
0.343392
0.343393
0.343393
0.343404
0.343404
0.343404
0.343404
0.343404
0.343404
0.343404
0.343404
0.343460
0.343460
0.343460
0.343460
0.343460
0.343460
0.343460
0.343460
0.343460
0.343460
0.343460
0.343462
0.343462
0.343462
0.343462
0.343466
0.343466
0.343481
0.343481
0.343481
0.343481
0.343481
0.343485
0.343485
0.343485
0.343485
0.343485
0.343485
0.343485
0.343485
0.343485
0.343481
0.343481
0.343481
0.343481
0.343544
0.343497
0.343495
0.343495
0.343495
0.343497
0.343497
0.343497
0.343567
0.343567
0.343567
0.343567
0.343572
0.343572
0.343572
0.343572
0.343572
0.343572
0.343572
0.343577
0.343577
0.343579
0.343579
0.343504
0.343504
0.343504
0.343504
0.343504
0.343504
0.343504
0.343504
0.343504
0.343504
0.343504
0.343504
0.343504
0.343506
0.343506
0.343506
0.343507
0.343507
0.343507
0.343507
0.343506
0.343506
0.343514
0.343514
0.343443
0.343443
0.343441
0.343441
0.343441
0.343453
0.343453
0.343472
0.343472
0.343472
0.343472
0.343474
0.343474
0.343474
0.343475
0.343475
0.343476
0.343476
0.343476
0.343476
0.343476
0.343476
0.343476
0.343476
0.343476
0.343476
0.343476
0.343476
0.343476
0.343476
0.343478
0.343478
0.343485
0.343485
0.343485
0.343485
0.343485
0.343485
0.343485
0.343496
0.343496
0.343496
0.343497
0.343506
0.343506
0.343506
0.343513
0.343513
0.343513
0.343513
0.343515
0.343515
0.343515
0.343515
0.343515
0.343528
0.343528
0.343528
0.343528
0.343528
0.343528
0.343528
0.343528
0.343528
0.343528
0.343528
0.343529
0.343533
0.343533
0.343533
0.343533
0.343533
0.343536
0.343536
0.343536
0.343567
0.343567
0.343567
0.343567
0.343567
0.343568
0.343568
0.343596
0.343596
0.343596
0.343596
0.343596
0.343596
0.343596
0.343596
0.343615
0.343615
0.343615
0.343615
0.343618
0.343618
0.343618
0.343618
0.343618
0.343618
0.343618
0.343618
0.343618
0.343619
0.343649
0.343649
0.343657
0.343657
0.343657
0.343657
0.343657
0.343657
0.343657
0.343657
0.343657
0.343657
0.343657
0.343657
0.343657
0.343657
0.343664
0.343664
0.343664
0.343665
0.343679
0.343679
0.343679
0.343679
0.343679
0.343684
0.343684
0.343698
0.343698
0.343698
0.343698
0.343698
0.343698
0.343698
0.343698
0.343698
0.343698
0.343700
0.343721
0.343724
0.343724
0.343724
0.343724
0.343724
0.343724
0.343724
0.343724
0.343724
0.343724
0.343725
0.343725
0.343725
0.343725
0.343725
0.343740
0.343740
0.343740
0.343740
0.343740
0.343740
0.343740
0.343740
0.343740
0.343740
0.343741
0.343741
0.343741
0.343744
0.343744
0.343744
0.343755
0.343755
0.343755
0.343755
0.343755
0.343755
0.343755
0.343755
0.343755
0.343755
0.343755
0.343755
0.343755
0.343690
0.343693
0.343693
0.343693
0.343693
0.343693
0.343693
0.343692
0.343692
0.343692
0.343692
0.343694
0.343694
0.343716
0.343716
0.343716
0.343716
0.343716
0.343716
0.343716
0.343716
0.343716
0.343716
0.343716
0.343716
0.343718
0.343718
0.343720
0.343720
0.343720
0.343720
0.343720
0.343720
0.343720
0.343720
0.343720
0.343723
0.343723
0.343723
0.343741
0.343742
0.343742
0.343746
0.343746
0.343746
0.343746
0.343746
0.343746
0.343746
0.343746
0.343746
0.343746
0.343746
0.343746
0.343751
0.343751
0.343751
0.343751
0.343751
0.343751
0.343721
0.343721
0.343734
0.343738
0.343738
0.343738
0.343738
0.343738
0.343801
0.343801
0.343819
0.343819
0.343819
0.343819
0.343819
0.343819
0.343819
0.343825
0.343825
0.343825
0.343825
0.343825
0.343825
0.343825
0.343826
0.343826
0.343826
0.343753
0.343753
0.343753
0.343755
0.343755
0.343755
0.343755
0.343755
0.343757
0.343757
0.343757
0.343762
0.343762
0.343762
0.343762
0.343762
0.343762
0.343762
0.343761
0.343761
0.343777
0.343777
0.343777
0.343777
0.343777
0.343779
0.343779
0.343779
0.343779
0.343779
0.343779
0.343779
0.343779
0.343779
0.343779
0.343779
0.343779
0.343779
0.343779
0.343780
0.343780
0.343704
0.343704
0.343704
0.343704
0.343704
0.343704
0.343713
0.343713
0.343713
0.343713
0.343713
0.343713
0.343713
0.343713
0.343713
0.343713
0.343713
0.343713
0.343713
0.343717
0.343717
0.343725
0.343725
0.343745
0.343745
0.343745
0.343745
0.343745
0.343745
0.343746
0.343746
0.343746
0.343746
0.343746
0.343746
0.343750
0.343750
0.343750
0.343750
0.343750
0.343750
0.343750
0.343750
0.343750
0.343750
0.343750
0.343750
0.343750
0.343751
0.343751
0.343751
0.343752
0.343752
0.343752
0.343752
0.343752
0.343752
0.343755
0.343755
0.343755
0.343755
0.343755
0.343755
0.343778
0.343778
0.343778
0.343778
0.343778
0.343778
0.343778
0.343778
0.343778
0.343783
0.343786
0.343792
0.343792
0.343792
0.343792
0.343792
0.343792
0.343792
0.343792
0.343792
0.343795
0.343795
0.343795
0.343795
0.343795
0.343795
0.343801
0.343801
0.343801
0.343801
0.343801
0.343801
0.343796
0.343796
0.343796
0.343796
0.343796
0.343798
0.343798
0.343798
0.343801
0.343804
0.343804
0.343804
0.343804
0.343804
0.343804
0.343804
0.343804
0.343804
0.343804
0.343804
0.343816
0.343816
0.343816
0.343816
0.343673
0.343673
0.343657
0.343657
0.343650
0.343650
0.343650
0.343651
0.343652
0.343652
0.343652
0.343652
0.343652
0.343664
0.343664
0.343664
0.343664
0.343667
0.343667
0.343667
0.343672
0.343672
0.343672
0.343672
0.343672
0.343672
0.343668
0.343678
0.343678
0.343678
0.343678
0.343678
0.343678
0.343683
0.343689
0.343689
0.343689
0.343689
0.343703
0.343703
0.343703
0.343703
0.343703
0.343704
0.343704
0.343704
0.343704
0.343774
0.343774
0.343774
0.343774
0.343774
0.343776
0.343776
0.343776
0.343817
0.343817
0.343817
0.343759
0.343759
0.343759
0.343759
0.343759
0.343759
0.343759
0.343759
0.343759
0.343760
0.343760
0.343760
0.343760
0.343768
0.343795
0.343807
0.343807
0.343820
0.343820
0.343820
0.343820
0.343820
0.343820
0.343820
0.343820
0.343820
0.343820
0.343830
0.343830
0.343831
0.343835
0.343839
0.343841
0.343841
0.343875
0.343875
0.343875
0.343877
0.343889
0.343889
0.343890
0.343892
0.343892
0.343892
0.343892
0.343892
0.343892
0.343897
0.343906
0.343906
0.343906
0.343906
0.343906
0.343906
0.343906
0.343906
0.343906
0.343906
0.343906
0.343890
0.343890
0.343918
0.343918
0.343918
0.343918
0.343918
0.343918
0.343918
0.343918
0.343918
0.343918
0.343918
0.343918
0.343922
0.343922
0.343922
0.343922
0.343922
0.343923
0.343923
0.343924
0.343929
0.343929
0.343933
0.343932
0.343932
0.343932
0.343932
0.343985
0.343986
0.343986
0.343986
0.343986
0.343986
0.343986
0.343986
0.343970
0.343970
0.343970
0.343970
0.343973
0.343973
0.343978
0.343978
0.343985
0.343997
0.343997
0.343997
0.343997
0.344000
0.344000
0.344000
0.344017
0.344017
0.344017
0.344017
0.344017
0.344017
0.344017
0.344017
0.344022
0.344022
0.344022
0.344029
0.344029
0.344029
0.344029
0.344029
0.344030
0.344030
0.344115
0.344115
0.344115
0.344121
0.344121
0.344121
0.344124
0.344130
0.344130
0.344127
0.344190
0.344190
0.344192
0.344192
0.344190
0.344192
0.344192
0.344192
0.344192
0.344197
0.344197
0.344197
0.344197
0.344197
0.344197
0.344197
0.344199
0.344199
0.344199
0.344199
0.344200
0.344200
0.344196
0.344196
0.344198
0.344260
0.344260
0.344263
0.344263
0.344261
0.344264
0.344264
0.344266
0.344266
0.344266
0.344269
0.344277
0.344277
0.344277
0.344280
0.344280
0.344280
0.344280
0.344280
0.344280
0.344280
0.344227
0.344305
0.344305
0.344305
0.344305
0.343557
0.343557
0.343574
0.343574
0.343574
0.343574
0.343574
0.343574
0.343580
0.343580
0.343580
0.343580
0.343580
0.343580
0.343583
0.343587
0.343587
0.343587
0.343587
0.343592
0.343592
0.343592
0.343596
0.343596
0.343596
0.343596
0.343596
0.343596
0.343484
0.343488
0.343488
0.343488
0.343488
0.343489
0.343489
0.343513
0.343515
0.343524
0.343524
0.343527
0.343527
0.343527
0.343527
0.343531
0.343531
0.343531
0.343546
0.343546
0.343546
0.343546
0.343571
0.343571
0.343571
0.343571
0.343571
0.343580
0.343580
0.343580
0.343580
0.343588
0.343641
0.343641
0.343646
0.343646
0.343646
0.343647
0.343647
0.343647
0.343647
0.343647
0.343649
0.343649
0.343653
0.343655
0.343655
0.343655
0.343655
0.343655
0.343655
0.343655
0.343655
0.343663
0.343663
0.343666
0.343666
0.343685
0.343685
0.343685
0.343689
0.343689
0.343689
0.343689
0.343689
0.343691
0.343691
0.343691
0.343691
0.343698
0.343698
0.343698
0.343698
0.343698
0.343698
0.343704
0.343704
0.343704
0.343704
0.343704
0.343818
0.343818
0.343818
0.343829
0.343829
0.343829
0.343829
0.343829
0.343829
0.343829
0.343829
0.343829
0.343829
0.343814
0.343814
0.343814
0.343814
0.343814
0.343814
0.343814
0.343814
0.343814
0.343822
0.343822
0.343822
0.343828
0.343829
0.343829
0.343829
0.343829
0.343829
0.343829
0.343838
0.343838
0.343838
0.343838
0.343838
0.343838
0.343838
0.343829
0.343829
0.343829
0.343829
0.343829
0.343829
0.343829
0.343829
0.343829
0.343829
0.343829
0.343829
0.343829
0.343829
0.343829
0.343829
0.343832
0.343838
0.343840
0.343843
0.343843
0.343843
0.343843
0.343843
0.343843
0.343843
0.343843
0.343843
0.343843
0.343849
0.343849
0.343849
0.343849
0.343849
0.343849
0.343849
0.343849
0.343849
0.343850
0.343868
0.343868
0.343868
0.343872
0.343872
0.343872
0.343872
0.343872
0.343874
0.343881
0.343881
0.343881
0.343906
0.343907
0.343907
0.343907
0.343907
0.343907
0.343907
0.343907
0.343907
0.343907
0.343909
0.343909
0.343909
0.343909
0.343909
0.343909
0.343909
0.343909
0.343909
0.343909
0.343923
0.343923
0.343923
0.343925
0.343925
0.343925
0.343930
0.343930
0.343930
0.343930
0.343930
0.343931
0.343909
0.343909
0.343909
0.343909
0.343914
0.343914
0.343918
0.343916
0.343916
0.343916
0.343916
0.343916
0.343916
0.343916
0.343919
0.343920
0.343922
0.343922
0.343924
0.343834
0.343834
0.343812
0.343812
0.343822
0.343822
0.343822
0.343822
0.343822
0.343822
0.343822
0.343822
0.343822
0.343822
0.343822
0.343822
0.343822
0.343822
0.343822
0.343822
0.343822
0.343822
0.343822
0.343822
0.343822
0.343822
0.343822
0.343822
0.343822
0.343822
0.343822
0.343822
0.343822
0.343822
0.343822
0.343822
0.343861
0.343861
0.343862
0.343862
0.343904
0.343904
0.343908
0.343908
0.343908
0.343908
0.343908
0.343908
0.343908
0.343908
0.343908
0.343908
0.343908
0.343908
0.343908
0.343908
0.343908
0.343908
0.343908
0.343908
0.343908
0.343904
0.343904
0.343904
0.343904
0.343904
0.343908
0.343908
0.343908
0.343908
0.343927
0.343927
0.343927
0.343927
0.343927
0.343927
0.343927
0.343927
0.343927
0.343928
0.343928
0.343928
0.343928
0.343928
0.343938
0.343938
0.343943
0.343944
0.343944
0.343944
0.343944
0.343944
0.343944
0.343967
0.343967
0.343967
0.343969
0.343969
0.343969
0.343969
0.343970
0.343968
0.343968
0.343968
0.343972
0.343972
0.343972
0.343972
0.343972
0.343968
0.343968
0.343968
0.343968
0.343968
0.343968
0.343968
0.343968
0.343968
0.343968
0.343971
0.343879
0.343903
0.343904
0.343904
0.343904
0.343904
0.343913
0.343913
0.343913
0.343936
0.343936
0.343936
0.343936
0.343936
0.343936
0.343936
0.343936
0.343937
0.343937
0.343940
0.343940
0.343940
0.343950
0.343950
0.343953
0.343953
0.343953
0.343953
0.343953
0.343960
0.343960
0.343960
0.343960
0.343960
0.343960
0.343966
0.343966
0.343966
0.344032
0.344032
0.344032
0.344032
0.344032
0.344048
0.344048
0.344048
0.344048
0.344035
0.344035
0.344035
0.344045
0.344046
0.344046
0.344046
0.344046
0.344046
0.344046
0.344046
0.344046
0.344052
0.344072
0.344072
0.344072
0.344075
0.344075
0.344075
0.344075
0.344075
0.344075
0.344075
0.344075
0.344080
0.344080
0.344080
0.344108
0.344108
0.344108
0.344103
0.344103
0.344103
0.344103
0.344103
0.344103
0.344103
0.344075
0.344078
0.344085
0.344092
0.344092
0.344092
0.344092
0.344092
0.344092
0.344101
0.344101
0.344101
0.344101
0.344101
0.344101
0.344101
0.344105
0.344099
0.344100
0.344100
0.344100
0.344100
0.344100
0.344100
0.344100
0.344100
0.344100
0.344101
0.344101
0.344104
0.344104
0.344104
0.344104
0.344105
0.344105
0.344105
0.344105
0.344105
0.344105
0.344105
0.344120
0.344120
0.344120
0.344120
0.344120
0.344120
0.344120
0.344120
0.344120
0.344120
0.344120
0.344121
0.344121
0.344140
0.344140
0.344202
0.344202
0.344237
0.344238
0.344238
0.344239
0.344241
0.344241
0.344241
0.344241
0.344241
0.344241
0.344241
0.344241
0.344241
0.344241
0.344241
0.344241
0.344241
0.344241
0.344241
0.344245
0.344245
0.344245
0.344245
0.344245
0.344245
0.344257
0.344257
0.344257
0.344257
0.344257
0.344257
0.344257
0.344257
0.344257
0.344257
0.344257
0.344257
0.344257
0.344257
0.344257
0.344257
0.344261
0.344261
0.344283
0.344283
0.344283
0.344283
0.344283
0.344293
0.344296
0.344296
0.344296
0.344297
0.344301
0.344301
0.344302
0.344310
0.344312
0.344497
0.344497
0.344497
0.344497
0.344511
0.344511
0.344514
0.344514
0.344514
0.344514
0.344514
0.344514
0.344514
0.344516
0.344516
0.344516
0.344516
0.344517
0.344517
0.344517
0.344517
0.344557
0.344557
0.344557
0.344557
0.344555
0.344555
0.344555
0.344571
0.344571
0.344572
0.344578
0.344578
0.344578
0.344578
0.344578
0.344578
0.344578
0.344578
0.344485
0.344485
0.344485
0.344485
0.344485
0.344510
0.344510
0.344510
0.344510
0.344510
0.344510
0.344510
0.344515
0.344515
0.344525
0.344525
0.344499
0.344499
0.344499
0.344499
0.344540
0.344541
0.344541
0.344541
0.344541
0.344541
0.344541
0.344541
0.344541
0.344541
0.344541
0.344541
0.344541
0.344541
0.344541
0.344542
0.344542
0.344542
0.344542
0.344459
0.344459
0.344459
0.344459
0.344459
0.344459
0.344459
0.344473
0.344473
0.344473
0.344474
0.344474
0.344474
0.344474
0.344474
0.344474
0.344474
0.344474
0.344474
0.344474
0.344514
0.344512
0.344512
0.344524
0.344524
0.344524
0.344524
0.344524
0.344524
0.344524
0.344524
0.344524
0.344524
0.344524
0.344524
0.344524
0.344524
0.344527
0.344542
0.344542
0.344542
0.344542
0.344542
0.344542
0.344542
0.344542
0.344542
0.344542
0.344542
0.344542
0.344542
0.344542
0.344564
0.344564
0.344577
0.344577
0.344585
0.344585
0.344586
0.344586
0.344586
0.344588
0.344588
0.344588
0.344588
0.344588
0.344588
0.344589
0.344592
0.344592
0.344592
0.344592
0.344592
0.344592
0.344602
0.344602
0.344602
0.344604
0.344604
0.344606
0.344606
0.344606
0.344606
0.344606
0.344606
0.344613
0.344613
0.344613
0.344613
0.344613
0.344613
0.344613
0.344613
0.344615
0.344615
0.344615
0.344615
0.344619
0.344619
0.344619
0.344619
0.344619
0.344619
0.344619
0.344619
0.344645
0.344645
0.344645
0.344645
0.344670
0.344670
0.344670
0.344670
0.344670
0.344670
0.344671
0.344679
0.344679
0.344659
0.344659
0.344677
0.344677
0.344677
0.344679
0.344684
0.344684
0.344685
0.344985
0.344985
0.344985
0.344985
0.344985
0.344985
0.345012
0.345016
0.345009
0.345009
0.345009
0.345009
0.345009
0.345009
0.345009
0.345009
0.345009
0.345022
0.345034
0.345034
0.345034
0.345034
0.345034
0.345082
0.345082
0.345082
0.345082
0.345082
0.345082
0.345082
0.345082
0.345082
0.345082
0.345082
0.345082
0.345142
0.345142
0.345162
0.345162
0.345162
0.345162
0.345162
0.345162
0.345162
0.345162
0.345162
0.345162
0.345230
0.345230
0.345230
0.345230
0.345230
0.345234
0.345259
0.345259
0.345259
0.345250
0.345250
0.345256
0.345256
0.345256
0.345256
0.345256
0.345256
0.345256
0.345256
0.345256
0.345262
0.345262
0.345262
0.345262
0.345262
0.345262
0.345262
0.345262
0.345262
0.345262
0.345262
0.345265
0.345265
0.345265
0.345265
0.345279
0.345292
0.345292
0.345292
0.345292
0.345292
0.345292
0.345292
0.345306
0.345306
0.345323
0.345326
0.345326
0.345309
0.345310
0.345310
0.345310
0.345315
0.345315
0.345315
0.345315
0.345315
0.345315
0.345315
0.345315
0.345315
0.345320
0.345320
0.345320
0.345320
0.345320
0.345327
0.345327
0.345337
0.345337
0.345343
0.345343
0.345343
0.345343
0.345343
0.345329
0.345329
0.345329
0.345329
0.345329
0.345329
0.345329
0.345349
0.345349
0.345349
0.345349
0.345349
0.345349
0.345349
0.345349
0.345349
0.345349
0.345355
0.345355
0.345355
0.345355
0.345355
0.345355
0.345356
0.345356
0.345358
0.345362
0.345362
0.345362
0.345362
0.345362
0.345364
0.345364
0.345364
0.345364
0.345364
0.345364
0.345364
0.345364
0.345364
0.345364
0.345364
0.345366
0.345366
0.345366
0.345366
0.345366
0.345366
0.345366
0.345366
0.345388
0.345388
0.345388
0.345388
0.345388
0.345388
0.345415
0.345427
0.345427
0.345427
0.345428
0.345459
0.345459
0.345459
0.345459
0.345461
0.345461
0.345461
0.345461
0.345461
0.345461
0.345461
0.345462
0.345462
0.345462
0.345462
0.345462
0.345462
0.345472
0.345479
0.345479
0.345479
0.345479
0.345480
0.345480
0.345429
0.345429
0.345253
0.345251
0.345251
0.345267
0.345267
0.345268
0.345269
0.345269
0.345263
0.345263
0.345263
0.345263
0.345263
0.345269
0.345266
0.345266
0.345266
0.345266
0.345266
0.345266
0.345270
0.345270
0.345270
0.345270
0.345270
0.345275
0.345275
0.345275
0.345275
0.345279
0.345279
0.345279
0.345279
0.345280
0.345280
0.345280
0.345282
0.345287
0.345287
0.345287
0.345287
0.345287
0.345287
0.345288
0.345288
0.345288
0.345290
0.345290
0.345251
0.345269
0.345292
0.345292
0.345294
0.345294
0.345294
0.345294
0.345312
0.345312
0.345340
0.345340
0.345340
0.345340
0.345340
0.345342
0.345342
0.345342
0.345344
0.345344
0.345344
0.345344
0.345344
0.345344
0.345344
0.345344
0.345345
0.345345
0.345345
0.345346
0.345346
0.345346
0.345346
0.345346
0.345361
0.345361
0.345361
0.345361
0.345361
0.345361
0.345361
0.345361
0.345369
0.345369
0.345369
0.345369
0.345369
0.345369
0.345369
0.345369
0.345372
0.345377
0.345377
0.345377
0.345377
0.345377
0.345380
0.345380
0.345380
0.345380
0.345380
0.345380
0.345446
0.345446
0.345446
0.345450
0.345450
0.345450
0.345450
0.345450
0.345450
0.345450
0.345450
0.345450
0.345450
0.345450
0.345466
0.345466
0.345467
0.345471
0.345471
0.345471
0.345471
0.345480
0.345480
0.345479
0.345479
0.345479
0.345486
0.345499
0.345508
0.345504
0.345504
0.345504
0.345502
0.345515
0.345515
0.345515
0.345515
0.345525
0.345457
0.345457
0.345457
0.345456
0.345456
0.345474
0.345474
0.345474
0.345474
0.345474
0.345479
0.345481
0.345481
0.345481
0.345481
0.345481
0.345469
0.345469
0.345469
0.345469
0.345469
0.345469
0.345471
0.345471
0.345471
0.345471
0.345471
0.345471
0.345471
0.345472
0.345472
0.345476
0.345476
0.345505
0.345485
0.345485
0.345485
0.345485
0.345485
0.345485
0.345485
0.345485
0.345485
0.345485
0.345485
0.345485
0.345485
0.345485
0.345485
0.345485
0.345485
0.345485
0.345485
0.345485
0.345485
0.345485
0.345518
0.345518
0.345518
0.345518
0.345518
0.345518
0.345518
0.345533
0.345533
0.345533
0.345529
0.345529
0.345529
0.345529
0.345529
0.345529
0.345535
0.345536
0.345536
0.345536
0.345539
0.345539
0.345542
0.345551
0.345551
0.345551
0.345547
0.345551
0.345551
0.345551
0.345551
0.345551
0.345551
0.345554
0.345554
0.345554
0.345551
0.345551
0.345551
0.345551
0.345551
0.345551
0.345551
0.345551
0.345551
0.345551
0.345551
0.345551
0.345551
0.345579
0.345579
0.345579
0.345596
0.345601
0.345601
0.345607
0.345607
0.345607
0.345607
0.345607
0.345607
0.345615
0.345615
0.345615
0.345616
0.345616
0.345618
0.345660
0.345661
0.345661
0.345675
0.345675
0.345688
0.345688
0.345681
0.345681
0.345692
0.345692
0.345750
0.345750
0.345750
0.345750
0.345750
0.345750
0.345750
0.345750
0.345750
0.345753
0.345753
0.345753
0.345753
0.345753
0.345753
0.345753
0.345753
0.345754
0.345754
0.345754
0.345764
0.345764
0.345764
0.345764
0.345764
0.345764
0.345772
0.345772
0.345772
0.345772
0.345772
0.345772
0.345772
0.345772
0.345772
0.345772
0.345777
0.345777
0.345778
0.345778
0.345781
0.345781
0.345787
0.345799
0.345803
0.345810
0.345810
0.345810
0.345810
0.345810
0.345810
0.345813
0.345813
0.345813
0.345813
0.345813
0.345813
0.345814
0.345815
0.345815
0.345821
0.345821
0.345821
0.345821
0.345821
0.345821
0.345821
0.345821
0.345821
0.345821
0.345838
0.345838
0.345838
0.345856
0.345868
0.345868
0.345868
0.345872
0.345828
0.345828
0.345828
0.345828
0.345828
0.345828
0.345828
0.345828
0.345828
0.345828
0.345828
0.345838
0.345838
0.345838
0.345838
0.345838
0.345838
0.345838
0.345838
0.345838
0.345838
0.345838
0.345838
0.345852
0.345852
0.345852
0.345852
0.345852
0.345852
0.345852
0.345852
0.345852
0.345852
0.345854
0.345854
0.345854
0.345854
0.345854
0.345854
0.345854
0.345854
0.345854
0.345854
0.345854
0.345854
0.345854
0.345854
0.345854
0.345854
0.345851
0.345851
0.345851
0.345851
0.345851
0.345851
0.345851
0.345851
0.345862
0.345825
0.345830
0.345830
0.345830
0.345830
0.345830
0.345830
0.345830
0.345830
0.345830
0.345830
0.345830
0.345830
0.345830
0.345839
0.345839
0.345837
0.345838
0.345838
0.345838
0.345838
0.345800
0.345800
0.345800
0.345800
0.345800
0.345800
0.345800
0.345800
0.345800
0.345800
0.345834
0.345834
0.345836
0.345836
0.345836
0.345854
0.345854
0.345854
0.345854
0.345854
0.345854
0.345854
0.345859
0.345859
0.345859
0.345859
0.345859
0.345861
0.345861
0.345861
0.345861
0.345862
0.345862
0.345862
0.345862
0.345862
0.345862
0.345866
0.345866
0.345924
0.345924
0.345924
0.345924
0.345924
0.345924
0.345924
0.345924
0.345924
0.345924
0.345924
0.345924
0.345926
0.345934
0.345934
0.345937
0.345937
0.345937
0.345940
0.345942
0.345942
0.345942
0.345947
0.345960
0.345960
0.345987
0.345987
0.345987
0.345987
0.345996
0.345996
0.346000
0.345999
0.345999
0.345999
0.345999
0.345999
0.345999
0.345999
0.345999
0.345999
0.345999
0.345999
0.345999
0.345999
0.345999
0.345996
0.345996
0.345996
0.345996
0.345996
0.345996
0.345996
0.346008
0.346008
0.346008
0.346012
0.346012
0.346012
0.346040
0.346040
0.346040
0.346040
0.346040
0.346040
0.346040
0.346040
0.346040
0.346043
0.346047
0.346047
0.346047
0.346047
0.346047
0.346047
0.346048
0.346048
0.346062
0.346062
0.346062
0.346062
0.346058
0.346058
0.346058
0.346058
0.346058
0.346058
0.346058
0.346288
0.346288
0.346288
0.346288
0.346288
0.346288
0.346288
0.346289
0.346289
0.346289
0.346289
0.346289
0.346289
0.346289
0.346289
0.346289
0.346289
0.346289
0.346289
0.346289
0.346289
0.346291
0.346291
0.346291
0.346291
0.346291
0.346291
0.346291
0.346291
0.346291
0.346291
0.346291
0.346294
0.346294
0.346295
0.346300
0.346315
0.346315
0.346315
0.346315
0.346315
0.346319
0.346319
0.346320
0.346321
0.346329
0.346329
0.346329
0.346329
0.346329
0.346329
0.346331
0.346331
0.346331
0.346331
0.346331
0.346331
0.346331
0.346331
0.346331
0.346331
0.346331
0.346331
0.346331
0.346331
0.346334
0.346334
0.346342
0.346342
0.346345
0.346345
0.346346
0.346346
0.346346
0.346346
0.346351
0.346351
0.346351
0.346351
0.346351
0.346351
0.346351
0.346355
0.346355
0.346355
0.346355
0.346355
0.346355
0.346358
0.346358
0.346364
0.346364
0.346364
0.346364
0.346267
0.346267
0.346267
0.346267
0.346267
0.346267
0.346267
0.346267
0.346267
0.346267
0.346267
0.346267
0.346267
0.346267
0.346267
0.346267
0.346267
0.346267
0.346267
0.346267
0.346267
0.346267
0.346267
0.346270
0.346270
0.346270
0.346270
0.346255
0.346255
0.346255
0.346255
0.346255
0.346271
0.346271
0.346271
0.346277
0.346278
0.346278
0.346278
0.346278
0.346278
0.346291
0.346291
0.346291
0.346291
0.346291
0.346402
0.346401
0.346401
0.346401
0.346402
0.346402
0.346402
0.346403
0.346403
0.346442
0.346450
0.346450
0.346450
0.346454
0.346454
0.346455
0.346461
0.346461
0.346461
0.346461
0.346465
0.346465
0.346465
0.346465
0.346465
0.346466
0.346466
0.346466
0.346471
0.346483
0.346483
0.346483
0.346483
0.346483
0.346483
0.346483
0.346483
0.346483
0.346483
0.346491
0.346491
0.346491
0.346491
0.346491
0.346491
0.346491
0.346491
0.346491
0.346491
0.346491
0.346491
0.346496
0.346496
0.346496
0.346496
0.346496
0.346496
0.346496
0.346496
0.346496
0.346497
0.346497
0.346497
0.346497
0.346497
0.346497
0.346456
0.346456
0.346456
0.346456
0.346456
0.346456
0.346456
0.346456
0.346463
0.346485
0.346485
0.346485
0.346485
0.346487
0.346488
0.346488
0.346490
0.346490
0.346490
0.346490
0.346490
0.346490
0.346490
0.346504
0.346504
0.346504
0.346506
0.346506
0.346506
0.346506
0.346506
0.346506
0.346507
0.346507
0.346509
0.346509
0.346509
0.346509
0.346518
0.346518
0.346518
0.346518
0.346518
0.346518
0.346518
0.346518
0.346518
0.346518
0.346518
0.346518
0.346518
0.346518
0.346518
0.346518
0.346519
0.346520
0.346531
0.346531
0.346531
0.346531
0.346531
0.346536
0.346536
0.346536
0.346536
0.346536
0.346536
0.346536
0.346536
0.346536
0.346547
0.346547
0.346547
0.346547
0.346547
0.346547
0.346547
0.346547
0.346547
0.346560
0.346560
0.346564
0.346564
0.346566
0.346566
0.346569
0.346569
0.346569
0.346435
0.346435
0.346438
0.346438
0.346438
0.346438
0.346438
0.346438
0.346438
0.346438
0.346438
0.346445
0.346450
0.346450
0.346450
0.346450
0.346450
0.346454
0.346454
0.346454
0.346454
0.346454
0.346454
0.346454
0.346454
0.346454
0.346454
0.346454
0.346454
0.346454
0.346454
0.346454
0.346454
0.346454
0.346454
0.346454
0.346454
0.346454
0.346454
0.346454
0.346454
0.346454
0.346454
0.346488
0.346488
0.346488
0.346488
0.346510
0.346510
0.346510
0.346510
0.346510
0.346510
0.346510
0.346510
0.346510
0.346485
0.346485
0.346485
0.346485
0.346486
0.346485
0.346485
0.346485
0.346500
0.346500
0.346500
0.346500
0.346500
0.346500
0.346500
0.346500
0.346500
0.346512
0.346512
0.346512
0.346513
0.346513
0.346514
0.346514
0.346514
0.346522
0.346522
0.346522
0.346522
0.346522
0.346515
0.346515
0.346515
0.346515
0.346515
0.346515
0.346515
0.346515
0.346515
0.346515
0.346515
0.346515
0.346515
0.346529
0.346529
0.346529
0.346529
0.346529
0.346701
0.346701
0.346701
0.346706
0.346645
0.346645
0.346645
0.346645
0.346650
0.346650
0.346650
0.346650
0.346650
0.346650
0.346650
0.346650
0.346650
0.346650
0.346650
0.346650
0.346650
0.346650
0.346650
0.346675
0.346678
0.346678
0.346678
0.346681
0.346681
0.346681
0.346681
0.346681
0.346681
0.346682
0.346709
0.346709
0.346709
0.346711
0.346711
0.346711
0.346711
0.346711
0.346719
0.346719
0.346719
0.346720
0.346720
0.346676
0.346676
0.346676
0.346676
0.346678
0.346678
0.346580
0.346580
0.346580
0.346587
0.346587
0.346591
0.346591
0.346591
0.346591
0.346591
0.346592
0.346592
0.346592
0.346592
0.346592
0.346592
0.346593
0.346593
0.346593
0.346593
0.346593
0.346593
0.346593
0.346593
0.346593
0.346593
0.346593
0.346593
0.346593
0.346593
0.346593
0.346593
0.346593
0.346593
0.346593
0.346593
0.346593
0.346593
0.346593
0.346593
0.346593
0.346593
0.346593
0.346585
0.346585
0.346585
0.346585
0.346585
0.346585
0.346585
0.346585
0.346590
0.346590
0.346595
0.346595
0.346595
0.346598
0.346598
0.346598
0.346598
0.346598
0.346598
0.346598
0.346598
0.346628
0.346628
0.346628
0.346630
0.346630
0.346630
0.346708
0.346708
0.346708
0.346708
0.346708
0.346708
0.346708
0.346708
0.346708
0.346708
0.346708
0.346708
0.346708
0.346725
0.346725
0.346725
0.346725
0.346755
0.346755
0.346755
0.346755
0.346748
0.346748
0.346748
0.346748
0.346748
0.346748
0.346748
0.346748
0.346750
0.346750
0.346750
0.346753
0.346753
0.346753
0.346753
0.346750
0.346750
0.346750
0.346750
0.346751
0.346751
0.346751
0.346733
0.346733
0.346736
0.346736
0.346773
0.346773
0.346773
0.346773
0.346773
0.346773
0.346773
0.346783
0.346783
0.346783
0.346783
0.346783
0.346783
0.346783
0.346783
0.346791
0.346791
0.346791
0.346792
0.346792
0.346792
0.346793
0.346793
0.346793
0.346793
0.346793
0.346793
0.346793
0.346793
0.346793
0.346803
0.346803
0.346803
0.346803
0.346811
0.346811
0.346811
0.346811
0.346811
0.346812
0.346812
0.346812
0.346812
0.346751
0.346751
0.346751
0.346751
0.346751
0.346751
0.346751
0.346751
0.346751
0.346751
0.346751
0.346751
0.346751
0.346721
0.346721
0.346721
0.346721
0.346721
0.346721
0.346721
0.346721
0.346721
0.346721
0.346721
0.346721
0.346721
0.346721
0.346721
0.346721
0.346721
0.346721
0.346727
0.346727
0.346726
0.346726
0.346726
0.346729
0.346729
0.346733
0.346729
0.346735
0.346735
0.346740
0.346740
0.346740
0.346741
0.346741
0.346744
0.346744
0.346745
0.346745
0.346745
0.346745
0.346750
0.346750
0.346750
0.346750
0.346750
0.346753
0.346753
0.346753
0.346757
0.346757
0.346757
0.346759
0.346759
0.346759
0.346759
0.346759
0.346759
0.346759
0.346759
0.346759
0.346764
0.346757
0.346757
0.346757
0.346757
0.346757
0.346757
0.346757
0.346757
0.346755
0.346755
0.346339
0.346339
0.346350
0.346350
0.346354
0.346355
0.346355
0.346362
0.346362
0.346381
0.346381
0.346381
0.346381
0.346381
0.346387
0.346387
0.346387
0.346387
0.346387
0.346387
0.346391
0.346391
0.346391
0.346391
0.346415
0.346415
0.346411
0.346411
0.346411
0.346411
0.346411
0.346411
0.346413
0.346413
0.346413
0.346413
0.346413
0.346413
0.346413
0.346419
0.346419
0.346419
0.346419
0.346439
0.346439
0.346439
0.346439
0.346439
0.346439
0.346439
0.346439
0.346444
0.346444
0.346443
0.346453
0.346485
0.346485
0.346485
0.346485
0.346485
0.346485
0.346485
0.346485
0.346503
0.346513
0.346513
0.346513
0.346513
0.346513
0.346513
0.346513
0.346520
0.346520
0.346520
0.346529
0.346529
0.346529
0.346529
0.346529
0.346529
0.346529
0.346529
0.346529
0.346529
0.346529
0.346529
0.346529
0.346529
0.346529
0.346529
0.346528
0.346528
0.346528
0.346528
0.346528
0.346528
0.346528
0.346528
0.346528
0.346530
0.346530
0.346540
0.346540
0.346540
0.346540
0.346551
0.346551
0.346551
0.346551
0.346551
0.346551
0.346551
0.346551
0.346551
0.346551
0.346551
0.346551
0.346551
0.346553
0.346553
0.346553
0.346553
0.346553
0.346554
0.346554
0.346554
0.346554
0.346554
0.346554
0.346554
0.346554
0.346555
0.346555
0.346555
0.346557
0.346558
0.346558
0.346558
0.346563
0.346563
0.346563
0.346563
0.346563
0.346563
0.346563
0.346566
0.346568
0.346568
0.346568
0.346569
0.346569
0.346569
0.346569
0.346569
0.346569
0.346571
0.346571
0.346571
0.346578
0.346578
0.346578
0.346578
0.346578
0.346578
0.346578
0.346578
0.346578
0.346591
0.346591
0.346592
0.346592
0.346592
0.346600
0.346600
0.346600
0.346600
0.346600
0.346600
0.346600
0.346602
0.346602
0.346602
0.346602
0.346602
0.346603
0.346603
0.346603
0.346607
0.346607
0.346607
0.346607
0.346607
0.346611
0.346611
0.346611
0.346611
0.346611
0.346611
0.346611
0.346611
0.346611
0.346611
0.346611
0.346614
0.346614
0.346636
0.346636
0.346636
0.346636
0.346636
0.346636
0.346640
0.346650
0.346657
0.346657
0.346653
0.346655
0.346655
0.346655
0.346655
0.346655
0.346655
0.346655
0.346658
0.346659
0.346659
0.346659
0.346659
0.346660
0.346660
0.346660
0.346660
0.346660
0.346660
0.346660
0.346662
0.346662
0.346662
0.346684
0.346684
0.346684
0.346684
0.346684
0.346695
0.346695
0.346695
0.346695
0.346695
0.346695
0.346695
0.346695
0.346695
0.346695
0.346695
0.346695
0.346695
0.346695
0.346695
0.346695
0.346700
0.346707
0.346707
0.346707
0.346707
0.346707
0.346707
0.346709
0.346709
0.346709
0.346709
0.346712
0.346718
0.346718
0.346718
0.346718
0.346718
0.346718
0.346718
0.346718
0.346718
0.346718
0.346718
0.346718
0.346718
0.346718
0.346718
0.346718
0.346718
0.346718
0.346718
0.346718
0.346718
0.346718
0.346718
0.346718
0.346718
0.346719
0.346719
0.346719
0.346719
0.346719
0.346719
0.346719
0.346722
0.346769
0.346769
0.346769
0.346769
0.346769
0.346769
0.346774
0.346774
0.346774
0.346774
0.346774
0.346774
0.346774
0.346774
0.346774
0.346774
0.346774
0.346774
0.346785
0.346785
0.346785
0.346785
0.346785
0.346785
0.346759
0.346762
0.346762
0.346762
0.346788
0.346788
0.346788
0.346788
0.346788
0.346788
0.346788
0.346783
0.346873
0.346873
0.346876
0.346750
0.346750
0.346750
0.346750
0.346750
0.346750
0.346750
0.346750
0.346752
0.346752
0.346752
0.346752
0.346752
0.346885
0.346885
0.346885
0.346885
0.346885
0.346885
0.346885
0.346885
0.346885
0.346885
0.346885
0.346885
0.346885
0.346890
0.346890
0.346890
0.346752
0.346752
0.346752
0.346752
0.346752
0.346756
0.346860
0.346860
0.346860
0.346860
0.346860
0.346860
0.346860
0.346860
0.346860
0.346869
0.346869
0.346869
0.346869
0.346876
0.346876
0.346876
0.346876
0.346876
0.346876
0.346876
0.346876
0.346876
0.346876
0.346879
0.346879
0.346879
0.346879
0.346879
0.346879
0.346879
0.346879
0.346879
0.346879
0.346879
0.346879
0.346879
0.346879
0.346879
0.346879
0.346879
0.346895
0.346897
0.346901
0.346901
0.346901
0.346901
0.346901
0.346901
0.346901
0.346901
0.346901
0.346720
0.346722
0.346722
0.346735
0.346735
0.346735
0.346735
0.346735
0.346735
0.346735
0.346735
0.346739
0.346739
0.346739
0.346746
0.346750
0.346750
0.346750
0.346750
0.346750
0.346750
0.346750
0.346750
0.346750
0.346750
0.346713
0.346713
0.346721
0.346721
0.346721
0.346721
0.346723
0.346723
0.346723
0.346723
0.346723
0.346723
0.346723
0.346723
0.346723
0.346723
0.346723
0.346723
0.346723
0.346723
0.346723
0.346723
0.346723
0.346723
0.346723
0.346723
0.346723
0.346723
0.346739
0.346739
0.346739
0.346739
0.346747
0.346747
0.346747
0.346747
0.346747
0.346747
0.346749
0.346753
0.346753
0.346753
0.346753
0.346753
0.346753
0.346753
0.346753
0.346753
0.346753
0.346753
0.346753
0.346755
0.346755
0.346755
0.346755
0.346755
0.346755
0.346755
0.346845
0.346847
0.346847
0.346847
0.346847
0.346847
0.346847
0.346849
0.346853
0.346853
0.346853
0.346853
0.346853
0.346853
0.346853
0.346853
0.346853
0.346853
0.346853
0.346853
0.346853
0.346853
0.346853
0.346858
0.346858
0.346858
0.346859
0.346859
0.346859
0.346859
0.346859
0.346860
0.346860
0.346860
0.346860
0.346860
0.346860
0.346860
0.346860
0.346860
0.346860
0.346861
0.346866
0.346866
0.346866
0.346866
0.346866
0.346866
0.346866
0.346866
0.346866
0.346870
0.346860
0.346867
0.346867
0.346871
0.346871
0.346871
0.346871
0.346871
0.346871
0.346871
0.346871
0.346871
0.346872
0.346872
0.346872
0.346872
0.346872
0.346872
0.346872
0.346872
0.346889
0.346894
0.346894
0.346895
0.346895
0.346895
0.346908
0.346908
0.346908
0.346908
0.346908
0.346908
0.346908
0.346908
0.346913
0.346913
0.346917
0.346921
0.346921
0.346921
0.346921
0.346928
0.346928
0.346929
0.346929
0.346929
0.346929
0.346945
0.346947
0.346947
0.346947
0.346947
0.346947
0.346947
0.346948
0.346948
0.346950
0.346950
0.346950
0.346950
0.346950
0.346950
0.346950
0.346950
0.346968
0.346968
0.346968
0.346968
0.346968
0.346969
0.346969
0.346969
0.346969
0.346969
0.346969
0.346969
0.346933
0.346933
0.346933
0.346933
0.346933
0.346933
0.346933
0.346829
0.346829
0.346829
0.346829
0.346829
0.346834
0.346834
0.346836
0.346836
0.346836
0.346836
0.346837
0.346837
0.346837
0.346837
0.346839
0.346839
0.346838
0.346838
0.346840
0.346840
0.346883
0.346883
0.346883
0.346883
0.346883
0.346883
0.346883
0.346883
0.346883
0.346885
0.346885
0.346885
0.346885
0.346885
0.346885
0.346885
0.346885
0.346885
0.346885
0.346885
0.346885
0.346885
0.346886
0.346886
0.346886
0.346890
0.346890
0.346890
0.346890
0.346900
0.346904
0.346904
0.346904
0.346904
0.346904
0.346905
0.346905
0.346905
0.346908
0.346908
0.346908
0.346908
0.346908
0.346908
0.346908
0.346914
0.346914
0.346914
0.346912
0.346912
0.346912
0.346916
0.346916
0.346916
0.346916
0.346916
0.346916
0.346916
0.346917
0.346917
0.346894
0.346894
0.346894
0.346894
0.346894
0.346894
0.346894
0.346895
0.346895
0.346895
0.346895
0.346895
0.346895
0.346895
0.346895
0.346895
0.346895
0.346895
0.346895
0.346895
0.346895
0.346895
0.346895
0.346897
0.346899
0.346899
0.346899
0.346899
0.346899
0.346899
0.346905
0.346905
0.346905
0.346905
0.346905
0.346905
0.346905
0.346905
0.346908
0.346908
0.346908
0.346908
0.346908
0.346908
0.346908
0.346908
0.346910
0.346910
0.346910
0.346910
0.346910
0.346910
0.346910
0.346912
0.346912
0.346913
0.346917
0.346917
0.346917
0.346931
0.346931
0.346934
0.346934
0.346934
0.346921
0.346921
0.346921
0.346921
0.346921
0.346921
0.346921
0.346921
0.346921
0.346921
0.346921
0.346921
0.346921
0.346921
0.346921
0.346921
0.346921
0.346921
0.346923
0.346923
0.346923
0.346923
0.346923
0.346923
0.346923
0.346923
0.346923
0.346923
0.346923
0.346917
0.346917
0.346917
0.346917
0.346917
0.346917
0.346917
0.346917
0.346917
0.346917
0.346917
0.346917
0.346917
0.346917
0.346917
0.346917
0.346918
0.346918
0.346918
0.346918
0.346918
0.346918
0.346923
0.346923
0.346923
0.346923
0.346923
0.346923
0.346923
0.346923
0.346923
0.346923
0.346926
0.346926
0.346926
0.346926
0.346930
0.346933
0.346933
0.346933
0.346912
0.346912
0.346912
0.346923
0.346923
0.346923
0.346923
0.346926
0.346926
0.346930
0.346930
0.346961
0.346961
0.346961
0.346961
0.346961
0.346961
0.346961
0.346961
0.346961
0.346965
0.346959
0.346959
0.346959
0.346960
0.346960
0.346960
0.346960
0.346960
0.346966
0.346966
0.346966
0.346966
0.346966
0.346966
0.346966
0.346966
0.346966
0.346966
0.346966
0.346958
0.346958
0.346953
0.346953
0.346953
0.346953
0.346953
0.346952
0.346965
0.346983
0.347024
0.347024
0.347024
0.347024
0.347024
0.347027
0.347027
0.347027
0.347027
0.347027
0.347027
0.347031
0.347031
0.347031
0.347031
0.347031
0.347031
0.347031
0.347031
0.347031
0.347054
0.347054
0.347054
0.347098
0.347097
0.347103
0.347103
0.347103
0.347103
0.347103
0.347126
0.347127
0.347127
0.347127
0.347127
0.347131
0.347132
0.347132
0.347135
0.347135
0.347135
0.347135
0.347135
0.347135
0.347135
0.347135
0.347135
0.347136
0.347136
0.347136
0.347136
0.347136
0.347136
0.347136
0.347136
0.347136
0.347136
0.347136
0.347136
0.347136
0.347156
0.347156
0.347156
0.347156
0.347156
0.347274
0.347274
0.347280
0.347280
0.347280
0.347280
0.347280
0.347280
0.347280
0.347283
0.347284
0.347284
0.347284
0.347284
0.347303
0.347303
0.347303
0.347303
0.347303
0.347303
0.347303
0.347303
0.347307
0.347307
0.347307
0.347295
0.347295
0.347259
0.347259
0.347259
0.347270
0.347270
0.347270
0.347270
0.347270
0.347270
0.347270
0.347270
0.347270
0.347270
0.347270
0.347270
0.347270
0.347270
0.347271
0.347271
0.347271
0.347271
0.347271
0.347271
0.347275
0.347277
0.347277
0.347277
0.347277
0.347277
0.347287
0.347287
0.347287
0.347287
0.347287
0.347300
0.347300
0.347300
0.347300
0.347300
0.347300
0.347300
0.347300
0.347306
0.347306
0.347311
0.347312
0.347312
0.347312
0.347314
0.347309
0.347309
0.347309
0.347309
0.347309
0.347309
0.347309
0.347309
0.347309
0.347309
0.347309
0.347311
0.347314
0.347314
0.347334
0.347334
0.347334
0.347334
0.347334
0.347334
0.347338
0.347338
0.347338
0.347338
0.347338
0.347338
0.347338
0.347338
0.347338
0.347338
0.347338
0.347338
0.347338
0.347362
0.347365
0.347365
0.347365
0.347365
0.347365
0.347365
0.347365
0.347365
0.347365
0.347365
0.347365
0.347365
0.347365
0.347372
0.347372
0.347372
0.347372
0.347378
0.347378
0.347378
0.347378
0.347378
0.347378
0.347378
0.347378
0.347378
0.347378
0.347393
0.347393
0.347396
0.347441
0.347441
0.347441
0.347441
0.347441
0.347441
0.347441
0.347475
0.347475
0.347475
0.347475
0.347475
0.347475
0.347475
0.347475
0.347475
0.347475
0.347483
0.347486
0.347486
0.347486
0.347486
0.347486
0.347486
0.347487
0.347487
0.347490
0.347490
0.347490
0.347496
0.347496
0.347496
0.347496
0.347496
0.347496
0.347496
0.347496
0.347496
0.347496
0.347496
0.347498
0.347498
0.347498
0.347498
0.347498
0.347498
0.347498
0.347498
0.347497
0.347497
0.347497
0.347497
0.347501
0.347501
0.347501
0.347501
0.347501
0.347501
0.347501
0.347501
0.347505
0.347505
0.347513
0.347513
0.347513
0.347513
0.347492
0.347492
0.347495
0.347495
0.347495
0.347495
0.347495
0.347495
0.347495
0.347495
0.347495
0.347495
0.347495
0.347495
0.347495
0.347495
0.347495
0.347497
0.347497
0.347497
0.347497
0.347497
0.347497
0.347497
0.347497
0.347500
0.347500
0.347500
0.347500
0.347497
0.347498
0.347498
0.347499
0.347499
0.347499
0.347501
0.347501
0.347501
0.347501
0.347501
0.347501
0.347500
0.347502
0.347502
0.347502
0.347502
0.347502
0.347502
0.347502
0.347509
0.347509
0.347516
0.347516
0.347539
0.347539
0.347539
0.347539
0.347539
0.347539
0.347377
0.347377
0.347377
0.347377
0.347377
0.347377
0.347377
0.347377
0.347377
0.347377
0.347377
0.347377
0.347376
0.347376
0.347376
0.347376
0.347376
0.347376
0.347376
0.347376
0.347376
0.347371
0.347372
0.347372
0.347372
0.347380
0.347380
0.347382
0.347384
0.347384
0.347384
0.347384
0.347384
0.347384
0.347384
0.347384
0.347384
0.347384
0.347384
0.347393
0.347393
0.347393
0.347393
0.347393
0.347393
0.347393
0.347393
0.347393
0.347393
0.347393
0.347393
0.347404
0.347404
0.347404
0.347404
0.347404
0.347404
0.347407
0.347407
0.347408
0.347440
0.347442
0.347442
0.347442
0.347442
0.347443
0.347447
0.347448
0.347448
0.347448
0.347448
0.347448
0.347448
0.347448
0.347448
0.347448
0.347339
0.347339
0.347339
0.347339
0.347339
0.347339
0.347343
0.347390
0.347390
0.347390
0.347390
0.347390
0.347390
0.347390
0.347390
0.347390
0.347390
0.347390
0.347390
0.347390
0.347390
0.347390
0.347385
0.347385
0.347385
0.347385
0.347385
0.347385
0.347385
0.347385
0.347385
0.347387
0.347387
0.347387
0.347387
0.347387
0.347387
0.347398
0.347404
0.347404
0.347404
0.347411
0.347411
0.347411
0.347421
0.347421
0.347421
0.347421
0.347426
0.347426
0.347426
0.347426
0.347426
0.347426
0.347426
0.347426
0.347426
0.347426
0.347426
0.347426
0.347431
0.347431
0.347431
0.347431
0.347431
0.347431
0.347431
0.347431
0.347434
0.347434
0.347434
0.347445
0.347459
0.347459
0.347459
0.347459
0.347459
0.347459
0.347459
0.347459
0.347459
0.347463
0.347463
0.347451
0.347451
0.347451
0.347451
0.347460
0.347460
0.347460
0.347460
0.347460
0.347460
0.347460
0.347460
0.347460
0.347460
0.347460
0.347463
0.347463
0.347593
0.347605
0.347605
0.347605
0.347605
0.347606
0.347603
0.347603
0.347603
0.347603
0.347603
0.347603
0.347603
0.347603
0.347607
0.347608
0.347583
0.347583
0.347583
0.347583
0.347724
0.347724
0.347733
0.347733
0.347733
0.347733
0.347733
0.347733
0.347733
0.347733
0.347733
0.347733
0.347733
0.347733
0.347733
0.347733
0.347733
0.347733
0.347733
0.347733
0.347733
0.347733
0.347729
0.347729
0.347729
0.347729
0.347729
0.347729
0.347731
0.347731
0.347738
0.347738
0.347738
0.347738
0.347738
0.347738
0.347738
0.347738
0.347738
0.347738
0.347738
0.347738
0.347739
0.347730
0.347730
0.347730
0.347730
0.347730
0.347730
0.347730
0.347730
0.347730
0.347730
0.347730
0.347730
0.347730
0.347730
0.347762
0.347762
0.347762
0.347762
0.347762
0.347762
0.347762
0.347762
0.347762
0.347762
0.347762
0.347762
0.347770
0.347770
0.347770
0.347770
0.347770
0.347770
0.347770
0.347770
0.347770
0.347770
0.347770
0.347770
0.347770
0.347770
0.347770
0.347777
0.347774
0.347776
0.347776
0.347776
0.347776
0.347776
0.347776
0.347776
0.347776
0.347776
0.347781
0.347781
0.347781
0.347788
0.347788
0.347788
0.347794
0.347797
0.347799
0.347799
0.347799
0.347799
0.347799
0.347799
0.347799
0.347799
0.347799
0.347799
0.347799
0.347799
0.347799
0.347799
0.347799
0.347799
0.347799
0.347799
0.347799
0.347799
0.347799
0.347799
0.347799
0.347799
0.347799
0.347799
0.347809
0.347809
0.347809
0.347809
0.347812
0.347812
0.347812
0.347812
0.347813
0.347813
0.347826
0.347826
0.347826
0.347826
0.347826
0.347826
0.347826
0.347826
0.347826
0.347826
0.347826
0.347839
0.347839
0.347856
0.347856
0.347856
0.347856
0.347856
0.347856
0.347858
0.347858
0.347861
0.347852
0.347911
0.347911
0.347911
0.347911
0.347911
0.347908
0.347908
0.347914
0.347914
0.347914
0.347914
0.347914
0.347914
0.347915
0.347915
0.347915
0.347915
0.347915
0.347915
0.347915
0.347915
0.347915
0.347915
0.347915
0.347907
0.347907
0.347907
0.347907
0.347907
0.347907
0.347907
0.347907
0.347907
0.347907
0.347907
0.347907
0.347907
0.347907
0.347910
0.347910
0.347910
0.347910
0.347910
0.347910
0.347910
0.347910
0.347910
0.347910
0.347910
0.347910
0.347910
0.347910
0.347910
0.347921
0.347921
0.347921
0.347921
0.347921
0.347921
0.347954
0.347954
0.347954
0.347954
0.347947
0.347947
0.347947
0.347950
0.347950
0.347950
0.347957
0.347960
0.347960
0.347960
0.347960
0.347966
0.347966
0.347966
0.347967
0.347967
0.347967
0.347967
0.347967
0.347967
0.347967
0.347967
0.347967
0.347967
0.347982
0.347986
0.347986
0.347986
0.347986
0.347986
0.347986
0.347986
0.347986
0.347986
0.347986
0.347986
0.347986
0.347986
0.347986
0.347988
0.347988
0.347988
0.347988
0.347988
0.347988
0.347988
0.347988
0.347988
0.347988
0.347988
0.347988
0.347988
0.347988
0.347988
0.347988
0.347988
0.347988
0.347988
0.347986
0.347986
0.347986
0.347986
0.347986
0.347986
0.347986
0.347986
0.347979
0.347979
0.347979
0.347979
0.347979
0.347979
0.347979
0.347979
0.347979
0.347979
0.347979
0.347979
0.347979
0.347979
0.347979
0.347979
0.347979
0.347979
0.347979
0.347979
0.347979
0.347979
0.347979
0.347979
0.347979
0.347979
0.347979
0.347982
0.347982
0.347982
0.347982
0.347982
0.347982
0.347982
0.347996
0.348003
0.348003
0.348003
0.348003
0.348003
0.348003
0.348003
0.348101
0.348101
0.348101
0.348097
0.348097
0.348114
0.348118
0.348118
0.348118
0.348118
0.348118
0.348118
0.348120
0.348123
0.348123
0.348123
0.348123
0.348123
0.348124
0.348124
0.348124
0.348124
0.348124
0.348124
0.348127
0.348128
0.348128
0.348128
0.348132
0.348132
0.348132
0.348132
0.348134
0.348134
0.348122
0.348125
0.348125
0.348125
0.348125
0.348125
0.348125
0.348125
0.348125
0.348125
0.348125
0.348125
0.348125
0.348125
0.348125
0.348125
0.348125
0.348126
0.348573
0.348573
0.348573
0.348573
0.348573
0.348573
0.348573
0.348573
0.348573
0.348573
0.348573
0.348573
0.348576
0.348576
0.348576
0.348576
0.348585
0.348585
0.348582
0.348607
0.348607
0.348609
0.348609
0.348609
0.348609
0.348609
0.348609
0.348609
0.348609
0.348609
0.348609
0.348609
0.348609
0.348609
0.348609
0.348609
0.348609
0.348609
0.348627
0.348627
0.348627
0.348627
0.348627
0.348628
0.348628
0.348628
0.348630
0.348632
0.348632
0.348623
0.348623
0.348625
0.348627
0.348627
0.348627
0.348627
0.348627
0.348627
0.348627
0.348627
0.348627
0.348629
0.348629
0.348629
0.348629
0.348629
0.348629
0.348629
0.348629
0.348629
0.348629
0.348629
0.348629
0.348629
0.348629
0.348629
0.348629
0.348629
0.348629
0.348629
0.348629
0.348629
0.348629
0.348629
0.348631
0.348633
