-0.142113
-0.131947
-0.123207
-0.118273
-0.112014
-0.107314
-0.106334
-0.105258
-0.104272
-0.095556
-0.092746
-0.093778
-0.093420
-0.091310
-0.089449
-0.084883
-0.083141
-0.083195
-0.081714
-0.080941
-0.079400
-0.076513
-0.074531
-0.072904
-0.070646
-0.066997
-0.063486
-0.064692
-0.064628
-0.063111
-0.063068
-0.060438
-0.056781
-0.055478
-0.052676
-0.050087
-0.050311
-0.048959
-0.046362
-0.041483
-0.040357
-0.040971
-0.041448
-0.038280
-0.035648
-0.036692
-0.033882
-0.035136
-0.035545
-0.035334
-0.033184
-0.034633
-0.032590
-0.030597
-0.032019
-0.029705
-0.025527
-0.022376
-0.025014
-0.027180
-0.023539
-0.021953
-0.026620
-0.023300
-0.020818
-0.019697
-0.019093
-0.017771
-0.018132
-0.018493
-0.018444
-0.021428
-0.011464
-0.013673
-0.013558
-0.013950
-0.016834
-0.015210
-0.014852
-0.014488
-0.016139
-0.007172
-0.006474
-0.004321
-0.006833
-0.012255
-0.010962
-0.014433
-0.011130
-0.013057
0.001059
0.003017
-0.000028
-0.004914
0.002733
0.004015
-0.001491
0.006621
-0.000601
0.006917
0.007306
0.007744
0.006310
0.008348
0.012147
0.012379
0.012655
0.012378
0.011612
0.009983
0.011059
0.008590
0.015235
0.011682
0.010967
0.011717
0.006726
0.008919
0.015990
0.018195
0.014308
0.017603
0.018465
0.019084
0.022051
0.020309
0.021120
0.025310
0.019438
0.024805
0.011254
0.020331
0.025424
0.023498
0.024824
0.027328
0.024318
0.022375
0.030803
0.023139
0.029054
0.031138
0.028773
0.025892
0.030033
0.030576
0.034334
0.038203
0.027352
0.029387
0.033556
0.026109
0.036275
0.037672
0.037340
0.040705
0.044962
0.037330
0.033882
0.033390
0.040950
0.043877
0.044161
0.045056
0.046981
0.039366
0.042006
0.038931
0.042302
0.045625
0.043778
0.039585
0.048257
0.044421
0.043785
0.050087
0.050234
0.045755
0.047395
0.044489
0.048848
0.045190
0.046780
0.054993
0.052827
0.047940
0.053598
0.055247
0.059705
0.051441
0.053488
0.059337
0.057451
0.057175
0.062646
0.054868
0.048542
0.061884
0.060591
0.061670
0.057655
0.061091
0.061691
0.049621
0.053291
0.061553
0.051340
0.059022
0.053360
0.065128
0.071020
0.059890
0.058918
0.067371
0.058852
0.059665
0.069811
0.068183
0.064697
0.062430
0.068554
0.069684
0.067338
0.068720
0.070564
0.064143
0.069565
0.071872
0.070086
0.074148
0.066776
0.061313
0.069808
0.069805
0.067377
0.055134
0.067744
0.073280
0.074175
0.069203
0.066901
0.055657
0.072901
0.075935
0.070331
0.060489
0.073338
0.065918
0.080164
0.072494
0.079438
0.074336
0.070960
0.070520
0.078151
0.074609
0.070413
0.078223
0.077700
0.075776
0.075650
0.080390
0.075502
0.079336
0.076405
0.073505
0.080252
0.068868
0.078277
0.075274
0.073611
0.083607
0.075666
0.081088
0.076617
0.081856
0.083468
0.080505
0.084411
0.071744
0.082227
0.088072
0.086367
0.079796
0.077218
0.080481
0.076114
0.076339
0.075746
0.076399
0.083704
0.084578
0.082202
0.085259
0.086952
0.084688
0.078396
0.084082
0.089199
0.090307
0.088311
0.073887
0.079723
0.075114
0.084101
0.073836
0.087499
0.094063
0.093732
0.084366
0.085861
0.075853
0.085258
0.087349
0.080289
0.090678
0.087879
0.094697
0.082695
0.080682
0.091287
0.089111
0.096282
0.094603
0.092410
0.092272
0.084455
0.078069
0.082015
0.080889
0.091554
0.091034
0.085537
0.094964
0.099127
0.095391
0.082659
0.088586
0.084308
0.090181
0.104141
0.099238
0.093552
0.089570
0.102003
0.094416
0.085593
0.091898
0.091372
0.094034
0.089744
0.085314
0.086860
0.087928
0.083900
0.094719
0.096176
0.094759
0.091914
0.095618
0.105663
0.098652
0.101519
0.092166
0.099162
0.102738
0.107563
0.094769
0.100263
0.102120
0.096850
0.094060
0.089038
0.089698
0.099809
0.096106
0.085985
0.088277
0.103610
0.097036
0.098093
0.095727
0.099206
0.103352
0.102565
0.104622
0.100348
0.103164
0.108273
0.099363
0.108410
0.091745
0.086256
0.084485
0.096744
0.099336
0.093415
0.105820
0.100011
0.112417
0.108777
0.108198
0.109175
0.112202
0.113884
0.115873
0.113205
0.100761
0.111739
0.112256
0.111469
0.101909
0.102976
0.108667
0.095815
0.093450
0.109196
0.103064
0.112947
0.114935
0.106440
0.108783
0.093970
0.101400
0.108931
0.104308
0.111941
0.115594
0.115061
0.110985
0.109013
0.111524
0.103994
0.101974
0.108597
0.111292
0.101665
0.111639
0.110506
0.118273
0.110494
0.109694
0.113666
0.101301
0.114583
0.114887
0.103746
0.111735
0.108406
0.111322
0.111901
0.115250
0.117107
0.115074
0.115538
0.109970
0.095475
0.124085
0.109122
0.102886
0.108394
0.103663
0.100206
0.109674
0.110355
0.115291
0.111958
0.123675
0.127269
0.125209
0.116774
0.110318
0.097062
0.099492
0.119465
0.117012
0.113163
0.098235
0.117613
0.122357
0.129981
0.119659
0.114495
0.102114
0.131238
0.117795
0.124909
0.115121
0.113739
0.123722
0.118605
0.111460
0.115191
0.119569
0.120083
0.118072
0.122931
0.119893
0.124228
0.112963
0.125847
0.121909
0.121646
0.108079
0.118811
0.118489
0.119992
0.118720
0.108607
0.123184
0.123654
0.114374
0.122422
0.117621
0.110784
0.123248
0.122139
0.124661
0.125452
0.118791
0.125014
0.121641
0.121894
0.127182
0.119236
0.113561
0.130322
0.123202
0.121961
0.125396
0.120185
0.117175
0.123365
0.131256
0.118258
0.122382
0.125645
0.120382
0.123988
0.117139
0.111791
0.122944
0.117454
0.124642
0.121649
0.127386
0.121988
0.112620
0.105451
0.125253
0.123967
0.122204
0.128545
0.130036
0.120793
0.108168
0.115469
0.127863
0.126510
0.111831
0.128631
0.134062
0.130430
0.128424
0.128288
0.116206
0.131983
0.113389
0.107369
0.111030
0.125143
0.117525
0.129026
0.127083
0.121376
0.118822
0.114882
0.123513
0.119110
0.122103
0.119919
0.132880
0.127333
0.117093
0.106295
0.120308
0.132479
0.134575
0.130251
0.124782
0.112605
0.116192
0.136908
0.137518
0.138125
0.132918
0.136295
0.131844
0.135054
0.142782
0.138081
0.134155
0.123008
0.122385
0.120004
0.126102
0.134173
0.126313
0.119435
0.138233
0.129597
0.143155
0.126166
0.114837
0.121120
0.127931
0.129816
0.115354
0.116572
0.130232
0.133225
0.129059
0.137463
0.133692
0.134752
0.138596
0.139839
0.135973
0.128150
0.128972
0.126131
0.127326
0.117902
0.127134
0.135298
0.140635
0.132530
0.126107
0.136025
0.132158
0.117310
0.135789
0.141394
0.128957
0.111503
0.111490
0.128029
0.136174
0.133863
0.144262
0.139450
0.135062
0.137777
0.135549
0.131917
0.136324
0.136397
0.138454
0.126684
0.145464
0.132274
0.133379
0.140284
0.137859
0.127019
0.137252
0.136896
0.145717
0.133362
0.126710
0.125469
0.115244
0.114276
0.135915
0.143959
0.139778
0.138999
0.130412
0.125165
0.121010
0.131203
0.135877
0.139502
0.133239
0.133648
0.115377
0.132043
0.134091
0.135716
0.134875
0.129593
0.132951
0.129702
0.135791
0.143531
0.137385
0.134102
0.141177
0.141821
0.138056
0.139223
0.134658
0.130228
0.129463
0.135016
0.134589
0.133467
0.129760
0.134999
0.143048
0.134768
0.135597
0.142405
0.127608
0.125698
0.121046
0.128729
0.123897
0.140326
0.145621
0.139147
0.146483
0.145329
0.146743
0.150996
0.133970
0.143261
0.142606
0.137965
0.123167
0.115964
0.123971
0.141037
0.130210
0.147580
0.142095
0.143726
0.138627
0.140383
0.148676
0.136120
0.138276
0.159584
0.138276
0.139499
0.143944
0.142017
0.154330
0.151003
0.144778
0.153483
0.138430
0.142091
0.143064
0.141230
0.140266
0.141360
0.145809
0.148576
0.151108
0.154803
0.150444
0.148118
0.149752
0.140756
0.140456
0.152602
0.142950
0.149735
0.141786
0.140773
0.143826
0.151639
0.146609
0.131740
0.146694
0.152722
0.145732
0.128185
0.126677
0.116771
0.148739
0.129407
0.151020
0.153002
0.147653
0.142909
0.144597
0.145106
0.134096
0.141134
0.138511
0.151312
0.139937
0.154670
0.145125
0.144817
0.148655
0.150202
0.144035
0.145964
0.145462
0.148612
0.136253
0.145744
0.145181
0.142280
0.150739
0.156136
0.140739
0.131861
0.145006
0.134876
0.133350
0.144880
0.135419
0.135251
0.144661
0.148986
0.149020
0.152843
0.146599
0.139422
0.144255
0.129059
0.153364
0.149850
0.146768
0.144406
0.152542
0.139097
0.136441
0.141881
0.143225
0.147353
0.156222
0.156854
0.139956
0.156615
0.138827
0.139474
0.149976
0.148378
0.155201
0.152023
0.151516
0.156111
0.153292
0.155890
0.148814
0.136403
0.143578
0.140887
0.152998
0.150798
0.156144
0.152835
0.149354
0.158007
0.146844
0.151274
0.147941
0.135845
0.164975
0.159058
0.163597
0.139680
0.144123
0.147107
0.153735
0.149986
0.148603
0.139285
0.146062
0.155448
0.159520
0.148571
0.152760
0.150430
0.155455
0.154035
0.143552
0.153259
0.158278
0.138178
0.139364
0.162961
0.152675
0.151666
0.156617
0.152878
0.158861
0.157841
0.152852
0.159345
0.157863
0.145296
0.159094
0.161471
0.140248
0.153345
0.141025
0.155879
0.148263
0.148004
0.138246
0.143177
0.146837
0.155531
0.152846
0.148018
0.150286
0.140045
0.150519
0.147362
0.144396
0.159144
0.149252
0.162133
0.150389
0.161752
0.159957
0.141389
0.158554
0.130072
0.144442
0.157579
0.160751
0.149845
0.157219
0.124127
0.132368
0.150531
0.155005
0.158830
0.144248
0.139517
0.144388
0.164860
0.163602
0.162945
0.151972
0.159744
0.164852
0.158250
0.154074
0.144245
0.143928
0.133838
0.136443
0.170893
0.162149
0.155669
0.142902
0.156400
0.151914
0.161128
0.154348
0.153195
0.159318
0.161279
0.167944
0.156225
0.139470
0.153783
0.153787
0.160227
0.147656
0.139769
0.133559
0.129873
0.149308
0.138856
0.136295
0.134153
0.152603
0.164221
0.166910
0.164311
0.156127
0.158733
0.156156
0.155483
0.157158
0.145268
0.153931
0.166538
0.162137
0.168668
0.154360
0.143868
0.155736
0.159114
0.162829
0.164012
0.157130
0.170243
0.149767
0.142255
0.141431
0.132770
0.165877
0.152662
0.148625
0.162468
0.162378
0.151317
0.155164
0.135894
0.150132
0.146705
0.153454
0.149125
0.150300
0.160775
0.152113
0.147512
0.141721
0.138402
0.148541
0.155604
0.143780
0.162545
0.163803
0.155869
0.153948
0.150378
0.156832
0.154046
0.166846
0.164339
0.166544
0.168378
0.152308
0.160503
0.164961
0.160722
0.142575
0.157723
0.141317
0.158655
0.148244
0.153546
0.135789
0.144163
0.161216
0.165413
0.169270
0.150241
0.138446
0.144173
0.155756
0.164097
0.159555
0.152828
0.143827
0.155489
0.147762
0.164397
0.174753
0.145864
0.147736
0.142328
0.160863
0.153461
0.141472
0.170153
0.158761
0.153330
0.177337
0.168417
0.168094
0.168499
0.175166
0.179005
0.168697
0.161392
0.160147
0.162601
0.166771
0.172835
0.168731
0.167920
0.165530
0.151038
0.165283
0.160993
0.156370
0.172336
0.163408
0.161816
0.166727
0.154000
0.153774
0.160570
0.162478
0.166432
0.161049
0.162155
0.161061
0.153027
0.172720
0.158849
0.169947
0.171768
0.162557
0.170544
0.159766
0.160482
0.158521
0.149641
0.150424
0.156061
0.170170
0.158564
0.152845
0.181311
0.169632
0.160305
0.145772
0.156411
0.165506
0.174853
0.169984
0.170863
0.153617
0.160973
0.163345
0.178145
0.173881
0.155414
0.171151
0.169873
0.179239
0.168796
0.155589
0.167795
0.161652
0.155206
0.161084
0.158768
0.154691
0.165617
0.162521
0.169473
0.146039
0.171443
0.162908
0.169940
0.171430
0.156728
0.165413
0.164308
0.162897
0.159578
0.166487
0.165065
0.162334
0.156316
0.176490
0.174982
0.173866
0.167359
0.167373
0.171011
0.167447
0.171546
0.175814
0.157337
0.173312
0.163641
0.162041
0.165762
0.153686
0.161779
0.165137
0.175205
0.170924
0.156165
0.159761
0.157612
0.170936
0.169836
0.171112
0.178109
0.174499
0.173325
0.161732
0.155237
0.162124
0.148111
0.148985
0.173244
0.159829
0.172929
0.164114
0.162544
0.170830
0.163284
0.161772
0.177295
0.178299
0.168886
0.170835
0.162893
0.165497
0.169205
0.169076
0.162284
0.171449
0.170120
0.166385
0.168455
0.167986
0.175331
0.166787
0.153964
0.164263
0.162645
0.175117
0.175286
0.165386
0.175427
0.169257
0.151399
0.165420
0.148071
0.161940
0.167947
0.166596
0.167963
0.169631
0.166591
0.157300
0.177752
0.166962
0.166891
0.158092
0.155775
0.153583
0.171908
0.171986
0.178146
0.176192
0.175473
0.174843
0.159109
0.163072
0.172904
0.154870
0.169062
0.169380
0.171693
0.168217
0.161399
0.168325
0.154332
0.172140
0.154423
0.177918
0.180199
0.177599
0.152859
0.167894
0.154856
0.174846
0.170669
0.174773
0.165860
0.161755
0.167502
0.169851
0.166747
0.171346
0.173469
0.167025
0.169068
0.159182
0.157992
0.142761
0.170438
0.161083
0.172217
0.171337
0.165806
0.171059
0.167177
0.176713
0.147178
0.163218
0.170793
0.179151
0.178435
0.174555
0.162269
0.172497
0.156956
0.173660
0.177704
0.179158
0.169212
0.175675
0.156548
0.164613
0.169615
0.163432
0.162667
0.163337
0.173241
0.162966
0.158150
0.163574
0.153085
0.154419
0.159373
0.163151
0.175903
0.163014
0.168009
0.166488
0.169377
0.177384
0.170392
0.172937
0.158149
0.156518
0.172563
0.166968
0.177852
0.178821
0.177178
0.175483
0.166163
0.148439
0.148206
0.142683
0.163397
0.178626
0.189093
0.170235
0.173607
0.171368
0.174278
0.162297
0.172459
0.173053
0.172811
0.177787
0.177646
0.162361
0.150150
0.165371
0.166888
0.179231
0.162641
0.184328
0.183678
0.172261
0.170724
0.167889
0.172650
0.184637
0.175167
0.169079
0.169732
0.172035
0.161626
0.161330
0.159402
0.168901
0.168381
0.163102
0.157325
0.145215
0.143839
0.133085
0.142703
0.137731
0.175600
0.181467
0.171293
0.160618
0.178992
0.185475
0.179598
0.162884
0.167875
0.179511
0.185714
0.185001
0.177848
0.163660
0.180740
0.173529
0.166154
0.177151
0.177722
0.165653
0.174969
0.180900
0.164988
0.154093
0.164076
0.178345
0.167432
0.174869
0.191429
0.179701
0.169379
0.183648
0.184323
0.177659
0.189115
0.168522
0.169173
0.165710
0.178547
0.172251
0.178464
0.180138
0.169651
0.147616
0.164318
0.172564
0.178445
0.170516
0.183559
0.176249
0.182693
0.165101
0.167644
0.157959
0.171117
0.169895
0.177603
0.176760
0.187039
0.165891
0.166688
0.177597
0.173609
0.163087
0.156373
0.165766
0.178759
0.182908
0.183248
0.170747
0.161972
0.172858
0.192132
0.181915
0.185262
0.175799
0.175006
0.170653
0.187613
0.184174
0.178761
0.183304
0.184698
0.177660
0.179100
0.173955
0.179503
0.178155
0.162433
0.181847
0.159657
0.146029
0.178501
0.175341
0.172600
0.185757
0.165433
0.169860
0.171340
0.184082
0.174236
0.161465
0.166210
0.176593
0.157511
0.165338
0.170811
0.175821
0.179675
0.162599
0.178482
0.169422
0.163586
0.177401
0.165749
0.166057
0.173627
0.194705
0.177619
0.173842
0.176992
0.174747
0.173734
0.181631
0.179138
0.170790
0.172978
0.189256
0.169617
0.180750
0.189639
0.189830
0.187395
0.183015
0.177423
0.173258
0.161225
0.162188
0.156741
0.162774
0.178885
0.174299
0.182761
0.170034
0.181180
0.160928
0.183558
0.173136
0.183810
0.163013
0.177559
0.185624
0.182444
0.186330
0.186304
0.186858
0.187065
0.175577
0.170218
0.182026
0.174428
0.177936
0.180545
0.165271
0.184516
0.175190
0.169886
0.172604
0.171347
0.180006
0.167548
0.187726
0.173758
0.188463
0.182415
0.188383
0.173173
0.182183
0.187623
0.180939
0.164627
0.164195
0.168751
0.179379
0.169582
0.186604
0.175083
0.179311
0.173394
0.184260
0.182441
0.185675
0.188341
0.174494
0.173674
0.170497
0.169671
0.173491
0.180158
0.185533
0.183388
0.177691
0.180291
0.170657
0.182284
0.185814
0.194336
0.185809
0.180002
0.177485
0.184062
0.175463
0.180470
0.170217
0.174536
0.186319
0.173819
0.174797
0.165459
0.161389
0.178502
0.188729
0.180898
0.184687
0.172200
0.168098
0.184159
0.165435
0.180118
0.183110
0.166909
0.177298
0.180808
0.164158
0.173784
0.175653
0.169697
0.176917
0.187483
0.167419
0.173418
0.183348
0.187287
0.179409
0.187537
0.179577
0.181258
0.193975
0.182366
0.185790
0.186621
0.183785
0.187858
0.178944
0.187529
0.179770
0.172345
0.181683
0.178992
0.169966
0.182845
0.177029
0.179624
0.181281
0.171278
0.176553
0.174364
0.193835
0.189493
0.185838
0.171268
0.168460
0.180130
0.185611
0.192693
0.180252
0.188227
0.177266
0.185347
0.183010
0.161882
0.190163
0.179693
0.188735
0.189057
0.169388
0.154686
0.162701
0.191669
0.185203
0.187428
0.185695
0.164606
0.164294
0.173444
0.182272
0.186426
0.189642
0.179750
0.175384
0.178088
0.184737
0.173511
0.186136
0.170445
0.178148
0.183378
0.174432
0.168657
0.176325
0.166118
0.159146
0.184737
0.174221
0.170169
0.190376
0.181590
0.184659
0.175324
0.179425
0.186055
0.191797
0.190045
0.183155
0.168232
0.179927
0.191743
0.185230
0.185149
0.179270
0.186204
0.177466
0.177284
0.182597
0.186646
0.186024
0.185539
0.191071
0.189701
0.177352
0.175890
0.185167
0.188535
0.178963
0.165483
0.182962
0.182627
0.188917
0.183730
0.176310
0.180030
0.183115
0.175329
0.187372
0.188670
0.191713
0.195747
0.172799
0.186402
0.191758
0.172695
0.185805
0.178105
0.182200
0.181024
0.189876
0.197911
0.196510
0.185236
0.173556
0.191741
0.180099
0.186561
0.172935
0.190604
0.190095
0.175282
0.193628
0.192714
0.191447
0.186987
0.192806
0.175765
0.196773
0.189780
0.185206
0.178693
0.184945
0.176149
0.182040
0.187723
0.191572
0.196680
0.188987
0.181653
0.165663
0.177367
0.196260
0.190614
0.168203
0.187137
0.182228
0.181364
0.196265
0.191846
0.170869
0.165606
0.171464
0.176139
0.185135
0.174208
0.167722
0.185035
0.194649
0.184806
0.187719
0.190540
0.185914
0.180762
0.179853
0.179362
0.173887
0.190977
0.191010
0.185270
0.168243
0.172927
0.185228
0.177687
0.173011
0.173825
0.176183
0.180605
0.184002
0.179336
0.176214
0.181917
0.162875
0.194672
0.178493
0.190955
0.172463
0.169724
0.162955
0.193694
0.197964
0.163409
0.182900
0.168079
0.154133
0.154996
0.149170
0.186152
0.181429
0.174214
0.158896
0.172060
0.164124
0.176588
0.181292
0.184663
0.176328
0.175577
0.174848
0.199311
0.199032
0.179223
0.194351
0.152243
0.163015
0.163600
0.173920
0.175749
0.161637
0.173074
0.173832
0.175688
0.187393
0.196685
0.182806
0.186717
0.179879
0.178366
0.186973
0.172179
0.175933
0.171544
0.186773
0.176700
0.174680
0.174304
0.167453
0.181468
0.195240
0.189990
0.189327
0.177191
0.160909
0.180739
0.181028
0.179063
0.171393
0.194899
0.174834
0.176669
0.175892
0.174152
0.184564
0.198423
0.191342
0.184245
0.183479
0.194766
0.179667
0.187333
0.191218
0.187091
0.195302
0.179544
0.191877
0.169350
0.189071
0.188949
0.172572
0.168763
0.157238
0.182030
0.170850
0.194983
0.178807
0.175201
0.180005
0.157011
0.156432
0.186337
0.191401
0.191108
0.197966
0.193446
0.190058
0.177686
0.167497
0.163653
0.177181
0.169050
0.165316
0.176427
0.173710
0.177266
0.177645
0.184867
0.183353
0.180279
0.192060
0.183782
0.187783
0.178845
0.188455
0.172410
0.185120
0.199727
0.191056
0.191037
0.187194
0.189133
0.179567
0.183807
0.195942
0.191448
0.193948
0.187809
0.192066
0.190029
0.191583
0.182365
0.191449
0.184772
0.188434
0.173202
0.187307
0.189152
0.164682
0.179891
0.191972
0.192616
0.179030
0.194401
0.179211
0.178690
0.179638
0.192982
0.195647
0.189999
0.178835
0.185867
0.187055
0.184242
0.178588
0.185602
0.199362
0.200311
0.183566
0.196098
0.182075
0.158926
0.160861
0.181155
0.184511
0.194789
0.184451
0.182876
0.170358
0.187795
0.193505
0.196116
0.179211
0.192836
0.199339
0.187308
0.190318
0.175073
0.193486
0.191771
0.191256
0.199747
0.173157
0.168292
0.171065
0.184983
0.192178
0.179551
0.176816
0.186987
0.177580
0.166827
0.184133
0.176340
0.160609
0.170056
0.169855
0.174456
0.171783
0.185235
0.184686
0.190261
0.179905
0.187488
0.160790
0.172002
0.184491
0.181346
0.188888
0.179105
0.176464
0.168648
0.178510
0.194473
0.183861
0.195275
0.192819
0.196966
0.176950
0.191324
0.190468
0.193764
0.177501
0.183760
0.168547
0.165227
0.160026
0.181793
0.187456
0.195473
0.171902
0.183842
0.187555
0.192494
0.184906
0.190432
0.169815
0.173161
0.172885
0.180300
0.160255
0.184987
0.200995
0.203754
0.170510
0.169869
0.171993
0.151370
0.183223
0.182377
0.179531
0.191699
0.176259
0.198624
0.188107
0.190365
0.192342
0.189687
0.194661
0.195256
0.188659
0.193711
0.194992
0.192926
0.196512
0.174132
0.193667
0.172074
0.184936
0.183187
0.176860
0.163752
0.169443
0.178217
0.167687
0.179722
0.189123
0.178017
0.201678
0.196339
0.198127
0.182248
0.179993
0.168746
0.195705
0.188793
0.178993
0.189549
0.190838
0.172298
0.185601
0.182579
0.169330
0.177274
0.179742
0.162952
0.203458
0.186183
0.180743
0.179171
0.195267
0.182340
0.192772
0.197227
0.195349
0.185851
0.180138
0.182494
0.184644
0.187534
0.193835
0.198897
0.193919
0.175249
0.162529
0.187302
0.179065
0.192561
0.174193
0.192283
0.181544
0.178595
0.168947
0.200416
0.201334
0.177910
0.180346
0.209990
0.184451
0.188907
0.180392
0.179575
0.172741
0.184121
0.191097
0.180213
0.194044
0.194078
0.181883
0.186699
0.186990
0.191825
0.160082
0.161450
0.169015
0.176265
0.178468
0.178186
0.184821
0.186579
0.192511
0.201141
0.193478
0.169983
0.171324
0.185893
0.199989
0.186568
0.179033
0.189938
0.195301
0.198948
0.177871
0.186769
0.193020
0.186075
0.196448
0.189948
0.178533
0.187597
0.186583
0.187474
0.200049
0.187229
0.177373
0.186935
0.180857
0.192856
0.177998
0.182207
0.174777
0.183681
0.185999
0.174214
0.184249
0.209277
0.188183
0.190622
0.193126
0.180505
0.170604
0.176052
0.192603
0.190537
0.184091
0.198846
0.190323
0.202004
0.192151
0.200982
0.206786
0.198399
0.205056
0.206257
0.198877
0.193934
0.207578
0.204850
0.200058
0.200806
0.191843
0.203753
0.178472
0.178100
0.191966
0.186310
0.201880
0.201324
0.198587
0.198134
0.198133
0.204234
0.188768
0.194617
0.197551
0.181247
0.190256
0.188013
0.181406
0.178519
0.182080
0.184707
0.177387
0.180071
0.182910
0.187408
0.193083
0.181882
0.193620
0.203386
0.200074
0.185471
0.190009
0.183348
0.175418
0.176338
0.188428
0.188340
0.170280
0.175832
0.192057
0.187361
0.169410
0.171187
0.169346
0.163471
0.192460
0.199360
0.178170
0.178190
0.178675
0.174753
0.203286
0.196417
0.184907
0.179259
0.199887
0.206568
0.186540
0.189816
0.178300
0.175140
0.183367
0.194935
0.199461
0.189906
0.195957
0.205415
0.177623
0.204349
0.190641
0.184611
0.194240
0.204465
0.196718
0.202560
0.175117
0.191428
0.195501
0.195730
0.204958
0.173703
0.179088
0.193487
0.199839
0.197863
0.196955
0.210222
0.194541
0.194531
0.187702
0.191765
0.189434
0.199891
0.189549
0.193584
0.204541
0.192820
0.196779
0.197473
0.194652
0.184169
0.201056
0.205701
0.205886
0.185706
0.196083
0.180699
0.158236
0.201255
0.186540
0.178703
0.176132
0.182981
0.196945
0.196128
0.196878
0.184784
0.201676
0.201849
0.205570
0.203392
0.195378
0.181697
0.182798
0.188747
0.191139
0.191225
0.186698
0.185254
0.194557
0.198216
0.211741
0.213124
0.195009
0.197947
0.180614
0.192987
0.204392
0.201886
0.195302
0.200272
0.182785
0.194322
0.200324
0.198767
0.200760
0.199201
0.203253
0.208638
0.209550
0.198740
0.198987
0.192524
0.192762
0.203467
0.199579
0.192966
0.198897
0.186220
0.174579
0.210468
0.209458
0.178817
0.181463
0.196553
0.196086
0.195349
0.174051
0.192777
0.189810
0.190545
0.178971
0.181229
0.194390
0.204152
0.195254
0.207009
0.175589
0.190127
0.198841
0.214818
0.186450
0.208652
0.204788
0.206480
0.214894
0.209647
0.203088
0.188886
0.198593
0.190145
0.195951
0.195503
0.195853
0.197336
0.197560
0.198835
0.202953
0.183364
0.201400
0.204562
0.187236
0.197552
0.177756
0.159954
0.169103
0.172756
0.200187
0.202338
0.190507
0.191105
0.196150
0.196060
0.208266
0.212077
0.191767
0.172417
0.201378
0.213100
0.203044
0.206654
0.193529
0.189034
0.207144
0.200836
0.196873
0.193181
0.153795
0.181000
0.189969
0.175780
0.167939
0.204627
0.184489
0.191075
0.175322
0.191023
0.179101
0.188394
0.203494
0.205789
0.204286
0.192780
0.199252
0.205331
0.206753
0.200261
0.190238
0.192611
0.190087
0.172967
0.185575
0.190647
0.184755
0.196800
0.199984
0.198987
0.189208
0.190000
0.166509
0.196838
0.199571
0.201162
0.188049
0.208323
0.185378
0.204939
0.193286
0.202841
0.196551
0.197278
0.180695
0.187656
0.205388
0.209466
0.199839
0.197464
0.205249
0.207588
0.206354
0.200705
0.193915
0.198534
0.175771
0.172183
0.193594
0.205460
0.216306
0.198169
0.189878
0.195356
0.171028
0.178853
0.180625
0.185848
0.198134
0.203580
0.195114
0.189945
0.172029
0.212521
0.210540
0.216626
0.200546
0.197998
0.194165
0.179871
0.194572
0.168972
0.203141
0.199451
0.216974
0.208178
0.208534
0.201371
0.175594
0.180034
0.179052
0.195854
0.195494
0.190070
0.192549
0.185265
0.188792
0.195881
0.197039
0.196923
0.200452
0.206023
0.189236
0.182613
0.182200
0.203584
0.202011
0.206773
0.192997
0.191573
0.174985
0.190062
0.203088
0.187786
0.190378
0.196454
0.191288
0.189847
0.197455
0.200306
0.196962
0.194068
0.189369
0.197658
0.200589
0.201957
0.216862
0.193531
0.198171
0.204564
0.212387
0.193694
0.196247
0.191666
0.205921
0.207253
0.206698
0.200043
0.206393
0.184631
0.176109
0.177006
0.182612
0.203076
0.207927
0.212342
0.178943
0.170877
0.189791
0.191998
0.204268
0.201215
0.187549
0.192526
0.181594
0.200908
0.195156
0.182956
0.179996
0.197499
0.205899
0.211156
0.185053
0.202157
0.200180
0.201003
0.194480
0.205005
0.209421
0.186755
0.195138
0.199273
0.204760
0.207083
0.205899
0.191972
0.206132
0.200796
0.204153
0.202576
0.211701
0.193327
0.183382
0.195438
0.194841
0.186811
0.192480
0.209512
0.209021
0.206334
0.212339
0.195957
0.192125
0.201507
0.209515
0.205010
0.196758
0.210216
0.210958
0.212090
0.206033
0.195684
0.210375
0.201806
0.206099
0.211654
0.202673
0.195084
0.192579
0.201750
0.201152
0.196438
0.193614
0.204870
0.191118
0.180432
0.193926
0.188373
0.184414
0.185126
0.216242
0.203162
0.194180
0.194514
0.196532
0.217334
0.203191
0.209892
0.206577
0.196775
0.196385
0.205833
0.205810
0.191487
0.183928
0.196490
0.194940
0.200995
0.206445
0.188001
0.188777
0.187938
0.190820
0.186101
0.190744
0.189627
0.199610
0.185962
0.177608
0.182869
0.192513
0.180121
0.169653
0.171413
0.197501
0.198759
0.200051
0.216414
0.209808
0.208679
0.201008
0.186005
0.185516
0.208252
0.187302
0.193585
0.206386
0.207490
0.209939
0.205882
0.203580
0.204409
0.212862
0.196835
0.188289
0.179018
0.193385
0.185868
0.170474
0.193997
0.202753
0.202931
0.200385
0.191551
0.186124
0.208427
0.198535
0.197244
0.197135
0.190412
0.181404
0.174977
0.200831
0.209058
0.215813
0.190614
0.211824
0.217044
0.215752
0.203546
0.207660
0.205292
0.200066
0.203804
0.203789
0.206556
0.205245
0.205961
0.206808
0.206478
0.195045
0.177350
0.179660
0.168737
0.184837
0.182870
0.174597
0.199411
0.210715
0.206741
0.211665
0.212403
0.195294
0.197318
0.204013
0.207042
0.194370
0.182345
0.213211
0.191508
0.203421
0.192999
0.196059
0.201183
0.190659
0.177104
0.200860
0.205755
0.193173
0.201311
0.194126
0.184482
0.202711
0.212021
0.200893
0.179866
0.217057
0.197532
0.206533
0.196954
0.206547
0.203243
0.201463
0.191327
0.215528
0.210273
0.208280
0.193202
0.187980
0.193629
0.181965
0.185664
0.205537
0.192363
0.196524
0.192217
0.212639
0.215031
0.210442
0.198538
0.198819
0.196650
0.202719
0.190946
0.180984
0.186630
0.208947
0.205502
0.187102
0.189227
0.206936
0.183982
0.196607
0.217440
0.202101
0.206979
0.197115
0.192899
0.202863
0.205043
0.200030
0.205305
0.189559
0.205809
0.198539
0.197041
0.196178
0.192045
0.194135
0.185502
0.193355
0.216710
0.218774
0.191440
0.220962
0.207321
0.204314
0.207239
0.209729
0.203727
0.177809
0.198001
0.189159
0.192822
0.200480
0.199581
0.207218
0.207102
0.193310
0.183878
0.193102
0.197957
0.198590
0.204732
0.205468
0.206010
0.168292
0.215679
0.204676
0.197558
0.178466
0.206000
0.190939
0.202603
0.185472
0.182007
0.172073
0.203367
0.179862
0.204853
0.211537
0.201323
0.202095
0.183937
0.192993
0.179217
0.196945
0.215734
0.217544
0.213924
0.187951
0.206106
0.184073
0.197392
0.199854
0.203801
0.199845
0.208628
0.199436
0.217751
0.175537
0.182707
0.195709
0.204728
0.194475
0.199514
0.195867
0.202615
0.187623
0.182215
0.192681
0.199701
0.187499
0.185167
0.202658
0.203372
0.201108
0.196750
0.203867
0.215198
0.200433
0.190611
0.196263
0.190009
0.178073
0.206585
0.209551
0.198230
0.199657
0.193409
0.173749
0.191960
0.212314
0.202117
0.205547
0.201622
0.193509
0.192891
0.208692
0.211361
0.216300
0.198471
0.188845
0.206941
0.208721
0.210334
0.198126
0.185969
0.209098
0.209242
0.211363
0.215909
0.206710
0.200123
0.198004
0.182576
0.210754
0.199767
0.208960
0.202525
0.191118
0.206749
0.203174
0.221317
0.216636
0.207088
0.206936
0.206810
0.214384
0.214641
0.207154
0.191975
0.200913
0.190574
0.194338
0.194743
0.183934
0.192839
0.207554
0.196766
0.183545
0.196299
0.194580
0.196184
0.203525
0.189216
0.205945
0.219163
0.198271
0.189882
0.197121
0.207511
0.203335
0.211924
0.218629
0.212851
0.206828
0.209226
0.204911
0.217019
0.211164
0.190733
0.187345
0.199584
0.203920
0.209723
0.219320
0.212934
0.211958
0.222620
0.210113
0.197146
0.218792
0.197391
0.201247
0.198033
0.202365
0.209955
0.198569
0.194159
0.203164
0.206095
0.196328
0.204669
0.211056
0.201965
0.206798
0.217271
0.198439
0.190325
0.200092
0.204461
0.215532
0.214511
0.217747
0.215724
0.195121
0.199050
0.216968
0.178138
0.181722
0.188676
0.192141
0.205053
0.210693
0.186647
0.198571
0.190234
0.214681
0.185478
0.200670
0.192594
0.205896
0.209307
0.200657
0.195899
0.198134
0.213168
0.216374
0.215029
0.193280
0.201295
0.201380
0.202482
0.201554
0.182429
0.196542
0.209777
0.210930
0.221990
0.212656
0.213895
0.206143
0.214604
0.213279
0.203530
0.200481
0.208149
0.212476
0.196429
0.199294
0.209006
0.211489
0.206645
0.183522
0.197351
0.200840
0.195028
0.208524
0.207663
0.210838
0.220795
0.206769
0.211368
0.206747
0.186627
0.196342
0.196976
0.192023
0.211803
0.210973
0.198381
0.206235
0.185198
0.167247
0.191630
0.199037
0.209486
0.201781
0.180316
0.188480
0.211989
0.213029
0.221896
0.211258
0.208400
0.198623
0.204373
0.201488
0.204034
0.191123
0.189468
0.176444
0.186488
0.192391
0.181138
0.183025
0.216979
0.206628
0.202236
0.217103
0.195568
0.204732
0.200623
0.181243
0.186203
0.221986
0.216025
0.210151
0.204217
0.205821
0.216963
0.215387
0.193097
0.182615
0.212813
0.188025
0.223022
0.206157
0.191657
0.186962
0.187151
0.197600
0.198943
0.211981
0.224409
0.212697
0.196762
0.193362
0.185825
0.169806
0.186253
0.193479
0.187846
0.195405
0.190374
0.188333
0.169414
0.217076
0.201558
0.202394
0.201421
0.206387
0.220037
0.212449
0.215219
0.193105
0.192597
0.207166
0.207074
0.210368
0.195815
0.210420
0.215656
0.202140
0.185847
0.206546
0.197480
0.203414
0.200817
0.185445
0.186554
0.182099
0.187807
0.206361
0.206438
0.211271
0.200580
0.207972
0.219213
0.219498
0.184672
0.196240
0.215037
0.217334
0.197927
0.208850
0.210746
0.198232
0.189195
0.196191
0.204901
0.202374
0.207211
0.197670
0.208671
0.203298
0.210268
0.187129
0.222116
0.185769
0.202528
0.199116
0.208557
0.183344
0.187467
0.201002
0.191962
0.206025
0.194277
0.209191
0.221914
0.218068
0.215397
0.201492
0.204358
0.202191
0.212527
0.193875
0.206207
0.218037
0.212130
0.207869
0.204025
0.204855
0.204682
0.215153
0.219400
0.199275
0.182757
0.194994
0.194858
0.213722
0.210565
0.210718
0.219774
0.222458
0.213103
0.205705
0.193206
0.209019
0.196700
0.207892
0.217969
0.220376
0.208278
0.214102
0.213983
0.210137
0.186508
0.204518
0.186687
0.181106
0.209273
0.193553
0.204663
0.194973
0.214402
0.212933
0.199849
0.209303
0.192253
0.199293
0.183293
0.185227
0.212669
0.206999
0.199390
0.190628
0.208772
0.216939
0.216599
0.204825
0.194813
0.212523
0.204521
0.183991
0.187086
0.210884
0.219264
0.219482
0.215957
0.199758
0.201463
0.213750
0.173989
0.189626
0.197787
0.206244
0.208389
0.192023
0.215951
0.210775
0.214899
0.198615
0.181788
0.193540
0.200319
0.205593
0.206310
0.215545
0.196020
0.184338
0.199547
0.196905
0.217446
0.211379
0.206184
0.198272
0.187178
0.183764
0.220641
0.203207
0.211372
0.206032
0.220990
0.220310
0.197960
0.215194
0.214752
0.213677
0.212340
0.206001
0.219067
0.204734
0.199057
0.199971
0.193584
0.222351
0.191489
0.206811
0.213487
0.220470
0.214331
0.209565
0.215693
0.199841
0.203533
0.205973
0.216584
0.217387
0.193628
0.209361
0.202654
0.214584
0.201701
0.177865
0.213487
0.189890
0.186202
0.210867
0.209199
0.212674
0.207130
0.198561
0.200020
0.213575
0.190794
0.209682
0.201924
0.194391
0.189364
0.197487
0.206527
0.189725
0.183593
0.188426
0.206463
0.203257
0.208219
0.194922
0.212438
0.204866
0.193873
0.204790
0.213353
0.207301
0.217492
0.208591
0.187758
0.208593
0.214732
0.218921
0.200352
0.196516
0.217606
0.203022
0.186309
0.211986
0.206592
0.199988
0.204261
0.221483
0.219461
0.202682
0.189999
0.206693
0.216228
0.217994
0.201692
0.190825
0.211132
0.204161
0.206449
0.194180
0.196900
0.215611
0.217557
0.214619
0.211483
0.217353
0.213075
0.211349
0.212225
0.205868
0.203993
0.214658
0.199976
0.213755
0.196817
0.192472
0.198728
0.211473
0.202486
0.207865
0.188105
0.201077
0.197538
0.204400
0.199989
0.219563
0.201408
0.206074
0.209940
0.194607
0.210764
0.210727
0.208104
0.212148
0.184730
0.186625
0.206015
0.212477
0.223082
0.212308
0.215566
0.211429
0.219227
0.196389
0.193310
0.171770
0.183411
0.210083
0.189467
0.215011
0.205124
0.208449
0.205541
0.209403
0.199662
0.186815
0.207456
0.201119
0.208094
0.221155
0.213605
0.213769
0.201841
0.201538
0.221353
0.225127
0.215720
0.224052
0.220822
0.227777
0.222703
0.201093
0.202277
0.191703
0.199965
0.206289
0.216195
0.219694
0.209344
0.219844
0.195501
0.214008
0.218065
0.202248
0.188252
0.193477
0.212256
0.204030
0.200901
0.209693
0.185762
0.201264
0.208694
0.206914
0.212102
0.214627
0.203342
0.219098
0.221498
0.209345
0.216028
0.212510
0.201213
0.219290
0.210121
0.217879
0.208747
0.221286
0.220607
0.211592
0.202852
0.210254
0.198369
0.183517
0.186661
0.201459
0.187687
0.204072
0.199587
0.221427
0.219082
0.225691
0.211941
0.207841
0.213615
0.219564
0.218954
0.212854
0.200233
0.191275
0.183113
0.205617
0.191059
0.205879
0.217035
0.204103
0.222814
0.204669
0.204736
0.220028
0.216151
0.215826
0.199823
0.213595
0.205336
0.218900
0.201501
0.211649
0.197850
0.204721
0.219933
0.228423
0.219448
0.224209
0.200789
0.202057
0.202582
0.206155
0.206483
0.210659
0.196317
0.201547
0.222849
0.217983
0.202553
0.194170
0.215961
0.215006
0.202228
0.201458
0.184242
0.195418
0.181522
0.183808
0.217888
0.223173
0.196101
0.193992
0.187816
0.196571
0.191248
0.211693
0.206961
0.182926
0.220707
0.226216
0.206273
0.211895
0.184510
0.183980
0.191588
0.215368
0.218828
0.213404
0.211566
0.214542
0.213337
0.220620
0.221688
0.195151
0.196748
0.199644
0.201426
0.182354
0.190911
0.208416
0.224706
0.212655
0.199739
0.199385
0.217595
0.209624
0.218794
0.207882
0.199107
0.208223
0.203291
0.208572
0.209880
0.198102
0.209556
0.223624
0.199564
0.222190
0.212425
0.207673
0.193595
0.214288
0.204397
0.197420
0.190724
0.196090
0.213294
0.212207
0.213181
0.202978
0.202388
0.188108
0.213450
0.225926
0.207173
0.212893
0.221963
0.224859
0.208353
0.217842
0.190892
0.229154
0.223354
0.213667
0.213097
0.218010
0.218152
0.196490
0.202746
0.191285
0.206477
0.227206
0.216839
0.210065
0.200409
0.207747
0.211321
0.211235
0.206708
0.194401
0.195989
0.209191
0.207945
0.200903
0.206890
0.203979
0.187478
0.203369
0.207355
0.200403
0.228869
0.222695
0.222918
0.219511
0.213867
0.199357
0.210132
0.210191
0.208753
0.212548
0.201155
0.200133
0.211208
0.216506
0.202386
0.212193
0.209430
0.213677
0.211555
0.215279
0.208043
0.185668
0.187079
0.216014
0.214443
0.214054
0.229840
0.229839
0.210843
0.222246
0.213510
0.218790
0.190350
0.196476
0.195226
0.196893
0.190919
0.198209
0.194388
0.217136
0.208155
0.209722
0.209576
0.200577
0.217744
0.227778
0.217180
0.219254
0.218551
0.208101
0.219009
0.221457
0.212699
0.213041
0.203819
0.208366
0.221154
0.209360
0.191071
0.210701
0.214205
0.200158
0.208388
0.191032
0.211959
0.226275
0.205273
0.212543
0.189825
0.203569
0.204335
0.182527
0.189069
0.195934
0.198861
0.199578
0.192728
0.219835
0.206602
0.216095
0.210426
0.184621
0.186154
0.172217
0.172816
0.206085
0.205052
0.226526
0.227491
0.212782
0.212182
0.191512
0.190670
0.192599
0.198896
0.211706
0.221864
0.184649
0.215374
0.176128
0.183859
0.198649
0.202052
0.190475
0.199083
0.196543
0.211184
0.196224
0.198513
0.214082
0.187094
0.190392
0.183905
0.211385
0.211835
0.187974
0.183002
0.190077
0.224942
0.224579
0.209997
0.204878
0.215313
0.214524
0.202137
0.224807
0.212017
0.204317
0.196470
0.213375
0.223365
0.217031
0.219713
0.204052
0.195572
0.196652
0.200441
0.198168
0.205107
0.202080
0.191084
0.192062
0.211684
0.197176
0.203602
0.204840
0.204808
0.214360
0.196029
0.217742
0.177736
0.184799
0.215295
0.218370
0.205074
0.214640
0.211844
0.220805
0.211085
0.189859
0.224498
0.215048
0.214884
0.214180
0.216320
0.210094
0.216112
0.215635
0.216446
0.209397
0.212947
0.209702
0.207084
0.206653
0.211184
0.219741
0.220286
0.230968
0.214861
0.204267
0.211628
0.222900
0.204867
0.217432
0.190826
0.198558
0.212360
0.218454
0.226171
0.212816
0.206159
0.207385
0.224943
0.216735
0.209470
0.205213
0.222788
0.220213
0.203840
0.204923
0.214309
0.214072
0.182742
0.188511
0.182786
0.193285
0.213004
0.225772
0.215976
0.208310
0.201973
0.193996
0.187069
0.206628
0.200475
0.216010
0.210078
0.203220
0.215125
0.208458
0.207086
0.214725
0.195884
0.208785
0.214898
0.214565
0.231338
0.221342
0.224596
0.207034
0.206044
0.209125
0.187117
0.220246
0.219851
0.228460
0.222901
0.207745
0.226459
0.215374
0.225076
0.231421
0.211750
0.211758
0.210494
0.213927
0.215530
0.208673
0.203032
0.217835
0.219823
0.207548
0.212512
0.213842
0.198206
0.200548
0.215471
0.197455
0.225983
0.207995
0.211353
0.206215
0.194426
0.181546
0.201738
0.215350
0.200824
0.206449
0.197062
0.203377
0.213263
0.206558
0.218273
0.204605
0.206110
0.200008
0.229737
0.191849
0.191215
0.208713
0.203563
0.206321
0.219014
0.196957
0.209936
0.228682
0.226325
0.227296
0.209564
0.209294
0.208154
0.205109
0.209503
0.215627
0.204727
0.230944
0.214684
0.203215
0.192952
0.185668
0.174694
0.214626
0.221026
0.218779
0.216901
0.215149
0.212946
0.224237
0.206160
0.207341
0.219763
0.221876
0.218557
0.214412
0.195151
0.201264
0.215524
0.203882
0.215653
0.211367
0.199244
0.206569
0.202056
0.209357
0.209877
0.215416
0.226266
0.222560
0.204558
0.212951
0.220217
0.223491
0.220997
0.225998
0.219654
0.196531
0.211179
0.192757
0.219635
0.217975
0.220651
0.191883
0.201388
0.195089
0.206426
0.202635
0.204561
0.199869
0.190942
0.197917
0.202084
0.195041
0.214144
0.206768
0.217014
0.217711
0.212969
0.219439
0.213670
0.231513
0.225591
0.212841
0.205344
0.210291
0.217698
0.226100
0.211880
0.211695
0.217475
0.190172
0.179120
0.195558
0.223086
0.199927
0.196003
0.207000
0.190607
0.218038
0.225704
0.221696
0.197784
0.218289
0.198402
0.196968
0.188347
0.198198
0.213929
0.202971
0.221053
0.224084
0.206497
0.197770
0.196837
0.218000
0.213961
0.223904
0.224282
0.222786
0.228744
0.230034
0.215261
0.227468
0.205646
0.219460
0.207668
0.210277
0.210321
0.199046
0.221361
0.203739
0.188423
0.198018
0.213104
0.190884
0.193687
0.226554
0.232776
0.227708
0.211388
0.221842
0.210219
0.226173
0.197480
0.183758
0.183747
0.205774
0.172906
0.211542
0.200779
0.219364
0.209974
0.219643
0.217594
0.232253
0.232259
0.217241
0.207469
0.209651
0.221894
0.216711
0.201019
0.203314
0.225734
0.206000
0.209461
0.203509
0.221718
0.222291
0.219336
0.216916
0.204693
0.204911
0.220073
0.214760
0.205719
0.193243
0.218353
0.212737
0.215616
0.206553
0.218830
0.226481
0.203780
0.201868
0.193112
0.219448
0.205619
0.220848
0.223059
0.207298
0.205159
0.186572
0.217161
0.226453
0.212569
0.226878
0.209435
0.211017
0.207481
0.201022
0.188682
0.208146
0.215289
0.214248
0.200514
0.195406
0.206033
0.215915
0.196336
0.219738
0.214419
0.211383
0.214919
0.220472
0.219469
0.222084
0.219945
0.233296
0.220313
0.219673
0.217381
0.202301
0.196313
0.202724
0.214357
0.209387
0.207796
0.217075
0.204548
0.214961
0.196535
0.199379
0.190523
0.207780
0.217681
0.216274
0.203341
0.175256
0.223738
0.206962
0.206070
0.194099
0.208831
0.199638
0.204131
0.230630
0.212635
0.205875
0.217885
0.202025
0.225766
0.231805
0.233585
0.233585
0.222529
0.222587
0.206649
0.206020
0.201386
0.207732
0.198286
0.230222
0.217949
0.210416
0.211309
0.200154
0.206759
0.202374
0.205237
0.208461
0.191435
0.182339
0.229794
0.222912
0.225587
0.214975
0.225370
0.208934
0.231747
0.217360
0.187847
0.229351
0.216812
0.198108
0.200527
0.191956
0.199307
0.216103
0.215949
0.212560
0.220938
0.217811
0.214719
0.233904
0.216004
0.205646
0.208272
0.215481
0.200662
0.221404
0.224251
0.227531
0.204320
0.223430
0.223272
0.212493
0.218723
0.212919
0.203026
0.218611
0.215469
0.208205
0.197960
0.192280
0.225274
0.208621
0.227218
0.221371
0.217971
0.220641
0.215150
0.228679
0.227543
0.223841
0.225053
0.199337
0.203784
0.213744
0.207668
0.213895
0.209004
0.209590
0.229850
0.215487
0.202550
0.198785
0.206420
0.187649
0.183328
0.204741
0.198506
0.225352
0.216477
0.196660
0.201244
0.212118
0.217067
0.214720
0.222522
0.199043
0.201349
0.193644
0.196753
0.190941
0.203238
0.206750
0.218760
0.213710
0.214918
0.212833
0.223133
0.208504
0.209260
0.225797
0.218411
0.226180
0.221084
0.208864
0.206168
0.202138
0.208938
0.188276
0.226412
0.213260
0.217249
0.200876
0.223969
0.229398
0.216059
0.201368
0.218115
0.201774
0.195428
0.196253
0.212217
0.214374
0.207892
0.209241
0.197480
0.211825
0.234450
0.228786
0.234916
0.216092
0.211395
0.196277
0.192923
0.209752
0.215769
0.222082
0.219146
0.214592
0.213021
0.188964
0.194837
0.221217
0.222557
0.196872
0.195234
0.177111
0.217775
0.209572
0.206272
0.223652
0.211709
0.217352
0.220542
0.215544
0.205779
0.186436
0.190758
0.212973
0.215272
0.232920
0.223129
0.219667
0.218248
0.219201
0.217879
0.202756
0.187689
0.206418
0.221714
0.232411
0.228984
0.227681
0.220860
0.203704
0.203629
0.223155
0.222226
0.224643
0.216991
0.203872
0.219715
0.220143
0.219901
0.204960
0.206890
0.222028
0.226548
0.224465
0.225352
0.205032
0.212108
0.210733
0.202944
0.215665
0.207085
0.215375
0.218593
0.205133
0.222422
0.214209
0.207610
0.201232
0.212934
0.195069
0.209801
0.212193
0.228437
0.214409
0.227699
0.221580
0.207938
0.197736
0.228080
0.218331
0.213685
0.208837
0.219837
0.231015
0.214428
0.224299
0.217285
0.220271
0.231009
0.216154
0.216552
0.204585
0.224944
0.210521
0.202252
0.223298
0.213888
0.224296
0.225179
0.212837
0.208358
0.219855
0.226335
0.235681
0.198934
0.203854
0.220901
0.229859
0.226880
0.210078
0.214687
0.195187
0.195631
0.213410
0.223918
0.221147
0.219990
0.216946
0.207968
0.211011
0.210264
0.200764
0.193692
0.215607
0.217798
0.234061
0.217399
0.223034
0.228047
0.216246
0.228016
0.216209
0.198195
0.221032
0.224690
0.226717
0.216356
0.223522
0.208855
0.206463
0.213278
0.229940
0.233333
0.216493
0.229698
0.229097
0.215870
0.226002
0.229870
0.222861
0.232182
0.225953
0.205784
0.206258
0.214086
0.211171
0.181153
0.219065
0.203101
0.205457
0.208887
0.212989
0.229344
0.212374
0.210508
0.220937
0.199268
0.216527
0.221683
0.225863
0.227856
0.215613
0.216811
0.221212
0.215021
0.208134
0.215896
0.215989
0.226977
0.217026
0.221684
0.226205
0.225553
0.221031
0.213619
0.222451
0.221022
0.231404
0.222719
0.214653
0.208284
0.217654
0.233471
0.220872
0.230044
0.226231
0.215073
0.217493
0.228740
0.231197
0.204309
0.235505
0.231504
0.226869
0.220937
0.206729
0.214305
0.208728
0.202353
0.208270
0.226478
0.225222
0.227675
0.212792
0.208200
0.229435
0.203839
0.229293
0.227943
0.216421
0.213601
0.209162
0.210640
0.208510
0.192311
0.204078
0.210600
0.200131
0.211734
0.228317
0.209870
0.223667
0.226763
0.225924
0.217464
0.193810
0.197721
0.210415
0.207637
0.205629
0.229199
0.213224
0.207855
0.197580
0.224468
0.219688
0.188832
0.221498
0.212208
0.218055
0.204221
0.195710
0.201814
0.215590
0.211982
0.232300
0.207977
0.215467
0.214097
0.212961
0.231431
0.221940
0.207318
0.213405
0.213363
0.205339
0.195519
0.189012
0.198690
0.215840
0.202591
0.220279
0.217255
0.226457
0.209881
0.209206
0.198662
0.217680
0.213342
0.219788
0.229809
0.214263
0.220838
0.225092
0.211865
0.228026
0.231061
0.227779
0.215831
0.199606
0.186663
0.225155
0.222758
0.228127
0.224987
0.218366
0.214743
0.198913
0.216831
0.224534
0.208776
0.234606
0.226051
0.223843
0.221120
0.226523
0.226605
0.230499
0.212596
0.227322
0.226124
0.212566
0.231514
0.233337
0.212003
0.206665
0.219286
0.224050
0.220485
0.215004
0.221292
0.201327
0.202931
0.218179
0.224361
0.228112
0.222810
0.212146
0.220671
0.224695
0.219331
0.229949
0.212310
0.207545
0.212981
0.206577
0.211462
0.233336
0.214625
0.208537
0.225787
0.210638
0.221120
0.237338
0.218463
0.214789
0.207913
0.231797
0.225819
0.223760
0.225578
0.234586
0.207810
0.219746
0.190613
0.221834
0.226148
0.217607
0.219779
0.199093
0.229235
0.211844
0.199901
0.226853
0.202857
0.229387
0.224294
0.206367
0.234739
0.234107
0.220159
0.237643
0.206010
0.196840
0.208576
0.232492
0.225133
0.218614
0.196387
0.209898
0.213081
0.209379
0.184407
0.221150
0.235399
0.224354
0.227452
0.225923
0.209941
0.220079
0.221597
0.219925
0.212807
0.196652
0.222942
0.229640
0.208868
0.201357
0.226153
0.227302
0.226593
0.211475
0.208039
0.185840
0.180059
0.212023
0.217770
0.216430
0.209684
0.213837
0.210722
0.221978
0.218802
0.210621
0.226171
0.224721
0.221862
0.232551
0.229397
0.216226
0.222384
0.232420
0.227212
0.226009
0.237956
0.218234
0.216021
0.219499
0.230352
0.216269
0.222252
0.230319
0.198170
0.187117
0.197257
0.224530
0.224246
0.223830
0.226221
0.234280
0.221472
0.222628
0.225141
0.215687
0.226157
0.220879
0.219974
0.213850
0.212690
0.221850
0.226547
0.227776
0.230512
0.212730
0.220645
0.215233
0.209965
0.215942
0.218484
0.229736
0.199031
0.228079
0.231130
0.205479
0.221667
0.235502
0.208854
0.213051
0.227521
0.226243
0.232934
0.235486
0.238143
0.235993
0.227945
0.232051
0.224823
0.203244
0.215503
0.215638
0.212906
0.197477
0.233477
0.235428
0.226979
0.223824
0.200318
0.206953
0.192574
0.205421
0.195483
0.191983
0.215829
0.229173
0.216103
0.223265
0.216616
0.199882
0.193846
0.199835
0.211019
0.226153
0.213399
0.211952
0.225245
0.218647
0.212984
0.195532
0.229752
0.229683
0.223869
0.217689
0.225147
0.223542
0.223035
0.226807
0.224761
0.204657
0.227154
0.217617
0.204525
0.232125
0.227806
0.224584
0.219710
0.225032
0.225050
0.222099
0.238350
0.197845
0.217650
0.211471
0.191511
0.217794
0.193017
0.210973
0.205438
0.226735
0.225050
0.215440
0.208568
0.228745
0.221885
0.207550
0.230805
0.236501
0.213410
0.231384
0.214970
0.224038
0.238485
0.231279
0.221295
0.212857
0.193578
0.202991
0.205584
0.222815
0.214551
0.223579
0.222950
0.221675
0.224651
0.215447
0.208897
0.214989
0.222360
0.229002
0.232278
0.235579
0.226585
0.221513
0.237542
0.233946
0.221047
0.228061
0.222911
0.220318
0.225355
0.218844
0.208265
0.214368
0.214596
0.196981
0.218720
0.219903
0.214166
0.217739
0.204767
0.230054
0.222161
0.210257
0.218490
0.224671
0.219259
0.235818
0.230064
0.238759
0.231185
0.235579
0.217420
0.226105
0.225841
0.201214
0.208580
0.214203
0.212852
0.224295
0.206252
0.206186
0.217995
0.224612
0.221386
0.210816
0.211250
0.216733
0.224246
0.219663
0.222863
0.221967
0.213696
0.238872
0.225494
0.221462
0.223391
0.222944
0.223696
0.210976
0.211071
0.229743
0.226452
0.200323
0.233356
0.233148
0.197461
0.207350
0.216717
0.227174
0.213703
0.205098
0.228775
0.222023
0.214324
0.219195
0.219633
0.218419
0.222444
0.223379
0.217110
0.218155
0.229043
0.214145
0.201856
0.198966
0.204668
0.233916
0.214623
0.225843
0.220098
0.224267
0.217755
0.233800
0.224875
0.217304
0.221328
0.229969
0.231352
0.220689
0.192224
0.216572
0.211162
0.206172
0.221952
0.219590
0.195919
0.213917
0.224651
0.216694
0.222488
0.228655
0.230399
0.219486
0.231099
0.207713
0.198742
0.201212
0.213040
0.225506
0.216889
0.230417
0.233574
0.213732
0.229496
0.236148
0.205495
0.203366
0.196761
0.175013
0.220320
0.199374
0.218173
0.225526
0.210191
0.216456
0.225916
0.229849
0.205983
0.220885
0.234454
0.220127
0.199990
0.204735
0.205204
0.229524
0.209818
0.222608
0.216262
0.226889
0.207280
0.224364
0.216373
0.195834
0.223847
0.230819
0.219247
0.225657
0.216106
0.212487
0.204265
0.203132
0.205555
0.198597
0.222075
0.209588
0.220379
0.210326
0.221685
0.224212
0.232780
0.228592
0.237043
0.233782
0.225306
0.217795
0.207276
0.213436
0.201667
0.220942
0.221020
0.225107
0.200129
0.222987
0.225529
0.207946
0.235094
0.233959
0.220151
0.224636
0.218333
0.218313
0.226017
0.212602
0.217479
0.210169
0.222995
0.222733
0.228836
0.229238
0.200551
0.226686
0.213749
0.208650
0.229724
0.219267
0.217454
0.231711
0.214411
0.226249
0.224701
0.225564
0.220805
0.221742
0.231484
0.215341
0.234471
0.214227
0.213076
0.221384
0.215070
0.229097
0.217877
0.218340
0.203174
0.189061
0.211281
0.220718
0.222521
0.225405
0.225319
0.222915
0.195377
0.218171
0.205468
0.184367
0.192104
0.190136
0.230500
0.226121
0.209702
0.232106
0.221129
0.213956
0.211603
0.212480
0.237177
0.227214
0.211939
0.198793
0.221203
0.221940
0.228720
0.218338
0.216392
0.218807
0.208328
0.233662
0.230095
0.217581
0.213135
0.218683
0.217944
0.212234
0.198453
0.219086
0.217979
0.187426
0.230852
0.215175
0.228290
0.221544
0.218085
0.220271
0.209699
0.202598
0.220042
0.221855
0.200170
0.213052
0.215834
0.220254
0.230005
0.220563
0.234713
0.209473
0.198442
0.198248
0.211258
0.211547
0.215291
0.213184
0.199240
0.225696
0.234220
0.215154
0.210920
0.216282
0.225332
0.231991
0.223856
0.212778
0.203431
0.239943
0.230695
0.228487
0.204347
0.195670
0.197056
0.194522
0.219228
0.222128
0.231645
0.231282
0.211977
0.233598
0.215571
0.204221
0.209047
0.219326
0.213687
0.207012
0.209270
0.210801
0.212421
0.212116
0.229413
0.188936
0.200859
0.225108
0.230432
0.206657
0.188085
0.227077
0.229342
0.216921
0.219323
0.218425
0.217342
0.203047
0.210445
0.220865
0.198873
0.171459
0.196119
0.223811
0.229696
0.229174
0.209200
0.225871
0.204559
0.220523
0.219115
0.218892
0.220308
0.208689
0.205425
0.233244
0.217763
0.212728
0.221381
0.189968
0.192672
0.239091
0.235583
0.217433
0.215578
0.226337
0.227230
0.220079
0.231169
0.224048
0.232123
0.237663
0.231223
0.220971
0.212412
0.216930
0.228165
0.229868
0.227375
0.218785
0.220666
0.202633
0.188890
0.204331
0.218243
0.220255
0.200629
0.207863
0.194973
0.213414
0.228394
0.201067
0.229503
0.219280
0.203222
0.205685
0.214128
0.206264
0.204096
0.203637
0.235106
0.225095
0.221586
0.223332
0.205461
0.218554
0.219691
0.227791
0.238954
0.222829
0.214491
0.220238
0.218073
0.206625
0.229775
0.229104
0.232681
0.227867
0.223809
0.230353
0.226389
0.233313
0.203113
0.228260
0.228756
0.216271
0.189353
0.190971
0.196629
0.224986
0.239975
0.198598
0.206852
0.214225
0.221559
0.227971
0.216430
0.191493
0.199014
0.216808
0.224404
0.234820
0.238203
0.231738
0.227363
0.231961
0.202604
0.230325
0.228963
0.222036
0.212714
0.225960
0.201345
0.228514
0.241160
0.228786
0.234204
0.216387
0.213134
0.229832
0.215151
0.233120
0.229586
0.217279
0.214463
0.212510
0.216453
0.216585
0.216135
0.210120
0.241300
0.215351
0.210520
0.225871
0.222739
0.231609
0.228458
0.219261
0.218062
0.221070
0.208062
0.208441
0.205949
0.219542
0.214836
0.223180
0.230661
0.232328
0.228609
0.226985
0.230912
0.226103
0.219293
0.229101
0.224689
0.219922
0.221363
0.203906
0.227507
0.217239
0.218171
0.236101
0.222716
0.225031
0.219702
0.232192
0.230103
0.231138
0.223484
0.228910
0.222948
0.205106
0.197430
0.229326
0.227003
0.212651
0.239474
0.223068
0.229948
0.236179
0.217671
0.232408
0.234410
0.212065
0.210005
0.220465
0.214153
0.195766
0.212182
0.238729
0.229809
0.229861
0.224135
0.238982
0.228252
0.233169
0.229863
0.231330
0.228383
0.210546
0.224405
0.192174
0.212949
0.226330
0.239900
0.232158
0.229618
0.229609
0.241778
0.221466
0.217567
0.227972
0.231837
0.232921
0.212212
0.219748
0.204995
0.214540
0.229107
0.226009
0.222536
0.214727
0.211833
0.215050
0.218991
0.210920
0.216577
0.231999
0.237527
0.229901
0.200383
0.215172
0.219578
0.215012
0.227425
0.220005
0.206623
0.222631
0.228431
0.232144
0.227835
0.220883
0.227356
0.213818
0.206139
0.215328
0.231517
0.224319
0.226232
0.224852
0.211596
0.226856
0.209153
0.242032
0.234115
0.227925
0.233872
0.240048
0.236504
0.222087
0.233212
0.221708
0.227305
0.239828
0.224979
0.230206
0.232760
0.225238
0.215989
0.235401
0.232776
0.223957
0.234502
0.217820
0.213792
0.216327
0.198461
0.226324
0.198964
0.196938
0.212271
0.221723
0.203189
0.219282
0.225402
0.225207
0.208244
0.207828
0.227960
0.232657
0.211785
0.225278
0.223255
0.225940
0.219557
0.209952
0.203780
0.224663
0.221787
0.203881
0.227983
0.235716
0.221276
0.223764
0.222281
0.222379
0.236840
0.223174
0.229597
0.234556
0.203098
0.214087
0.209307
0.220349
0.230721
0.232788
0.216646
0.228492
0.235393
0.230153
0.226549
0.222795
0.233211
0.212231
0.209478
0.193767
0.199816
0.208963
0.197481
0.223521
0.214898
0.239939
0.217940
0.226707
0.203211
0.222820
0.206170
0.196305
0.206074
0.223386
0.239921
0.229642
0.228782
0.221299
0.195272
0.231027
0.233669
0.226648
0.227680
0.220074
0.227044
0.210651
0.215215
0.212111
0.217893
0.219610
0.219442
0.219052
0.205760
0.195617
0.208436
0.230857
0.222922
0.235017
0.229862
0.225471
0.230328
0.211234
0.231933
0.219764
0.223986
0.215988
0.209352
0.212261
0.220229
0.236170
0.217009
0.211991
0.222965
0.238360
0.214978
0.221712
0.240124
0.238652
0.228988
0.242796
0.237994
0.221853
0.221825
0.225420
0.236771
0.234223
0.237196
0.226116
0.227024
0.227318
0.218956
0.216758
0.230962
0.222289
0.211908
0.206771
0.207808
0.218349
0.230943
0.225496
0.217517
0.225676
0.222347
0.223210
0.233577
0.222110
0.216400
0.219741
0.232934
0.231860
0.230118
0.227905
0.219752
0.237392
0.228843
0.216805
0.224181
0.197165
0.210015
0.211186
0.228212
0.226542
0.224035
0.216232
0.224026
0.232806
0.221974
0.221645
0.239007
0.228849
0.229245
0.231298
0.219410
0.205238
0.233475
0.240310
0.221791
0.237214
0.229340
0.221221
0.226344
0.224618
0.236876
0.206504
0.192563
0.215326
0.218726
0.212475
0.217465
0.219909
0.209315
0.214984
0.221709
0.215148
0.222661
0.231149
0.222965
0.213816
0.215528
0.213182
0.212526
0.230763
0.240241
0.230201
0.215595
0.229504
0.222392
0.226393
0.205217
0.221792
0.229344
0.216603
0.205747
0.228463
0.230677
0.228018
0.224977
0.229285
0.236579
0.208724
0.180807
0.187768
0.183011
0.234841
0.220277
0.223426
0.224307
0.219338
0.228817
0.216493
0.225735
0.182210
0.210804
0.219813
0.202118
0.199379
0.201844
0.219291
0.232403
0.229985
0.213456
0.200886
0.210477
0.219273
0.214194
0.215931
0.214748
0.232130
0.212558
0.224547
0.202872
0.215853
0.214483
0.217870
0.213119
0.209734
0.230900
0.230925
0.241537
0.240265
0.238089
0.222312
0.203804
0.181809
0.192833
0.218043
0.209986
0.224672
0.235171
0.239123
0.218457
0.232987
0.221000
0.210272
0.216853
0.234315
0.242857
0.232114
0.236987
0.221491
0.196977
0.226672
0.235811
0.223215
0.223843
0.230097
0.224301
0.229005
0.210334
0.197931
0.202415
0.211676
0.223169
0.213574
0.221027
0.207841
0.220518
0.212800
0.197704
0.199265
0.205238
0.226138
0.213588
0.213177
0.209982
0.229675
0.228672
0.237133
0.212695
0.227787
0.229205
0.230397
0.210538
0.214153
0.207897
0.208712
0.224119
0.206607
0.215770
0.209752
0.211256
0.217474
0.225910
0.228000
0.237966
0.227310
0.226121
0.226210
0.227362
0.228754
0.240403
0.209990
0.202787
0.217692
0.243908
0.223319
0.221706
0.223599
0.213070
0.198488
0.217342
0.227659
0.218375
0.234292
0.232753
0.222449
0.205342
0.219543
0.213707
0.222640
0.229511
0.229205
0.221856
0.218703
0.212697
0.211482
0.228085
0.204717
0.225205
0.224357
0.224861
0.230167
0.229127
0.238452
0.216305
0.227720
0.214333
0.213996
0.214755
0.206197
0.194806
0.221234
0.236320
0.216945
0.231662
0.231274
0.225335
0.222623
0.219384
0.220260
0.222478
0.196067
0.206184
0.226476
0.205678
0.214877
0.201781
0.219430
0.216703
0.224541
0.235029
0.232704
0.244204
0.224392
0.232503
0.229527
0.233467
0.222932
0.238330
0.221608
0.231924
0.234893
0.233737
0.238174
0.229426
0.219065
0.214600
0.239752
0.234866
0.223613
0.211008
0.228061
0.236875
0.217957
0.237789
0.236044
0.227740
0.221477
0.214413
0.217730
0.209024
0.219355
0.231833
0.226417
0.217930
0.212380
0.209524
0.215385
0.217335
0.212135
0.230134
0.230293
0.215466
0.228140
0.217588
0.231574
0.239048
0.224850
0.219611
0.238545
0.232762
0.235085
0.224474
0.220405
0.229109
0.221085
0.222257
0.228343
0.214691
0.201934
0.199216
0.232522
0.226667
0.216280
0.203901
0.210969
0.229209
0.210874
0.213361
0.221747
0.229929
0.224380
0.217086
0.224128
0.199130
0.208808
0.241509
0.206144
0.234700
0.221001
0.231631
0.238313
0.220864
0.209072
0.214148
0.222944
0.224828
0.217591
0.216854
0.212013
0.209678
0.218961
0.211440
0.214916
0.209521
0.201335
0.225143
0.200966
0.215668
0.203707
0.223219
0.228193
0.229088
0.239227
0.231401
0.196913
0.235865
0.227584
0.218559
0.241879
0.236955
0.222903
0.226267
0.199670
0.214508
0.235873
0.228672
0.202317
0.203710
0.228724
0.219754
0.230177
0.231309
0.225265
0.231441
0.243203
0.243204
0.213747
0.229382
0.213449
0.240060
0.236727
0.226945
0.214066
0.239739
0.239310
0.214067
0.229648
0.211373
0.221826
0.219487
0.193792
0.210181
0.196033
0.221128
0.232432
0.227522
0.216677
0.214634
0.225241
0.217390
0.217379
0.207550
0.200913
0.212230
0.234058
0.237175
0.217120
0.213936
0.201897
0.222157
0.223996
0.205937
0.196172
0.193913
0.207441
0.230505
0.234402
0.236358
0.230966
0.225620
0.244971
0.237901
0.233887
0.219626
0.203952
0.214239
0.225574
0.211481
0.216782
0.232104
0.206201
0.200764
0.187649
0.219720
0.212775
0.207050
0.220512
0.220069
0.232824
0.224091
0.220919
0.231534
0.225280
0.209188
0.224061
0.235376
0.236806
0.210279
0.224584
0.227181
0.202402
0.224523
0.188056
0.214638
0.237074
0.220408
0.231378
0.239269
0.220664
0.228937
0.206977
0.215599
0.219700
0.241248
0.228528
0.208591
0.200232
0.218597
0.204447
0.205704
0.211471
0.215603
0.225494
0.217719
0.235014
0.224161
0.237933
0.226763
0.222232
0.193229
0.221817
0.215722
0.218237
0.236146
0.233331
0.224805
0.215740
0.207408
0.215346
0.211020
0.224433
0.233136
0.234199
0.230199
0.225894
0.242268
0.233683
0.231207
0.222860
0.232253
0.231734
0.234228
0.229322
0.213977
0.205057
0.198542
0.192053
0.207370
0.193154
0.234883
0.227168
0.208383
0.204164
0.241507
0.228352
0.237206
0.239718
0.234972
0.216699
0.240213
0.219621
0.227953
0.226147
0.217509
0.224936
0.222978
0.229879
0.230178
0.231889
0.206273
0.239700
0.243751
0.226921
0.219234
0.219542
0.223083
0.229269
0.237657
0.235076
0.225507
0.228331
0.226466
0.237805
0.226253
0.213839
0.225409
0.222641
0.233961
0.239059
0.233021
0.231374
0.227997
0.230592
0.237946
0.238107
0.235186
0.239262
0.223316
0.219286
0.242273
0.215976
0.218455
0.228736
0.217826
0.195838
0.240194
0.233618
0.237388
0.242422
0.209867
0.232652
0.232557
0.230962
0.212644
0.237141
0.219386
0.233243
0.227856
0.230457
0.225640
0.225719
0.241935
0.228271
0.222282
0.217496
0.215168
0.181542
0.193108
0.226115
0.219127
0.232312
0.239992
0.225177
0.238276
0.234010
0.231605
0.233435
0.216214
0.235036
0.224390
0.212195
0.221412
0.223064
0.245487
0.241614
0.211838
0.182967
0.199466
0.222579
0.218388
0.213842
0.220077
0.209566
0.203926
0.239302
0.233403
0.237105
0.222018
0.211079
0.240438
0.209571
0.233866
0.214070
0.227073
0.220982
0.223920
0.201247
0.194762
0.237644
0.211592
0.208163
0.227797
0.220114
0.223252
0.235918
0.228066
0.213622
0.207128
0.209899
0.218842
0.239178
0.220859
0.232749
0.218127
0.213943
0.229480
0.230342
0.206365
0.202258
0.220135
0.230929
0.225154
0.210032
0.223047
0.221222
0.212913
0.222215
0.211251
0.208463
0.211016
0.227178
0.233814
0.238159
0.224069
0.211962
0.221778
0.233805
0.238614
0.216026
0.213785
0.211070
0.238720
0.233633
0.224101
0.226146
0.210716
0.209379
0.220042
0.222516
0.232405
0.239352
0.245806
0.229134
0.222124
0.214573
0.214306
0.224747
0.241014
0.209528
0.214924
0.216358
0.235439
0.228075
0.216738
0.199445
0.242982
0.241341
0.225869
0.202715
0.239643
0.242446
0.241237
0.221105
0.240515
0.214684
0.200955
0.203118
0.219689
0.229059
0.234120
0.230410
0.212197
0.245877
0.215489
0.236385
0.219742
0.212195
0.227030
0.224964
0.227097
0.227528
0.220411
0.227758
0.198892
0.226901
0.229556
0.240228
0.218245
0.222826
0.219377
0.221022
0.235827
0.230226
0.227456
0.207547
0.230549
0.213987
0.223855
0.204411
0.216880
0.228729
0.231221
0.231190
0.235950
0.215455
0.235888
0.243084
0.218214
0.241090
0.234278
0.214914
0.225437
0.206224
0.212691
0.225129
0.225255
0.233678
0.207449
0.205284
0.246040
0.244653
0.228657
0.237203
0.233322
0.224382
0.216200
0.224528
0.237167
0.219318
0.215235
0.231347
0.230991
0.210140
0.229901
0.197079
0.236123
0.207296
0.216155
0.190614
0.215523
0.215713
0.216470
0.224841
0.237115
0.218793
0.218059
0.225130
0.228209
0.224746
0.228424
0.230894
0.228548
0.192298
0.237877
0.234507
0.231529
0.199416
0.240099
0.230768
0.216970
0.228420
0.227714
0.235771
0.236464
0.232937
0.229524
0.226281
0.217008
0.226263
0.220894
0.246329
0.226397
0.226667
0.227566
0.201232
0.210245
0.221877
0.237191
0.216708
0.214880
0.212700
0.203302
0.231834
0.226939
0.209748
0.202498
0.229085
0.235562
0.225385
0.219931
0.201345
0.212678
0.223585
0.213165
0.218576
0.237965
0.227399
0.219388
0.234881
0.244056
0.224139
0.220507
0.238096
0.229652
0.235699
0.205999
0.216520
0.218669
0.222251
0.229663
0.214892
0.241456
0.236201
0.235561
0.235283
0.232440
0.230083
0.227516
0.225142
0.235959
0.232219
0.237819
0.237627
0.237801
0.212610
0.224258
0.234341
0.237209
0.241112
0.216970
0.229995
0.246581
0.218984
0.246576
0.241325
0.241310
0.230054
0.234012
0.209642
0.225943
0.217742
0.217763
0.232676
0.216714
0.228330
0.222185
0.225934
0.228748
0.238531
0.228687
0.230341
0.240752
0.234447
0.240892
0.221977
0.240347
0.220279
0.197530
0.209482
0.222530
0.233443
0.226779
0.217315
0.212979
0.189993
0.221732
0.233055
0.224130
0.224620
0.212492
0.222311
0.243679
0.226379
0.235456
0.233030
0.244001
0.233601
0.198556
0.227210
0.234591
0.232458
0.238018
0.229672
0.233502
0.221681
0.213533
0.234426
0.234348
0.219330
0.236352
0.228429
0.228044
0.214888
0.221525
0.224456
0.206686
0.216308
0.230657
0.214470
0.219389
0.240819
0.224807
0.241276
0.237728
0.218361
0.215328
0.235359
0.232934
0.204157
0.239089
0.238260
0.218360
0.217196
0.220237
0.232688
0.211353
0.225170
0.241024
0.234895
0.244579
0.246101
0.236426
0.225808
0.220953
0.223516
0.234284
0.226748
0.206154
0.220361
0.214442
0.186214
0.215242
0.215177
0.231591
0.229665
0.241704
0.210445
0.214105
0.233898
0.218547
0.235547
0.243657
0.234122
0.226567
0.196659
0.207074
0.214867
0.207757
0.207516
0.217793
0.215036
0.234923
0.229508
0.237972
0.241657
0.240791
0.232727
0.226242
0.227177
0.225692
0.238630
0.214248
0.217373
0.217868
0.205337
0.235095
0.238009
0.213466
0.220942
0.242950
0.235150
0.230137
0.241959
0.234108
0.242232
0.208047
0.242951
0.217540
0.220254
0.224060
0.213692
0.219908
0.219727
0.209083
0.238680
0.235019
0.232912
0.236581
0.223793
0.214079
0.236203
0.240594
0.238769
0.232439
0.222936
0.212267
0.228060
0.243097
0.246362
0.236709
0.234784
0.216284
0.223602
0.218991
0.211901
0.221823
0.243245
0.220708
0.208670
0.226200
0.238728
0.241070
0.221161
0.225864
0.217445
0.211545
0.210708
0.213171
0.221841
0.224571
0.235705
0.214135
0.224345
0.198940
0.206271
0.221821
0.223489
0.226209
0.228908
0.215980
0.213384
0.223000
0.222096
0.214907
0.228812
0.228130
0.220355
0.230041
0.238208
0.237181
0.239459
0.237977
0.241455
0.236397
0.229162
0.237321
0.231223
0.196289
0.227465
0.237299
0.227939
0.227242
0.223525
0.233341
0.236802
0.235288
0.231469
0.235476
0.219400
0.209224
0.207503
0.228202
0.236773
0.218585
0.223713
0.238705
0.221060
0.225494
0.222508
0.215012
0.210390
0.221113
0.230616
0.220487
0.224387
0.221196
0.220133
0.241151
0.228534
0.237261
0.215169
0.205318
0.196564
0.218897
0.225119
0.232809
0.232300
0.224662
0.202460
0.211089
0.221780
0.213159
0.231011
0.213446
0.220785
0.220798
0.209446
0.206382
0.231769
0.234883
0.239823
0.240687
0.227306
0.229145
0.215363
0.217328
0.200515
0.224193
0.222941
0.227076
0.223837
0.211416
0.235755
0.231772
0.236176
0.227884
0.237009
0.229954
0.242225
0.224458
0.210764
0.232047
0.214425
0.206438
0.219896
0.229580
0.226528
0.224255
0.214712
0.233729
0.217827
0.224658
0.247454
0.242628
0.220034
0.219466
0.221742
0.233994
0.234530
0.230201
0.226217
0.227824
0.238777
0.226521
0.203912
0.242576
0.236452
0.212576
0.216504
0.229787
0.236719
0.221779
0.238114
0.237754
0.228202
0.213838
0.229514
0.235330
0.236407
0.240778
0.231648
0.213036
0.225869
0.226987
0.213591
0.225050
0.234611
0.232369
0.201190
0.217281
0.220611
0.229433
0.217444
0.229764
0.195455
0.217120
0.205998
0.209993
0.226657
0.232684
0.223048
0.236597
0.220822
0.237520
0.224013
0.198457
0.201105
0.213192
0.227946
0.234838
0.246244
0.237478
0.225685
0.233396
0.225965
0.212080
0.228207
0.230544
0.209442
0.214027
0.237931
0.219074
0.217418
0.229228
0.233588
0.230779
0.225841
0.230878
0.234020
0.234544
0.209133
0.216221
0.232996
0.226445
0.229595
0.235833
0.228707
0.195736
0.236170
0.215217
0.235172
0.230247
0.229520
0.239012
0.245966
0.240788
0.233518
0.227616
0.245476
0.220190
0.230032
0.236590
0.222975
0.230394
0.228470
0.217746
0.216840
0.209301
0.228474
0.232597
0.222211
0.211390
0.228595
0.239223
0.230534
0.222898
0.233340
0.236301
0.219568
0.223906
0.226078
0.220047
0.202534
0.210314
0.198446
0.202895
0.234026
0.236229
0.241167
0.242016
0.191744
0.237174
0.222148
0.232889
0.228272
0.236025
0.215322
0.220375
0.238922
0.227631
0.210714
0.225200
0.217580
0.220060
0.238256
0.217658
0.213679
0.235185
0.231234
0.233862
0.234268
0.227262
0.232604
0.215090
0.214481
0.228583
0.212587
0.246987
0.227453
0.224919
0.215799
0.210253
0.222482
0.228608
0.238803
0.236978
0.224146
0.228284
0.232601
0.226575
0.210925
0.228779
0.236617
0.227800
0.207459
0.217683
0.223511
0.203091
0.189373
0.223264
0.219613
0.243455
0.237867
0.226333
0.213274
0.229373
0.235923
0.215486
0.202331
0.214475
0.228786
0.204826
0.209969
0.208545
0.228413
0.224034
0.244033
0.244858
0.229305
0.225591
0.225932
0.207228
0.209422
0.213164
0.225383
0.239195
0.224906
0.229474
0.238313
0.234684
0.220333
0.229309
0.204603
0.228317
0.233799
0.224654
0.225653
0.238390
0.246873
0.237247
0.222405
0.220479
0.217118
0.239726
0.228730
0.208072
0.212194
0.213164
0.227238
0.233252
0.231808
0.224762
0.218798
0.221988
0.231155
0.226866
0.230342
0.219833
0.244484
0.237993
0.231382
0.228921
0.227148
0.229533
0.221611
0.223010
0.242864
0.235701
0.227265
0.237808
0.233717
0.232384
0.238986
0.238299
0.219760
0.234973
0.244003
0.205976
0.226241
0.217765
0.213665
0.233717
0.237066
0.229070
0.215767
0.219706
0.226996
0.242738
0.238260
0.225548
0.228215
0.240039
0.233705
0.235974
0.231505
0.231687
0.220837
0.244540
0.229661
0.211192
0.209640
0.217681
0.203521
0.211029
0.209180
0.202465
0.238313
0.232767
0.239343
0.237842
0.229330
0.231164
0.215406
0.226030
0.233237
0.232082
0.233611
0.229144
0.219246
0.226649
0.219323
0.231262
0.238382
0.229415
0.211875
0.215820
0.218706
0.204695
0.223217
0.225044
0.227425
0.229363
0.240147
0.232182
0.215769
0.206524
0.225083
0.203525
0.232929
0.215450
0.218849
0.232603
0.233803
0.226628
0.235186
0.244340
0.235245
0.232344
0.228513
0.248555
0.225891
0.208724
0.237803
0.245709
0.244451
0.210525
0.223876
0.240465
0.240330
0.224600
0.218157
0.226317
0.232922
0.240388
0.242841
0.221783
0.210265
0.204000
0.215456
0.207841
0.213053
0.240092
0.246791
0.228534
0.237875
0.231123
0.227146
0.234176
0.230477
0.238549
0.244712
0.242193
0.225091
0.231998
0.243163
0.239678
0.242464
0.224255
0.228597
0.223425
0.230647
0.232163
0.225892
0.226967
0.214126
0.241307
0.237557
0.233172
0.233617
0.231956
0.198706
0.219940
0.222380
0.213775
0.212234
0.225324
0.225154
0.228009
0.237629
0.218050
0.218885
0.211048
0.209585
0.232812
0.227859
0.236380
0.226858
0.232241
0.214574
0.226555
0.225902
0.198255
0.223371
0.237277
0.248189
0.241574
0.231241
0.237039
0.221563
0.224043
0.234208
0.211584
0.219390
0.223152
0.217103
0.216226
0.220170
0.196431
0.213532
0.248810
0.248819
0.245979
0.227101
0.231338
0.228131
0.240437
0.226647
0.228763
0.204196
0.217159
0.205663
0.215829
0.206429
0.241772
0.243290
0.232475
0.238990
0.238369
0.233865
0.233492
0.227421
0.202294
0.242106
0.231627
0.231103
0.236943
0.208475
0.237791
0.235151
0.235552
0.245698
0.229660
0.218983
0.228975
0.233607
0.230324
0.219834
0.221365
0.218313
0.200181
0.233766
0.245979
0.238405
0.216086
0.211494
0.234243
0.226372
0.229594
0.213655
0.241876
0.238738
0.220318
0.209006
0.220461
0.223258
0.208947
0.210664
0.219626
0.234929
0.208995
0.198295
0.229261
0.237689
0.200711
0.237631
0.206468
0.219189
0.220240
0.240351
0.229515
0.234743
0.231687
0.222981
0.226957
0.218902
0.203572
0.210384
0.211501
0.215511
0.221084
0.239972
0.221780
0.201179
0.220967
0.199696
0.199227
0.228016
0.224679
0.228294
0.234323
0.216515
0.239010
0.220702
0.212519
0.238079
0.230711
0.214087
0.208368
0.210720
0.206393
0.219503
0.246993
0.233670
0.226844
0.241829
0.236407
0.230657
0.216408
0.217350
0.225810
0.231361
0.234306
0.223769
0.226085
0.221587
0.213074
0.226476
0.217163
0.243819
0.212837
0.213334
0.219702
0.222789
0.227004
0.229262
0.220328
0.238180
0.236952
0.220749
0.226670
0.235985
0.228151
0.229010
0.223194
0.208898
0.205101
0.229973
0.228815
0.239298
0.226488
0.224194
0.215005
0.220624
0.225349
0.228385
0.228118
0.230531
0.242330
0.231555
0.233969
0.234443
0.205372
0.213978
0.222648
0.219848
0.238235
0.238549
0.210141
0.225884
0.218671
0.247277
0.240273
0.226824
0.219904
0.225218
0.206649
0.226612
0.200721
0.201397
0.224191
0.220249
0.217997
0.236468
0.200612
0.221806
0.229540
0.238653
0.239870
0.216087
0.244258
0.229306
0.226270
0.219906
0.219469
0.222489
0.225841
0.238701
0.238490
0.224375
0.227182
0.229632
0.216606
0.224632
0.235609
0.233882
0.217074
0.204224
0.214275
0.224212
0.238029
0.226168
0.244376
0.243365
0.208657
0.241455
0.218764
0.206410
0.215483
0.219998
0.218444
0.222035
0.229013
0.224517
0.230519
0.227386
0.212965
0.225787
0.242472
0.234617
0.241232
0.226528
0.220517
0.243725
0.234168
0.225307
0.225182
0.243660
0.237796
0.230879
0.237322
0.234511
0.224174
0.240600
0.247287
0.233349
0.233489
0.235303
0.219374
0.226277
0.236585
0.226144
0.201987
0.243580
0.212783
0.204450
0.189083
0.200284
0.211185
0.213828
0.220196
0.216890
0.225548
0.213171
0.240259
0.229863
0.230752
0.234920
0.228424
0.209169
0.245382
0.237724
0.219146
0.218120
0.231148
0.230530
0.224933
0.234626
0.229480
0.225994
0.239198
0.244107
0.213660
0.225964
0.233345
0.218921
0.227956
0.197661
0.215523
0.224898
0.243426
0.238306
0.226725
0.215052
0.221845
0.220438
0.233041
0.221141
0.238634
0.237347
0.228119
0.227058
0.229582
0.230720
0.239341
0.226598
0.225537
0.226603
0.222345
0.241335
0.214021
0.227155
0.227081
0.249954
0.241550
0.242597
0.226691
0.215298
0.217544
0.222627
0.244405
0.223846
0.226242
0.214468
0.216633
0.216855
0.214152
0.230314
0.215966
0.208857
0.214705
0.220017
0.218446
0.222160
0.225981
0.231654
0.235521
0.231927
0.233317
0.228765
0.213943
0.217054
0.218538
0.235703
0.201207
0.206997
0.200221
0.221573
0.243827
0.219302
0.218664
0.241467
0.218123
0.229631
0.220643
0.216954
0.223706
0.238491
0.235467
0.240679
0.242448
0.234492
0.246575
0.240394
0.215580
0.213112
0.221698
0.221130
0.215270
0.230187
0.220535
0.243911
0.244078
0.238535
0.236602
0.218155
0.223749
0.214914
0.232322
0.224936
0.222870
0.226726
0.211573
0.223012
0.247217
0.241936
0.238991
0.225611
0.233143
0.241239
0.237936
0.228172
0.198399
0.225064
0.224057
0.213791
0.244217
0.236696
0.233946
0.230207
0.240877
0.234125
0.238369
0.241114
0.235775
0.239635
0.223364
0.238902
0.230898
0.242970
0.227591
0.210926
0.230591
0.219078
0.234970
0.240770
0.234418
0.228301
0.227063
0.216579
0.220547
0.230090
0.235291
0.235131
0.233130
0.226532
0.215963
0.226924
0.231675
0.243399
0.233012
0.219862
0.236410
0.220013
0.232068
0.236897
0.245252
0.238320
0.231043
0.227317
0.222660
0.215454
0.207333
0.214893
0.214198
0.233034
0.228033
0.235436
0.241339
0.234891
0.232611
0.236442
0.242169
0.225222
0.225996
0.224963
0.218824
0.241655
0.237984
0.239486
0.237237
0.235502
0.241205
0.245375
0.219858
0.216107
0.221480
0.206167
0.218192
0.227646
0.214768
0.228295
0.238726
0.232455
0.239821
0.247332
0.229674
0.230057
0.239355
0.239048
0.247641
0.240557
0.246241
0.236049
0.232516
0.232563
0.233200
0.237862
0.241125
0.246191
0.232162
0.243983
0.225133
0.224169
0.225298
0.234960
0.226183
0.212258
0.240967
0.221331
0.211284
0.221828
0.220025
0.229117
0.245472
0.230912
0.222549
0.233929
0.208383
0.210688
0.234421
0.219099
0.218284
0.222110
0.232644
0.232239
0.233162
0.229209
0.233504
0.246943
0.240802
0.224331
0.236090
0.232701
0.232198
0.244823
0.224510
0.232057
0.241515
0.247458
0.236417
0.236418
0.230854
0.239326
0.242363
0.215776
0.214137
0.227866
0.233408
0.222910
0.237380
0.235408
0.232627
0.235917
0.225560
0.247874
0.224309
0.233150
0.219504
0.241400
0.245666
0.242769
0.230095
0.239235
0.245665
0.242241
0.230709
0.234948
0.223264
0.222291
0.220688
0.214947
0.236857
0.233772
0.199450
0.198816
0.221652
0.245565
0.205006
0.243002
0.207452
0.201889
0.211351
0.215168
0.230187
0.237657
0.244951
0.233342
0.228242
0.235003
0.220369
0.206622
0.223779
0.235716
0.242803
0.222474
0.220468
0.234233
0.218830
0.226614
0.222052
0.231703
0.222997
0.233910
0.211567
0.221081
0.222934
0.241534
0.242755
0.239828
0.231525
0.223214
0.222014
0.212717
0.223869
0.213919
0.242071
0.225927
0.229535
0.241909
0.222090
0.223334
0.234174
0.204579
0.206524
0.223734
0.212868
0.231068
0.221463
0.215736
0.204649
0.226183
0.237422
0.225591
0.202799
0.193929
0.228277
0.228602
0.237886
0.250760
0.236087
0.242788
0.240481
0.241174
0.248054
0.208455
0.225809
0.226967
0.247959
0.246697
0.220645
0.217743
0.223237
0.233712
0.224965
0.237509
0.239146
0.248378
0.223892
0.225581
0.239845
0.219386
0.218135
0.232513
0.239844
0.234907
0.219762
0.211265
0.219954
0.222981
0.213136
0.240623
0.231503
0.225822
0.224725
0.230593
0.246518
0.231666
0.240058
0.219161
0.231109
0.228517
0.228508
0.218404
0.222914
0.214583
0.243994
0.239789
0.235749
0.232890
0.233757
0.214834
0.239173
0.244896
0.225149
0.207429
0.250236
0.245479
0.231621
0.237865
0.219342
0.230907
0.233213
0.239752
0.229822
0.229117
0.225380
0.214636
0.219231
0.237544
0.214474
0.229551
0.244041
0.239744
0.205004
0.220337
0.221571
0.217194
0.235461
0.243759
0.227902
0.221641
0.246563
0.226512
0.227304
0.231775
0.243866
0.227984
0.207165
0.220467
0.217300
0.233396
0.235426
0.234148
0.235265
0.223139
0.241858
0.225070
0.206239
0.237825
0.219204
0.195955
0.218940
0.220764
0.217981
0.225546
0.216162
0.238102
0.241822
0.245346
0.245988
0.238431
0.225271
0.229859
0.232670
0.238730
0.235040
0.229032
0.233301
0.222574
0.211107
0.228548
0.196148
0.234824
0.243696
0.240980
0.247608
0.244539
0.238200
0.239592
0.239892
0.236071
0.235817
0.245108
0.238326
0.215010
0.235238
0.233570
0.223432
0.221214
0.243083
0.233646
0.231129
0.233635
0.220206
0.215323
0.218240
0.239943
0.236466
0.231509
0.235715
0.230801
0.226687
0.244416
0.234065
0.246039
0.228070
0.233440
0.226488
0.236550
0.239009
0.242044
0.241045
0.218572
0.238243
0.219269
0.241083
0.230846
0.231469
0.245922
0.231482
0.237674
0.245032
0.223671
0.233808
0.248604
0.228965
0.239856
0.223774
0.248486
0.208590
0.218347
0.239007
0.243957
0.251393
0.232718
0.232836
0.239061
0.246546
0.224293
0.226481
0.219563
0.218339
0.214414
0.215263
0.244618
0.226708
0.231818
0.243555
0.242777
0.240067
0.242681
0.235584
0.238665
0.218874
0.226755
0.236687
0.225317
0.230593
0.231452
0.238318
0.246397
0.220135
0.213334
0.225707
0.233568
0.232525
0.245544
0.234942
0.198523
0.216487
0.206932
0.204583
0.224478
0.210195
0.202912
0.236972
0.235276
0.211585
0.204304
0.216523
0.231824
0.230754
0.231597
0.221941
0.237733
0.239596
0.223818
0.227992
0.237762
0.232857
0.221844
0.221887
0.243073
0.197222
0.218469
0.237052
0.224078
0.212909
0.218541
0.230166
0.230630
0.213458
0.243441
0.236766
0.224134
0.236646
0.234985
0.233312
0.214161
0.224227
0.235468
0.232194
0.233980
0.214697
0.222508
0.230858
0.246307
0.226728
0.209289
0.238221
0.224312
0.247967
0.223115
0.227576
0.234199
0.240425
0.227130
0.230234
0.240397
0.229300
0.240401
0.217250
0.231493
0.251654
0.243116
0.224943
0.217613
0.237446
0.217028
0.202900
0.229950
0.220909
0.234217
0.235797
0.232198
0.233054
0.231333
0.238208
0.242768
0.238867
0.238227
0.234793
0.225415
0.232695
0.238672
0.237609
0.232086
0.203508
0.206274
0.221449
0.214925
0.226082
0.212207
0.200461
0.221115
0.224168
0.226417
0.218991
0.216517
0.240045
0.238083
0.223572
0.214787
0.228129
0.232867
0.238821
0.232296
0.233920
0.237292
0.227408
0.240898
0.234398
0.227724
0.237707
0.248226
0.239663
0.227541
0.216375
0.229828
0.210639
0.234728
0.239513
0.223736
0.231898
0.221189
0.219595
0.238029
0.232955
0.240508
0.228501
0.232444
0.237621
0.219187
0.231901
0.227774
0.228311
0.221429
0.229967
0.230936
0.210010
0.212480
0.205122
0.214291
0.206391
0.213147
0.213526
0.233964
0.218018
0.212657
0.218146
0.231131
0.242955
0.228872
0.225140
0.229918
0.228795
0.224875
0.229611
0.234823
0.215198
0.233264
0.221294
0.220607
0.238289
0.225230
0.229443
0.236693
0.235341
0.219764
0.222353
0.243854
0.216099
0.237280
0.230817
0.239133
0.237723
0.236974
0.224048
0.221805
0.247207
0.239160
0.230603
0.242771
0.248270
0.231726
0.212158
0.231392
0.208626
0.219172
0.243168
0.210803
0.217484
0.209206
0.198937
0.213541
0.210024
0.238489
0.222972
0.243577
0.231012
0.220046
0.229537
0.225989
0.232244
0.235990
0.217742
0.230844
0.234155
0.216896
0.216619
0.236721
0.212446
0.233790
0.219155
0.222004
0.216289
0.238646
0.237168
0.245266
0.248571
0.228618
0.243696
0.244412
0.226982
0.225084
0.227448
0.228113
0.238463
0.226302
0.223460
0.236846
0.228565
0.221699
0.229784
0.232829
0.240543
0.226963
0.235587
0.246425
0.222815
0.223508
0.221319
0.219776
0.216425
0.218630
0.200550
0.196064
0.218046
0.226513
0.208493
0.236166
0.240657
0.246565
0.239081
0.231769
0.206340
0.236195
0.228643
0.231498
0.220911
0.236488
0.223372
0.219021
0.237578
0.235859
0.234416
0.230295
0.228566
0.222436
0.221692
0.238783
0.230208
0.249965
0.218107
0.214138
0.216708
0.238380
0.221417
0.248697
0.215737
0.218713
0.215078
0.222886
0.233324
0.236284
0.229598
0.235825
0.238676
0.239327
0.227172
0.233504
0.220207
0.246513
0.232557
0.223032
0.246702
0.238316
0.249019
0.249019
0.240666
0.231273
0.222884
0.201260
0.232032
0.222883
0.245602
0.213133
0.236370
0.230126
0.246598
0.210933
0.222898
0.236969
0.235871
0.228263
0.251030
0.242058
0.230446
0.233505
0.228144
0.245107
0.247518
0.230860
0.232371
0.231482
0.213063
0.231700
0.242196
0.218736
0.209468
0.229593
0.222737
0.244756
0.220700
0.225996
0.225754
0.236448
0.234318
0.234872
0.228623
0.226566
0.232068
0.233418
0.246694
0.252286
0.249538
0.222733
0.236913
0.234337
0.201353
0.233930
0.235643
0.214145
0.209360
0.218621
0.217947
0.224593
0.231825
0.230190
0.230701
0.222862
0.220189
0.221027
0.219166
0.208218
0.216393
0.224211
0.231374
0.222380
0.240354
0.239780
0.232467
0.244784
0.240828
0.219502
0.219716
0.213038
0.191882
0.242497
0.218326
0.232375
0.238087
0.239463
0.250480
0.242236
0.251039
0.230561
0.222419
0.199237
0.223632
0.227591
0.242011
0.222172
0.198031
0.222352
0.244773
0.232341
0.228544
0.231219
0.225429
0.220375
0.194243
0.220966
0.218918
0.244580
0.240787
0.239296
0.249504
0.218989
0.236330
0.218339
0.245540
0.210733
0.223816
0.243755
0.219055
0.227164
0.220144
0.226792
0.227906
0.235343
0.252538
0.240910
0.242395
0.233321
0.251121
0.247543
0.226940
0.229257
0.233473
0.236293
0.241696
0.234361
0.231122
0.240531
0.235625
0.231106
0.239740
0.243646
0.227032
0.235637
0.213681
0.209672
0.232863
0.224013
0.235818
0.216005
0.222884
0.245386
0.234143
0.250625
0.228571
0.218005
0.238258
0.224676
0.219492
0.230759
0.233070
0.241916
0.246980
0.227745
0.225905
0.237909
0.229298
0.219590
0.249996
0.238603
0.225606
0.244117
0.237458
0.238282
0.222555
0.219296
0.231100
0.220941
0.240759
0.237936
0.239244
0.236742
0.221160
0.219430
0.228930
0.218801
0.218164
0.226470
0.211932
0.216293
0.238976
0.238889
0.240233
0.217809
0.207272
0.202284
0.212653
0.244249
0.236243
0.230765
0.242349
0.250380
0.234561
0.233364
0.238662
0.227024
0.222511
0.222433
0.227682
0.191222
0.217855
0.221787
0.242827
0.226686
0.235767
0.225224
0.220780
0.224118
0.241096
0.245143
0.232104
0.216516
0.211897
0.235723
0.225422
0.229000
0.236831
0.203478
0.210798
0.217652
0.222419
0.222088
0.228350
0.224778
0.216565
0.201604
0.217929
0.219136
0.231471
0.221205
0.224192
0.240532
0.218853
0.238759
0.228553
0.226888
0.213605
0.225599
0.241487
0.233316
0.239082
0.230273
0.242029
0.226253
0.228237
0.223637
0.228373
0.235023
0.244263
0.241760
0.248342
0.225960
0.240652
0.225735
0.241765
0.238712
0.249365
0.226664
0.245447
0.244969
0.217869
0.225564
0.247114
0.219664
0.207094
0.238181
0.232965
0.231643
0.225932
0.244562
0.226820
0.235563
0.246895
0.210717
0.204268
0.222972
0.240473
0.237244
0.212698
0.231572
0.214913
0.235229
0.231013
0.247033
0.242600
0.230404
0.218364
0.242949
0.237630
0.236977
0.236121
0.230460
0.231790
0.238035
0.243601
0.243538
0.250096
0.213588
0.207141
0.217718
0.222721
0.215107
0.215251
0.234297
0.228481
0.252966
0.242050
0.208443
0.236846
0.231018
0.234709
0.244170
0.232021
0.237154
0.218245
0.233053
0.231678
0.227590
0.196014
0.236774
0.214901
0.210860
0.216424
0.215790
0.228156
0.227221
0.218342
0.237410
0.218096
0.216304
0.218673
0.240282
0.240157
0.241675
0.223711
0.241770
0.221939
0.241616
0.238006
0.222472
0.224737
0.243156
0.223299
0.226465
0.233003
0.241177
0.251352
0.241071
0.246007
0.243736
0.248595
0.240812
0.247925
0.235615
0.206107
0.234110
0.222470
0.228498
0.235100
0.240878
0.233830
0.247848
0.241221
0.233021
0.232718
0.243983
0.237306
0.229542
0.204617
0.218665
0.217952
0.236047
0.225650
0.203520
0.230582
0.245476
0.242735
0.239045
0.231913
0.228889
0.239011
0.241160
0.215908
0.244663
0.233277
0.223747
0.220000
0.242724
0.240865
0.234116
0.229972
0.227264
0.222652
0.217089
0.221065
0.218299
0.214485
0.221242
0.213073
0.241224
0.231116
0.234075
0.247888
0.238747
0.224715
0.225606
0.230152
0.241908
0.240269
0.243186
0.216808
0.216162
0.238978
0.248017
0.205168
0.216141
0.227810
0.229305
0.250641
0.232977
0.224798
0.220928
0.224066
0.232188
0.244357
0.220149
0.234000
0.204218
0.224852
0.223421
0.233021
0.241642
0.237367
0.221112
0.240409
0.226656
0.251960
0.230692
0.228128
0.221077
0.233458
0.231300
0.229097
0.228357
0.224144
0.234178
0.238057
0.239966
0.227032
0.235071
0.242539
0.230290
0.240413
0.246016
0.245240
0.239820
0.242432
0.213095
0.246678
0.248637
0.240353
0.223736
0.229084
0.239817
0.222594
0.226602
0.237284
0.242383
0.216136
0.194282
0.229711
0.237552
0.226548
0.227681
0.236999
0.226372
0.241966
0.223671
0.223228
0.225931
0.222774
0.228760
0.233324
0.229963
0.212990
0.232143
0.223008
0.247543
0.245563
0.224299
0.237784
0.233062
0.193008
0.227246
0.230286
0.229031
0.211672
0.210397
0.203393
0.206000
0.199316
0.235856
0.224975
0.237788
0.215562
0.218589
0.240304
0.236969
0.227483
0.243296
0.225061
0.239669
0.222366
0.216002
0.237336
0.227310
0.235918
0.239940
0.246210
0.227957
0.233784
0.227865
0.211349
0.227312
0.239808
0.223270
0.237032
0.246783
0.238857
0.226483
0.218605
0.228635
0.236302
0.218659
0.216072
0.209263
0.201973
0.246749
0.247509
0.233309
0.236529
0.245031
0.238866
0.249933
0.247765
0.239494
0.247176
0.236443
0.220385
0.240372
0.219160
0.243192
0.248228
0.220023
0.234281
0.219563
0.228503
0.232561
0.198741
0.202576
0.216937
0.223956
0.224928
0.216966
0.208611
0.214231
0.243759
0.239640
0.225229
0.234336
0.226684
0.223485
0.236233
0.249360
0.239491
0.242909
0.215697
0.227621
0.232398
0.222636
0.243505
0.239200
0.243539
0.238367
0.246690
0.236557
0.243496
0.237173
0.241380
0.243269
0.232203
0.237118
0.220811
0.218589
0.223254
0.229717
0.212860
0.207463
0.182614
0.210591
0.217415
0.233482
0.239576
0.245606
0.219895
0.227899
0.233749
0.232917
0.245784
0.232343
0.223828
0.204588
0.215778
0.194149
0.229679
0.220728
0.247652
0.241687
0.227977
0.248366
0.234510
0.238951
0.233480
0.198474
0.220450
0.222681
0.250716
0.237834
0.234142
0.231832
0.219462
0.226933
0.247748
0.218599
0.240210
0.239843
0.238726
0.222790
0.224338
0.250983
0.214076
0.226620
0.245074
0.245345
0.207508
0.242843
0.229154
0.248351
0.237457
0.249637
0.228107
0.221548
0.226954
0.224091
0.241021
0.232595
0.233741
0.232943
0.248552
0.225353
0.212745
0.234301
0.234239
0.241888
0.231589
0.243327
0.207229
0.199793
0.226655
0.249841
0.237189
0.233873
0.225994
0.208778
0.217041
0.210586
0.239984
0.243599
0.242703
0.253879
0.241372
0.245540
0.234006
0.246956
0.231735
0.234079
0.225801
0.250650
0.210766
0.203845
0.230549
0.242237
0.252506
0.230302
0.239321
0.247386
0.232646
0.215150
0.213546
0.246831
0.225816
0.235621
0.207936
0.216426
0.224496
0.230263
0.232859
0.219723
0.240776
0.247681
0.231257
0.240088
0.247452
0.240983
0.233494
0.227789
0.241022
0.244893
0.251305
0.245214
0.221746
0.234165
0.212691
0.234081
0.225769
0.238975
0.226644
0.226547
0.238795
0.243745
0.236595
0.229397
0.247092
0.249796
0.241031
0.248691
0.254243
0.225848
0.233229
0.244269
0.241213
0.244601
0.237601
0.233194
0.230042
0.233578
0.230589
0.246887
0.251275
0.227259
0.234635
0.237608
0.238034
0.240535
0.248046
0.229247
0.231166
0.234403
0.222255
0.246108
0.233509
0.225447
0.234013
0.235856
0.246902
0.221038
0.238886
0.252730
0.251125
0.241978
0.229627
0.234832
0.233849
0.231019
0.226550
0.246069
0.252776
0.246517
0.214388
0.233446
0.240813
0.223044
0.247976
0.244291
0.234242
0.214587
0.211099
0.233870
0.230818
0.227758
0.210102
0.216716
0.227090
0.221127
0.227740
0.223829
0.231883
0.240164
0.208974
0.213013
0.237599
0.237177
0.244379
0.238075
0.222447
0.217090
0.211943
0.216117
0.233467
0.226037
0.243614
0.245041
0.248561
0.254402
0.225035
0.229904
0.241503
0.226710
0.240685
0.222941
0.241418
0.237967
0.220352
0.227179
0.247776
0.232237
0.244019
0.232543
0.220352
0.234188
0.225554
0.224104
0.206968
0.207644
0.243734
0.223271
0.237848
0.233083
0.242519
0.238640
0.217696
0.221645
0.226864
0.234492
0.241552
0.228311
0.221460
0.232134
0.225240
0.228984
0.228030
0.247502
0.242651
0.221412
0.241600
0.223589
0.242412
0.236071
0.235090
0.230329
0.220117
0.220788
0.231428
0.211199
0.212710
0.254444
0.240754
0.232580
0.239698
0.234767
0.234150
0.249274
0.247446
0.237646
0.245677
0.254462
0.248623
0.246613
0.241677
0.237129
0.240177
0.243196
0.238829
0.242984
0.249116
0.250209
0.244785
0.220797
0.233439
0.243660
0.229876
0.243323
0.247415
0.231442
0.218900
0.209894
0.213558
0.243660
0.225719
0.242516
0.219851
0.238419
0.233940
0.222691
0.243054
0.237438
0.233731
0.232625
0.206194
0.243947
0.237388
0.231120
0.231892
0.235437
0.243271
0.233910
0.233773
0.231990
0.230049
0.244048
0.238016
0.244012
0.235110
0.206929
0.242649
0.232058
0.236899
0.222041
0.233105
0.237102
0.204899
0.215803
0.225304
0.245993
0.238054
0.217839
0.219097
0.229651
0.219539
0.231827
0.241839
0.232560
0.245223
0.233903
0.223452
0.230878
0.242902
0.227563
0.230483
0.239089
0.231390
0.220113
0.216053
0.205967
0.241019
0.237118
0.234537
0.242194
0.249036
0.241784
0.228139
0.239008
0.242408
0.213374
0.240110
0.239558
0.242848
0.243396
0.232372
0.221811
0.228620
0.233604
0.241575
0.240651
0.238967
0.254080
0.243912
0.251609
0.232320
0.220640
0.219966
0.235789
0.243875
0.220342
0.231075
0.229327
0.236154
0.234125
0.245195
0.238766
0.241312
0.250319
0.244863
0.226171
0.230249
0.237423
0.242560
0.238108
0.228781
0.245584
0.234479
0.214567
0.200995
0.233003
0.245288
0.243073
0.226792
0.205829
0.249075
0.243762
0.247157
0.220210
0.213746
0.215471
0.235123
0.253471
0.254939
0.239145
0.214717
0.215456
0.197192
0.246697
0.227008
0.241393
0.227474
0.246090
0.247900
0.228919
0.223271
0.205365
0.227587
0.245142
0.246091
0.214522
0.234913
0.237915
0.248131
0.234909
0.243469
0.244249
0.250141
0.239752
0.243234
0.240894
0.225358
0.230471
0.202950
0.215373
0.205018
0.228871
0.234262
0.229799
0.249223
0.250740
0.236802
0.228120
0.239007
0.230639
0.225449
0.212294
0.238750
0.247764
0.246321
0.236026
0.236572
0.247627
0.223281
0.238745
0.236020
0.243372
0.239809
0.242211
0.227736
0.237469
0.227539
0.217671
0.232829
0.247462
0.248644
0.234395
0.240838
0.229252
0.231724
0.236665
0.238869
0.231594
0.241471
0.232797
0.224140
0.241939
0.241602
0.225148
0.242958
0.243281
0.246289
0.240015
0.227400
0.243065
0.245922
0.210147
0.244752
0.242157
0.255221
0.217082
0.231530
0.250244
0.238319
0.243362
0.230826
0.221939
0.241846
0.243193
0.225826
0.235901
0.231502
0.217097
0.222136
0.207838
0.233127
0.243154
0.239308
0.242228
0.253144
0.249896
0.249896
0.231391
0.230722
0.247574
0.234314
0.235340
0.238024
0.240746
0.236039
0.249742
0.239113
0.217151
0.225864
0.248163
0.191545
0.237571
0.225244
0.223861
0.225956
0.250392
0.246081
0.241631
0.238635
0.241074
0.227847
0.233320
0.230406
0.240927
0.240632
0.231953
0.229465
0.233350
0.218230
0.241284
0.226734
0.226597
0.227692
0.248265
0.244288
0.239592
0.238751
0.221127
0.215769
0.191585
0.206555
0.252572
0.215185
0.210195
0.225505
0.222353
0.215644
0.224793
0.224222
0.236992
0.216145
0.213711
0.237143
0.238237
0.214221
0.202345
0.201360
0.231143
0.216800
0.215904
0.219167
0.225889
0.239704
0.239603
0.238130
0.219700
0.218647
0.218409
0.238302
0.222249
0.239970
0.237327
0.243817
0.246630
0.244412
0.238727
0.239688
0.250501
0.251298
0.232940
0.221245
0.210768
0.236639
0.247135
0.237547
0.233152
0.237660
0.222536
0.199250
0.235103
0.242430
0.230729
0.236104
0.242116
0.252662
0.220782
0.232646
0.223246
0.229037
0.239046
0.247397
0.248636
0.242904
0.240183
0.241645
0.245764
0.250567
0.252319
0.231934
0.210632
0.237478
0.245644
0.227989
0.214362
0.189961
0.242512
0.242561
0.255533
0.238137
0.227581
0.238073
0.215697
0.215593
0.236158
0.245814
0.235773
0.228539
0.228567
0.234116
0.245144
0.216317
0.220556
0.232552
0.238330
0.238799
0.204862
0.226235
0.221368
0.229641
0.208211
0.242989
0.248207
0.237035
0.226148
0.231402
0.232275
0.246224
0.248327
0.253054
0.226115
0.229185
0.234656
0.211725
0.229115
0.235968
0.223798
0.218508
0.239204
0.242888
0.241006
0.236309
0.252947
0.218880
0.237885
0.235917
0.249023
0.226885
0.215013
0.219186
0.230584
0.214342
0.239988
0.211087
0.212160
0.221929
0.203056
0.219930
0.242126
0.238896
0.231788
0.210441
0.240521
0.233646
0.240376
0.234272
0.222042
0.237248
0.223138
0.232653
0.228893
0.219741
0.228079
0.246184
0.251067
0.235596
0.236766
0.217204
0.236559
0.217297
0.220862
0.239754
0.241581
0.218770
0.217455
0.230906
0.215357
0.239342
0.239322
0.232210
0.238920
0.224508
0.249247
0.215090
0.229390
0.250630
0.247316
0.237515
0.234589
0.234490
0.239604
0.229269
0.242593
0.237224
0.225943
0.224436
0.220528
0.203998
0.230478
0.234458
0.230335
0.240940
0.243520
0.224775
0.223597
0.241995
0.223701
0.223502
0.228366
0.245192
0.245601
0.250239
0.235108
0.247147
0.235876
0.234502
0.254404
0.232080
0.210456
0.224971
0.251052
0.239150
0.227355
0.200826
0.234430
0.221073
0.221441
0.247260
0.246267
0.229641
0.250709
0.227347
0.245564
0.238766
0.249991
0.247350
0.252357
0.250624
0.229149
0.243229
0.218504
0.209828
0.250617
0.244182
0.221517
0.213251
0.225839
0.235412
0.235319
0.252662
0.247831
0.244870
0.246384
0.234178
0.234527
0.225061
0.231285
0.233820
0.229716
0.230699
0.225448
0.218191
0.233931
0.220347
0.239054
0.236697
0.239145
0.245853
0.248694
0.240242
0.245574
0.216586
0.229848
0.248438
0.243383
0.238228
0.241991
0.233433
0.235210
0.220231
0.245995
0.218441
0.224485
0.241090
0.247872
0.237857
0.237665
0.232496
0.223584
0.247276
0.243712
0.256058
0.243894
0.248017
0.249826
0.245382
0.242547
0.229329
0.235755
0.243227
0.232153
0.237084
0.232034
0.239710
0.239642
0.237692
0.237102
0.243969
0.229159
0.245727
0.234087
0.228421
0.241346
0.237848
0.209488
0.222222
0.241721
0.241234
0.238950
0.223731
0.219431
0.247958
0.245051
0.248278
0.242260
0.237003
0.238458
0.240318
0.229097
0.223506
0.221370
0.250243
0.249258
0.248994
0.242868
0.239462
0.221566
0.250507
0.244043
0.247920
0.239568
0.240511
0.226977
0.239393
0.231650
0.234115
0.239040
0.248119
0.248014
0.239423
0.224401
0.242021
0.235801
0.240442
0.242042
0.241684
0.225018
0.241135
0.225722
0.233371
0.223998
0.221403
0.244090
0.238525
0.236762
0.231429
0.232036
0.250673
0.234548
0.244287
0.232082
0.210167
0.216109
0.225221
0.214356
0.217334
0.229658
0.239582
0.230469
0.242948
0.244921
0.235552
0.234698
0.227475
0.234122
0.239638
0.251430
0.246382
0.252106
0.249137
0.227092
