0.280907
0.289763
0.295626
0.298236
0.300050
0.301591
0.301768
0.303594
0.303975
0.304222
0.304714
0.305450
0.305273
0.306449
0.307206
0.307048
0.307224
0.306956
0.306837
0.307063
0.306946
0.306932
0.306971
0.307078
0.307318
0.307385
0.307032
0.307106
0.307159
0.307060
0.307222
0.307187
0.306931
0.306684
0.306219
0.305727
0.306062
0.305896
0.306040
0.305904
0.306185
0.306330
0.306273
0.306282
0.305956
0.305895
0.305743
0.305640
0.305859
0.305853
0.305782
0.305859
0.305949
0.305693
0.305705
0.305247
0.305144
0.305326
0.305348
0.305448
0.305403
0.305320
0.305191
0.305193
0.305091
0.305014
0.305139
0.305240
0.305245
0.305056
0.305099
0.305098
0.304619
0.304578
0.304667
0.304711
0.304700
0.304673
0.304852
0.304753
0.304953
0.304648
0.304622
0.304351
0.304560
0.304876
0.304900
0.305150
0.304982
0.304760
0.304599
0.304533
0.304744
0.304892
0.304709
0.304764
0.304926
0.304887
0.305039
0.304880
0.304831
0.304629
0.304902
0.304795
0.304488
0.304477
0.304501
0.304494
0.304520
0.304777
0.304610
0.304591
0.304295
0.304291
0.304439
0.304488
0.304613
0.304730
0.304250
0.304354
0.304257
0.304169
0.304283
0.304310
0.304174
0.304113
0.304216
0.304073
0.304461
0.304253
0.304573
0.304140
0.304008
0.304075
0.303971
0.303758
0.303830
0.303988
0.303739
0.304058
0.303596
0.303602
0.303711
0.303731
0.303605
0.303707
0.303416
0.303400
0.303553
0.303728
0.303528
0.303749
0.303671
0.303600
0.303675
0.303441
0.303557
0.303625
0.303756
0.303801
0.303570
0.303448
0.303473
0.303433
0.303426
0.303574
0.303494
0.303652
0.303560
0.303437
0.303620
0.303659
0.303467
0.303484
0.303567
0.303368
0.303447
0.303536
0.303470
0.303977
0.303659
0.303690
0.303599
0.303472
0.303686
0.303643
0.303676
0.303671
0.303621
0.303583
0.303564
0.303442
0.303366
0.303671
0.303533
0.303559
0.303664
0.303390
0.303407
0.303383
0.303500
0.303437
0.303463
0.303654
0.303627
0.303369
0.303538
0.303590
0.303938
0.303663
0.303447
0.303658
0.303788
0.303600
0.303729
0.303666
0.303479
0.303534
0.303530
0.303643
0.303383
0.303430
0.303595
0.303621
0.303475
0.303647
0.303599
0.303457
0.303458
0.303303
0.303497
0.303555
0.303442
0.303411
0.303313
0.303856
0.303522
0.303597
0.303560
0.303560
0.303596
0.303933
0.303518
0.303415
0.303598
0.303795
0.303513
0.303617
0.303200
0.303287
0.303275
0.303253
0.303298
0.303459
0.303273
0.303225
0.303413
0.303297
0.303282
0.303351
0.303472
0.303370
0.303497
0.303302
0.303488
0.303478
0.303408
0.303687
0.303411
0.303530
0.303550
0.303318
0.303649
0.303401
0.303456
0.303406
0.303352
0.303511
0.303382
0.303657
0.303399
0.303224
0.303329
0.303413
0.303333
0.303350
0.303601
0.303532
0.303532
0.303479
0.303293
0.303329
0.303560
0.303306
0.303353
0.303471
0.303461
0.303384
0.303235
0.303308
0.303213
0.303599
0.303266
0.303477
0.303476
0.303593
0.303466
0.303228
0.303436
0.303780
0.303417
0.303611
0.303652
0.303474
0.303721
0.303518
0.303573
0.303305
0.303628
0.303711
0.303560
0.303661
0.303392
0.303391
0.303449
0.303473
0.303623
0.303597
0.303685
0.303590
0.303282
0.303403
0.303457
0.303327
0.303174
0.303347
0.303661
0.303562
0.303597
0.303311
0.303079
0.303241
0.303427
0.303440
0.303107
0.303255
0.303479
0.303378
0.303342
0.303262
0.303309
0.303582
0.303584
0.303477
0.303540
0.303488
0.303392
0.303325
0.303449
0.303346
0.303148
0.303272
0.303249
0.303506
0.303325
0.303199
0.303192
0.303491
0.303313
0.303268
0.303293
0.303330
0.303462
0.303296
0.303455
0.303463
0.303670
0.303599
0.303310
0.303563
0.303483
0.303389
0.303710
0.303418
0.303349
0.303521
0.303388
0.303267
0.303474
0.303570
0.303333
0.303808
0.303926
0.304079
0.303641
0.303685
0.303851
0.303571
0.303483
0.303301
0.303389
0.303432
0.303505
0.303352
0.303305
0.303380
0.303492
0.303605
0.303423
0.303421
0.303415
0.303513
0.303638
0.303279
0.303603
0.303756
0.303554
0.303914
0.303621
0.303436
0.303683
0.303790
0.303802
0.303564
0.303566
0.303651
0.303516
0.303591
0.303531
0.303555
0.303781
0.303574
0.303703
0.303820
0.303716
0.303788
0.303815
0.303574
0.303844
0.303643
0.303662
0.303925
0.303758
0.303885
0.303747
0.303696
0.303989
0.303867
0.303956
0.303985
0.303822
0.303838
0.303768
0.303768
0.303907
0.303928
0.304256
0.303636
0.303677
0.303897
0.303919
0.303841
0.303929
0.303802
0.304098
0.303675
0.303767
0.303694
0.303514
0.303561
0.303672
0.303828
0.304051
0.304370
0.303726
0.303732
0.303805
0.304202
0.303753
0.303653
0.303596
0.303763
0.303917
0.304105
0.303558
0.303816
0.303680
0.303847
0.303970
0.303556
0.303748
0.303845
0.303785
0.303686
0.303726
0.303878
0.303872
0.303776
0.303834
0.304091
0.303812
0.303890
0.303874
0.304046
0.303883
0.303973
0.304026
0.303916
0.303973
0.303745
0.303878
0.304049
0.303816
0.304050
0.304187
0.304126
0.303775
0.303997
0.303958
0.304034
0.304041
0.304050
0.304034
0.303946
0.304022
0.304059
0.303885
0.304093
0.304182
0.304104
0.304159
0.304499
0.304024
0.303974
0.304330
0.304277
0.304214
0.304301
0.304219
0.304256
0.304359
0.304241
0.304273
0.304342
0.304196
0.304153
0.304204
0.304510
0.304486
0.304147
0.304150
0.304376
0.304249
0.304209
0.304296
0.304503
0.304383
0.304208
0.304196
0.304490
0.304260
0.304184
0.304191
0.304256
0.304166
0.304660
0.304242
0.304437
0.304613
0.304662
0.304344
0.304386
0.304283
0.304472
0.304441
0.304478
0.304626
0.304470
0.304356
0.304391
0.304445
0.304161
0.304363
0.304534
0.304831
0.304781
0.304437
0.304228
0.304218
0.304286
0.304616
0.304400
0.304043
0.304296
0.304003
0.304321
0.304110
0.304226
0.304172
0.304161
0.304185
0.304225
0.304825
0.304678
0.304731
0.304551
0.304357
0.304575
0.304595
0.304157
0.304466
0.304144
0.304556
0.304792
0.304591
0.304498
0.304480
0.304635
0.304721
0.304470
0.304263
0.304432
0.304317
0.304396
0.304338
0.304252
0.304235
0.304425
0.304632
0.304568
0.304184
0.304655
0.304841
0.304451
0.304279
0.304293
0.304444
0.304621
0.304233
0.304297
0.304732
0.304188
0.304139
0.304520
0.305166
0.304987
0.304657
0.304273
0.304496
0.304209
0.304375
0.304506
0.304406
0.304781
0.304368
0.304262
0.304240
0.304271
0.304532
0.304222
0.304508
0.304576
0.304452
0.304414
0.304659
0.304690
0.304394
0.304276
0.304565
0.304907
0.304712
0.304922
0.305133
0.304563
0.304250
0.304403
0.304477
0.304787
0.305004
0.304895
0.304647
0.304832
0.304567
0.304809
0.304869
0.305170
0.304816
0.304950
0.304747
0.304873
0.305058
0.304710
0.304754
0.304916
0.304358
0.304579
0.304771
0.304518
0.304610
0.304560
0.304613
0.304936
0.304856
0.304935
0.304782
0.304713
0.304793
0.304804
0.305206
0.304608
0.304657
0.304697
0.304688
0.304954
0.304922
0.305051
0.304848
0.305005
0.304688
0.304479
0.304773
0.304597
0.304512
0.304574
0.304436
0.305100
0.304779
0.304751
0.304939
0.305171
0.305372
0.305169
0.305047
0.304978
0.304537
0.304737
0.304729
0.304877
0.304941
0.304498
0.304728
0.304786
0.304373
0.304685
0.304886
0.304658
0.304636
0.304379
0.304535
0.304767
0.304492
0.304933
0.304773
0.304762
0.304512
0.304627
0.304704
0.304551
0.304536
0.304515
0.304385
0.304521
0.304574
0.304673
0.305029
0.304909
0.304490
0.304813
0.304510
0.304733
0.304938
0.304756
0.304631
0.304785
0.305091
0.304706
0.304581
0.304760
0.305063
0.304994
0.305129
0.304631
0.305183
0.304726
0.304875
0.304952
0.304926
0.304845
0.304859
0.305147
0.304970
0.305023
0.304745
0.305015
0.304580
0.304781
0.304824
0.304699
0.304563
0.304791
0.304756
0.304719
0.304901
0.305076
0.304879
0.304748
0.304829
0.304854
0.304720
0.305010
0.305057
0.304704
0.305181
0.305319
0.305017
0.305355
0.305285
0.304951
0.304921
0.304922
0.304913
0.305021
0.305368
0.305155
0.305538
0.304800
0.304948
0.305012
0.304901
0.304753
0.305044
0.305223
0.305118
0.305051
0.304936
0.304614
0.304692
0.304979
0.304740
0.305206
0.305126
0.304832
0.304965
0.304742
0.304859
0.304812
0.304741
0.304491
0.304715
0.304991
0.305284
0.305195
0.305415
0.305012
0.305097
0.304829
0.304825
0.304831
0.304810
0.305168
0.304944
0.304899
0.305029
0.304630
0.304771
0.304662
0.305247
0.305104
0.304939
0.305135
0.305089
0.305166
0.305317
0.305174
0.304857
0.304721
0.305022
0.304904
0.304948
0.305048
0.304892
0.305231
0.305031
0.304875
0.305143
0.305305
0.304776
0.305044
0.305106
0.305095
0.304993
0.304882
0.304904
0.305028
0.305084
0.304945
0.305419
0.305037
0.304993
0.305419
0.305142
0.305596
0.305059
0.305266
0.305242
0.305341
0.305278
0.305086
0.305152
0.305112
0.305247
0.304994
0.305482
0.305174
0.305385
0.305389
0.304960
0.305291
0.305114
0.305294
0.305078
0.305014
0.305429
0.305050
0.305525
0.305275
0.304888
0.304919
0.305344
0.305061
0.305677
0.305619
0.305188
0.305221
0.305032
0.305680
0.305520
0.305444
0.305118
0.305033
0.305138
0.305248
0.305054
0.304939
0.305100
0.305162
0.305434
0.305475
0.305498
0.305658
0.304879
0.305069
0.305134
0.305348
0.305126
0.305422
0.305177
0.305236
0.305228
0.305002
0.304971
0.304889
0.305487
0.305543
0.305309
0.305303
0.305233
0.305395
0.305455
0.305644
0.305750
0.305386
0.305793
0.305810
0.305909
0.305574
0.305106
0.305011
0.305105
0.305226
0.305126
0.305198
0.305241
0.305290
0.305409
0.305290
0.304996
0.305239
0.305073
0.305287
0.305667
0.305193
0.305170
0.305185
0.305041
0.305406
0.305015
0.305425
0.305749
0.305761
0.305818
0.305125
0.305360
0.305545
0.305346
0.305246
0.305664
0.305423
0.306034
0.305447
0.305777
0.305625
0.305568
0.305465
0.305330
0.305519
0.305646
0.305718
0.305773
0.305823
0.305676
0.305729
0.305257
0.305288
0.305453
0.305482
0.305454
0.305182
0.305169
0.305081
0.305209
0.305247
0.305144
0.305440
0.305350
0.305465
0.305310
0.305650
0.305702
0.306010
0.305561
0.305701
0.305570
0.306049
0.305829
0.305362
0.305395
0.305376
0.305584
0.306096
0.306083
0.305928
0.305346
0.305476
0.305467
0.305780
0.305347
0.305536
0.305303
0.305153
0.305684
0.305622
0.305786
0.305373
0.305673
0.305804
0.305335
0.305507
0.305513
0.305166
0.305273
0.305321
0.305342
0.305360
0.305143
0.305401
0.305535
0.305550
0.305465
0.305394
0.305302
0.305420
0.305363
0.305557
0.305908
0.305574
0.305709
0.305661
0.305266
0.305630
0.305374
0.305420
0.305781
0.305794
0.305525
0.305459
0.305357
0.305618
0.305587
0.305529
0.305844
0.305278
0.305622
0.305452
0.305370
0.305744
0.305398
0.305829
0.305827
0.305919
0.305837
0.306013
0.305693
0.305363
0.305660
0.305968
0.305262
0.305418
0.305784
0.305984
0.305645
0.305480
0.305305
0.305479
0.305451
0.305698
0.305664
0.305745
0.305251
0.305445
0.305661
0.305559
0.305507
0.305425
0.305452
0.305583
0.305517
0.305723
0.305731
0.305592
0.305658
0.305739
0.305480
0.305770
0.305485
0.305954
0.305461
0.305666
0.305381
0.305622
0.305829
0.305584
0.305513
0.305836
0.305730
0.305371
0.305691
0.305712
0.306061
0.305402
0.305381
0.305548
0.305725
0.305823
0.305465
0.305628
0.305422
0.305503
0.305868
0.305422
0.305665
0.305755
0.305760
0.306163
0.305826
0.305740
0.305516
0.305538
0.305856
0.305796
0.305917
0.305835
0.305762
0.305511
0.305409
0.305491
0.305580
0.305799
0.305827
0.305833
0.306203
0.306185
0.305524
0.305772
0.305647
0.305801
0.305880
0.305651
0.305821
0.305853
0.305455
0.305369
0.305769
0.305938
0.306022
0.305791
0.305795
0.305618
0.305923
0.305589
0.305735
0.305727
0.305648
0.305827
0.305429
0.305678
0.305871
0.305874
0.305724
0.305490
0.305499
0.305822
0.305635
0.305672
0.306065
0.305854
0.306090
0.305651
0.305468
0.305479
0.305803
0.305603
0.305538
0.305928
0.305426
0.305696
0.305597
0.305835
0.306010
0.306136
0.305658
0.305580
0.305663
0.305499
0.305684
0.305598
0.305963
0.306089
0.305711
0.306144
0.305730
0.305836
0.305772
0.305778
0.305870
0.305918
0.306091
0.305718
0.306134
0.305459
0.305698
0.305618
0.306019
0.305733
0.305936
0.305627
0.305734
0.305555
0.305835
0.305897
0.305897
0.305935
0.305708
0.305673
0.305688
0.305994
0.305907
0.305969
0.306153
0.306200
0.305607
0.305813
0.305643
0.305616
0.305832
0.305638
0.305803
0.305536
0.306256
0.305839
0.305734
0.305562
0.305471
0.305587
0.306099
0.305987
0.305818
0.305535
0.305540
0.305700
0.305864
0.305793
0.306150
0.305930
0.305821
0.306035
0.305760
0.305789
0.305792
0.306116
0.305964
0.305887
0.306048
0.306066
0.305935
0.305927
0.305716
0.305997
0.305981
0.305850
0.305937
0.305791
0.305817
0.305900
0.306287
0.306293
0.305946
0.305960
0.305695
0.305667
0.305733
0.305708
0.305827
0.306322
0.306399
0.306476
0.306084
0.305760
0.305531
0.305948
0.305819
0.305744
0.305686
0.306227
0.305986
0.306155
0.305766
0.305709
0.305829
0.306185
0.306234
0.306203
0.305915
0.305799
0.306245
0.305710
0.305741
0.305971
0.305884
0.305995
0.305946
0.305839
0.305970
0.306182
0.306114
0.306230
0.306431
0.306472
0.306075
0.306171
0.306181
0.306254
0.306506
0.306674
0.306397
0.306610
0.306423
0.306618
0.306025
0.305843
0.306039
0.306288
0.305883
0.305825
0.305935
0.306233
0.306223
0.305942
0.305889
0.305835
0.306027
0.306656
0.306038
0.306226
0.306318
0.306189
0.306156
0.306533
0.306159
0.305910
0.306089
0.306400
0.306298
0.306095
0.306118
0.306028
0.305772
0.305915
0.306134
0.305906
0.305925
0.306256
0.305814
0.306225
0.306367
0.306419
0.305975
0.306164
0.306023
0.306084
0.306173
0.306731
0.306537
0.306121
0.305994
0.306174
0.305882
0.306074
0.305973
0.306136
0.306091
0.306544
0.306307
0.306196
0.306173
0.306120
0.305959
0.306191
0.306401
0.305976
0.306171
0.306469
0.306519
0.306201
0.306133
0.305993
0.306073
0.306211
0.306340
0.305995
0.305760
0.305810
0.305924
0.305896
0.306288
0.306172
0.305834
0.305969
0.306033
0.305917
0.305825
0.306068
0.306180
0.306247
0.306202
0.306247
0.306315
0.306001
0.306506
0.306663
0.306072
0.306065
0.306165
0.306042
0.306223
0.306191
0.306237
0.305999
0.306162
0.306289
0.306125
0.306126
0.306511
0.306584
0.306250
0.306117
0.306215
0.306634
0.306262
0.306325
0.306458
0.306191
0.306600
0.306472
0.306410
0.305895
0.306295
0.306268
0.306026
0.306216
0.306137
0.306124
0.306166
0.306255
0.306333
0.305977
0.306353
0.306054
0.306001
0.305878
0.305924
0.306248
0.306307
0.306291
0.306490
0.306744
0.306875
0.306590
0.306000
0.306332
0.306354
0.306563
0.306182
0.306404
0.306153
0.306266
0.306016
0.306466
0.306241
0.306184
0.306035
0.306040
0.305955
0.306061
0.306069
0.306143
0.306302
0.306131
0.306337
0.306247
0.306258
0.306671
0.306044
0.306316
0.306354
0.306267
0.306325
0.306116
0.306312
0.305901
0.306347
0.306332
0.306187
0.305981
0.306164
0.306049
0.305937
0.306002
0.306281
0.306684
0.306468
0.306120
0.306471
0.306035
0.306156
0.306319
0.306384
0.306195
0.306080
0.306114
0.306077
0.306283
0.306390
0.306365
0.306223
0.306293
0.306262
0.306184
0.306091
0.306356
0.306351
0.306190
0.306094
0.306098
0.306096
0.306071
0.306269
0.306347
0.306142
0.306125
0.306337
0.306823
0.306573
0.306202
0.306629
0.306558
0.306732
0.306779
0.306481
0.306312
0.306293
0.306145
0.306523
0.306742
0.306334
0.306838
0.306514
0.306208
0.306442
0.306332
0.306254
0.306650
0.306672
0.306553
0.306877
0.306673
0.306251
0.306439
0.306418
0.306406
0.306207
0.306305
0.306208
0.306333
0.306235
0.306072
0.306248
0.306257
0.306318
0.306263
0.306191
0.306370
0.306279
0.306380
0.306560
0.306135
0.306547
0.306687
0.306226
0.306427
0.306306
0.306251
0.306405
0.306487
0.306651
0.306124
0.306189
0.306346
0.306683
0.306766
0.306357
0.306296
0.306080
0.306713
0.306226
0.306375
0.306215
0.306223
0.306585
0.306245
0.306253
0.306232
0.306092
0.306506
0.306810
0.306750
0.306151
0.306381
0.306399
0.306643
0.306727
0.306612
0.306368
0.306389
0.306285
0.306215
0.306462
0.306534
0.306349
0.306227
0.306456
0.306365
0.306665
0.306484
0.306386
0.306693
0.306995
0.306597
0.306652
0.306763
0.306271
0.306415
0.306368
0.306186
0.306284
0.306409
0.306493
0.306342
0.306295
0.306092
0.306175
0.306341
0.306780
0.306443
0.306109
0.306275
0.306373
0.306632
0.306287
0.306391
0.306398
0.306412
0.306329
0.306218
0.306324
0.306146
0.306291
0.306503
0.306445
0.306339
0.306186
0.306431
0.306567
0.306278
0.306217
0.306174
0.306275
0.306596
0.306390
0.306414
0.306546
0.306148
0.306295
0.306425
0.306145
0.306478
0.306200
0.306132
0.306635
0.306363
0.306649
0.306551
0.306242
0.306240
0.306176
0.306194
0.306426
0.306446
0.306217
0.306471
0.306543
0.306798
0.306262
0.306235
0.306678
0.306165
0.306258
0.306178
0.306243
0.306195
0.306511
0.306156
0.306302
0.306643
0.306706
0.306546
0.306755
0.306534
0.306415
0.306152
0.306182
0.306351
0.306343
0.306622
0.306553
0.306183
0.306239
0.306918
0.306524
0.306776
0.306776
0.306151
0.306169
0.306616
0.306695
0.306645
0.306713
0.306465
0.306507
0.307010
0.306464
0.306319
0.306240
0.306392
0.306414
0.306476
0.306690
0.306751
0.306682
0.306759
0.306467
0.306405
0.306515
0.306742
0.306645
0.306481
0.306694
0.306652
0.306595
0.306728
0.306654
0.306565
0.306620
0.306817
0.306665
0.306883
0.306354
0.306718
0.306470
0.306771
0.306689
0.306926
0.306442
0.306363
0.307007
0.306358
0.306587
0.306817
0.307060
0.307020
0.306443
0.306519
0.306849
0.306996
0.306770
0.306935
0.306618
0.306805
0.306654
0.306895
0.306675
0.306805
0.306307
0.306318
0.306557
0.306328
0.306935
0.306768
0.306876
0.306748
0.306736
0.307021
0.306634
0.306722
0.306614
0.306657
0.306358
0.306644
0.306625
0.306858
0.306924
0.306609
0.306886
0.306790
0.306996
0.306855
0.306889
0.306805
0.306955
0.306956
0.306521
0.306403
0.306391
0.306378
0.306681
0.307033
0.306553
0.306686
0.306464
0.306532
0.306455
0.306585
0.306601
0.306600
0.306923
0.306612
0.306324
0.306660
0.306826
0.306824
0.306421
0.306639
0.306569
0.306468
0.306616
0.306295
0.306552
0.306385
0.307116
0.306622
0.306617
0.306956
0.306982
0.307283
0.306634
0.306816
0.306529
0.306964
0.307080
0.306874
0.307030
0.307128
0.306542
0.306474
0.306569
0.306314
0.306423
0.306537
0.306744
0.306859
0.306923
0.306741
0.307168
0.307099
0.306713
0.306756
0.306784
0.306891
0.306634
0.306720
0.306795
0.306609
0.306488
0.306638
0.306843
0.306546
0.306894
0.306785
0.306631
0.306738
0.306733
0.306581
0.306528
0.306744
0.306793
0.306490
0.306530
0.306401
0.306440
0.306536
0.306548
0.306608
0.306657
0.306550
0.306705
0.306673
0.307188
0.306808
0.306530
0.306896
0.306891
0.306582
0.306590
0.306806
0.306616
0.306673
0.306779
0.306753
0.306621
0.306441
0.306513
0.306823
0.306612
0.306804
0.306623
0.306753
0.306617
0.306532
0.306385
0.306694
0.306457
0.306912
0.306989
0.306980
0.306728
0.306669
0.306732
0.306640
0.306556
0.306956
0.306853
0.306594
0.306478
0.306760
0.306674
0.306414
0.306824
0.306671
0.306831
0.306517
0.306650
0.306478
0.306518
0.306877
0.307239
0.307191
0.306834
0.306631
0.306767
0.306692
0.306625
0.306813
0.307014
0.306606
0.306931
0.307333
0.307130
0.307172
0.306988
0.307080
0.306715
0.306869
0.306620
0.306717
0.306596
0.307042
0.306903
0.306753
0.306815
0.306891
0.306900
0.306996
0.307176
0.307180
0.306520
0.306868
0.306626
0.306572
0.306621
0.307247
0.306800
0.306655
0.306559
0.306921
0.306812
0.307234
0.307346
0.307366
0.306958
0.306841
0.306714
0.307193
0.307048
0.306691
0.306556
0.306948
0.306595
0.307050
0.306979
0.307102
0.306974
0.307236
0.306871
0.306432
0.306414
0.306933
0.307024
0.307003
0.307318
0.306880
0.306594
0.306902
0.306738
0.306916
0.306434
0.306591
0.306688
0.306678
0.306577
0.306582
0.306604
0.306660
0.306481
0.306799
0.306755
0.306648
0.306916
0.306515
0.307165
0.307082
0.307003
0.306992
0.307072
0.306934
0.307165
0.307292
0.306850
0.306762
0.306963
0.306446
0.306642
0.306557
0.307011
0.306960
0.307134
0.306524
0.306758
0.306876
0.306967
0.306698
0.307236
0.306948
0.306902
0.307169
0.307037
0.306827
0.307329
0.306615
0.307006
0.306858
0.306947
0.306601
0.306695
0.306629
0.306540
0.306612
0.306794
0.306948
0.306695
0.306723
0.306692
0.306646
0.306695
0.306863
0.307288
0.307578
0.306869
0.306865
0.306543
0.306901
0.306682
0.306806
0.307224
0.307358
0.306666
0.306654
0.306973
0.307049
0.306457
0.306921
0.306618
0.306794
0.306836
0.306960
0.306885
0.306724
0.306938
0.306753
0.306733
0.306902
0.306921
0.306882
0.306615
0.307490
0.307310
0.307218
0.307091
0.307163
0.307003
0.306919
0.306890
0.306806
0.306767
0.306687
0.307170
0.307198
0.306765
0.306669
0.306854
0.307305
0.306897
0.306840
0.306895
0.307008
0.306857
0.306663
0.307040
0.306705
0.306819
0.306979
0.306917
0.307163
0.306983
0.306820
0.307086
0.307321
0.306994
0.307358
0.306871
0.306966
0.306975
0.307222
0.306885
0.306922
0.307276
0.307005
0.306646
0.307122
0.307251
0.306933
0.307125
0.307319
0.307324
0.307021
0.307087
0.307296
0.306819
0.306965
0.306707
0.307017
0.306686
0.306620
0.306910
0.306667
0.306635
0.306732
0.306927
0.306668
0.306832
0.306764
0.306789
0.306869
0.306795
0.307149
0.307231
0.306927
0.307042
0.306952
0.306732
0.306719
0.306837
0.306808
0.306641
0.306899
0.306874
0.306867
0.307061
0.306978
0.307145
0.306980
0.307240
0.307203
0.307150
0.307262
0.307112
0.307244
0.306902
0.307050
0.307225
0.307052
0.306872
0.306941
0.307321
0.307207
0.307335
0.307286
0.307295
0.307144
0.306983
0.307506
0.307262
0.307018
0.307260
0.307596
0.307652
0.307507
0.307711
0.306763
0.306833
0.307182
0.307282
0.307294
0.307488
0.306694
0.306927
0.307360
0.307334
0.306838
0.306746
0.307173
0.307050
0.307450
0.307451
0.307273
0.307069
0.306954
0.307078
0.306798
0.306710
0.307259
0.306708
0.306942
0.307354
0.307057
0.306813
0.306979
0.306750
0.307273
0.307104
0.306985
0.306890
0.306747
0.307200
0.307225
0.306952
0.306915
0.307006
0.307008
0.306689
0.307247
0.307087
0.307237
0.307410
0.307149
0.306859
0.307025
0.306973
0.306848
0.307098
0.306949
0.306843
0.306951
0.307120
0.306925
0.306886
0.306764
0.307044
0.306992
0.307481
0.307657
0.307038
0.307225
0.307308
0.307231
0.307189
0.307283
0.307026
0.306975
0.307120
0.306854
0.306915
0.306783
0.306821
0.307054
0.307610
0.307480
0.307135
0.307071
0.307080
0.307194
0.307511
0.307020
0.306965
0.306837
0.306809
0.306929
0.306872
0.307181
0.306963
0.306880
0.306918
0.307186
0.307062
0.307304
0.307129
0.306915
0.306945
0.306986
0.306921
0.306992
0.306827
0.306802
0.307374
0.306960
0.307123
0.306978
0.306924
0.306917
0.306973
0.306884
0.307148
0.307493
0.306867
0.306873
0.307473
0.307506
0.307105
0.307068
0.307066
0.307428
0.307126
0.307187
0.307242
0.307488
0.307518
0.307209
0.306905
0.307353
0.306966
0.307851
0.307438
0.307093
0.306827
0.307302
0.306892
0.306958
0.306951
0.306824
0.306905
0.306931
0.307285
0.307080
0.307543
0.307125
0.307363
0.307432
0.307405
0.307384
0.307282
0.307246
0.307381
0.307109
0.307007
0.307349
0.307317
0.307506
0.307888
0.307592
0.308015
0.307138
0.307054
0.307282
0.307290
0.307265
0.307279
0.307043
0.306906
0.307220
0.307848
0.307203
0.306950
0.307155
0.307070
0.307327
0.307316
0.306982
0.307320
0.307213
0.307285
0.307894
0.307266
0.307196
0.307528
0.307804
0.307106
0.307576
0.307498
0.307261
0.307144
0.307400
0.307381
0.307143
0.307198
0.307028
0.307516
0.307197
0.307043
0.307025
0.307012
0.307474
0.307385
0.307431
0.307825
0.307440
0.307342
0.307332
0.307118
0.307162
0.307168
0.307347
0.307256
0.307373
0.307214
0.307050
0.307123
0.307264
0.306994
0.307253
0.306993
0.307443
0.307102
0.307196
0.307346
0.307660
0.307614
0.307020
0.307044
0.307153
0.307144
0.307095
0.307156
0.307170
0.307042
0.307247
0.307705
0.307723
0.307870
0.307284
0.307090
0.306934
0.307213
0.307343
0.307228
0.307666
0.307561
0.307685
0.307648
0.307303
0.307186
0.307550
0.307282
0.307682
0.306993
0.307024
0.306926
0.307009
0.307198
0.307592
0.307740
0.307194
0.307795
0.307172
0.307319
0.306927
0.307068
0.307020
0.307462
0.307726
0.307651
0.307799
0.307281
0.307443
0.307387
0.307403
0.307608
0.307414
0.307358
0.307188
0.307290
0.307282
0.307161
0.307655
0.307765
0.307609
0.307098
0.307185
0.307110
0.307292
0.307265
0.307605
0.307483
0.307237
0.307382
0.307499
0.307339
0.307292
0.307354
0.307544
0.307308
0.307262
0.307404
0.307684
0.307300
0.307421
0.307173
0.306983
0.307636
0.307327
0.307306
0.307125
0.307269
0.307282
0.307276
0.307258
0.307250
0.307227
0.307362
0.307318
0.307438
0.307906
0.307635
0.307686
0.307262
0.307161
0.307034
0.307506
0.307837
0.307389
0.307251
0.307166
0.307219
0.307473
0.307483
0.307604
0.307158
0.307235
0.307594
0.307865
0.307476
0.307184
0.307069
0.307545
0.307142
0.307183
0.307178
0.307434
0.307176
0.307105
0.307677
0.307347
0.307442
0.307234
0.307166
0.307153
0.307389
0.307152
0.307456
0.307385
0.307303
0.307069
0.307414
0.307502
0.307580
0.307515
0.307436
0.307378
0.307182
0.307227
0.307158
0.307122
0.307399
0.307182
0.307124
0.307193
0.307259
0.307420
0.307112
0.307182
0.307176
0.307189
0.307436
0.307224
0.307484
0.307153
0.307106
0.307272
0.307488
0.307432
0.307221
0.307246
0.307475
0.307652
0.307246
0.307681
0.307714
0.307536
0.307592
0.307580
0.307508
0.307020
0.307150
0.307215
0.307485
0.307506
0.307000
0.307164
0.307043
0.307147
0.307230
0.307194
0.307200
0.307127
0.307483
0.307494
0.307527
0.307290
0.307253
0.307312
0.307746
0.307460
0.307346
0.307485
0.307563
0.307411
0.307498
0.307485
0.307725
0.307738
0.307666
0.307441
0.307625
0.307848
0.307571
0.307621
0.307352
0.307363
0.307098
0.307213
0.307275
0.307351
0.307551
0.307227
0.307234
0.307460
0.307705
0.307356
0.307287
0.307224
0.307436
0.307260
0.307470
0.307222
0.307562
0.307799
0.307608
0.307614
0.307693
0.308152
0.307957
0.307488
0.307420
0.307595
0.308062
0.307812
0.307515
0.307547
0.307623
0.307716
0.307793
0.307811
0.307703
0.307386
0.307399
0.307191
0.307513
0.307378
0.307203
0.307204
0.307519
0.307259
0.307498
0.307519
0.307311
0.307457
0.307401
0.307335
0.307366
0.307351
0.307347
0.307547
0.307810
0.307977
0.308178
0.307780
0.307806
0.307915
0.307473
0.307406
0.307407
0.307471
0.307286
0.307559
0.307473
0.307634
0.307364
0.307698
0.307618
0.307359
0.307654
0.307348
0.307748
0.307503
0.307474
0.307723
0.307957
0.307603
0.307344
0.307637
0.307764
0.307997
0.308062
0.307575
0.307267
0.307487
0.307879
0.307211
0.307416
0.307282
0.307455
0.307424
0.307491
0.307516
0.307598
0.307235
0.307305
0.307362
0.307724
0.307744
0.307607
0.308078
0.307895
0.307467
0.307819
0.307685
0.307862
0.307502
0.307275
0.307432
0.307618
0.307660
0.307697
0.307540
0.307778
0.308316
0.308049
0.307439
0.307581
0.307838
0.307884
0.307662
0.307993
0.307608
0.307341
0.307487
0.307612
0.307732
0.307823
0.307740
0.307582
0.307644
0.307582
0.307790
0.307680
0.307623
0.307568
0.307571
0.307555
0.307742
0.307712
0.307661
0.307350
0.307286
0.307671
0.307279
0.307446
0.307581
0.307536
0.307744
0.307672
0.307995
0.307689
0.307900
0.307617
0.307573
0.307707
0.307664
0.307715
0.307593
0.307983
0.307676
0.307507
0.307511
0.307418
0.307578
0.307650
0.308153
0.307324
0.307503
0.307717
0.308249
0.307611
0.307867
0.307707
0.307921
0.308021
0.308197
0.307612
0.307851
0.307417
0.307453
0.307551
0.307591
0.307812
0.307804
0.307911
0.307768
0.307448
0.307440
0.307483
0.307873
0.307754
0.307902
0.307726
0.307612
0.307689
0.307824
0.307475
0.307685
0.307361
0.308060
0.308094
0.307735
0.307827
0.307785
0.307677
0.307727
0.307706
0.307865
0.307808
0.307710
0.307673
0.307746
0.307813
0.307666
0.307788
0.307658
0.307723
0.307743
0.307548
0.307553
0.307919
0.307662
0.307673
0.307842
0.307593
0.307425
0.307679
0.307624
0.307941
0.308010
0.307774
0.307635
0.307580
0.307676
0.307788
0.308151
0.307879
0.307559
0.307545
0.307413
0.307813
0.307867
0.307583
0.307476
0.307460
0.307596
0.307713
0.307691
0.307615
0.307495
0.307638
0.307885
0.307793
0.308138
0.308181
0.307622
0.307598
0.307632
0.307710
0.307799
0.307635
0.307646
0.307433
0.307444
0.307560
0.307727
0.307595
0.307583
0.307503
0.307842
0.308037
0.307883
0.307950
0.307743
0.308234
0.308052
0.308043
0.307701
0.307827
0.308126
0.307940
0.307795
0.307758
0.307611
0.308184
0.307646
0.307498
0.307755
0.307805
0.308078
0.307586
0.307646
0.307528
0.307521
0.307510
0.307588
0.307713
0.307736
0.307552
0.307537
0.307968
0.308077
0.307842
0.307805
0.307696
0.307474
0.307534
0.307591
0.307426
0.307547
0.307766
0.307468
0.307873
0.307821
0.307883
0.307824
0.307768
0.307854
0.307877
0.307636
0.307721
0.307773
0.307754
0.307726
0.307803
0.307794
0.307502
0.307756
0.307822
0.307831
0.307758
0.307572
0.307596
0.307529
0.307636
0.307853
0.307675
0.307498
0.308118
0.308151
0.308167
0.308175
0.307925
0.307626
0.308006
0.307901
0.308090
0.307680
0.308095
0.307836
0.307923
0.307790
0.307790
0.307951
0.308024
0.308033
0.307623
0.307575
0.307566
0.307927
0.307967
0.307974
0.307904
0.307823
0.308087
0.307969
0.307665
0.307675
0.307605
0.307589
0.307665
0.307784
0.307824
0.307723
0.307786
0.307870
0.307784
0.307640
0.307964
0.307962
0.307795
0.307804
0.307743
0.308091
0.307991
0.307961
0.308019
0.307739
0.307796
0.307801
0.307638
0.307942
0.307743
0.307728
0.308172
0.307782
0.307945
0.308025
0.307727
0.308009
0.308028
0.307858
0.308538
0.308577
0.308043
0.308117
0.307783
0.308289
0.308248
0.307945
0.307659
0.307776
0.307629
0.307805
0.307828
0.308080
0.307891
0.307982
0.307761
0.307905
0.308059
0.308133
0.308067
0.308044
0.308159
0.308440
0.307706
0.307987
0.307978
0.307826
0.308237
0.308062
0.308002
0.308225
0.308108
0.307678
0.307772
0.307909
0.307904
0.308039
0.307798
0.307878
0.308139
0.308300
0.308048
0.308406
0.307659
0.307897
0.308218
0.308469
0.308059
0.307952
0.308304
0.307779
0.307663
0.307857
0.308367
0.308358
0.308538
0.308746
0.308144
0.308189
0.308220
0.308264
0.308283
0.308188
0.308643
0.307713
0.308111
0.308079
0.307909
0.307924
0.307756
0.307797
0.307725
0.308273
0.308241
0.308050
0.307942
0.307796
0.308140
0.307861
0.307895
0.307974
0.308350
0.307889
0.308204
0.307875
0.307869
0.308341
0.308409
0.308350
0.308582
0.307940
0.307914
0.307791
0.308051
0.308051
0.307741
0.307753
0.308377
0.308110
0.307820
0.307814
0.308041
0.307905
0.308102
0.308166
0.308077
0.307971
0.307944
0.308121
0.307992
0.308233
0.308186
0.308103
0.308038
0.308280
0.307780
0.308421
0.308382
0.308461
0.308094
0.308631
0.308367
0.308225
0.308580
0.308111
0.308049
0.307931
0.307748
0.307820
0.307830
0.308171
0.308077
0.308249
0.307933
0.308289
0.308246
0.307935
0.307832
0.307909
0.307978
0.308072
0.308095
0.308036
0.307939
0.308187
0.308584
0.308236
0.308362
0.307867
0.308019
0.307995
0.307790
0.307847
0.307927
0.308299
0.308427
0.307913
0.308344
0.308174
0.308027
0.307974
0.308026
0.307886
0.307822
0.307910
0.308615
0.308249
0.308509
0.308689
0.308042
0.308207
0.308195
0.308378
0.308063
0.308078
0.308351
0.308075
0.308222
0.308032
0.308335
0.308572
0.307988
0.308233
0.308151
0.308385
0.308481
0.308216
0.308093
0.308276
0.308066
0.308041
0.307979
0.308489
0.308566
0.308018
0.308032
0.307836
0.307857
0.308158
0.308225
0.307982
0.308763
0.308539
0.308584
0.308467
0.308120
0.308252
0.308021
0.308023
0.308023
0.308544
0.308791
0.308638
0.308108
0.307954
0.307980
0.307954
0.308179
0.308383
0.308070
0.308342
0.307996
0.308114
0.308263
0.308399
0.308536
0.308836
0.307928
0.308286
0.307985
0.308106
0.308017
0.307872
0.308325
0.307989
0.308086
0.307964
0.308097
0.308190
0.307992
0.308115
0.308254
0.308263
0.308206
0.307885
0.308343
0.308176
0.307925
0.307939
0.308321
0.308195
0.307906
0.308264
0.308042
0.308072
0.308030
0.308068
0.308503
0.308230
0.308274
0.308028
0.308204
0.308747
0.308151
0.308339
0.308468
0.308064
0.308072
0.308061
0.308294
0.308506
0.308267
0.308052
0.308508
0.308077
0.308288
0.308333
0.308466
0.308607
0.308278
0.308746
0.308622
0.308727
0.308175
0.308261
0.308131
0.308467
0.308136
0.308318
0.308230
0.308193
0.308032
0.308130
0.308096
0.308385
0.308433
0.308219
0.308014
0.307962
0.308254
0.308371
0.308001
0.308213
0.308518
0.308048
0.308161
0.308560
0.308245
0.307946
0.307959
0.308239
0.308585
0.308069
0.308143
0.308214
0.308439
0.308590
0.308128
0.308307
0.308214
0.308685
0.308568
0.308263
0.308070
0.308353
0.308167
0.308196
0.308113
0.308208
0.308014
0.308245
0.308260
0.308042
0.308186
0.308086
0.308338
0.308433
0.308494
0.308082
0.308630
0.308265
0.308560
0.308400
0.308356
0.308323
0.308411
0.307987
0.308330
0.308492
0.308261
0.308379
0.308137
0.308134
0.308229
0.308083
0.308715
0.308659
0.308380
0.308205
0.308098
0.308176
0.308044
0.308124
0.308094
0.308576
0.308498
0.308866
0.308407
0.308130
0.308832
0.308097
0.308322
0.308363
0.308432
0.308302
0.308514
0.308634
0.308351
0.308401
0.308187
0.307966
0.308302
0.308196
0.308292
0.308465
0.308175
0.307976
0.308137
0.308058
0.308184
0.307956
0.307970
0.308440
0.308384
0.308934
0.308755
0.308360
0.308062
0.308123
0.308368
0.308113
0.308291
0.308176
0.308191
0.308476
0.308734
0.308551
0.308056
0.308303
0.308512
0.308330
0.308577
0.308380
0.308405
0.308271
0.308244
0.308292
0.308569
0.308199
0.308016
0.308244
0.308041
0.308588
0.308873
0.308050
0.308205
0.308111
0.308195
0.308062
0.308210
0.308225
0.308386
0.308366
0.308367
0.308600
0.308718
0.308355
0.308542
0.308718
0.308283
0.308074
0.308106
0.308063
0.308250
0.308280
0.308238
0.307996
0.308270
0.308229
0.308476
0.308727
0.308678
0.308132
0.308381
0.308577
0.308248
0.308209
0.308120
0.308399
0.308282
0.308015
0.308210
0.308262
0.308480
0.308096
0.308402
0.308075
0.308334
0.308329
0.308266
0.308182
0.308063
0.307970
0.308121
0.307995
0.308413
0.308410
0.308448
0.308330
0.308197
0.308270
0.308491
0.308281
0.308000
0.308043
0.308326
0.308770
0.308107
0.308226
0.308461
0.308497
0.308716
0.308518
0.308619
0.308410
0.308358
0.308111
0.308459
0.308708
0.308752
0.308538
0.308716
0.308238
0.308264
0.308498
0.307994
0.307965
0.308282
0.308249
0.308678
0.308720
0.308536
0.308187
0.308125
0.308284
0.308182
0.308234
0.308277
0.308037
0.308074
0.308692
0.308481
0.308566
0.308527
0.308739
0.308560
0.308236
0.308152
0.308256
0.308728
0.308625
0.308058
0.308443
0.308320
0.308411
0.308443
0.308304
0.308588
0.308457
0.308432
0.308526
0.308246
0.308097
0.308692
0.308173
0.308336
0.308359
0.308744
0.308346
0.308339
0.308533
0.308591
0.308502
0.308281
0.308315
0.308159
0.308369
0.308601
0.308652
0.308152
0.308049
0.308246
0.308309
0.308121
0.308078
0.308470
0.308173
0.308650
0.308011
0.308108
0.308254
0.308093
0.308145
0.308275
0.308381
0.308313
0.308840
0.308659
0.308045
0.308236
0.308290
0.308460
0.308344
0.308327
0.308391
0.308328
0.308756
0.308604
0.308449
0.308363
0.308581
0.308434
0.308345
0.308699
0.308598
0.308608
0.308347
0.308022
0.308052
0.308142
0.308216
0.308214
0.308823
0.308292
0.308238
0.308267
0.308200
0.308493
0.308496
0.308319
0.308381
0.308580
0.308550
0.308248
0.308265
0.308308
0.308169
0.308254
0.308567
0.308778
0.308190
0.308363
0.308355
0.308022
0.308022
0.308261
0.308080
0.308351
0.308179
0.308628
0.308510
0.308471
0.308509
0.309033
0.308723
0.308789
0.308196
0.308379
0.308505
0.308379
0.308624
0.308355
0.308057
0.308133
0.308362
0.308141
0.308346
0.308166
0.308170
0.308239
0.308356
0.308375
0.308230
0.308167
0.308384
0.308661
0.308269
0.308240
0.308405
0.308376
0.308714
0.308166
0.308079
0.308570
0.308388
0.308886
0.308510
0.308299
0.309050
0.308913
0.308562
0.308576
0.308819
0.308726
0.308110
0.308195
0.308363
0.308467
0.308769
0.308708
0.308759
0.308988
0.308634
0.308573
0.308095
0.308052
0.308270
0.308398
0.308654
0.308859
0.308834
0.308591
0.308583
0.308101
0.308728
0.308336
0.308799
0.308576
0.308824
0.308427
0.308610
0.308787
0.308583
0.308413
0.308628
0.308773
0.308290
0.308570
0.308465
0.308649
0.308307
0.308397
0.308863
0.309126
0.309069
0.308113
0.308274
0.308311
0.308281
0.308276
0.308441
0.308578
0.308227
0.308347
0.308404
0.308721
0.308776
0.308354
0.308167
0.308245
0.308577
0.308880
0.308837
0.308669
0.308564
0.308475
0.308368
0.308576
0.308556
0.308369
0.308621
0.308377
0.308590
0.308661
0.308393
0.308708
0.308342
0.308764
0.308696
0.308377
0.308426
0.308784
0.308707
0.308431
0.308362
0.308276
0.308728
0.308235
0.308629
0.308356
0.308291
0.308383
0.308312
0.308297
0.308348
0.308355
0.308451
0.308441
0.308521
0.308710
0.308777
0.308700
0.308435
0.308291
0.308136
0.308273
0.308480
0.308227
0.308377
0.308847
0.308386
0.308723
0.308832
0.308592
0.308343
0.308256
0.308439
0.308328
0.308351
0.308261
0.308275
0.308366
0.308701
0.308154
0.308325
0.308554
0.308504
0.308304
0.308415
0.309059
0.308653
0.308755
0.308937
0.308373
0.308184
0.308520
0.308702
0.308671
0.308822
0.308824
0.308451
0.308594
0.308494
0.308381
0.308490
0.308295
0.308405
0.308657
0.308272
0.308738
0.308624
0.308339
0.308453
0.308133
0.308229
0.308218
0.308488
0.308621
0.308421
0.308872
0.308522
0.308399
0.308280
0.308264
0.308577
0.308196
0.308278
0.308214
0.308129
0.308367
0.308302
0.308475
0.308281
0.308455
0.308537
0.308544
0.308389
0.308534
0.308807
0.308460
0.308423
0.308725
0.308596
0.308444
0.308713
0.308160
0.308576
0.308383
0.308639
0.308698
0.308870
0.308861
0.308604
0.309099
0.308850
0.308797
0.308455
0.308566
0.308806
0.308494
0.308899
0.308708
0.308947
0.308202
0.308777
0.308787
0.308672
0.308787
0.308722
0.308341
0.308865
0.308410
0.308202
0.308363
0.308387
0.308669
0.308648
0.308517
0.308469
0.308614
0.308394
0.308627
0.308195
0.308456
0.308693
0.308843
0.309040
0.309082
0.308501
0.308502
0.308358
0.308597
0.308609
0.308550
0.308331
0.308564
0.308801
0.308371
0.308367
0.308318
0.308450
0.308733
0.308714
0.308530
0.308606
0.308728
0.308754
0.308695
0.308944
0.308852
0.308811
0.308770
0.308560
0.308454
0.308359
0.308754
0.308345
0.308507
0.308341
0.308346
0.308312
0.308464
0.308809
0.308614
0.308820
0.308418
0.308461
0.308427
0.308947
0.308809
0.308743
0.308543
0.308763
0.308739
0.308830
0.309008
0.308753
0.308868
0.308986
0.308619
0.308806
0.308511
0.308554
0.308476
0.308512
0.308561
0.308273
0.308318
0.308630
0.308704
0.308573
0.308500
0.308305
0.308622
0.308571
0.308500
0.308729
0.308776
0.308565
0.308493
0.308762
0.308890
0.308712
0.308769
0.308550
0.308355
0.308396
0.308830
0.308491
0.308783
0.308773
0.309269
0.308941
0.308779
0.308905
0.308428
0.308412
0.308502
0.308808
0.308782
0.308476
0.308685
0.308378
0.308369
0.308433
0.308419
0.308329
0.308462
0.308483
0.308859
0.308486
0.308899
0.308642
0.308680
0.308967
0.308516
0.309116
0.309103
0.308757
0.308627
0.308966
0.308866
0.308398
0.308356
0.308422
0.308788
0.308521
0.308788
0.308425
0.308626
0.309202
0.309067
0.308617
0.309230
0.308792
0.308863
0.308636
0.308783
0.308614
0.308764
0.308394
0.308394
0.308677
0.308748
0.308787
0.308487
0.308714
0.308899
0.309007
0.308547
0.308719
0.308675
0.308834
0.308638
0.308544
0.308678
0.308687
0.309011
0.308819
0.308642
0.308696
0.308869
0.309090
0.308687
0.308858
0.308702
0.308763
0.308579
0.308531
0.308920
0.308826
0.308910
0.308527
0.309064
0.308639
0.308555
0.308766
0.308795
0.308974
0.309040
0.308511
0.308860
0.308575
0.309044
0.308892
0.308715
0.308865
0.308960
0.308746
0.308724
0.308746
0.309110
0.309173
0.308723
0.308772
0.308832
0.308613
0.308650
0.308877
0.308660
0.308546
0.308568
0.308514
0.308624
0.308411
0.308535
0.308557
0.308610
0.308937
0.308925
0.308778
0.308647
0.308847
0.309243
0.308612
0.308961
0.308712
0.309023
0.308835
0.309395
0.308984
0.308642
0.308626
0.309094
0.309387
0.308575
0.308699
0.308744
0.309129
0.308688
0.308860
0.308643
0.308449
0.308632
0.308872
0.308721
0.308989
0.308563
0.308451
0.308418
0.308418
0.308513
0.308717
0.309107
0.308863
0.308957
0.308769
0.309106
0.308437
0.308608
0.308724
0.308685
0.308906
0.308905
0.308947
0.308713
0.308734
0.308980
0.309052
0.308519
0.308704
0.308618
0.308856
0.308651
0.308854
0.308460
0.308755
0.309314
0.308513
0.308772
0.308815
0.308859
0.309169
0.308896
0.308787
0.308740
0.308768
0.308636
0.308707
0.308967
0.308471
0.308855
0.309120
0.309034
0.308748
0.309040
0.308655
0.308688
0.308588
0.308748
0.308863
0.308620
0.308936
0.308786
0.309232
0.309277
0.309066
0.308982
0.308711
0.308897
0.309147
0.308727
0.308804
0.308533
0.308686
0.308638
0.308694
0.308823
0.308551
0.308661
0.308622
0.308609
0.309178
0.309096
0.308928
0.309028
0.308909
0.309224
0.308968
0.308594
0.308860
0.309024
0.309241
0.308998
0.309355
0.309277
0.309010
0.309007
0.308564
0.308872
0.309226
0.309020
0.308932
0.308897
0.308716
0.308703
0.309254
0.308969
0.309185
0.309113
0.309345
0.309181
0.308789
0.308832
0.308849
0.308954
0.309035
0.308881
0.308880
0.308866
0.308721
0.308601
0.308654
0.308686
0.308984
0.309095
0.309191
0.309239
0.309184
0.308605
0.308904
0.308943
0.309296
0.308959
0.308792
0.308914
0.309052
0.308739
0.309267
0.309465
0.309349
0.309067
0.308936
0.309304
0.308857
0.308958
0.308922
0.308575
0.308669
0.308562
0.308920
0.309020
0.309186
0.309453
0.309064
0.308991
0.308789
0.308839
0.308889
0.308976
0.309486
0.309364
0.308898
0.308891
0.309340
0.309389
0.309758
0.309130
0.309108
0.309024
0.308855
0.308991
0.308981
0.308891
0.308866
0.309072
0.309245
0.309174
0.308945
0.308935
0.308626
0.308896
0.308768
0.308795
0.308731
0.308961
0.309176
0.309481
0.309271
0.308965
0.308643
0.308798
0.308638
0.308855
0.308958
0.309141
0.308792
0.308901
0.308763
0.308686
0.309125
0.309043
0.308852
0.308827
0.309341
0.309071
0.308899
0.308809
0.308737
0.308690
0.309255
0.309143
0.308995
0.309221
0.309145
0.309045
0.308995
0.308995
0.309097
0.308751
0.308888
0.309294
0.309361
0.309195
0.309209
0.309151
0.309099
0.308695
0.309132
0.308907
0.309020
0.309064
0.309251
0.308677
0.308862
0.308878
0.308955
0.308874
0.308660
0.308956
0.308789
0.308967
0.308968
0.308731
0.308939
0.309026
0.309268
0.308842
0.308906
0.309114
0.308969
0.309236
0.308803
0.308698
0.308801
0.309098
0.309156
0.308817
0.308623
0.309162
0.309311
0.309199
0.308757
0.308773
0.308852
0.309010
0.309465
0.309502
0.308904
0.308746
0.308934
0.308942
0.308918
0.309026
0.309026
0.309014
0.309356
0.309360
0.308829
0.308781
0.308668
0.309021
0.308783
0.308682
0.309166
0.308818
0.308980
0.309341
0.308896
0.308823
0.308764
0.309190
0.309040
0.309094
0.309347
0.309270
0.308757
0.308701
0.308975
0.308688
0.308829
0.308880
0.308849
0.308684
0.308813
0.308698
0.308930
0.309100
0.309185
0.308979
0.308980
0.309298
0.308927
0.309114
0.309050
0.308872
0.309214
0.308765
0.309151
0.308943
0.308779
0.309018
0.308986
0.308822
0.308851
0.308712
0.308921
0.308904
0.308938
0.308882
0.308990
0.309069
0.308972
0.308806
0.308970
0.308867
0.308892
0.308872
0.309019
0.309123
0.308915
0.308933
0.308811
0.308795
0.309010
0.309120
0.308988
0.308709
0.308936
0.308816
0.308822
0.308982
0.308840
0.308695
0.308791
0.309135
0.308694
0.308746
0.308763
0.308823
0.309190
0.309048
0.308984
0.309273
0.309236
0.308867
0.309023
0.308872
0.309101
0.309192
0.308770
0.309193
0.308884
0.308903
0.309030
0.308942
0.309098
0.308954
0.309078
0.309390
0.309172
0.309112
0.309300
0.309147
0.308841
0.309122
0.308936
0.308736
0.308847
0.308937
0.309280
0.309211
0.309092
0.309297
0.309366
0.308938
0.309280
0.309121
0.309364
0.308890
0.309002
0.309291
0.308897
0.309233
0.308898
0.309288
0.309269
0.309194
0.309134
0.309046
0.308819
0.309268
0.309035
0.309067
0.309171
0.308972
0.308930
0.309011
0.308899
0.308980
0.309362
0.309462
0.309300
0.309458
0.309034
0.309488
0.309038
0.309319
0.308954
0.309066
0.309026
0.309198
0.309094
0.309224
0.309100
0.308939
0.309205
0.309068
0.308951
0.308975
0.308889
0.308798
0.309104
0.309202
0.309387
0.309646
0.308916
0.308963
0.308869
0.308955
0.309171
0.309151
0.309260
0.308966
0.309171
0.309083
0.308857
0.308935
0.309073
0.308973
0.308909
0.308927
0.308867
0.309095
0.309138
0.309100
0.309044
0.308931
0.308829
0.309244
0.309300
0.309025
0.309098
0.309107
0.309232
0.309354
0.309543
0.309433
0.309159
0.309094
0.308949
0.309064
0.309007
0.309239
0.308871
0.309125
0.309026
0.309202
0.309290
0.309273
0.309370
0.309268
0.308839
0.309287
0.309232
0.309292
0.309200
0.309424
0.308842
0.309336
0.309510
0.309301
0.308894
0.309085
0.309246
0.309116
0.308868
0.309142
0.309107
0.309530
0.309147
0.309108
0.309284
0.309164
0.309662
0.309047
0.309442
0.309688
0.309150
0.309316
0.308958
0.308940
0.309417
0.308916
0.308981
0.308984
0.308865
0.309310
0.309535
0.309373
0.308879
0.309102
0.309389
0.309569
0.309498
0.309459
0.309428
0.309650
0.309105
0.308920
0.309187
0.309012
0.309232
0.309316
0.309230
0.309160
0.309221
0.309367
0.309421
0.309274
0.308919
0.309596
0.309844
0.309011
0.309135
0.309171
0.309253
0.309476
0.310067
0.309963
0.309272
0.309088
0.309229
0.309386
0.309230
0.309333
0.309140
0.309130
0.309325
0.309041
0.309068
0.309151
0.309105
0.309117
0.309312
0.309293
0.308968
0.308998
0.308915
0.308880
0.309314
0.309473
0.309066
0.309115
0.309173
0.309098
0.308973
0.309400
0.309555
0.309553
0.309010
0.309119
0.309115
0.309095
0.308916
0.309237
0.308970
0.308970
0.309267
0.309038
0.309186
0.309329
0.309495
0.309235
0.309139
0.308939
0.308991
0.308919
0.309177
0.309251
0.309344
0.309267
0.309250
0.308942
0.309093
0.309386
0.309122
0.308987
0.309231
0.309067
0.308960
0.309185
0.309022
0.309003
0.308982
0.308931
0.308898
0.308888
0.308910
0.309013
0.308977
0.308996
0.309604
0.309433
0.309061
0.309161
0.309476
0.308906
0.308927
0.309182
0.308979
0.309515
0.309367
0.309472
0.309278
0.309597
0.309442
0.309166
0.308975
0.309343
0.309095
0.309228
0.309352
0.309409
0.309271
0.309300
0.309045
0.309159
0.309158
0.309149
0.309287
0.309447
0.309544
0.308953
0.309062
0.309084
0.309223
0.309075
0.309156
0.309045
0.309019
0.309174
0.309478
0.309077
0.309229
0.309502
0.308969
0.309004
0.308953
0.309089
0.309120
0.309142
0.309133
0.308936
0.309846
0.309437
0.309314
0.309714
0.309435
0.309714
0.309527
0.309618
0.309024
0.309069
0.309438
0.309346
0.309180
0.309238
0.309430
0.308953
0.308947
0.309262
0.309083
0.309261
0.309228
0.308942
0.309074
0.309220
0.309410
0.309753
0.309459
0.309522
0.309174
0.309310
0.309084
0.309096
0.309051
0.309244
0.309507
0.309588
0.309328
0.309185
0.309127
0.308960
0.308966
0.309021
0.309148
0.308962
0.308970
0.309084
0.309202
0.309365
0.309318
0.309260
0.309252
0.309535
0.309530
0.309438
0.309634
0.309091
0.309406
0.309444
0.309303
0.309457
0.309269
0.309247
0.309338
0.309419
0.309178
0.309302
0.309047
0.308994
0.308968
0.309048
0.308971
0.309347
0.309259
0.309348
0.309785
0.309466
0.309245
0.309344
0.309209
0.309380
0.309635
0.309366
0.309217
0.309405
0.309727
0.309632
0.309496
0.309274
0.309213
0.309242
0.309431
0.309945
0.308985
0.309473
0.309478
0.309454
0.309461
0.309281
0.309543
0.309417
0.309033
0.309192
0.309635
0.309158
0.309061
0.309523
0.309493
0.309381
0.309163
0.309270
0.309333
0.309084
0.309214
0.309609
0.309434
0.309397
0.309276
0.309342
0.309272
0.309174
0.309289
0.309093
0.309392
0.309608
0.309506
0.309467
0.309121
0.309462
0.309307
0.309301
0.309285
0.309230
0.309183
0.309298
0.309470
0.309263
0.309206
0.309258
0.309316
0.309670
0.309354
0.309291
0.309619
0.309250
0.309188
0.309815
0.309313
0.309133
0.309315
0.309117
0.309333
0.309168
0.309467
0.309066
0.309712
0.309564
0.309648
0.309523
0.309483
0.309265
0.309203
0.309014
0.309223
0.309276
0.309030
0.309637
0.309475
0.309757
0.310027
0.309322
0.309518
0.309533
0.309238
0.309655
0.309570
0.309212
0.309310
0.309533
0.309148
0.309134
0.309242
0.309693
0.309632
0.309585
0.309129
0.309476
0.309144
0.309348
0.309111
0.309645
0.309351
0.309378
0.309814
0.309340
0.309197
0.309328
0.309234
0.309408
0.309504
0.309637
0.309563
0.309573
0.309722
0.309117
0.309648
0.309400
0.309548
0.309405
0.309293
0.309105
0.309051
0.309024
0.309138
0.309077
0.309267
0.309428
0.309360
0.309797
0.309446
0.309415
0.309298
0.309753
0.309202
0.309204
0.309416
0.309135
0.309130
0.309393
0.309471
0.309342
0.309226
0.309360
0.309361
0.309340
0.309540
0.309236
0.309297
0.309213
0.309158
0.309881
0.309289
0.309503
0.309508
0.309313
0.309530
0.309740
0.309258
0.309506
0.309356
0.309265
0.309290
0.309245
0.309370
0.309199
0.309161
0.309149
0.309421
0.309414
0.309338
0.309324
0.309277
0.309563
0.309402
0.309740
0.310077
0.309431
0.309354
0.309099
0.309095
0.309079
0.309283
0.309945
0.309272
0.309385
0.309807
0.309641
0.309522
0.309151
0.309131
0.309309
0.309118
0.309178
0.309273
0.309424
0.309386
0.309055
0.309107
0.309409
0.309609
0.309295
0.309318
0.309216
0.309361
0.309407
0.309489
0.309793
0.309094
0.309229
0.309443
0.309477
0.309412
0.309549
0.309683
0.309913
0.309383
0.309323
0.309662
0.309132
0.309722
0.309143
0.309241
0.309233
0.309450
0.309559
0.309447
0.309376
0.309362
0.309594
0.309482
0.309417
0.309367
0.309250
0.309240
0.309115
0.309603
0.309763
0.309833
0.309421
0.309599
0.309154
0.309527
0.309870
0.309297
0.309076
0.309437
0.309462
0.309308
0.309253
0.309141
0.309222
0.309317
0.309571
0.309007
0.309194
0.309195
0.309621
0.309769
0.309868
0.310114
0.309390
0.309490
0.309260
0.309181
0.309481
0.309179
0.309491
0.309606
0.309622
0.309452
0.309374
0.309739
0.309465
0.309754
0.309652
0.309799
0.309320
0.309670
0.309587
0.309227
0.309246
0.309574
0.309761
0.309148
0.309232
0.309514
0.309496
0.309624
0.309304
0.309574
0.309484
0.309562
0.309557
0.310074
0.309788
0.309275
0.309315
0.309159
0.309516
0.309466
0.309540
0.309373
0.309432
0.309383
0.309233
0.309688
0.309524
0.309327
0.309378
0.309598
0.309485
0.309872
0.309959
0.309103
0.309222
0.309357
0.309445
0.309237
0.309281
0.309256
0.309168
0.309264
0.309432
0.309123
0.309329
0.309445
0.309681
0.309524
0.309163
0.309386
0.309385
0.309442
0.309432
0.309584
0.309885
0.309664
0.309515
0.309586
0.309854
0.309488
0.309625
0.309682
0.309288
0.309615
0.309189
0.309323
0.309756
0.309698
0.309467
0.309674
0.309692
0.309881
0.309145
0.309321
0.309332
0.309436
0.309610
0.309360
0.309359
0.309192
0.309118
0.309259
0.309445
0.309305
0.309472
0.309553
0.309220
0.309155
0.309248
0.309263
0.309500
0.309211
0.309289
0.309119
0.309597
0.309279
0.309244
0.309501
0.309922
0.310046
0.309977
0.309092
0.309078
0.309739
0.309740
0.309619
0.309425
0.309254
0.309478
0.309797
0.309908
0.309717
0.309450
0.309159
0.309134
0.309222
0.309288
0.309205
0.309695
0.309299
0.309426
0.309472
0.309597
0.309444
0.309664
0.309199
0.309080
0.309258
0.309368
0.309361
0.309446
0.309505
0.309471
0.309170
0.309373
0.309547
0.309578
0.309530
0.309545
0.309354
0.309515
0.309712
0.309057
0.309530
0.309513
0.309153
0.309157
0.309186
0.309211
0.309244
0.309620
0.309378
0.309585
0.309597
0.309441
0.309388
0.309356
0.309171
0.309143
0.309359
0.309252
0.309396
0.309134
0.309304
0.309414
0.309357
0.309222
0.309478
0.309336
0.309387
0.309281
0.309608
0.309518
0.309240
0.309408
0.309271
0.309483
0.309174
0.309238
0.309179
0.309370
0.309299
0.309312
0.309520
0.309728
0.309242
0.309261
0.309559
0.309092
0.309210
0.309124
0.309095
0.309649
0.309190
0.309137
0.309724
0.309807
0.309634
0.309571
0.309800
0.309474
0.309158
0.309334
0.309318
0.309394
0.309271
0.309249
0.309263
0.309297
0.309324
0.309286
0.309471
0.309389
0.310068
0.309608
0.309304
0.309130
0.309140
0.309219
0.309306
0.309109
0.309182
0.309614
0.309394
0.309175
0.309145
0.309565
0.309517
0.309796
0.309721
0.309270
0.309274
0.309456
0.309472
0.309464
0.309620
0.309289
0.309604
0.309640
0.309323
0.309179
0.309443
0.309872
0.309780
0.309424
0.309479
0.309278
0.309546
0.309436
0.309345
0.309262
0.309278
0.309190
0.309303
0.309180
0.309450
0.309510
0.309321
0.309241
0.309574
0.309301
0.309550
0.309664
0.309361
0.309612
0.309104
0.309198
0.309197
0.309336
0.309120
0.309138
0.309543
0.309269
0.309367
0.309373
0.309136
0.309368
0.309370
0.309362
0.309471
0.309614
0.309201
0.309234
0.309573
0.309218
0.309538
0.309603
0.309642
0.309750
0.309508
0.309783
0.309748
0.309367
0.309536
0.309682
0.309621
0.309691
0.309449
0.309627
0.309684
0.309507
0.309323
0.309532
0.309391
0.309578
0.309600
0.309570
0.309697
0.309812
0.309333
0.309654
0.309843
0.309269
0.309275
0.309389
0.309585
0.309293
0.309356
0.309209
0.309482
0.309347
0.309187
0.309815
0.309604
0.309766
0.309526
0.309366
0.309424
0.309530
0.309513
0.309191
0.309214
0.309419
0.309517
0.309336
0.309599
0.309504
0.309962
0.309861
0.309764
0.309733
0.309350
0.309600
0.309192
0.309452
0.309470
0.309733
0.309549
0.309868
0.310108
0.310073
0.309353
0.309242
0.309317
0.309302
0.309519
0.309982
0.309411
0.309230
0.309491
0.309492
0.309609
0.309360
0.309906
0.309642
0.309749
0.309563
0.309604
0.309494
0.309612
0.309751
0.309965
0.309887
0.309285
0.309430
0.309236
0.309418
0.309584
0.309418
0.309535
0.309298
0.309577
0.309468
0.309527
0.309682
0.309559
0.309425
0.309415
0.309593
0.309595
0.309512
0.309419
0.309658
0.309558
0.309308
0.309293
0.309402
0.309187
0.309330
0.309508
0.309557
0.309437
0.309340
0.309334
0.309386
0.309517
0.309390
0.309350
0.309667
0.309810
0.309430
0.309823
0.309972
0.309865
0.309828
0.309590
0.309507
0.309567
0.309781
0.309375
0.309657
0.309528
0.309299
0.309443
0.309642
0.309495
0.309530
0.309440
0.309448
0.309514
0.309757
0.309225
0.309495
0.309892
0.309604
0.309914
0.309573
0.309591
0.309453
0.309419
0.309868
0.309919
0.309848
0.309247
0.309415
0.309732
0.309306
0.309359
0.309511
0.309349
0.309532
0.309859
0.309360
0.309237
0.309717
0.309456
0.309408
0.309722
0.309354
0.309417
0.309263
0.309587
0.309823
0.309525
0.309559
0.309646
0.309546
0.309586
0.309676
0.309657
0.309383
0.309597
0.309367
0.309382
0.309650
0.309728
0.309473
0.309601
0.309566
0.309404
0.309236
0.309401
0.309580
0.309460
0.309705
0.309354
0.309786
0.309436
0.309441
0.309712
0.309584
0.309454
0.309376
0.309433
0.309594
0.309435
0.309419
0.309651
0.310045
0.310070
0.310106
0.309349
0.309608
0.309369
0.309512
0.309660
0.309610
0.309716
0.309605
0.310175
0.310057
0.309540
0.309931
0.310069
0.309846
0.309528
0.309339
0.309442
0.309700
0.309841
0.309707
0.309611
0.309862
0.309581
0.309744
0.309572
0.309688
0.309569
0.309903
0.309792
0.309554
0.309813
0.309889
0.310013
0.309576
0.309611
0.309242
0.309303
0.309315
0.309577
0.309932
0.310401
0.310259
0.309580
0.309554
0.309382
0.309312
0.309317
0.309751
0.309372
0.309520
0.309747
0.309620
0.309425
0.309299
0.309655
0.309347
0.309467
0.309770
0.309372
0.309334
0.309418
0.309373
0.309535
0.309640
0.309559
0.309724
0.309953
0.309814
0.309854
0.309425
0.309636
0.309606
0.309762
0.309498
0.309953
0.310429
0.310306
0.309759
0.309550
0.309817
0.309885
0.309858
0.309629
0.309483
0.309339
0.309602
0.309611
0.309457
0.309489
0.309739
0.309686
0.309839
0.309881
0.309532
0.309904
0.309808
0.309778
0.309704
0.309616
0.309623
0.309593
0.309271
0.309461
0.309574
0.309677
0.309714
0.309438
0.309340
0.309880
0.309762
0.309632
0.309278
0.309491
0.309651
0.309505
0.309792
0.309976
0.309761
0.309597
0.309704
0.309611
0.309432
0.309564
0.309658
0.309607
0.309858
0.309676
0.309518
0.309477
0.309606
0.309796
0.309737
0.309906
0.309535
0.309719
0.309604
0.309797
0.309869
0.309613
0.309474
0.309319
0.309743
0.309724
0.309551
0.309811
0.309629
0.309909
0.310111
0.309781
0.309470
0.309639
0.309391
0.309531
0.309706
0.309640
0.309713
0.309616
0.309577
0.309900
0.309657
0.309588
0.309818
0.309668
0.310028
0.309559
0.309741
0.309633
0.309499
0.309498
0.309283
0.309578
0.309480
0.309612
0.309517
0.309505
0.309336
0.309478
0.309350
0.309537
0.309436
0.309376
0.309518
0.309854
0.309871
0.309418
0.309535
0.309722
0.309955
0.309506
0.309422
0.309766
0.309381
0.309362
0.309453
0.309665
0.309608
0.309784
0.309734
0.309686
0.309674
0.309527
0.309680
0.309945
0.309809
0.309812
0.310001
0.310150
0.309818
0.309596
0.309785
0.309551
0.309688
0.309572
0.309401
0.309684
0.309723
0.309350
0.309451
0.309367
0.309731
0.309771
0.309774
0.309716
0.309687
0.309450
0.309897
0.310022
0.309911
0.309766
0.309648
0.309554
0.309949
0.309953
0.309675
0.309884
0.309822
0.309687
0.309478
0.309669
0.309879
0.309779
0.310030
0.309962
0.309347
0.310199
0.309502
0.309648
0.309569
0.309434
0.309717
0.309991
0.309891
0.309615
0.309704
0.310020
0.310081
0.309801
0.309798
0.309922
0.309796
0.309806
0.309824
0.309935
0.309530
0.309969
0.309724
0.309959
0.309558
0.309554
0.309592
0.309384
0.309409
0.309980
0.309369
0.309632
0.309714
0.309400
0.309474
0.309690
0.309753
0.310145
0.309721
0.309534
0.309625
0.310024
0.309953
0.309508
0.309703
0.309517
0.309520
0.310051
0.309361
0.309378
0.309381
0.309854
0.309411
0.309866
0.309344
0.309382
0.309581
0.309853
0.309419
0.309394
0.309944
0.309541
0.309796
0.309728
0.309847
0.310235
0.309948
0.310068
0.309766
0.309723
0.309631
0.309904
0.309927
0.309861
0.309918
0.309849
0.310087
0.310008
0.309619
0.309452
0.309478
0.309828
0.310055
0.309822
0.309600
0.309723
0.310319
0.310329
0.310289
0.309973
0.309457
0.309754
0.309708
0.309693
0.309691
0.309359
0.309427
0.309445
0.309550
0.309989
0.310066
0.309839
0.309872
0.309973
0.309645
0.309829
0.309745
0.310053
0.309809
0.309917
0.310065
0.309816
0.309766
0.309750
0.309814
0.309593
0.309523
0.309553
0.309840
0.309835
0.309663
0.309437
0.309757
0.309659
0.309580
0.309977
0.309710
0.310073
0.309799
0.309400
0.309879
0.309633
0.309419
0.309626
0.309930
0.310365
0.310099
0.309835
0.309456
0.309672
0.310028
0.310205
0.309861
0.310046
0.309970
0.310073
0.310077
0.309725
0.309834
0.309507
0.309788
0.309603
0.309743
0.309701
0.309979
0.309764
0.309897
0.309919
0.309564
0.309614
0.309745
0.309916
0.310059
0.309778
0.309825
0.310043
0.309668
0.309520
0.309511
0.309712
0.309498
0.309555
0.309706
0.309912
0.309656
0.309529
0.309742
0.309637
0.309749
0.310107
0.310219
0.310422
0.310168
0.310170
0.309503
0.309542
0.309790
0.310030
0.309536
0.309577
0.309423
0.309473
0.309667
0.309995
0.309414
0.309691
0.309714
0.309777
0.309914
0.309711
0.309678
0.309518
0.309675
0.309739
0.310094
0.309538
0.309452
0.309750
0.309912
0.309761
0.309664
0.309582
0.309476
0.309587
0.309620
0.309561
0.309623
0.309536
0.309590
0.309963
0.309701
0.309703
0.309756
0.309528
0.309617
0.309671
0.309742
0.309642
0.309502
0.309475
0.309561
0.309514
0.309726
0.309698
0.309534
0.309997
0.309786
0.309765
0.309724
0.310426
0.309465
0.309507
0.309498
0.309467
0.309813
0.309555
0.309731
0.309816
0.310133
0.309729
0.310039
0.309686
0.309718
0.309716
0.309778
0.309695
0.309509
0.309693
0.309881
0.309977
0.310002
0.310503
0.310214
0.309842
0.309790
0.309611
0.309460
0.309698
0.309570
0.309626
0.309699
0.309595
0.310187
0.309576
0.309848
0.310230
0.309835
0.309943
0.309457
0.309488
0.309858
0.310566
0.310354
0.309910
0.309843
0.310022
0.309731
0.310112
0.310336
0.309533
0.309615
0.309539
0.309845
0.310050
0.309572
0.309841
0.309642
0.309950
0.309637
0.309638
0.309937
0.309967
0.310224
0.309614
0.310138
0.310176
0.309623
0.309786
0.309631
0.309657
0.309782
0.310048
0.310024
0.309881
0.309987
0.309598
0.309725
0.309640
0.309848
0.309892
0.309946
0.309751
0.310099
0.310121
0.309913
0.309643
0.309692
0.310099
0.309818
0.310011
0.309974
0.309966
0.309949
0.310067
0.310057
0.309726
0.309819
0.309685
0.309927
0.309915
0.309590
0.309629
0.309589
0.309998
0.309998
0.310034
0.309719
0.309742
0.309949
0.309689
0.310005
0.310251
0.309888
0.309851
0.309798
0.309520
0.309491
0.309782
0.309638
0.309851
0.309953
0.309953
0.309578
0.310225
0.309998
0.309961
0.309653
0.309743
0.310004
0.310116
0.309638
0.309685
0.309950
0.310170
0.309868
0.309552
0.309566
0.309849
0.309525
0.309968
0.310242
0.310308
0.309904
0.309740
0.309723
0.309685
0.310091
0.309527
0.310114
0.309641
0.309995
0.310182
0.309869
0.309803
0.309770
0.309831
0.309811
0.309922
0.310397
0.309878
0.309797
0.309600
0.310159
0.309905
0.309896
0.309847
0.309784
0.309724
0.309823
0.310342
0.309828
0.310130
0.309955
0.310310
0.310111
0.309729
0.309780
0.309946
0.309836
0.309980
0.309764
0.309546
0.309786
0.309539
0.309829
0.310023
0.309838
0.310064
0.310164
0.309886
0.309781
0.309769
0.310238
0.310197
0.309522
0.309580
0.309826
0.309593
0.309731
0.309833
0.310039
0.309986
0.309622
0.309940
0.310196
0.309749
0.309814
0.310025
0.309863
0.310096
0.309773
0.309941
0.309796
0.310344
0.309933
0.310007
0.309860
0.309877
0.309771
0.310054
0.310172
0.310095
0.309830
0.309742
0.309742
0.309713
0.309848
0.310365
0.309758
0.309704
0.309892
0.310337
0.309829
0.309717
0.309805
0.309774
0.309906
0.309725
0.309729
0.309893
0.309848
0.309780
0.309898
0.309898
0.310033
0.309536
0.309803
0.309769
0.309922
0.310364
0.310089
0.309990
0.309690
0.309966
0.309913
0.309922
0.310104
0.309832
0.309875
0.310123
0.310072
0.309834
0.309634
0.309994
0.309818
0.310059
0.309901
0.309791
0.310057
0.310124
0.309666
0.309745
0.310074
0.309795
0.309574
0.309918
0.309985
0.309662
0.309701
0.309778
0.310063
0.309934
0.310050
0.310233
0.310071
0.310080
0.309559
0.309743
0.309645
0.309688
0.309818
0.309754
0.309964
0.309768
0.309621
0.309851
0.309618
0.309728
0.309703
0.309951
0.309912
0.309723
0.309763
0.309731
0.310109
0.309790
0.309539
0.309822
0.309550
0.309638
0.309695
0.309939
0.309893
0.310228
0.309844
0.309956
0.309921
0.309884
0.310131
0.309800
0.310111
0.309966
0.310005
0.309661
0.309747
0.309785
0.309594
0.309713
0.309606
0.309866
0.309600
0.310071
0.310260
0.310193
0.309921
0.309744
0.309812
0.310003
0.310056
0.310310
0.309842
0.309933
0.309958
0.309841
0.310020
0.310065
0.309567
0.309942
0.309690
0.309731
0.309565
0.309646
0.310217
0.309846
0.309691
0.309770
0.309692
0.309760
0.309782
0.309963
0.310035
0.309695
0.309715
0.309961
0.309705
0.309894
0.309908
0.310048
0.310156
0.310165
0.310208
0.310178
0.309950
0.310121
0.310102
0.309619
0.309896
0.309649
0.309665
0.309905
0.309970
0.309803
0.309742
0.310144
0.309778
0.309686
0.309992
0.309913
0.309985
0.309760
0.310238
0.309950
0.309610
0.309768
0.309620
0.309585
0.309674
0.309889
0.309975
0.309924
0.309883
0.309873
0.310232
0.309978
0.310022
0.310387
0.310133
0.310139
0.310002
0.309968
0.309612
0.310207
0.310146
0.309831
0.309999
0.309744
0.309624
0.309879
0.310000
0.310251
0.310102
0.309983
0.310241
0.310423
0.310185
0.310020
0.309708
0.309794
0.309622
0.309763
0.309885
0.309952
0.309762
0.309780
0.309876
0.309809
0.310179
0.310163
0.310086
0.310254
0.309783
0.309887
0.309999
0.309919
0.309761
0.309703
0.309774
0.309589
0.309725
0.309655
0.310098
0.309633
0.309975
0.309907
0.310115
0.310273
0.310153
0.309834
0.310074
0.309711
0.309742
0.309802
0.309794
0.310182
0.310041
0.309645
0.309627
0.309761
0.309780
0.309859
0.310473
0.309919
0.309719
0.309616
0.309633
0.309827
0.310028
0.309963
0.309880
0.310107
0.309853
0.309645
0.310002
0.310006
0.309854
0.309749
0.309683
0.309974
0.309902
0.309945
0.310096
0.310209
0.309989
0.309803
0.309892
0.309737
0.309837
0.309706
0.310358
0.310105
0.310026
0.310097
0.310172
0.309933
0.310226
0.310304
0.309947
0.309934
0.309963
0.309845
0.309867
0.310012
0.309884
0.309797
0.309676
0.309832
0.309719
0.309829
0.309878
0.309982
0.309827
0.309776
0.310572
0.310032
0.309797
0.309776
0.309844
0.309863
0.309748
0.309686
0.309654
0.309808
0.309739
0.309955
0.310072
0.310124
0.309963
0.309789
0.309938
0.309929
0.309631
0.309871
0.310089
0.309840
0.309984
0.310030
0.310005
0.309933
0.309902
0.310002
0.309932
0.310051
0.309757
0.309903
0.309741
0.310055
0.310252
0.310358
0.310069
0.309911
0.309810
0.309851
0.309897
0.310168
0.310116
0.310116
0.310340
0.310138
0.310441
0.310150
0.310146
0.310107
0.310082
0.310079
0.309948
0.309685
0.309803
0.310016
0.309911
0.310123
0.310161
0.310427
0.309950
0.310221
0.309994
0.310196
0.310120
0.309895
0.310079
0.309905
0.309927
0.309761
0.309864
0.309692
0.310173
0.310310
0.310009
0.310203
0.310403
0.310126
0.309986
0.309949
0.309946
0.310207
0.309952
0.310104
0.310067
0.309682
0.309760
0.310323
0.310361
0.310421
0.309857
0.309832
0.310024
0.310090
0.309939
0.309754
0.310075
0.310436
0.309769
0.309955
0.310337
0.310142
0.309959
0.309973
0.310108
0.309761
0.309903
0.310106
0.310174
0.310066
0.309889
0.309814
0.309926
0.309903
0.310286
0.310041
0.309969
0.310151
0.310255
0.309944
0.310035
0.310430
0.310245
0.310241
0.309947
0.310216
0.309895
0.310376
0.310005
0.310137
0.310136
0.309914
0.310090
0.310292
0.309813
0.310181
0.309886
0.310113
0.310684
0.310694
0.310488
0.309938
0.309956
0.309703
0.309829
0.309939
0.309948
0.310048
0.310305
0.310019
0.310071
0.310566
0.310340
0.309951
0.309948
0.310240
0.310074
0.310020
0.310015
0.310006
0.309992
0.309867
0.309856
0.310283
0.310204
0.309803
0.310040
0.309920
0.309903
0.309944
0.310349
0.309963
0.310162
0.309812
0.309978
0.309962
0.309963
0.309772
0.309714
0.309951
0.309880
0.309778
0.310190
0.309947
0.309882
0.310088
0.309998
0.309979
0.310135
0.310138
0.310040
0.309936
0.309918
0.310157
0.310174
0.309995
0.309930
0.309977
0.310252
0.309924
0.309820
0.310076
0.310229
0.310165
0.310044
0.310733
0.310395
0.310562
0.310477
0.309983
0.309895
0.309891
0.309873
0.310404
0.309929
0.310106
0.310122
0.309884
0.310055
0.310175
0.310150
0.309789
0.309908
0.310150
0.309972
0.310148
0.310065
0.309929
0.310132
0.310360
0.309939
0.310104
0.309935
0.309885
0.310005
0.309983
0.310264
0.310276
0.310209
0.310101
0.309755
0.310194
0.309961
0.310138
0.310248
0.310006
0.309996
0.309818
0.309814
0.310125
0.310180
0.309998
0.310205
0.310270
0.310071
0.309837
0.309991
0.310369
0.310164
0.310140
0.310557
0.310644
0.309865
0.309891
0.309735
0.309820
0.310060
0.310326
0.309971
0.309945
0.310287
0.310590
0.310308
0.310069
0.310434
0.310271
0.310128
0.310069
0.310051
0.309836
0.309773
0.310234
0.309978
0.310082
0.310501
0.310200
0.310412
0.310215
0.309863
0.310277
0.310255
0.309950
0.309897
0.310051
0.310040
0.310334
0.310015
0.309808
0.309993
0.309941
0.309774
0.309779
0.309927
0.310028
0.310045
0.310121
0.309872
0.309925
0.310285
0.310334
0.310259
0.309979
0.309982
0.310029
0.309992
0.310187
0.310040
0.309885
0.310223
0.309965
0.310263
0.309754
0.309897
0.309905
0.310002
0.310063
0.310030
0.310330
0.309925
0.309896
0.309911
0.309974
0.309809
0.309928
0.310055
0.309803
0.309862
0.310029
0.309945
0.309762
0.310467
0.310251
0.310375
0.310334
0.309944
0.309905
0.310045
0.310225
0.310257
0.310159
0.309781
0.309813
0.310188
0.310188
0.309943
0.309910
0.310088
0.310200
0.310153
0.310355
0.309798
0.310046
0.310415
0.310369
0.310069
0.310331
0.310106
0.310104
0.310235
0.310050
0.309879
0.309791
0.310044
0.309943
0.309926
0.310168
0.310166
0.309999
0.309939
0.310030
0.310028
0.310046
0.310256
0.310434
0.310118
0.309894
0.309965
0.310240
0.310235
0.310121
0.310418
0.310015
0.310025
0.309888
0.310208
0.309890
0.309826
0.310247
0.310592
0.309988
0.310418
0.309981
0.310272
0.310202
0.310072
0.310037
0.310051
0.309935
0.309794
0.309945
0.310005
0.310022
0.309735
0.310115
0.310392
0.309813
0.309741
0.309749
0.310355
0.310097
0.309856
0.309843
0.310185
0.310165
0.310234
0.309949
0.309841
0.309910
0.310234
0.310623
0.310342
0.310333
0.310460
0.310279
0.309832
0.309748
0.309928
0.309813
0.309998
0.310053
0.310331
0.310195
0.309935
0.309781
0.309865
0.310091
0.309960
0.309903
0.309920
0.310052
0.310046
0.310050
0.310102
0.309905
0.310059
0.310157
0.310227
0.310229
0.309860
0.309967
0.310122
0.310136
0.310101
0.310523
0.310169
0.310379
0.310389
0.310468
0.310173
0.310068
0.309969
0.310203
0.310617
0.310470
0.310513
0.310514
0.310135
0.310223
0.310088
0.310004
0.309916
0.310372
0.310123
0.310348
0.310549
0.310290
0.309944
0.309776
0.309940
0.309884
0.309956
0.310310
0.310394
0.309984
0.310241
0.310140
0.310163
0.310184
0.310454
0.310359
0.310654
0.310300
0.309784
0.309781
0.309819
0.310046
0.310091
0.310088
0.309928
0.310120
0.310327
0.310358
0.310294
0.310508
0.310336
0.310514
0.309849
0.309795
0.310031
0.309832
0.309844
0.310071
0.310028
0.310114
0.310443
0.309821
0.309964
0.310016
0.309971
0.310579
0.310088
0.309987
0.309995
0.309856
0.309969
0.310257
0.310020
0.310126
0.310188
0.310121
0.310155
0.310239
0.310532
0.310028
0.309804
0.309889
0.310454
0.310540
0.310131
0.310531
0.310289
0.310309
0.309846
0.310059
0.310217
0.310611
0.310467
0.310167
0.310498
0.310440
0.310586
0.309975
0.310269
0.310460
0.310172
0.309908
0.310571
0.309980
0.310224
0.310155
0.310096
0.309871
0.310052
0.310112
0.309991
0.310121
0.310207
0.310322
0.310413
0.310591
0.310543
0.310474
0.310167
0.310035
0.310408
0.310507
0.310356
0.310394
0.310390
0.310116
0.310194
0.310059
0.309965
0.310394
0.310010
0.310126
0.310294
0.309829
0.310145
0.310404
0.310520
0.310530
0.310562
0.310172
0.309811
0.310091
0.310134
0.309924
0.310046
0.310136
0.310217
0.310089
0.310018
0.309989
0.310123
0.310336
0.310094
0.310272
0.310215
0.310148
0.310228
0.309921
0.310576
0.310262
0.310046
0.309964
0.309998
0.310032
0.310153
0.309908
0.310016
0.310099
0.309966
0.309893
0.310195
0.309971
0.310031
0.310436
0.310590
0.310148
0.310170
0.309992
0.309889
0.310089
0.310167
0.310682
0.310351
0.310171
0.310168
0.310109
0.310064
0.310312
0.310245
0.310098
0.310499
0.310369
0.310210
0.310368
0.310063
0.309987
0.310412
0.310101
0.310333
0.309918
0.309864
0.310198
0.310334
0.310336
0.310419
0.310320
0.310657
0.310492
0.310501
0.310461
0.310087
0.309961
0.310583
0.310424
0.310040
0.309947
0.309953
0.310325
0.309905
0.310132
0.310128
0.310303
0.310301
0.310267
0.310357
0.309909
0.309912
0.310070
0.310248
0.310215
0.310520
0.310239
0.310031
0.310096
0.310309
0.310775
0.310306
0.310166
0.310041
0.310166
0.309871
0.309872
0.310370
0.309980
0.310314
0.310474
0.310561
0.310475
0.310497
0.310339
0.310154
0.310150
0.310196
0.310178
0.310363
0.310338
0.309951
0.310205
0.309879
0.310106
0.310489
0.309925
0.310182
0.310323
0.310536
0.309972
0.310218
0.310357
0.310259
0.310126
0.310320
0.309981
0.309953
0.309982
0.310236
0.310103
0.310219
0.310307
0.310063
0.310282
0.310610
0.310005
0.310263
0.310553
0.310723
0.310920
0.310685
0.310732
0.310442
0.310710
0.310412
0.310569
0.309970
0.310111
0.310091
0.310011
0.310211
0.310520
0.309861
0.310130
0.310497
0.310581
0.310115
0.310239
0.310313
0.310297
0.310259
0.310331
0.310036
0.310018
0.310246
0.310090
0.310155
0.310143
0.310138
0.310417
0.310568
0.310253
0.310115
0.310099
0.310305
0.310327
0.310302
0.310322
0.310112
0.310394
0.310049
0.309937
0.310091
0.310352
0.310176
0.310133
0.310233
0.310403
0.310136
0.310174
0.310356
0.309878
0.310284
0.310312
0.310228
0.309863
0.309988
0.309994
0.310166
0.310437
0.310306
0.310118
0.309941
0.310201
0.310290
0.310541
0.310339
0.310276
0.310469
0.310211
0.310448
0.310511
0.310489
0.310361
0.310176
0.310291
0.310249
0.310140
0.310244
0.310205
0.310281
0.310193
0.310315
0.310291
0.310249
0.310130
0.310618
0.310348
0.310679
0.310343
0.309925
0.310375
0.310301
0.309938
0.310397
0.310195
0.310284
0.310365
0.310212
0.310115
0.310204
0.310027
0.309999
0.310185
0.309922
0.309948
0.310772
0.310604
0.310550
0.310509
0.310541
0.310337
0.310253
0.309948
0.310094
0.310038
0.310103
0.310659
0.310294
0.310215
0.310072
0.310367
0.310321
0.310427
0.310594
0.310511
0.309942
0.309961
0.310032
0.310236
0.310145
0.309963
0.310060
0.310383
0.310723
0.310263
0.310222
0.310419
0.309950
0.309968
0.310077
0.310194
0.310118
0.310151
0.309987
0.310028
0.310252
0.310140
0.310417
0.310111
0.310234
0.309988
0.310200
0.310635
0.310348
0.310424
0.310180
0.310009
0.310244
0.310071
0.310314
0.310489
0.310638
0.310431
0.310296
0.310091
0.310169
0.310273
0.310487
0.310393
0.310271
0.310117
0.310260
0.310571
0.310129
0.310361
0.310145
0.310026
0.310037
0.310122
0.310296
0.310249
0.310271
0.310514
0.310564
0.310572
0.310515
0.310252
0.310378
0.310203
0.309965
0.310199
0.310202
0.310100
0.310066
0.310336
0.310442
0.310471
0.310656
0.310071
0.310052
0.310285
0.310129
0.310302
0.310107
0.309948
0.310294
0.310719
0.310271
0.310546
0.310344
0.310248
0.310473
0.310249
0.310247
0.310167
0.310028
0.309953
0.310335
0.310366
0.310347
0.310185
0.309948
0.310101
0.310011
0.310022
0.310206
0.310193
0.310185
0.310175
0.310056
0.309956
0.310105
0.310032
0.310274
0.310306
0.310297
0.310292
0.310608
0.310775
0.310164
0.310352
0.310515
0.310662
0.310393
0.310146
0.309981
0.310239
0.310244
0.310260
0.310441
0.310507
0.310152
0.310333
0.310178
0.310396
0.310364
0.310330
0.310214
0.310282
0.310198
0.309966
0.310230
0.310281
0.310117
0.310103
0.310166
0.310084
0.310248
0.310251
0.310059
0.310034
0.310285
0.310285
0.310211
0.310174
0.310158
0.310350
0.310653
0.310443
0.310219
0.310428
0.310292
0.310302
0.310328
0.310114
0.310135
0.309991
0.310501
0.310128
0.310495
0.310005
0.309955
0.310229
0.310311
0.310096
0.310061
0.310154
0.310623
0.310222
0.310353
0.310291
0.310332
0.310154
0.310318
0.310301
0.310661
0.310705
0.310331
0.310005
0.310462
0.310132
0.310726
0.310720
0.310341
0.310433
0.310401
0.310221
0.309993
0.310246
0.310456
0.310214
0.310354
0.310461
0.310230
0.310238
0.310081
0.310308
0.310439
0.310244
0.310608
0.310327
0.310654
0.310316
0.310440
0.310208
0.310343
0.310518
0.310510
0.310080
0.310082
0.310342
0.310150
0.310221
0.310404
0.310445
0.310274
0.310379
0.310134
0.310450
0.310163
0.310338
0.310450
0.310331
0.310293
0.310904
0.310582
0.310280
0.310439
0.310335
0.310361
0.310452
0.310421
0.310478
0.310257
0.310364
0.310552
0.310722
0.310303
0.310446
0.310221
0.309966
0.310249
0.310095
0.310305
0.310248
0.310007
0.310557
0.310244
0.310326
0.310024
0.310171
0.310532
0.310529
0.310363
0.310058
0.310260
0.310218
0.310088
0.310008
0.310405
0.310288
0.310218
0.310277
0.310455
0.310277
0.310148
0.310182
0.310341
0.310645
0.310368
0.310522
0.310715
0.310104
0.310295
0.310213
0.310428
0.310237
0.310039
0.310217
0.310162
0.310304
0.310243
0.310336
0.310242
0.310635
0.310308
0.310475
0.310208
0.310022
0.310310
0.310330
0.310311
0.310573
0.310140
0.310078
0.310211
0.310471
0.310044
0.310059
0.310303
0.310181
0.310604
0.310201
0.310313
0.310263
0.310425
0.310330
0.310488
0.310470
0.310338
0.310282
0.310608
0.310289
0.310105
0.310226
0.310910
0.310557
0.310376
0.310484
0.310339
0.310332
0.310535
0.310491
0.310080
0.310495
0.310412
0.310222
0.310170
0.310304
0.310639
0.310425
0.310431
0.310258
0.310276
0.310242
0.310287
0.310512
0.310181
0.310479
0.310549
0.310072
0.310604
0.310982
0.310384
0.310366
0.310665
0.310322
0.310741
0.310267
0.310176
0.310032
0.310103
0.310169
0.310282
0.310351
0.310289
0.310348
0.310528
0.310500
0.310130
0.310280
0.310554
0.310290
0.310861
0.310324
0.310135
0.310189
0.310040
0.310080
0.310170
0.310311
0.310322
0.310052
0.310563
0.310156
0.310203
0.310644
0.310314
0.310340
0.310503
0.310583
0.310176
0.310408
0.310480
0.310269
0.310496
0.310326
0.310699
0.310249
0.310189
0.310399
0.310257
0.310584
0.310221
0.310221
0.310234
0.310130
0.310338
0.310303
0.310394
0.310447
0.310162
0.310296
0.310182
0.310518
0.310306
0.310402
0.310256
0.310404
0.310239
0.310100
0.310453
0.310203
0.310099
0.310465
0.310329
0.310032
0.310349
0.310175
0.310541
0.310043
0.310712
0.310507
0.310229
0.310246
0.310019
0.310162
0.310431
0.310277
0.310142
0.310282
0.310343
0.310550
0.310680
0.310492
0.310454
0.310068
0.310534
0.310392
0.310244
0.310352
0.310146
0.310412
0.310472
0.310312
0.310644
0.310613
0.310279
0.310302
0.310274
0.310258
0.310193
0.310056
0.310407
0.310419
0.310397
0.310222
0.310428
0.310195
0.310210
0.310880
0.310495
0.310610
0.310656
0.310274
0.310698
0.310726
0.310321
0.310313
0.310729
0.311000
0.310594
0.310316
0.310469
0.310324
0.310451
0.310379
0.310269
0.310542
0.310271
0.310322
0.310218
0.310513
0.310583
0.310120
0.310959
0.310564
0.310170
0.310698
0.310862
0.310632
0.310368
0.310376
0.310723
0.310168
0.310279
0.310672
0.310169
0.310466
0.310253
0.310544
0.310483
0.310353
0.310560
0.310303
0.310524
0.310329
0.310401
0.310161
0.310435
0.310522
0.310184
0.310514
0.310098
0.310364
0.310311
0.310400
0.310164
0.310573
0.310345
0.310326
0.310677
0.310274
0.310719
0.310382
0.310087
0.310254
0.310570
0.310585
0.310294
0.310572
0.310909
0.310346
0.310525
0.310329
0.310329
0.310501
0.310418
0.310424
0.310415
0.310185
0.310464
0.310505
0.310475
0.310651
0.310255
0.310301
0.310301
0.310511
0.310981
0.310806
0.310582
0.310494
0.310364
0.310893
0.311081
0.310726
0.310688
0.310460
0.310678
0.310646
0.310336
0.310377
0.310501
0.310530
0.310525
0.310651
0.310325
0.310542
0.310523
0.310266
0.310390
0.310211
0.310442
0.310361
0.310186
0.310131
0.310351
0.310353
0.310966
0.310554
0.310693
0.310243
0.310264
0.310504
0.310361
0.310614
0.310630
0.310384
0.310341
0.310317
0.310615
0.310641
0.310309
0.310378
0.310348
0.310523
0.310572
0.310689
0.310344
0.310373
0.310744
0.310667
0.311013
0.310725
0.310776
0.310682
0.310611
0.310497
0.310591
0.310885
0.310620
0.310358
0.310148
0.310391
0.310619
0.310498
0.310523
0.310384
0.310662
0.310581
0.310693
0.310454
0.310710
0.310515
0.310396
0.310586
0.310468
0.310237
0.310263
0.310533
0.310519
0.310217
0.310855
0.310660
0.310399
0.310377
0.310557
0.310535
0.310488
0.310495
0.310129
0.310355
0.310417
0.310259
0.310256
0.310602
0.310820
0.310466
0.310852
0.310450
0.310316
0.310634
0.310536
0.310742
0.310864
0.310667
0.310852
0.310511
0.310728
0.310248
0.310517
0.310742
0.310650
0.310468
0.310318
0.310444
0.310753
0.310395
0.310376
0.310878
0.310709
0.310364
0.311008
0.310618
0.310774
0.310494
0.310534
0.310284
0.310430
0.310174
0.310205
0.310393
0.310173
0.310286
0.310576
0.310800
0.310515
0.310439
0.310391
0.310485
0.310535
0.310465
0.310706
0.310598
0.310463
0.310446
0.310231
0.310419
0.310425
0.310282
0.310685
0.310660
0.310444
0.310438
0.310507
0.310827
0.311314
0.310844
0.310682
0.310798
0.310553
0.310430
0.310338
0.310248
0.310321
0.310496
0.311018
0.310551
0.310412
0.310470
0.310824
0.310478
0.310579
0.310553
0.310378
0.310453
0.310386
0.310655
0.310661
0.310927
0.310668
0.310476
0.310533
0.310204
0.310706
0.310837
0.310790
0.310619
0.310821
0.310178
0.310600
0.310934
0.311283
0.310929
0.310745
0.310449
0.310420
0.310407
0.310335
0.310368
0.310322
0.310347
0.310771
0.310202
0.310567
0.310861
0.310301
0.310555
0.310282
0.310282
0.310308
0.310427
0.310642
0.310757
0.310519
0.310647
0.310419
0.310757
0.310410
0.310681
0.310259
0.310669
0.310628
0.310457
0.310470
0.310612
0.310227
0.310291
0.310661
0.310477
0.310555
0.310372
0.310234
0.310470
0.310550
0.310534
0.310839
0.310633
0.310539
0.310609
0.310714
0.310661
0.310519
0.310297
0.310830
0.310739
0.310680
0.310513
0.310367
0.310509
0.310773
0.310581
0.310794
0.310528
0.310282
0.310190
0.310246
0.310600
0.310652
0.310524
0.311251
0.310685
0.310326
0.311057
0.310937
0.310685
0.310631
0.310732
0.310538
0.310483
0.310464
0.310443
0.310595
0.310548
0.310582
0.310734
0.310704
0.310880
0.310511
0.310966
0.310348
0.310437
0.310488
0.310226
0.310504
0.310597
0.310835
0.310660
0.311014
0.310312
0.310640
0.310530
0.310415
0.310367
0.310244
0.310308
0.310251
0.310538
0.310714
0.311027
0.310594
0.310555
0.310459
0.310797
0.310922
0.310536
0.310415
0.310339
0.310476
0.310572
0.310738
0.310815
0.310972
0.310904
0.310623
0.310381
0.310551
0.310441
0.310249
0.310743
0.310375
0.310633
0.310265
0.310900
0.310567
0.310246
0.310665
0.310553
0.310709
0.310702
0.310601
0.310599
0.310220
0.310321
0.310350
0.310447
0.310249
0.310391
0.310698
0.310549
0.310354
0.310433
0.310325
0.310411
0.310540
0.310456
0.310498
0.310360
0.310344
0.310404
0.310646
0.310613
0.310903
0.310924
0.310668
0.310733
0.310297
0.310612
0.310759
0.310350
0.310446
0.310287
0.310835
0.311080
0.310576
0.310669
0.310538
0.310797
0.310405
0.310405
0.310229
0.310562
0.310557
0.310391
0.310539
0.310689
0.310234
0.310428
0.310564
0.310306
0.310470
0.310428
0.310523
0.310881
0.310735
0.310729
0.310447
0.310421
0.310415
0.310321
0.310547
0.310882
0.310632
0.310707
0.310668
0.310679
0.310873
0.310696
0.310509
0.310439
0.310490
0.310726
0.311118
0.311104
0.310793
0.310322
0.310556
0.310617
0.310402
0.310252
0.310419
0.310661
0.310492
0.310559
0.310549
0.310761
0.310511
0.310952
0.310638
0.310646
0.310383
0.310559
0.310497
0.310714
0.310565
0.310574
0.310402
0.310435
0.310427
0.310923
0.310834
0.310530
0.310608
0.310698
0.310678
0.310846
0.310786
0.310844
0.310807
0.310691
0.311000
0.310999
0.311044
0.311280
0.311011
0.310717
0.310651
0.310693
0.310662
0.310638
0.310678
0.310489
0.310558
0.310640
0.310903
0.310636
0.310434
0.310572
0.310712
0.310768
0.310324
0.310454
0.310477
0.310588
0.310755
0.310514
0.310467
0.310474
0.310314
0.310651
0.310269
0.310745
0.310288
0.310279
0.310301
0.310577
0.310461
0.310273
0.310803
0.310504
0.310273
0.310686
0.310983
0.310481
0.310414
0.310517
0.310743
0.310418
0.310714
0.310795
0.310289
0.310722
0.311073
0.310871
0.310344
0.310431
0.310903
0.310526
0.310619
0.310615
0.310575
0.310252
0.310514
0.310647
0.310971
0.310453
0.310653
0.310429
0.310412
0.310537
0.310627
0.310449
0.310443
0.310335
0.310258
0.310758
0.310852
0.310869
0.310798
0.310803
0.310795
0.310603
0.310690
0.310227
0.310317
0.311080
0.310714
0.310784
0.310689
0.310457
0.310553
0.310402
0.310842
0.310632
0.310596
0.310609
0.310807
0.310563
0.310776
0.310818
0.310793
0.310734
0.310465
0.310674
0.310854
0.310361
0.310592
0.310626
0.310683
0.310503
0.310485
0.310289
0.310645
0.310359
0.310560
0.310383
0.310305
0.310495
0.310640
0.310231
0.310488
0.310601
0.310604
0.310330
0.310231
0.310491
0.310454
0.310296
0.310297
0.310340
0.310264
0.310453
0.310736
0.310444
0.310548
0.310617
0.310451
0.310320
0.310505
0.310330
0.310404
0.310536
0.310717
0.310464
0.310517
0.310712
0.310987
0.310745
0.310821
0.310662
0.310835
0.311178
0.310855
0.310363
0.310311
0.310417
0.310574
0.310709
0.310589
0.310586
0.310911
0.310332
0.310422
0.310686
0.310787
0.310285
0.310327
0.310473
0.310497
0.310729
0.310723
0.310881
0.310665
0.310875
0.310844
0.310609
0.310642
0.310576
0.310791
0.310611
0.310268
0.310459
0.310550
0.310810
0.310503
0.310303
0.310450
0.310298
0.310742
0.310759
0.310363
0.310295
0.310920
0.310758
0.310610
0.310732
0.310283
0.310535
0.310647
0.310692
0.310738
0.310707
0.310443
0.310683
0.310511
0.310967
0.310713
0.310762
0.310755
0.310365
0.310365
0.310670
0.310447
0.310515
0.310282
0.310604
0.310531
0.310817
0.310453
0.310570
0.310626
0.310920
0.310778
0.310565
0.310426
0.310436
0.310655
0.310576
0.310388
0.310510
0.310385
0.310385
0.310502
0.310571
0.310418
0.310744
0.310325
0.310361
0.310544
0.310594
0.310778
0.310588
0.310824
0.310576
0.310380
0.310357
0.310696
0.311262
0.310505
0.310640
0.310840
0.310770
0.310637
0.310799
0.310384
0.310734
0.310702
0.310667
0.310727
0.310865
0.310640
0.310613
0.310965
0.310608
0.310760
0.310358
0.310371
0.310703
0.310511
0.310490
0.311210
0.310771
0.310682
0.310753
0.310963
0.310869
0.310964
0.311004
0.311155
0.310656
0.310718
0.310734
0.310884
0.310701
0.310556
0.310660
0.310578
0.310604
0.310619
0.310477
0.310751
0.310783
0.310601
0.310786
0.310468
0.310400
0.310441
0.310647
0.310648
0.310828
0.310939
0.310685
0.310449
0.310671
0.310531
0.310282
0.310508
0.310833
0.310865
0.310762
0.310514
0.310847
0.310729
0.310988
0.311404
0.310457
0.310352
0.310588
0.310556
0.310362
0.310504
0.310317
0.310323
0.310657
0.310381
0.310603
0.310628
0.310400
0.310723
0.310422
0.310408
0.310856
0.310624
0.310815
0.311027
0.310813
0.311299
0.311082
0.310854
0.310592
0.310872
0.310726
0.310797
0.310954
0.310344
0.310293
0.310694
0.310683
0.310733
0.310803
0.310654
0.310329
0.310549
0.310363
0.310909
0.310771
0.310479
0.310583
0.310434
0.310508
0.310532
0.310681
0.310407
0.310657
0.310566
0.310487
0.310482
0.310484
0.310552
0.310590
0.310953
0.310868
0.310833
0.311070
0.311023
0.311065
0.311314
0.310889
0.310731
0.310609
0.310687
0.310491
0.311262
0.310644
0.310557
0.310625
0.310541
0.310505
0.310799
0.311181
0.310955
0.311217
0.310682
0.310746
0.310510
0.310611
0.310899
0.310401
0.310548
0.310609
0.310666
0.311317
0.311000
0.310999
0.310333
0.310454
0.310711
0.310710
0.310617
0.310573
0.310463
0.310630
0.310528
0.310500
0.310797
0.310942
0.310842
0.310342
0.310790
0.310834
0.310457
0.310573
0.310884
0.310455
0.310762
0.310383
0.310480
0.310335
0.310842
0.310768
0.310710
0.310672
0.310628
0.310815
0.310573
0.310684
0.310480
0.310708
0.310958
0.310591
0.310514
0.310491
0.310509
0.310675
0.310993
0.311216
0.310766
0.310342
0.310416
0.310753
0.310897
0.311178
0.311032
0.311097
0.310656
0.310533
0.310431
0.310327
0.310368
0.310392
0.310527
0.310497
0.310550
0.310458
0.310583
0.310336
0.310917
0.310975
0.310608
0.310598
0.310323
0.310525
0.310493
0.310396
0.310620
0.310747
0.310711
0.310492
0.310973
0.310761
0.311211
0.310843
0.310777
0.310765
0.310659
0.310987
0.310619
0.310489
0.310633
0.310528
0.310425
0.310633
0.310533
0.310493
0.310431
0.310488
0.310388
0.310550
0.310937
0.310562
0.310831
0.310572
0.310656
0.310596
0.310984
0.310724
0.310424
0.310416
0.310540
0.310804
0.310529
0.310444
0.310456
0.310345
0.310277
0.310625
0.310600
0.310376
0.310560
0.310534
0.310453
0.310732
0.310691
0.310626
0.310749
0.310364
0.310283
0.310723
0.310641
0.310550
0.310694
0.310481
0.310421
0.310654
0.310647
0.310502
0.310808
0.310458
0.310792
0.310948
0.310688
0.310429
0.310532
0.310851
0.310490
0.310302
0.310331
0.310426
0.310871
0.310511
0.310608
0.310721
0.310631
0.310317
0.310303
0.310394
0.310707
0.310556
0.310502
0.310806
0.310442
0.310345
0.310465
0.310702
0.310828
0.310613
0.310689
0.310671
0.311043
0.310762
0.310840
0.310771
0.310706
0.310621
0.310542
0.310428
0.310811
0.310856
0.310640
0.310520
0.310471
0.310414
0.310761
0.310824
0.311140
0.311115
0.310664
0.310698
0.310371
0.310443
0.310422
0.310285
0.310924
0.310645
0.310374
0.310555
0.310388
0.310773
0.310592
0.310735
0.310837
0.310705
0.310448
0.310677
0.310372
0.310530
0.310957
0.310841
0.310691
0.310723
0.310750
0.310960
0.310589
0.310966
0.310611
0.310715
0.310536
0.310532
0.311133
0.310932
0.310819
0.310581
0.310430
0.310839
0.310957
0.310668
0.310704
0.310603
0.310697
0.310424
0.310413
0.310831
0.310550
0.310770
0.310614
0.310510
0.310743
0.310548
0.310791
0.310717
0.310594
0.310874
0.310852
0.310307
0.310561
0.310954
0.310453
0.310781
0.310537
0.310355
0.310422
0.310571
0.310412
0.310323
0.310433
0.310491
0.310590
0.310802
0.310677
0.310484
0.310571
0.310589
0.310342
0.310441
0.310543
0.310838
0.310690
0.310528
0.310817
0.310422
0.310373
0.310600
0.311404
0.311335
0.311094
0.310672
0.310925
0.310690
0.310972
0.310712
0.310814
0.310743
0.310648
0.310725
0.310574
0.310566
0.311284
0.310505
0.310667
0.310726
0.310720
0.310642
0.310607
0.310607
0.310731
0.310689
0.310601
0.310640
0.310588
0.310575
0.310642
0.311052
0.310547
0.310694
0.310608
0.310783
0.310607
0.310645
0.311125
0.310957
0.310877
0.310477
0.310669
0.310895
0.310921
0.310737
0.310836
0.310807
0.310618
0.310740
0.310509
0.310611
0.310757
0.310828
0.310416
0.310797
0.310823
0.310573
0.310538
0.310897
0.310916
0.311256
0.310512
0.310511
0.310762
0.310639
0.310348
0.310504
0.310481
0.310507
0.310634
0.310960
0.310715
0.310496
0.310429
0.310502
0.310558
0.310635
0.310972
0.310794
0.310461
0.310522
0.310571
0.310358
0.310409
0.310373
0.310781
0.310931
0.310855
0.310579
0.310455
0.310786
0.310753
0.310853
0.310655
0.310784
0.310547
0.310424
0.310417
0.310400
0.310404
0.310679
0.310608
0.310568
0.310544
0.310696
0.310726
0.310468
0.310581
0.310851
0.311187
0.310640
0.310512
0.310541
0.310616
0.310929
0.310338
0.310515
0.310498
0.311129
0.311297
0.310934
0.310714
0.310363
0.310330
0.310625
0.310991
0.310829
0.311072
0.310538
0.310495
0.310553
0.310767
0.310539
0.310360
0.310779
0.310833
0.311066
0.310853
0.310469
0.310634
0.310746
0.310467
0.310582
0.310492
0.310654
0.310465
0.310475
0.310374
0.310570
0.310559
0.310498
0.310566
0.310707
0.311316
0.311146
0.311263
0.310809
0.310732
0.310627
0.310433
0.310487
0.310733
0.311074
0.310698
0.310809
0.310886
0.311069
0.310601
0.310527
0.310498
0.310564
0.310641
0.310484
0.310817
0.310687
0.310708
0.310792
0.310811
0.310791
0.310962
0.310700
0.310700
0.310804
0.310711
0.310485
0.310393
0.310637
0.310561
0.310938
0.311072
0.310977
0.310636
0.310930
0.310538
0.310722
0.310834
0.310454
0.310602
0.310808
0.310451
0.310476
0.310506
0.310656
0.310947
0.310849
0.310674
0.311421
0.310595
0.310543
0.310373
0.310944
0.310865
0.310549
0.310620
0.310555
0.310645
0.310778
0.310451
0.310764
0.310703
0.310556
0.310960
0.310964
0.310866
0.311068
0.310693
0.310523
0.310625
0.310570
0.310385
0.310471
0.310471
0.310653
0.310580
0.310474
0.310652
0.310716
0.310603
0.310580
0.310709
0.310534
0.310553
0.310769
0.310727
0.310519
0.311414
0.310821
0.310755
0.310657
0.310659
0.310408
0.310555
0.310580
0.310584
0.310593
0.310780
0.310901
0.311159
0.310683
0.310507
0.310800
0.310763
0.310702
0.310999
0.310703
0.310684
0.310681
0.310792
0.310442
0.310637
0.310756
0.310662
0.311056
0.310903
0.311052
0.310824
0.310574
0.311119
0.310911
0.310872
0.310794
0.311071
0.310912
0.311065
0.310711
0.310909
0.310804
0.310659
0.310684
0.310778
0.310965
0.311088
0.310990
0.311206
0.311260
0.311032
0.310616
0.310622
0.310795
0.310585
0.311222
0.311274
0.310872
0.310692
0.311055
0.310656
0.310785
0.310629
0.310567
0.310553
0.310664
0.310745
0.310558
0.310493
0.310866
0.310826
0.311010
0.310758
0.310553
0.310702
0.310871
0.310839
0.310998
0.311403
0.310830
0.310491
0.310840
0.310703
0.310576
0.310550
0.310793
0.310937
0.311052
0.310976
0.310814
0.310518
0.310549
0.310606
0.310668
0.310736
0.310688
0.310504
0.310460
0.310758
0.310837
0.310675
0.310564
0.310790
0.311096
0.311374
0.310659
0.310723
0.310427
0.310624
0.310769
0.310545
0.311176
0.311174
0.310770
0.310585
0.310759
0.310734
0.310952
0.310740
0.310698
0.311229
0.311361
0.310985
0.310859
0.310696
0.310997
0.310698
0.311028
0.310855
0.311120
0.310561
0.310532
0.310814
0.310794
0.310622
0.310676
0.310783
0.310767
0.310481
0.310844
0.310913
0.310842
0.311096
0.310829
0.310843
0.310914
0.310882
0.310771
0.310685
0.310566
0.310732
0.310490
0.310920
0.310684
0.310811
0.310639
0.310768
0.310962
0.310974
0.311008
0.311013
0.310764
0.311262
0.311192
0.311078
0.311235
0.310977
0.310644
0.310676
0.310854
0.311078
0.310778
0.310819
0.310893
0.311078
0.310914
0.310598
0.310811
0.310850
0.310882
0.311034
0.310675
0.310736
0.310463
0.310559
0.310810
0.311104
0.310877
0.310937
0.310957
0.310888
0.310529
0.310956
0.310959
0.310660
0.311137
0.310610
0.310634
0.310815
0.310612
0.310887
0.310555
0.310964
0.310700
0.310575
0.310626
0.310647
0.310788
0.310912
0.310583
0.310788
0.310565
0.310830
0.311283
0.311302
0.311005
0.311154
0.310786
0.310621
0.310811
0.310642
0.310619
0.310831
0.310761
0.310532
0.311005
0.310986
0.310792
0.310620
0.310746
0.310490
0.310702
0.310487
0.310715
0.310923
0.310467
0.310919
0.311260
0.310735
0.310502
0.310681
0.310857
0.311143
0.310732
0.310868
0.310946
0.310594
0.310713
0.310922
0.310500
0.310844
0.310665
0.310721
0.310527
0.310567
0.310536
0.310595
0.310786
0.310603
0.310908
0.311065
0.310663
0.310738
0.311062
0.311099
0.311148
0.310933
0.310913
0.310613
0.310653
0.310731
0.310608
0.310826
0.310731
0.310752
0.310875
0.310850
0.310887
0.310980
0.310943
0.311301
0.310737
0.310975
0.310750
0.310593
0.310732
0.310771
0.310579
0.310722
0.310596
0.310854
0.310892
0.310551
0.310540
0.310697
0.310826
0.310841
0.310738
0.310926
0.310604
0.311061
0.310927
0.310570
0.310495
0.310940
0.310675
0.310887
0.310873
0.310576
0.310656
0.310473
0.310566
0.310679
0.310641
0.310683
0.310702
0.310840
0.310780
0.310545
0.310718
0.310722
0.310818
0.310866
0.310919
0.310970
0.311105
0.310796
0.310985
0.310712
0.310752
0.310896
0.310788
0.310710
0.311214
0.311085
0.310700
0.310834
0.310618
0.311171
0.311223
0.310627
0.310746
0.310613
0.310734
0.310671
0.310689
0.310712
0.310667
0.311032
0.310998
0.310500
0.310664
0.310568
0.310539
0.310565
0.310943
0.310491
0.310676
0.310581
0.310658
0.310663
0.310945
0.310563
0.310935
0.310827
0.310800
0.310522
0.310585
0.310682
0.310815
0.310601
0.310703
0.310684
0.310683
0.310696
0.311041
0.310708
0.311012
0.310870
0.311115
0.310894
0.310820
0.310873
0.310878
0.310734
0.310771
0.310545
0.310720
0.310615
0.310695
0.311492
0.311376
0.311100
0.311240
0.311202
0.311008
0.310821
0.311211
0.310760
0.310724
0.310833
0.311051
0.310822
0.311082
0.310655
0.310518
0.310542
0.310494
0.310523
0.310850
